"Density"	"Momentum:0"	"Momentum:1"	"Momentum:2"	"StagnationEnergy"	"Pressure"	"Points:0"	"Points:1"	"Points:2"
2.64610e-02	-1.10984e-03	1.23007e-03	-3.41567e-04	-8.50082e-01	-3.40055e-01	-4.85734e-01	0.00000e+00	3.30000e-02
8.73576e-04	7.70731e-05	3.69974e-05	-1.40785e-04	-1.34046e+00	-5.36191e-01	-4.85681e-01	2.24936e-03	3.30000e-02
5.98068e-03	9.61408e-05	2.70352e-04	-2.06816e-04	-1.19646e+00	-4.78586e-01	-4.85519e-01	4.49354e-03	3.30000e-02
1.39567e-02	1.25090e-04	6.37892e-04	-2.15018e-04	-1.29579e+00	-5.18323e-01	-4.85248e-01	6.72724e-03	3.30000e-02
1.52743e-02	2.03423e-04	6.83869e-04	-1.92231e-04	-1.31113e+00	-5.24457e-01	-4.84870e-01	8.94515e-03	3.30000e-02
1.65027e-02	2.10590e-04	7.37883e-04	-1.77838e-04	-1.36165e+00	-5.44666e-01	-4.84384e-01	1.11422e-02	3.30000e-02
1.65436e-02	2.59325e-04	7.24297e-04	-1.43815e-04	-1.43641e+00	-5.74572e-01	-4.83794e-01	1.33134e-02	3.30000e-02
1.50561e-02	2.51044e-04	6.52204e-04	-1.14032e-04	-1.44379e+00	-5.77521e-01	-4.83103e-01	1.54547e-02	3.30000e-02
1.30301e-02	2.39832e-04	5.54532e-04	-7.41191e-05	-1.48272e+00	-5.93092e-01	-4.82315e-01	1.75620e-02	3.30000e-02
1.03363e-02	2.05532e-04	4.32376e-04	-3.62636e-05	-1.47579e+00	-5.90322e-01	-4.81478e-01	1.95319e-02	3.30000e-02
7.66800e-03	1.56470e-04	3.18380e-04	-2.73689e-06	-1.46338e+00	-5.85354e-01	-4.80639e-01	2.13113e-02	3.30000e-02
5.25347e-03	1.12385e-04	2.15281e-04	2.77235e-05	-1.45150e+00	-5.80603e-01	-4.79793e-01	2.29515e-02	3.30000e-02
3.18338e-03	6.45370e-05	1.32510e-04	4.85250e-05	-1.42592e+00	-5.70371e-01	-4.78938e-01	2.44864e-02	3.30000e-02
1.75134e-03	3.25658e-05	7.48686e-05	6.21157e-05	-1.41158e+00	-5.64635e-01	-4.78070e-01	2.59399e-02	3.30000e-02
8.34675e-04	9.63180e-06	3.96952e-05	6.44032e-05	-1.39296e+00	-5.57187e-01	-4.77187e-01	2.73295e-02	3.30000e-02
3.81260e-04	-1.15635e-06	2.21600e-05	5.58827e-05	-1.38028e+00	-5.52113e-01	-4.76286e-01	2.86686e-02	3.30000e-02
1.10649e-04	-6.28671e-06	1.08820e-05	3.95729e-05	-1.37137e+00	-5.48550e-01	-4.75364e-01	2.99675e-02	3.30000e-02
-2.89027e-04	-1.55044e-05	-4.88376e-06	2.27114e-05	-1.36345e+00	-5.45381e-01	-4.74418e-01	3.12346e-02	3.30000e-02
-8.53240e-04	-2.96200e-05	-2.65371e-05	1.32246e-05	-1.35896e+00	-5.43582e-01	-4.73446e-01	3.24764e-02	3.30000e-02
-1.38104e-03	-4.34956e-05	-4.63397e-05	1.11027e-05	-1.35395e+00	-5.41581e-01	-4.72445e-01	3.36984e-02	3.30000e-02
-1.58000e-03	-4.86022e-05	-5.38701e-05	1.07847e-05	-1.34994e+00	-5.39977e-01	-4.71412e-01	3.49050e-02	3.30000e-02
-1.43771e-03	-4.42136e-05	-4.89602e-05	8.50446e-06	-1.34778e+00	-5.39113e-01	-4.70346e-01	3.60998e-02	3.30000e-02
-1.15989e-03	-3.62182e-05	-3.89531e-05	4.59683e-06	-1.34637e+00	-5.38548e-01	-4.69245e-01	3.72859e-02	3.30000e-02
-8.81707e-04	-2.79316e-05	-2.92020e-05	7.77418e-07	-1.34641e+00	-5.38564e-01	-4.68105e-01	3.84657e-02	3.30000e-02
-6.61785e-04	-2.12486e-05	-2.16209e-05	-1.86850e-06	-1.34625e+00	-5.38498e-01	-4.66924e-01	3.96412e-02	3.30000e-02
-4.97032e-04	-1.62338e-05	-1.59442e-05	-2.48996e-06	-1.34625e+00	-5.38499e-01	-4.65701e-01	4.08141e-02	3.30000e-02
-3.55735e-04	-1.16977e-05	-1.13236e-05	-1.79988e-06	-1.34662e+00	-5.38649e-01	-4.64434e-01	4.19857e-02	3.30000e-02
-2.32738e-04	-7.74730e-06	-7.30343e-06	-1.32330e-06	-1.34709e+00	-5.38836e-01	-4.63120e-01	4.31571e-02	3.30000e-02
-1.24849e-04	-4.36416e-06	-3.67347e-06	-1.07549e-06	-1.34784e+00	-5.39136e-01	-4.61757e-01	4.43289e-02	3.30000e-02
7.19241e-05	2.53473e-06	2.08873e-06	-1.28383e-07	-1.34875e+00	-5.39500e-01	-4.60344e-01	4.55020e-02	3.30000e-02
3.82948e-04	1.38687e-05	1.06389e-05	1.01277e-06	-1.35018e+00	-5.40070e-01	-4.58880e-01	4.66766e-02	3.30000e-02
6.10309e-04	2.22357e-05	1.67527e-05	3.96714e-07	-1.35215e+00	-5.40861e-01	-4.57361e-01	4.78530e-02	3.30000e-02
7.09580e-04	2.60695e-05	1.91574e-05	-2.01271e-06	-1.35445e+00	-5.41781e-01	-4.55788e-01	4.90314e-02	3.30000e-02
8.95144e-04	3.34044e-05	2.34130e-05	-3.43942e-06	-1.35711e+00	-5.42845e-01	-4.54157e-01	5.02117e-02	3.30000e-02
1.16934e-03	4.41785e-05	2.97525e-05	-3.05728e-06	-1.36021e+00	-5.44086e-01	-4.52468e-01	5.13938e-02	3.30000e-02
1.22806e-03	4.68332e-05	3.05390e-05	-3.62670e-06	-1.36352e+00	-5.45410e-01	-4.50719e-01	5.25776e-02	3.30000e-02
9.98163e-04	3.86158e-05	2.39269e-05	-6.13375e-06	-1.36645e+00	-5.46582e-01	-4.48909e-01	5.37627e-02	3.30000e-02
8.22332e-04	3.23919e-05	1.87412e-05	-7.49078e-06	-1.36879e+00	-5.47516e-01	-4.47037e-01	5.49488e-02	3.30000e-02
8.95011e-04	3.54473e-05	2.00142e-05	-5.92048e-06	-1.37088e+00	-5.48353e-01	-4.45100e-01	5.61354e-02	3.30000e-02
9.44287e-04	3.74324e-05	2.09965e-05	-4.73249e-06	-1.37310e+00	-5.49241e-01	-4.43099e-01	5.73221e-02	3.30000e-02
7.64746e-04	3.05481e-05	1.65529e-05	-6.07933e-06	-1.37547e+00	-5.50188e-01	-4.41031e-01	5.85084e-02	3.30000e-02
6.02847e-04	2.43718e-05	1.24853e-05	-6.87685e-06	-1.37778e+00	-5.51113e-01	-4.38897e-01	5.96936e-02	3.30000e-02
6.92410e-04	2.80388e-05	1.42089e-05	-5.57899e-06	-1.38026e+00	-5.52105e-01	-4.36694e-01	6.08771e-02	3.30000e-02
8.27649e-04	3.34371e-05	1.70945e-05	-4.00363e-06	-1.38311e+00	-5.53245e-01	-4.34422e-01	6.20584e-02	3.30000e-02
7.43859e-04	3.00813e-05	1.52838e-05	-1.87752e-06	-1.38606e+00	-5.54426e-01	-4.32080e-01	6.32366e-02	3.30000e-02
5.57074e-04	2.26448e-05	1.11944e-05	2.40039e-06	-1.38909e+00	-5.55637e-01	-4.29668e-01	6.44112e-02	3.30000e-02
4.82666e-04	1.98189e-05	9.26520e-06	7.21397e-06	-1.39212e+00	-5.56849e-01	-4.27183e-01	6.55814e-02	3.30000e-02
5.18205e-04	2.13899e-05	9.68664e-06	9.47410e-06	-1.39533e+00	-5.58134e-01	-4.24627e-01	6.67464e-02	3.30000e-02
5.57194e-04	2.29439e-05	1.05313e-05	9.54320e-06	-1.39966e+00	-5.59865e-01	-4.21997e-01	6.79055e-02	3.30000e-02
5.17119e-04	2.11683e-05	1.00748e-05	8.72388e-06	-1.40509e+00	-5.62038e-01	-4.19293e-01	6.90579e-02	3.30000e-02
4.24096e-04	1.72381e-05	8.58167e-06	7.34728e-06	-1.41060e+00	-5.64239e-01	-4.16516e-01	7.02029e-02	3.30000e-02
4.20617e-04	1.71718e-05	8.35547e-06	6.23629e-06	-1.41645e+00	-5.66582e-01	-4.13664e-01	7.13396e-02	3.30000e-02
4.76635e-04	1.96153e-05	9.09804e-06	7.54178e-06	-1.42418e+00	-5.69673e-01	-4.10736e-01	7.24673e-02	3.30000e-02
3.03741e-04	1.23415e-05	6.25622e-06	1.03371e-05	-1.43357e+00	-5.73429e-01	-4.07733e-01	7.35851e-02	3.30000e-02
-2.13425e-04	-9.47237e-06	-2.16345e-06	1.03272e-05	-1.44306e+00	-5.77223e-01	-4.04654e-01	7.46923e-02	3.30000e-02
-8.82331e-04	-3.79300e-05	-1.23720e-05	5.74744e-06	-1.45251e+00	-5.81003e-01	-4.01499e-01	7.57881e-02	3.30000e-02
-1.59546e-03	-6.85330e-05	-2.24600e-05	4.95034e-07	-1.46216e+00	-5.84862e-01	-3.98268e-01	7.68716e-02	3.30000e-02
-2.34260e-03	-1.00879e-04	-3.21225e-05	-1.79903e-06	-1.46995e+00	-5.87980e-01	-3.94960e-01	7.79421e-02	3.30000e-02
-3.16481e-03	-1.36623e-04	-4.22223e-05	-2.93777e-06	-1.47598e+00	-5.90391e-01	-3.91575e-01	7.89987e-02	3.30000e-02
-4.35000e-03	-1.88389e-04	-5.59105e-05	-6.89542e-06	-1.48136e+00	-5.92541e-01	-3.88113e-01	8.00408e-02	3.30000e-02
-5.88188e-03	-2.55444e-04	-7.29713e-05	-1.38372e-05	-1.47942e+00	-5.91767e-01	-3.84574e-01	8.10675e-02	3.30000e-02
-7.17600e-03	-3.12259e-04	-8.66336e-05	-2.10028e-05	-1.46903e+00	-5.87609e-01	-3.80959e-01	8.20780e-02	3.30000e-02
-8.19426e-03	-3.57387e-04	-9.56795e-05	-2.85151e-05	-1.45885e+00	-5.83537e-01	-3.77266e-01	8.30717e-02	3.30000e-02
-9.43585e-03	-4.12497e-04	-1.06246e-04	-3.75355e-05	-1.44308e+00	-5.77227e-01	-3.73497e-01	8.40477e-02	3.30000e-02
-1.06909e-02	-4.68424e-04	-1.15851e-04	-4.24323e-05	-1.41123e+00	-5.64486e-01	-3.69651e-01	8.50053e-02	3.30000e-02
-1.15394e-02	-5.06839e-04	-1.19584e-04	-3.63108e-05	-1.36575e+00	-5.46296e-01	-3.65728e-01	8.59438e-02	3.30000e-02
-1.21109e-02	-5.33169e-04	-1.19803e-04	-3.13749e-05	-1.30754e+00	-5.23012e-01	-3.61729e-01	8.68625e-02	3.30000e-02
-1.24581e-02	-5.49325e-04	-1.18938e-04	-4.41459e-05	-1.23723e+00	-4.94886e-01	-3.57654e-01	8.77607e-02	3.30000e-02
-1.24430e-02	-5.49311e-04	-1.15390e-04	-6.35778e-05	-1.16021e+00	-4.64080e-01	-3.53504e-01	8.86377e-02	3.30000e-02
-1.18937e-02	-5.25780e-04	-1.06474e-04	-7.33491e-05	-1.07404e+00	-4.29611e-01	-3.49278e-01	8.94929e-02	3.30000e-02
-1.06241e-02	-4.70134e-04	-9.24491e-05	-7.66411e-05	-9.83358e-01	-3.93339e-01	-3.44977e-01	9.03256e-02	3.30000e-02
-8.91338e-03	-3.95024e-04	-7.42379e-05	-6.74857e-05	-9.03175e-01	-3.61266e-01	-3.40601e-01	9.11352e-02	3.30000e-02
-7.14321e-03	-3.17338e-04	-5.50160e-05	-3.89912e-05	-8.32045e-01	-3.32815e-01	-3.36151e-01	9.19211e-02	3.30000e-02
-5.15821e-03	-2.29707e-04	-3.62712e-05	-8.74656e-06	-7.69756e-01	-3.07900e-01	-3.31628e-01	9.26827e-02	3.30000e-02
-2.91685e-03	-1.30262e-04	-1.80487e-05	1.02630e-05	-7.22404e-01	-2.88960e-01	-3.27032e-01	9.34195e-02	3.30000e-02
-6.29615e-04	-2.85016e-05	-1.27170e-06	2.83455e-05	-6.84211e-01	-2.73684e-01	-3.22363e-01	9.41308e-02	3.30000e-02
1.53813e-03	6.81010e-05	1.35414e-05	4.40668e-05	-6.58056e-01	-2.63223e-01	-3.17622e-01	9.48163e-02	3.30000e-02
3.24604e-03	1.44493e-04	2.31687e-05	3.67864e-05	-6.47791e-01	-2.59118e-01	-3.12810e-01	9.54753e-02	3.30000e-02
4.57975e-03	2.04598e-04	2.70514e-05	9.59815e-06	-6.44222e-01	-2.57691e-01	-3.07928e-01	9.61075e-02	3.30000e-02
6.01180e-03	2.68915e-04	3.26238e-05	-3.13580e-06	-6.46772e-01	-2.58711e-01	-3.02976e-01	9.67124e-02	3.30000e-02
7.23577e-03	3.23784e-04	3.80995e-05	9.14040e-06	-6.61170e-01	-2.64471e-01	-2.97955e-01	9.72895e-02	3.30000e-02
7.57076e-03	3.38949e-04	3.81756e-05	2.33040e-05	-6.83819e-01	-2.73530e-01	-2.92865e-01	9.78385e-02	3.30000e-02
7.40491e-03	3.31761e-04	3.49405e-05	2.25911e-05	-7.01500e-01	-2.80603e-01	-2.87708e-01	9.83590e-02	3.30000e-02
7.74329e-03	3.47204e-04	3.34672e-05	1.60480e-05	-7.08235e-01	-2.83297e-01	-2.82485e-01	9.88506e-02	3.30000e-02
8.40792e-03	3.77221e-04	3.37658e-05	1.63204e-05	-7.17298e-01	-2.86923e-01	-2.77196e-01	9.93130e-02	3.30000e-02
8.41236e-03	3.77599e-04	3.14671e-05	1.86451e-05	-7.31482e-01	-2.92596e-01	-2.71842e-01	9.97460e-02	3.30000e-02
7.78717e-03	3.49710e-04	2.67106e-05	1.77243e-05	-7.38747e-01	-2.95502e-01	-2.66425e-01	1.00149e-01	3.30000e-02
7.30512e-03	3.28200e-04	2.29356e-05	1.89419e-05	-7.41334e-01	-2.96537e-01	-2.60945e-01	1.00522e-01	3.30000e-02
7.16801e-03	3.22152e-04	2.05882e-05	2.07122e-05	-7.46030e-01	-2.98415e-01	-2.55403e-01	1.00866e-01	3.30000e-02
7.02027e-03	3.15618e-04	1.81666e-05	1.75306e-05	-7.50998e-01	-3.00402e-01	-2.49800e-01	1.01178e-01	3.30000e-02
6.69621e-03	3.01144e-04	1.53295e-05	1.69561e-05	-7.55057e-01	-3.02025e-01	-2.44138e-01	1.01460e-01	3.30000e-02
6.38596e-03	2.87253e-04	1.31019e-05	2.11139e-05	-7.57390e-01	-3.02959e-01	-2.38417e-01	1.01712e-01	3.30000e-02
6.14435e-03	2.76444e-04	1.09403e-05	1.93337e-05	-7.58193e-01	-3.03280e-01	-2.32638e-01	1.01933e-01	3.30000e-02
5.81220e-03	2.61553e-04	8.59949e-06	8.99201e-06	-7.59818e-01	-3.03930e-01	-2.26804e-01	1.02123e-01	3.30000e-02
5.42654e-03	2.44237e-04	6.42515e-06	5.98028e-07	-7.60878e-01	-3.04353e-01	-2.20914e-01	1.02282e-01	3.30000e-02
5.12626e-03	2.30744e-04	4.82192e-06	3.03757e-06	-7.60038e-01	-3.04017e-01	-2.14971e-01	1.02410e-01	3.30000e-02
4.82723e-03	2.17294e-04	3.70315e-06	1.28639e-05	-7.59278e-01	-3.03713e-01	-2.08974e-01	1.02507e-01	3.30000e-02
4.48474e-03	2.01884e-04	2.67066e-06	2.02457e-05	-7.57940e-01	-3.03178e-01	-2.02927e-01	1.02573e-01	3.30000e-02
4.29655e-03	1.93417e-04	1.64407e-06	2.04409e-05	-7.53507e-01	-3.01405e-01	-1.96829e-01	1.02609e-01	3.30000e-02
4.30753e-03	1.93912e-04	4.66149e-07	1.41057e-05	-7.48023e-01	-2.99211e-01	-1.90682e-01	1.02614e-01	3.30000e-02
4.23063e-03	1.90444e-04	-7.48496e-07	7.31425e-06	-7.46716e-01	-2.98688e-01	-1.84488e-01	1.02588e-01	3.30000e-02
4.00553e-03	1.80301e-04	-1.54480e-06	9.81565e-06	-7.47713e-01	-2.99087e-01	-1.78247e-01	1.02532e-01	3.30000e-02
3.90190e-03	1.75629e-04	-2.00816e-06	1.96597e-05	-7.45150e-01	-2.98062e-01	-1.71962e-01	1.02445e-01	3.30000e-02
3.87611e-03	1.74457e-04	-2.64860e-06	2.56084e-05	-7.40359e-01	-2.96145e-01	-1.65633e-01	1.02328e-01	3.30000e-02
3.59634e-03	1.61849e-04	-3.18797e-06	2.52511e-05	-7.35721e-01	-2.94290e-01	-1.59262e-01	1.02181e-01	3.30000e-02
3.12482e-03	1.40611e-04	-3.45142e-06	2.08554e-05	-7.29674e-01	-2.91871e-01	-1.52851e-01	1.02005e-01	3.30000e-02
2.72444e-03	1.22574e-04	-3.67062e-06	1.17995e-05	-7.23323e-01	-2.89330e-01	-1.46400e-01	1.01799e-01	3.30000e-02
2.40575e-03	1.08215e-04	-3.81957e-06	1.61280e-06	-7.16825e-01	-2.86731e-01	-1.39911e-01	1.01564e-01	3.30000e-02
2.12952e-03	9.57675e-05	-3.92189e-06	-4.28140e-06	-7.07782e-01	-2.83114e-01	-1.33386e-01	1.01300e-01	3.30000e-02
1.86579e-03	8.38924e-05	-3.75371e-06	-5.24323e-06	-6.97775e-01	-2.79111e-01	-1.26827e-01	1.01007e-01	3.30000e-02
1.53829e-03	6.91534e-05	-3.36563e-06	-3.90079e-06	-6.88078e-01	-2.75232e-01	-1.20233e-01	1.00686e-01	3.30000e-02
1.21035e-03	5.44000e-05	-2.84906e-06	-3.43434e-06	-6.77708e-01	-2.71084e-01	-1.13608e-01	1.00338e-01	3.30000e-02
1.04860e-03	4.71174e-05	-2.68708e-06	-4.29509e-06	-6.67550e-01	-2.67021e-01	-1.06953e-01	9.99614e-02	3.30000e-02
1.06190e-03	4.77074e-05	-2.85030e-06	-3.83673e-06	-6.58497e-01	-2.63399e-01	-1.00269e-01	9.95580e-02	3.30000e-02
1.05240e-03	4.72728e-05	-2.94538e-06	6.41266e-07	-6.50963e-01	-2.60386e-01	-9.35576e-02	9.91279e-02	3.30000e-02
8.44599e-04	3.79402e-05	-2.34632e-06	6.10545e-06	-6.44162e-01	-2.57665e-01	-8.68205e-02	9.86714e-02	3.30000e-02
6.04926e-04	2.71701e-05	-1.74136e-06	4.04945e-06	-6.34978e-01	-2.53992e-01	-8.00593e-02	9.81891e-02	3.30000e-02
6.50383e-04	2.91906e-05	-2.15992e-06	-5.77967e-06	-6.24717e-01	-2.49887e-01	-7.32756e-02	9.76814e-02	3.30000e-02
8.95558e-04	4.01731e-05	-3.24606e-06	-1.36526e-05	-6.17549e-01	-2.47020e-01	-6.64710e-02	9.71487e-02	3.30000e-02
1.00166e-03	4.49172e-05	-3.81119e-06	-1.44829e-05	-6.11968e-01	-2.44788e-01	-5.96469e-02	9.65915e-02	3.30000e-02
9.58413e-04	4.29739e-05	-3.69146e-06	-1.19628e-05	-6.05532e-01	-2.42213e-01	-5.28052e-02	9.60103e-02	3.30000e-02
9.61408e-04	4.30947e-05	-3.85393e-06	-1.19967e-05	-6.00973e-01	-2.40390e-01	-4.59473e-02	9.54056e-02	3.30000e-02
9.40583e-04	4.21458e-05	-3.93669e-06	-1.49405e-05	-5.99320e-01	-2.39729e-01	-3.90749e-02	9.47780e-02	3.30000e-02
6.73342e-04	3.01535e-05	-3.00205e-06	-1.48378e-05	-5.96336e-01	-2.38535e-01	-3.21897e-02	9.41279e-02	3.30000e-02
2.24030e-04	1.00362e-05	-9.59764e-07	-9.89133e-06	-5.89699e-01	-2.35880e-01	-2.52932e-02	9.34558e-02	3.30000e-02
-4.75696e-05	-2.12133e-06	2.99462e-07	-4.08454e-06	-5.81204e-01	-2.32482e-01	-1.83871e-02	9.27624e-02	3.30000e-02
4.50781e-05	2.03502e-06	-4.48734e-08	1.67017e-06	-5.73902e-01	-2.29561e-01	-1.14730e-02	9.20482e-02	3.30000e-02
2.51489e-04	1.12665e-05	-1.08134e-06	7.91789e-06	-5.69793e-01	-2.27918e-01	-4.55263e-03	9.13136e-02	3.30000e-02
2.84339e-04	1.27496e-05	-1.12241e-06	1.08667e-05	-5.66725e-01	-2.26690e-01	2.37239e-03	9.05594e-02	3.30000e-02
1.92087e-04	8.61282e-06	-7.65339e-07	8.48997e-06	-5.61538e-01	-2.24615e-01	9.30042e-03	8.97859e-02	3.30000e-02
1.04746e-04	4.70523e-06	-3.45330e-07	6.41945e-06	-5.55851e-01	-2.22341e-01	1.62298e-02	8.89939e-02	3.30000e-02
1.19900e-04	5.38537e-06	-4.05109e-07	8.48080e-06	-5.50589e-01	-2.20236e-01	2.31589e-02	8.81839e-02	3.30000e-02
3.08602e-04	1.38109e-05	-1.47049e-06	1.30724e-05	-5.46217e-01	-2.18487e-01	3.00859e-02	8.73564e-02	3.30000e-02
5.27556e-04	2.35929e-05	-2.65682e-06	1.81435e-05	-5.45362e-01	-2.18145e-01	3.70094e-02	8.65120e-02	3.30000e-02
5.54589e-04	2.47957e-05	-2.84678e-06	2.25030e-05	-5.46191e-01	-2.18477e-01	4.39276e-02	8.56514e-02	3.30000e-02
4.13273e-04	1.84797e-05	-2.10814e-06	2.45401e-05	-5.45889e-01	-2.18356e-01	5.08388e-02	8.47751e-02	3.30000e-02
2.40738e-04	1.07766e-05	-1.13930e-06	2.52485e-05	-5.45477e-01	-2.18192e-01	5.77415e-02	8.38837e-02	3.30000e-02
8.73773e-05	3.93268e-06	-2.54898e-07	2.78877e-05	-5.44677e-01	-2.17873e-01	6.46339e-02	8.29777e-02	3.30000e-02
2.07406e-05	9.61251e-07	1.44383e-07	3.25268e-05	-5.42158e-01	-2.16873e-01	7.15144e-02	8.20578e-02	3.30000e-02
1.06142e-04	4.77023e-06	-3.71287e-07	3.61696e-05	-5.39072e-01	-2.15631e-01	7.83814e-02	8.11246e-02	3.30000e-02
2.49541e-04	1.11612e-05	-1.26841e-06	3.72619e-05	-5.37890e-01	-2.15157e-01	8.52332e-02	8.01786e-02	3.30000e-02
2.84974e-04	1.27374e-05	-1.51495e-06	3.63053e-05	-5.38504e-01	-2.15403e-01	9.20682e-02	7.92204e-02	3.30000e-02
2.00255e-04	8.95190e-06	-1.05913e-06	3.29623e-05	-5.38302e-01	-2.15322e-01	9.88847e-02	7.82507e-02	3.30000e-02
1.00356e-04	4.49265e-06	-4.87681e-07	2.73421e-05	-5.37088e-01	-2.14837e-01	1.05681e-01	7.72699e-02	3.30000e-02
-1.33069e-06	-3.90045e-08	1.46120e-07	2.30747e-05	-5.36623e-01	-2.14569e-01	1.12456e-01	7.62786e-02	3.30000e-02
-1.43242e-04	-6.35128e-06	1.11289e-06	2.33658e-05	-5.36255e-01	-2.14501e-01	1.19208e-01	7.52775e-02	3.30000e-02
-2.68964e-04	-1.19458e-05	1.95302e-06	2.60577e-05	-5.34572e-01	-2.13828e-01	1.25934e-01	7.42672e-02	3.30000e-02
-3.36548e-04	-1.49453e-05	2.45575e-06	2.74374e-05	-5.32437e-01	-2.12974e-01	1.32634e-01	7.32481e-02	3.30000e-02
-3.76313e-04	-1.67074e-05	2.76798e-06	2.71037e-05	-5.30368e-01	-2.12147e-01	1.39307e-01	7.22208e-02	3.30000e-02
-3.68155e-04	-1.63456e-05	2.70405e-06	2.58492e-05	-5.28064e-01	-2.11225e-01	1.45949e-01	7.11860e-02	3.30000e-02
-3.11372e-04	-1.38207e-05	2.30974e-06	2.36893e-05	-5.26687e-01	-2.10674e-01	1.52560e-01	7.01442e-02	3.30000e-02
-2.95419e-04	-1.31096e-05	2.20882e-06	2.05775e-05	-5.26513e-01	-2.10605e-01	1.59139e-01	6.90959e-02	3.30000e-02
-3.28868e-04	-1.45920e-05	2.46996e-06	1.75936e-05	-5.25816e-01	-2.10326e-01	1.65684e-01	6.80416e-02	3.30000e-02
-3.25750e-04	-1.44518e-05	2.45686e-06	1.65129e-05	-5.24731e-01	-2.09892e-01	1.72192e-01	6.69821e-02	3.30000e-02
-2.91918e-04	-1.29449e-05	2.23723e-06	1.69195e-05	-5.24421e-01	-2.09768e-01	1.78663e-01	6.59177e-02	3.30000e-02
-2.97507e-04	-1.31942e-05	2.27012e-06	1.58738e-05	-5.24421e-01	-2.09768e-01	1.85096e-01	6.48490e-02	3.30000e-02
-3.45551e-04	-1.53228e-05	2.64848e-06	1.24046e-05	-5.24543e-01	-2.09817e-01	1.91488e-01	6.37766e-02	3.30000e-02
-3.77876e-04	-1.67494e-05	2.93573e-06	8.50114e-06	-5.24609e-01	-2.09843e-01	1.97839e-01	6.27009e-02	3.30000e-02
-3.52356e-04	-1.56192e-05	2.73089e-06	4.96431e-06	-5.24596e-01	-2.09838e-01	2.04146e-01	6.16226e-02	3.30000e-02
-3.13698e-04	-1.39023e-05	2.45011e-06	1.51607e-06	-5.25685e-01	-2.10274e-01	2.10409e-01	6.05422e-02	3.30000e-02
-3.38991e-04	-1.50211e-05	2.65919e-06	-9.07890e-08	-5.27286e-01	-2.10914e-01	2.16626e-01	5.94601e-02	3.30000e-02
-4.20816e-04	-1.86435e-05	3.32003e-06	1.16648e-06	-5.27940e-01	-2.11176e-01	2.22796e-01	5.83769e-02	3.30000e-02
-5.14373e-04	-2.27842e-05	4.08169e-06	2.35383e-06	-5.28237e-01	-2.11295e-01	2.28917e-01	5.72930e-02	3.30000e-02
-5.99835e-04	-2.65643e-05	4.78999e-06	9.22984e-07	-5.28511e-01	-2.11404e-01	2.34987e-01	5.62091e-02	3.30000e-02
-6.28296e-04	-2.78165e-05	5.06236e-06	-1.32256e-06	-5.28181e-01	-2.11272e-01	2.41006e-01	5.51256e-02	3.30000e-02
-5.72611e-04	-2.53457e-05	4.64369e-06	-2.59588e-06	-5.27951e-01	-2.11180e-01	2.46973e-01	5.40429e-02	3.30000e-02
-4.96333e-04	-2.19634e-05	4.05751e-06	-4.00706e-06	-5.28540e-01	-2.11416e-01	2.52885e-01	5.29616e-02	3.30000e-02
-4.64041e-04	-2.05299e-05	3.81769e-06	-5.60451e-06	-5.29344e-01	-2.11738e-01	2.58742e-01	5.18822e-02	3.30000e-02
-4.86505e-04	-2.15182e-05	4.03229e-06	-5.41756e-06	-5.30048e-01	-2.12019e-01	2.64543e-01	5.08052e-02	3.30000e-02
-5.60786e-04	-2.47977e-05	4.68008e-06	-3.43072e-06	-5.30705e-01	-2.12282e-01	2.70286e-01	4.97309e-02	3.30000e-02
-6.62756e-04	-2.93025e-05	5.55342e-06	-1.47161e-06	-5.31073e-01	-2.12429e-01	2.75970e-01	4.86600e-02	3.30000e-02
-7.52476e-04	-3.32595e-05	6.35652e-06	-1.31162e-07	-5.31239e-01	-2.12495e-01	2.81593e-01	4.75928e-02	3.30000e-02
-8.24155e-04	-3.64197e-05	7.00410e-06	8.49990e-07	-5.31364e-01	-2.12545e-01	2.87155e-01	4.65299e-02	3.30000e-02
-8.88118e-04	-3.92367e-05	7.59657e-06	1.59087e-06	-5.31298e-01	-2.12519e-01	2.92655e-01	4.54717e-02	3.30000e-02
-9.29490e-04	-4.10554e-05	7.99780e-06	2.48569e-06	-5.31092e-01	-2.12436e-01	2.98092e-01	4.44185e-02	3.30000e-02
-9.43930e-04	-4.16852e-05	8.16248e-06	3.05038e-06	-5.31146e-01	-2.12458e-01	3.03464e-01	4.33710e-02	3.30000e-02
-9.60760e-04	-4.24155e-05	8.37397e-06	1.88278e-06	-5.31488e-01	-2.12595e-01	3.08770e-01	4.23295e-02	3.30000e-02
-9.90869e-04	-4.37312e-05	8.70504e-06	-6.68357e-07	-5.31592e-01	-2.12636e-01	3.14009e-01	4.12945e-02	3.30000e-02
-1.02024e-03	-4.50160e-05	9.02156e-06	-2.44466e-06	-5.31314e-01	-2.12525e-01	3.19181e-01	4.02664e-02	3.30000e-02
-1.03968e-03	-4.58667e-05	9.22634e-06	-2.48817e-06	-5.30865e-01	-2.12346e-01	3.24285e-01	3.92455e-02	3.30000e-02
-1.04876e-03	-4.62584e-05	9.35237e-06	-1.87935e-06	-5.30350e-01	-2.12139e-01	3.29319e-01	3.82325e-02	3.30000e-02
-1.07895e-03	-4.75744e-05	9.69674e-06	-1.55456e-06	-5.29996e-01	-2.11998e-01	3.34282e-01	3.72276e-02	3.30000e-02
-1.15896e-03	-5.10913e-05	1.04708e-05	-1.09710e-06	-5.29804e-01	-2.11921e-01	3.39174e-01	3.62312e-02	3.30000e-02
-1.24113e-03	-5.47027e-05	1.12666e-05	-2.61344e-07	-5.29362e-01	-2.11744e-01	3.43995e-01	3.52438e-02	3.30000e-02
-1.26805e-03	-5.58769e-05	1.15701e-05	1.24331e-07	-5.28605e-01	-2.11442e-01	3.48742e-01	3.42658e-02	3.30000e-02
-1.26912e-03	-5.59106e-05	1.16448e-05	-5.43230e-07	-5.27784e-01	-2.11113e-01	3.53416e-01	3.32975e-02	3.30000e-02
-1.29120e-03	-5.68708e-05	1.19069e-05	-1.88005e-06	-5.26813e-01	-2.10725e-01	3.58015e-01	3.23394e-02	3.30000e-02
-1.31561e-03	-5.79324e-05	1.21977e-05	-3.35817e-06	-5.25679e-01	-2.10271e-01	3.62540e-01	3.13917e-02	3.30000e-02
-1.31794e-03	-5.80217e-05	1.22810e-05	-4.57820e-06	-5.24724e-01	-2.09889e-01	3.66989e-01	3.04550e-02	3.30000e-02
-1.32581e-03	-5.83577e-05	1.24051e-05	-4.98315e-06	-5.23968e-01	-2.09587e-01	3.71361e-01	2.95294e-02	3.30000e-02
-1.36122e-03	-5.99033e-05	1.27970e-05	-4.40473e-06	-5.23022e-01	-2.09208e-01	3.75657e-01	2.86154e-02	3.30000e-02
-1.40223e-03	-6.16920e-05	1.32561e-05	-3.43743e-06	-5.21825e-01	-2.08729e-01	3.79875e-01	2.77134e-02	3.30000e-02
-1.42747e-03	-6.27876e-05	1.35649e-05	-2.76017e-06	-5.20605e-01	-2.08241e-01	3.84016e-01	2.68236e-02	3.30000e-02
-1.43710e-03	-6.31968e-05	1.37220e-05	-2.65877e-06	-5.19508e-01	-2.07803e-01	3.88078e-01	2.59463e-02	3.30000e-02
-1.43567e-03	-6.31179e-05	1.37817e-05	-3.09443e-06	-5.18608e-01	-2.07442e-01	3.92061e-01	2.50820e-02	3.30000e-02
-1.42378e-03	-6.25826e-05	1.37263e-05	-3.73147e-06	-5.17699e-01	-2.07079e-01	3.95965e-01	2.42309e-02	3.30000e-02
-1.40270e-03	-6.16459e-05	1.35688e-05	-3.94885e-06	-5.16620e-01	-2.06647e-01	3.99790e-01	2.33932e-02	3.30000e-02
-1.38565e-03	-6.08852e-05	1.34547e-05	-3.15573e-06	-5.15715e-01	-2.06285e-01	4.03534e-01	2.25693e-02	3.30000e-02
-1.39481e-03	-6.12742e-05	1.36043e-05	-1.38536e-06	-5.15027e-01	-2.06010e-01	4.07199e-01	2.17594e-02	3.30000e-02
-1.43136e-03	-6.28682e-05	1.40147e-05	5.53631e-07	-5.14106e-01	-2.05642e-01	4.10784e-01	2.09638e-02	3.30000e-02
-1.45996e-03	-6.41099e-05	1.43593e-05	1.50904e-06	-5.12874e-01	-2.05149e-01	4.14288e-01	2.01828e-02	3.30000e-02
-1.43771e-03	-6.31178e-05	1.42080e-05	7.86443e-07	-5.11682e-01	-2.04672e-01	4.17711e-01	1.94166e-02	3.30000e-02
-1.38568e-03	-6.08212e-05	1.37481e-05	-9.04447e-07	-5.10945e-01	-2.04378e-01	4.21054e-01	1.86653e-02	3.30000e-02
-1.38962e-03	-6.09869e-05	1.38190e-05	-1.93591e-06	-5.10446e-01	-2.04178e-01	4.24316e-01	1.79293e-02	3.30000e-02
-1.46248e-03	-6.41761e-05	1.45805e-05	-1.86487e-06	-5.09475e-01	-2.03789e-01	4.27498e-01	1.72087e-02	3.30000e-02
-1.52168e-03	-6.67566e-05	1.52463e-05	-1.85385e-06	-5.08134e-01	-2.03253e-01	4.30598e-01	1.65036e-02	3.30000e-02
-1.53633e-03	-6.73852e-05	1.54545e-05	-2.66987e-06	-5.06875e-01	-2.02749e-01	4.33619e-01	1.58143e-02	3.30000e-02
-1.54722e-03	-6.78553e-05	1.55975e-05	-3.75917e-06	-5.05509e-01	-2.02203e-01	4.36559e-01	1.51410e-02	3.30000e-02
-1.56580e-03	-6.86597e-05	1.58307e-05	-4.35318e-06	-5.03965e-01	-2.01585e-01	4.39419e-01	1.44836e-02	3.30000e-02
-1.57557e-03	-6.90716e-05	1.59996e-05	-4.33325e-06	-5.02496e-01	-2.00998e-01	4.42199e-01	1.38424e-02	3.30000e-02
-1.58302e-03	-6.93805e-05	1.61527e-05	-4.29437e-06	-5.01174e-01	-2.00469e-01	4.44899e-01	1.32176e-02	3.30000e-02
-1.59516e-03	-6.99025e-05	1.63202e-05	-4.96223e-06	-4.99920e-01	-1.99967e-01	4.47520e-01	1.26090e-02	3.30000e-02
-1.60652e-03	-7.03964e-05	1.64532e-05	-6.18238e-06	-4.98652e-01	-1.99460e-01	4.50063e-01	1.20169e-02	3.30000e-02
-1.62064e-03	-7.10043e-05	1.66435e-05	-7.22597e-06	-4.97334e-01	-1.98933e-01	4.52527e-01	1.14413e-02	3.30000e-02
-1.64415e-03	-7.20152e-05	1.69670e-05	-7.85798e-06	-4.95934e-01	-1.98373e-01	4.54913e-01	1.08822e-02	3.30000e-02
-1.65659e-03	-7.25483e-05	1.71453e-05	-8.21337e-06	-4.94443e-01	-1.97776e-01	4.57222e-01	1.03397e-02	3.30000e-02
-1.64692e-03	-7.21212e-05	1.70586e-05	-8.44734e-06	-4.93040e-01	-1.97215e-01	4.59454e-01	9.81366e-03	3.30000e-02
-1.64416e-03	-7.19872e-05	1.70868e-05	-8.61035e-06	-4.91772e-01	-1.96708e-01	4.61610e-01	9.30419e-03	3.30000e-02
-1.65703e-03	-7.25348e-05	1.72862e-05	-8.25937e-06	-4.90513e-01	-1.96204e-01	4.63691e-01	8.81122e-03	3.30000e-02
-1.66337e-03	-7.28066e-05	1.73776e-05	-7.02321e-06	-4.89325e-01	-1.95729e-01	4.65698e-01	8.33469e-03	3.30000e-02
-1.65890e-03	-7.26050e-05	1.73554e-05	-5.60992e-06	-4.88132e-01	-1.95252e-01	4.67630e-01	7.87452e-03	3.30000e-02
-1.63616e-03	-7.15973e-05	1.71685e-05	-4.94339e-06	-4.86799e-01	-1.94719e-01	4.69490e-01	7.43062e-03	3.30000e-02
-1.57817e-03	-6.90463e-05	1.66179e-05	-5.24055e-06	-4.85539e-01	-1.94215e-01	4.71279e-01	7.00289e-03	3.30000e-02
-1.50509e-03	-6.58410e-05	1.58804e-05	-6.42820e-06	-4.84486e-01	-1.93794e-01	4.72996e-01	6.59118e-03	3.30000e-02
-1.45082e-03	-6.34622e-05	1.53267e-05	-8.15923e-06	-4.83459e-01	-1.93383e-01	4.74644e-01	6.19535e-03	3.30000e-02
-1.41147e-03	-6.17351e-05	1.49367e-05	-9.88797e-06	-4.82360e-01	-1.92943e-01	4.76223e-01	5.81521e-03	3.30000e-02
-1.35993e-03	-5.94750e-05	1.44149e-05	-1.13814e-05	-4.81328e-01	-1.92531e-01	4.77735e-01	5.45059e-03	3.30000e-02
-1.29797e-03	-5.67623e-05	1.37703e-05	-1.25825e-05	-4.80507e-01	-1.92202e-01	4.79181e-01	5.10126e-03	3.30000e-02
-1.25720e-03	-5.49720e-05	1.33679e-05	-1.32969e-05	-4.79832e-01	-1.91932e-01	4.80562e-01	4.76699e-03	3.30000e-02
-1.24794e-03	-5.45596e-05	1.33003e-05	-1.34788e-05	-4.79159e-01	-1.91663e-01	4.81880e-01	4.44751e-03	3.30000e-02
-1.24630e-03	-5.44851e-05	1.32940e-05	-1.35103e-05	-4.78441e-01	-1.91376e-01	4.83136e-01	4.14257e-03	3.30000e-02
-1.23864e-03	-5.41448e-05	1.32353e-05	-1.36445e-05	-4.77704e-01	-1.91081e-01	4.84331e-01	3.85185e-03	3.30000e-02
-1.23650e-03	-5.40414e-05	1.32525e-05	-1.35742e-05	-4.76957e-01	-1.90782e-01	4.85468e-01	3.57505e-03	3.30000e-02
-1.23743e-03	-5.40746e-05	1.32928e-05	-1.29095e-05	-4.76169e-01	-1.90467e-01	4.86547e-01	3.31181e-03	3.30000e-02
-1.21480e-03	-5.30872e-05	1.30431e-05	-1.16694e-05	-4.75378e-01	-1.90151e-01	4.87570e-01	3.06179e-03	3.30000e-02
-1.16500e-03	-5.09100e-05	1.25116e-05	-1.02582e-05	-4.74731e-01	-1.89892e-01	4.88540e-01	2.82459e-03	3.30000e-02
-1.11559e-03	-4.87435e-05	1.20117e-05	-9.06083e-06	-4.74288e-01	-1.89715e-01	4.89459e-01	2.59981e-03	3.30000e-02
-1.07972e-03	-4.71698e-05	1.16516e-05	-8.10142e-06	-4.73845e-01	-1.89537e-01	4.90327e-01	2.38704e-03	3.30000e-02
-1.04526e-03	-4.56674e-05	1.12668e-05	-7.26780e-06	-4.73382e-01	-1.89352e-01	4.91147e-01	2.18582e-03	3.30000e-02
-1.00127e-03	-4.37440e-05	1.07989e-05	-6.62997e-06	-4.72988e-01	-1.89195e-01	4.91921e-01	1.99570e-03	3.30000e-02
-9.48276e-04	-4.14211e-05	1.02583e-05	-6.25718e-06	-4.72634e-01	-1.89053e-01	4.92651e-01	1.81617e-03	3.30000e-02
-8.93109e-04	-3.90112e-05	9.66235e-06	-6.06854e-06	-4.72449e-01	-1.88979e-01	4.93339e-01	1.64674e-03	3.30000e-02
-8.37896e-04	-3.65777e-05	9.15337e-06	-5.99984e-06	-4.72214e-01	-1.88885e-01	4.93989e-01	1.48687e-03	3.30000e-02
-7.85369e-04	-3.42981e-05	8.52501e-06	-6.04339e-06	-4.72063e-01	-1.88825e-01	4.94601e-01	1.33602e-03	3.30000e-02
-7.35181e-04	-3.20741e-05	8.11058e-06	-6.16819e-06	-4.71915e-01	-1.88766e-01	4.95178e-01	1.19361e-03	3.30000e-02
-6.81466e-04	-2.97490e-05	7.44362e-06	-6.29168e-06	-4.71614e-01	-1.88645e-01	4.95723e-01	1.05905e-03	3.30000e-02
-6.26719e-04	-2.73451e-05	6.90213e-06	-6.31704e-06	-4.71606e-01	-1.88642e-01	4.96238e-01	9.31727e-04	3.30000e-02
-5.62548e-04	-2.45404e-05	6.21437e-06	-6.13949e-06	-4.71143e-01	-1.88457e-01	4.96727e-01	8.11009e-04	3.30000e-02
-4.88494e-04	-2.13513e-05	5.22908e-06	-5.72740e-06	-4.71271e-01	-1.88508e-01	4.97191e-01	6.96240e-04	3.30000e-02
-4.15495e-04	-1.80758e-05	4.79047e-06	-5.12658e-06	-4.70973e-01	-1.88389e-01	4.97633e-01	5.86745e-04	3.30000e-02
-3.17593e-04	-1.39472e-05	3.13444e-06	-4.44400e-06	-4.70864e-01	-1.88346e-01	4.98057e-01	4.81825e-04	3.30000e-02
-2.67608e-04	-1.15131e-05	3.60579e-06	-3.78253e-06	-4.71483e-01	-1.88593e-01	4.98465e-01	3.80765e-04	3.30000e-02
-1.72784e-04	-7.58733e-06	1.70757e-06	-3.16387e-06	-4.70430e-01	-1.88172e-01	4.98860e-01	2.82825e-04	3.30000e-02
-2.36862e-04	-1.01686e-05	3.27840e-06	-2.69155e-06	-4.74329e-01	-1.89732e-01	4.99246e-01	1.87245e-04	3.30000e-02
-4.95306e-04	-2.00766e-05	1.16374e-05	-2.35660e-06	-4.74302e-01	-1.89720e-01	4.99624e-01	9.32455e-05	3.30000e-02
-4.33163e-04	-2.73661e-05	-2.93199e-05	-1.70758e-06	-4.78997e-01	-1.91598e-01	5.00000e-01	0.00000e+00	3.30000e-02
