"Density"	"Momentum:0"	"Momentum:1"	"Momentum:2"	"StagnationEnergy"	"Pressure"	"Points:0"	"Points:1"	"Points:2"
2.65400e-02	-1.11533e-03	1.23374e-03	-3.39566e-04	-8.45423e-01	-3.38191e-01	-4.85734e-01	0.00000e+00	-7.70000e-02
1.14565e-03	7.73148e-05	4.96650e-05	-1.38954e-04	-1.34014e+00	-5.36061e-01	-4.85681e-01	2.24936e-03	-7.70000e-02
6.52238e-03	9.82462e-05	2.95475e-04	-2.05315e-04	-1.19813e+00	-4.79255e-01	-4.85519e-01	4.49354e-03	-7.70000e-02
1.48264e-02	1.30586e-04	6.77977e-04	-2.14549e-04	-1.30405e+00	-5.21628e-01	-4.85248e-01	6.72724e-03	-7.70000e-02
1.64987e-02	2.14538e-04	7.39703e-04	-1.94027e-04	-1.32866e+00	-5.31471e-01	-4.84870e-01	8.94515e-03	-7.70000e-02
1.81002e-02	2.29056e-04	8.09782e-04	-1.82919e-04	-1.39113e+00	-5.56461e-01	-4.84384e-01	1.11422e-02	-7.70000e-02
1.85605e-02	2.87550e-04	8.13609e-04	-1.53246e-04	-1.48112e+00	-5.92457e-01	-4.83794e-01	1.33134e-02	-7.70000e-02
1.75187e-02	2.91205e-04	7.59194e-04	-1.28938e-04	-1.50531e+00	-6.02133e-01	-4.83103e-01	1.54547e-02	-7.70000e-02
1.59324e-02	2.93485e-04	6.77952e-04	-9.50873e-05	-1.56238e+00	-6.24960e-01	-4.82315e-01	1.75620e-02	-7.70000e-02
1.35949e-02	2.72040e-04	5.67913e-04	-6.27109e-05	-1.57219e+00	-6.28882e-01	-4.81478e-01	1.95319e-02	-7.70000e-02
1.11024e-02	2.32248e-04	4.58158e-04	-3.26942e-05	-1.57263e+00	-6.29058e-01	-4.80639e-01	2.13113e-02	-7.70000e-02
8.63599e-03	1.91827e-04	3.50090e-04	-2.91937e-06	-1.56970e+00	-6.27883e-01	-4.79793e-01	2.29515e-02	-7.70000e-02
6.24299e-03	1.40255e-04	2.51961e-04	2.09272e-05	-1.54857e+00	-6.19433e-01	-4.78938e-01	2.44864e-02	-7.70000e-02
4.23344e-03	9.67669e-05	1.69849e-04	4.18098e-05	-1.53492e+00	-6.13969e-01	-4.78070e-01	2.59399e-02	-7.70000e-02
2.58460e-03	5.65595e-05	1.05419e-04	5.57942e-05	-1.51406e+00	-6.05626e-01	-4.77187e-01	2.73295e-02	-7.70000e-02
1.43909e-03	2.74944e-05	6.16074e-05	6.30382e-05	-1.49678e+00	-5.98711e-01	-4.76286e-01	2.86686e-02	-7.70000e-02
7.60224e-04	1.00949e-05	3.59507e-05	6.27078e-05	-1.48210e+00	-5.92842e-01	-4.75364e-01	2.99675e-02	-7.70000e-02
3.79834e-04	1.74696e-07	2.18671e-05	5.40140e-05	-1.46840e+00	-5.87363e-01	-4.74418e-01	3.12346e-02	-7.70000e-02
1.18522e-04	-5.83971e-06	1.16597e-05	4.05411e-05	-1.45965e+00	-5.83862e-01	-4.73446e-01	3.24764e-02	-7.70000e-02
-2.51311e-04	-1.52277e-05	-2.30955e-06	2.88813e-05	-1.45250e+00	-5.81001e-01	-4.72445e-01	3.36984e-02	-7.70000e-02
-7.60781e-04	-2.94847e-05	-2.06240e-05	2.44377e-05	-1.44709e+00	-5.78834e-01	-4.71412e-01	3.49050e-02	-7.70000e-02
-1.22253e-03	-4.26723e-05	-3.70111e-05	2.60620e-05	-1.44296e+00	-5.77184e-01	-4.70346e-01	3.60998e-02	-7.70000e-02
-1.40170e-03	-4.75872e-05	-4.34551e-05	2.80334e-05	-1.43904e+00	-5.75616e-01	-4.69245e-01	3.72859e-02	-7.70000e-02
-1.26794e-03	-4.31560e-05	-3.90496e-05	2.68307e-05	-1.43711e+00	-5.74845e-01	-4.68105e-01	3.84657e-02	-7.70000e-02
-1.02808e-03	-3.56130e-05	-3.09236e-05	2.23671e-05	-1.43619e+00	-5.74474e-01	-4.66924e-01	3.96412e-02	-7.70000e-02
-8.10823e-04	-2.84815e-05	-2.38872e-05	1.58995e-05	-1.43615e+00	-5.74458e-01	-4.65701e-01	4.08141e-02	-7.70000e-02
-6.21379e-04	-2.18696e-05	-1.81968e-05	8.76877e-06	-1.43647e+00	-5.74589e-01	-4.64434e-01	4.19857e-02	-7.70000e-02
-4.42593e-04	-1.55455e-05	-1.29607e-05	3.09505e-06	-1.43680e+00	-5.74719e-01	-4.63120e-01	4.31571e-02	-7.70000e-02
-2.42973e-04	-8.42054e-06	-7.23510e-06	3.00128e-07	-1.43780e+00	-5.75119e-01	-4.61757e-01	4.43289e-02	-7.70000e-02
-8.04206e-06	-2.74430e-08	-5.47222e-07	-6.83178e-07	-1.43936e+00	-5.75744e-01	-4.60344e-01	4.55020e-02	-7.70000e-02
2.07996e-04	7.55807e-06	5.74632e-06	-9.14278e-07	-1.44154e+00	-5.76614e-01	-4.58880e-01	4.66766e-02	-7.70000e-02
3.83785e-04	1.38346e-05	1.07291e-05	1.17406e-08	-1.44434e+00	-5.77737e-01	-4.57361e-01	4.78530e-02	-7.70000e-02
5.69370e-04	2.08888e-05	1.54119e-05	1.36517e-06	-1.44744e+00	-5.78975e-01	-4.55788e-01	4.90314e-02	-7.70000e-02
7.23672e-04	2.70768e-05	1.88279e-05	9.10318e-07	-1.45084e+00	-5.80336e-01	-4.54157e-01	5.02117e-02	-7.70000e-02
7.45811e-04	2.82468e-05	1.88751e-05	-2.55332e-06	-1.45455e+00	-5.81821e-01	-4.52468e-01	5.13938e-02	-7.70000e-02
6.98737e-04	2.69332e-05	1.69461e-05	-8.12698e-06	-1.45860e+00	-5.83441e-01	-4.50719e-01	5.25776e-02	-7.70000e-02
7.54048e-04	2.98124e-05	1.70804e-05	-1.35511e-05	-1.46311e+00	-5.85243e-01	-4.48909e-01	5.37627e-02	-7.70000e-02
8.95937e-04	3.57220e-05	1.97272e-05	-1.45816e-05	-1.46764e+00	-5.87057e-01	-4.47037e-01	5.49488e-02	-7.70000e-02
8.72691e-04	3.48253e-05	1.90806e-05	-1.11734e-05	-1.47230e+00	-5.88920e-01	-4.45100e-01	5.61354e-02	-7.70000e-02
5.88196e-04	2.37682e-05	1.23046e-05	-9.48947e-06	-1.47701e+00	-5.90803e-01	-4.43099e-01	5.73221e-02	-7.70000e-02
3.22068e-04	1.35537e-05	5.75129e-06	-1.36972e-05	-1.48054e+00	-5.92214e-01	-4.41031e-01	5.85084e-02	-7.70000e-02
3.53222e-04	1.56120e-05	4.87692e-06	-2.23057e-05	-1.48297e+00	-5.93189e-01	-4.38897e-01	5.96936e-02	-7.70000e-02
4.45444e-04	2.03024e-05	4.85686e-06	-3.68429e-05	-1.48594e+00	-5.94377e-01	-4.36694e-01	6.08771e-02	-7.70000e-02
8.97754e-05	7.04467e-06	-4.82768e-06	-5.98758e-05	-1.48986e+00	-5.95952e-01	-4.34422e-01	6.20584e-02	-7.70000e-02
-5.98637e-04	-1.97556e-05	-2.12971e-05	-8.82955e-05	-1.49379e+00	-5.97515e-01	-4.32080e-01	6.32366e-02	-7.70000e-02
-1.19876e-03	-4.37398e-05	-3.45074e-05	-1.09216e-04	-1.49698e+00	-5.98788e-01	-4.29668e-01	6.44112e-02	-7.70000e-02
-1.92750e-03	-7.51969e-05	-4.55233e-05	-9.08583e-05	-1.49599e+00	-5.98396e-01	-4.27183e-01	6.55814e-02	-7.70000e-02
-3.35349e-03	-1.39184e-04	-6.09854e-05	8.62659e-07	-1.48586e+00	-5.94343e-01	-4.24627e-01	6.67464e-02	-7.70000e-02
-5.22899e-03	-2.25733e-04	-7.48024e-05	1.61129e-04	-1.46338e+00	-5.85348e-01	-4.21997e-01	6.79055e-02	-7.70000e-02
-6.31130e-03	-2.79450e-04	-7.26352e-05	3.39958e-04	-1.42634e+00	-5.70531e-01	-4.19293e-01	6.90579e-02	-7.70000e-02
-5.71016e-03	-2.60780e-04	-4.47901e-05	4.88454e-04	-1.37943e+00	-5.51763e-01	-4.16516e-01	7.02029e-02	-7.70000e-02
-3.99399e-03	-1.91947e-04	-5.60593e-06	5.73686e-04	-1.33860e+00	-5.35420e-01	-4.13664e-01	7.13396e-02	-7.70000e-02
-2.26905e-03	-1.18690e-04	2.35219e-05	5.78740e-04	-1.30839e+00	-5.23324e-01	-4.10736e-01	7.24673e-02	-7.70000e-02
-7.42192e-04	-5.15862e-05	4.32800e-05	5.42001e-04	-1.27490e+00	-5.09881e-01	-4.07733e-01	7.35851e-02	-7.70000e-02
7.38138e-04	1.37966e-05	6.11392e-05	5.12086e-04	-1.24276e+00	-4.97177e-01	-4.04654e-01	7.46923e-02	-7.70000e-02
1.51137e-03	4.86952e-05	6.88841e-05	4.74123e-04	-1.22692e+00	-4.90798e-01	-4.01499e-01	7.57881e-02	-7.70000e-02
1.40996e-03	4.70499e-05	6.08753e-05	4.23651e-04	-1.21088e+00	-4.84380e-01	-3.98268e-01	7.68716e-02	-7.70000e-02
1.30195e-03	4.42901e-05	5.48981e-05	4.00080e-04	-1.18396e+00	-4.73609e-01	-3.94960e-01	7.79421e-02	-7.70000e-02
1.37499e-03	4.79291e-05	5.56223e-05	4.06002e-04	-1.15384e+00	-4.61562e-01	-3.91575e-01	7.89987e-02	-7.70000e-02
1.19644e-03	4.06758e-05	5.30683e-05	4.24640e-04	-1.12162e+00	-4.48678e-01	-3.88113e-01	8.00408e-02	-7.70000e-02
8.41748e-04	2.51703e-05	5.04230e-05	4.54708e-04	-1.08703e+00	-4.34862e-01	-3.84574e-01	8.10675e-02	-7.70000e-02
8.78842e-04	2.70178e-05	5.15346e-05	4.81352e-04	-1.04779e+00	-4.19168e-01	-3.80959e-01	8.20780e-02	-7.70000e-02
1.42543e-03	5.15433e-05	5.68954e-05	4.86050e-04	-1.01024e+00	-4.04131e-01	-3.77266e-01	8.30717e-02	-7.70000e-02
2.02268e-03	7.84489e-05	6.20549e-05	4.76767e-04	-9.77577e-01	-3.91054e-01	-3.73497e-01	8.40477e-02	-7.70000e-02
2.63937e-03	1.06699e-04	6.52503e-05	4.60445e-04	-9.44794e-01	-3.77935e-01	-3.69651e-01	8.50053e-02	-7.70000e-02
3.49685e-03	1.45782e-04	6.95350e-05	4.22921e-04	-9.18845e-01	-3.67550e-01	-3.65728e-01	8.59438e-02	-7.70000e-02
4.31587e-03	1.83572e-04	7.12607e-05	3.63376e-04	-8.99291e-01	-3.59724e-01	-3.61729e-01	8.68625e-02	-7.70000e-02
4.63046e-03	1.99121e-04	6.76157e-05	3.07018e-04	-8.84013e-01	-3.53611e-01	-3.57654e-01	8.77607e-02	-7.70000e-02
4.26041e-03	1.84108e-04	5.87141e-05	2.63862e-04	-8.78189e-01	-3.51281e-01	-3.53504e-01	8.86377e-02	-7.70000e-02
3.71255e-03	1.60958e-04	4.92024e-05	2.29518e-04	-8.74185e-01	-3.49678e-01	-3.49278e-01	8.94929e-02	-7.70000e-02
3.63070e-03	1.58106e-04	4.51091e-05	2.02850e-04	-8.64960e-01	-3.45988e-01	-3.44977e-01	9.03256e-02	-7.70000e-02
3.73641e-03	1.63628e-04	4.19715e-05	1.71964e-04	-8.56795e-01	-3.42721e-01	-3.40601e-01	9.11352e-02	-7.70000e-02
3.54855e-03	1.56087e-04	3.63642e-05	1.34871e-04	-8.53661e-01	-3.41467e-01	-3.36151e-01	9.19211e-02	-7.70000e-02
3.10687e-03	1.36975e-04	3.02495e-05	1.13735e-04	-8.55076e-01	-3.42032e-01	-3.31628e-01	9.26827e-02	-7.70000e-02
2.65962e-03	1.17295e-04	2.59255e-05	1.12117e-04	-8.55011e-01	-3.42006e-01	-3.27032e-01	9.34195e-02	-7.70000e-02
2.46049e-03	1.08730e-04	2.28372e-05	1.02545e-04	-8.50810e-01	-3.40326e-01	-3.22363e-01	9.41308e-02	-7.70000e-02
2.36590e-03	1.04896e-04	1.97974e-05	7.76518e-05	-8.50200e-01	-3.40082e-01	-3.17622e-01	9.48163e-02	-7.70000e-02
2.04957e-03	9.10511e-05	1.59974e-05	6.10534e-05	-8.51763e-01	-3.40706e-01	-3.12810e-01	9.54753e-02	-7.70000e-02
1.57918e-03	7.01769e-05	1.22888e-05	5.96807e-05	-8.50602e-01	-3.40242e-01	-3.07928e-01	9.61075e-02	-7.70000e-02
1.16126e-03	5.15394e-05	9.72114e-06	5.65464e-05	-8.48044e-01	-3.39219e-01	-3.02976e-01	9.67124e-02	-7.70000e-02
9.58087e-04	4.26103e-05	7.39563e-06	4.51375e-05	-8.44167e-01	-3.37668e-01	-2.97955e-01	9.72895e-02	-7.70000e-02
9.83199e-04	4.38389e-05	6.67904e-06	3.62533e-05	-8.43295e-01	-3.37319e-01	-2.92865e-01	9.78385e-02	-7.70000e-02
9.59677e-04	4.28341e-05	6.19167e-06	3.37841e-05	-8.45656e-01	-3.38263e-01	-2.87708e-01	9.83590e-02	-7.70000e-02
7.09237e-04	3.16616e-05	4.60856e-06	3.10340e-05	-8.47269e-01	-3.38908e-01	-2.82485e-01	9.88506e-02	-7.70000e-02
3.77300e-04	1.68113e-05	2.89652e-06	2.76311e-05	-8.48685e-01	-3.39475e-01	-2.77196e-01	9.93130e-02	-7.70000e-02
1.44392e-04	6.37494e-06	1.90918e-06	2.68965e-05	-8.50105e-01	-3.40043e-01	-2.71842e-01	9.97460e-02	-7.70000e-02
1.49662e-05	5.69866e-07	1.48615e-06	2.53734e-05	-8.50905e-01	-3.40371e-01	-2.66425e-01	1.00149e-01	-7.70000e-02
8.29659e-06	2.93404e-07	1.24677e-06	2.06553e-05	-8.50178e-01	-3.40081e-01	-2.60945e-01	1.00522e-01	-7.70000e-02
1.45607e-04	6.49342e-06	1.27794e-06	1.37821e-05	-8.48632e-01	-3.39453e-01	-2.55403e-01	1.00866e-01	-7.70000e-02
2.13921e-04	9.59379e-06	1.00282e-06	3.01624e-06	-8.48541e-01	-3.39416e-01	-2.49800e-01	1.01178e-01	-7.70000e-02
4.53513e-05	2.04349e-06	1.97149e-08	-9.06032e-06	-8.47382e-01	-3.38953e-01	-2.44138e-01	1.01460e-01	-7.70000e-02
-1.68687e-04	-7.58127e-06	-5.07178e-07	-1.40644e-05	-8.43180e-01	-3.37272e-01	-2.38417e-01	1.01712e-01	-7.70000e-02
-2.65757e-04	-1.19578e-05	-4.45604e-07	-1.02299e-05	-8.39344e-01	-3.35737e-01	-2.32638e-01	1.01933e-01	-7.70000e-02
-3.89654e-04	-1.75378e-05	-4.74921e-07	-5.73564e-06	-8.36953e-01	-3.34781e-01	-2.26804e-01	1.02123e-01	-7.70000e-02
-5.66626e-04	-2.55055e-05	-5.51676e-07	-6.32159e-06	-8.32160e-01	-3.32864e-01	-2.20914e-01	1.02282e-01	-7.70000e-02
-5.79097e-04	-2.60676e-05	-4.81206e-07	-9.16348e-06	-8.24130e-01	-3.29652e-01	-2.14971e-01	1.02410e-01	-7.70000e-02
-3.52112e-04	-1.58505e-05	-2.37081e-07	-9.36901e-06	-8.17093e-01	-3.26837e-01	-2.08974e-01	1.02507e-01	-7.70000e-02
-1.14574e-04	-5.15697e-06	-1.47382e-07	-7.89257e-06	-8.14367e-01	-3.25747e-01	-2.02927e-01	1.02573e-01	-7.70000e-02
-1.19014e-04	-5.35753e-06	-7.51707e-08	-7.66528e-06	-8.14578e-01	-3.25831e-01	-1.96829e-01	1.02609e-01	-7.70000e-02
-3.49885e-04	-1.57506e-05	2.76049e-08	-7.52442e-06	-8.13282e-01	-3.25313e-01	-1.90682e-01	1.02614e-01	-7.70000e-02
-5.42493e-04	-2.44199e-05	1.85010e-07	-9.75989e-06	-8.08280e-01	-3.23312e-01	-1.84488e-01	1.02588e-01	-7.70000e-02
-4.80710e-04	-2.16413e-05	-8.22081e-08	-1.94690e-05	-8.01339e-01	-3.20535e-01	-1.78247e-01	1.02532e-01	-7.70000e-02
-2.70780e-04	-1.21957e-05	-3.29997e-07	-2.86042e-05	-7.96418e-01	-3.18567e-01	-1.71962e-01	1.02445e-01	-7.70000e-02
-1.72711e-04	-7.78045e-06	-2.21869e-07	-2.53052e-05	-7.95454e-01	-3.18181e-01	-1.65633e-01	1.02328e-01	-7.70000e-02
-2.74295e-04	-1.23472e-05	1.28805e-07	-1.64722e-05	-7.96616e-01	-3.18646e-01	-1.59262e-01	1.02181e-01	-7.70000e-02
-5.33219e-04	-2.39922e-05	6.44903e-07	-1.35233e-05	-7.97059e-01	-3.18823e-01	-1.52851e-01	1.02005e-01	-7.70000e-02
-8.66429e-04	-3.89783e-05	1.25082e-06	-1.31392e-05	-7.93912e-01	-3.17564e-01	-1.46400e-01	1.01799e-01	-7.70000e-02
-1.05044e-03	-4.72441e-05	1.84027e-06	-1.11188e-05	-7.85246e-01	-3.14098e-01	-1.39911e-01	1.01564e-01	-7.70000e-02
-8.82882e-04	-3.97032e-05	1.65327e-06	-1.12377e-05	-7.74216e-01	-3.09686e-01	-1.33386e-01	1.01300e-01	-7.70000e-02
-5.21711e-04	-2.34591e-05	1.02547e-06	-1.59071e-05	-7.66782e-01	-3.06712e-01	-1.26827e-01	1.01007e-01	-7.70000e-02
-3.13344e-04	-1.40963e-05	4.87729e-07	-2.40055e-05	-7.63289e-01	-3.05315e-01	-1.20233e-01	1.00686e-01	-7.70000e-02
-3.09297e-04	-1.39193e-05	4.04657e-07	-3.29504e-05	-7.59665e-01	-3.03865e-01	-1.13608e-01	1.00338e-01	-7.70000e-02
-3.65574e-04	-1.64517e-05	5.07506e-07	-3.87009e-05	-7.54169e-01	-3.01667e-01	-1.06953e-01	9.99614e-02	-7.70000e-02
-5.03295e-04	-2.26388e-05	9.07400e-07	-4.12940e-05	-7.47158e-01	-2.98862e-01	-1.00269e-01	9.95580e-02	-7.70000e-02
-7.58593e-04	-3.41025e-05	1.70937e-06	-4.45042e-05	-7.38997e-01	-2.95598e-01	-9.35576e-02	9.91279e-02	-7.70000e-02
-9.90008e-04	-4.44876e-05	2.52734e-06	-4.95620e-05	-7.30986e-01	-2.92393e-01	-8.68205e-02	9.86714e-02	-7.70000e-02
-1.10928e-03	-4.98290e-05	3.11341e-06	-5.50123e-05	-7.22342e-01	-2.88936e-01	-8.00593e-02	9.81891e-02	-7.70000e-02
-1.25534e-03	-5.63804e-05	3.67018e-06	-5.70539e-05	-7.11495e-01	-2.84597e-01	-7.32756e-02	9.76814e-02	-7.70000e-02
-1.54309e-03	-6.92681e-05	4.99061e-06	-5.25752e-05	-7.00003e-01	-2.80000e-01	-6.64710e-02	9.71487e-02	-7.70000e-02
-1.79095e-03	-8.03536e-05	6.30683e-06	-4.61599e-05	-6.87135e-01	-2.74853e-01	-5.96469e-02	9.65915e-02	-7.70000e-02
-1.69325e-03	-7.59568e-05	6.13069e-06	-4.79120e-05	-6.73353e-01	-2.69340e-01	-5.28052e-02	9.60103e-02	-7.70000e-02
-1.34946e-03	-6.05292e-05	4.96104e-06	-5.77151e-05	-6.61978e-01	-2.64790e-01	-4.59473e-02	9.54056e-02	-7.70000e-02
-1.17551e-03	-5.27357e-05	4.23940e-06	-6.60098e-05	-6.52338e-01	-2.60934e-01	-3.90749e-02	9.47780e-02	-7.70000e-02
-1.28648e-03	-5.76996e-05	4.80962e-06	-7.12866e-05	-6.42452e-01	-2.56979e-01	-3.21897e-02	9.41279e-02	-7.70000e-02
-1.40327e-03	-6.29154e-05	5.49920e-06	-7.74122e-05	-6.30997e-01	-2.52397e-01	-2.52932e-02	9.34558e-02	-7.70000e-02
-1.33234e-03	-5.97266e-05	5.32415e-06	-7.98061e-05	-6.18928e-01	-2.47570e-01	-1.83871e-02	9.27624e-02	-7.70000e-02
-1.19240e-03	-5.34346e-05	4.96304e-06	-7.29897e-05	-6.08620e-01	-2.43447e-01	-1.14730e-02	9.20482e-02	-7.70000e-02
-1.12470e-03	-5.03797e-05	4.89209e-06	-6.23510e-05	-5.98911e-01	-2.39563e-01	-4.55263e-03	9.13136e-02	-7.70000e-02
-1.09060e-03	-4.88295e-05	4.96205e-06	-5.60628e-05	-5.89650e-01	-2.35859e-01	2.37239e-03	9.05594e-02	-7.70000e-02
-1.03425e-03	-4.62933e-05	4.83250e-06	-5.38937e-05	-5.82483e-01	-2.32992e-01	9.30042e-03	8.97859e-02	-7.70000e-02
-9.68495e-04	-4.33390e-05	4.62965e-06	-5.10596e-05	-5.76967e-01	-2.30786e-01	1.62298e-02	8.89939e-02	-7.70000e-02
-8.93107e-04	-3.99507e-05	4.40179e-06	-4.77652e-05	-5.72566e-01	-2.29025e-01	2.31589e-02	8.81839e-02	-7.70000e-02
-8.13104e-04	-3.63642e-05	4.07860e-06	-4.69559e-05	-5.68832e-01	-2.27532e-01	3.00859e-02	8.73564e-02	-7.70000e-02
-7.60434e-04	-3.39924e-05	3.95259e-06	-4.72461e-05	-5.64143e-01	-2.25656e-01	3.70094e-02	8.65120e-02	-7.70000e-02
-7.44744e-04	-3.32884e-05	3.89596e-06	-4.75246e-05	-5.58659e-01	-2.23463e-01	4.39276e-02	8.56514e-02	-7.70000e-02
-7.41201e-04	-3.31188e-05	3.97066e-06	-4.93449e-05	-5.54147e-01	-2.21658e-01	5.08388e-02	8.47751e-02	-7.70000e-02
-6.94724e-04	-3.10393e-05	3.74746e-06	-5.11221e-05	-5.50662e-01	-2.20264e-01	5.77415e-02	8.38837e-02	-7.70000e-02
-5.72602e-04	-2.55843e-05	3.08398e-06	-4.99534e-05	-5.48268e-01	-2.19306e-01	6.46339e-02	8.29777e-02	-7.70000e-02
-4.30042e-04	-1.92106e-05	2.34964e-06	-4.60706e-05	-5.46926e-01	-2.18769e-01	7.15144e-02	8.20578e-02	-7.70000e-02
-3.61801e-04	-1.61601e-05	1.99524e-06	-4.08085e-05	-5.45647e-01	-2.18258e-01	7.83814e-02	8.11246e-02	-7.70000e-02
-4.02600e-04	-1.79677e-05	2.33001e-06	-3.52955e-05	-5.44581e-01	-2.17831e-01	8.52332e-02	8.01786e-02	-7.70000e-02
-5.00337e-04	-2.23158e-05	2.99645e-06	-3.10106e-05	-5.43689e-01	-2.17475e-01	9.20682e-02	7.92204e-02	-7.70000e-02
-5.60373e-04	-2.49806e-05	3.44826e-06	-2.86718e-05	-5.42484e-01	-2.16993e-01	9.88847e-02	7.82507e-02	-7.70000e-02
-5.50164e-04	-2.45159e-05	3.45369e-06	-2.77576e-05	-5.41355e-01	-2.16542e-01	1.05681e-01	7.72699e-02	-7.70000e-02
-5.40738e-04	-2.40910e-05	3.42914e-06	-2.69166e-05	-5.40607e-01	-2.16242e-01	1.12456e-01	7.62786e-02	-7.70000e-02
-5.94337e-04	-2.64678e-05	3.84530e-06	-2.51012e-05	-5.39891e-01	-2.15956e-01	1.19208e-01	7.52775e-02	-7.70000e-02
-6.68532e-04	-2.97601e-05	4.40505e-06	-2.30167e-05	-5.38616e-01	-2.15446e-01	1.25934e-01	7.42672e-02	-7.70000e-02
-6.80489e-04	-3.02838e-05	4.54197e-06	-2.18584e-05	-5.36902e-01	-2.14761e-01	1.32634e-01	7.32481e-02	-7.70000e-02
-6.25684e-04	-2.78380e-05	4.22107e-06	-2.10921e-05	-5.35554e-01	-2.14221e-01	1.39307e-01	7.22208e-02	-7.70000e-02
-5.70386e-04	-2.53691e-05	3.90376e-06	-1.94423e-05	-5.34782e-01	-2.13912e-01	1.45949e-01	7.11860e-02	-7.70000e-02
-5.50898e-04	-2.44927e-05	3.83190e-06	-1.67312e-05	-5.34350e-01	-2.13740e-01	1.52560e-01	7.01442e-02	-7.70000e-02
-5.56739e-04	-2.47434e-05	3.92926e-06	-1.38264e-05	-5.34372e-01	-2.13749e-01	1.59139e-01	6.90959e-02	-7.70000e-02
-5.87392e-04	-2.60963e-05	4.20416e-06	-1.17360e-05	-5.34786e-01	-2.13914e-01	1.65684e-01	6.80416e-02	-7.70000e-02
-6.45558e-04	-2.86731e-05	4.66630e-06	-1.08099e-05	-5.35056e-01	-2.14022e-01	1.72192e-01	6.69821e-02	-7.70000e-02
-7.03381e-04	-3.12327e-05	5.13679e-06	-1.02503e-05	-5.34984e-01	-2.13993e-01	1.78663e-01	6.59177e-02	-7.70000e-02
-7.34821e-04	-3.26195e-05	5.42265e-06	-9.03961e-06	-5.34873e-01	-2.13949e-01	1.85096e-01	6.48490e-02	-7.70000e-02
-7.55583e-04	-3.35311e-05	5.63543e-06	-7.14022e-06	-5.34980e-01	-2.13992e-01	1.91488e-01	6.37766e-02	-7.70000e-02
-7.90473e-04	-3.50681e-05	5.96316e-06	-5.09437e-06	-5.35211e-01	-2.14084e-01	1.97839e-01	6.27009e-02	-7.70000e-02
-8.22799e-04	-3.64916e-05	6.26841e-06	-3.30798e-06	-5.35292e-01	-2.14116e-01	2.04146e-01	6.16226e-02	-7.70000e-02
-8.19753e-04	-3.63467e-05	6.30206e-06	-2.42234e-06	-5.35310e-01	-2.14124e-01	2.10409e-01	6.05422e-02	-7.70000e-02
-7.97612e-04	-3.53565e-05	6.18099e-06	-2.82666e-06	-5.35635e-01	-2.14254e-01	2.16626e-01	5.94601e-02	-7.70000e-02
-8.05465e-04	-3.56950e-05	6.29591e-06	-3.58561e-06	-5.36240e-01	-2.14496e-01	2.22796e-01	5.83769e-02	-7.70000e-02
-8.53114e-04	-3.77959e-05	6.72900e-06	-3.60917e-06	-5.36753e-01	-2.14701e-01	2.28917e-01	5.72930e-02	-7.70000e-02
-9.10868e-04	-4.03440e-05	7.24406e-06	-3.19061e-06	-5.37045e-01	-2.14818e-01	2.34987e-01	5.62091e-02	-7.70000e-02
-9.61193e-04	-4.25619e-05	7.70543e-06	-2.91518e-06	-5.37178e-01	-2.14871e-01	2.41006e-01	5.51256e-02	-7.70000e-02
-1.00342e-03	-4.44203e-05	8.10634e-06	-2.53838e-06	-5.37069e-01	-2.14827e-01	2.46973e-01	5.40429e-02	-7.70000e-02
-1.03446e-03	-4.57829e-05	8.42172e-06	-1.93584e-06	-5.36735e-01	-2.14694e-01	2.52885e-01	5.29616e-02	-7.70000e-02
-1.05371e-03	-4.66224e-05	8.64349e-06	-1.65249e-06	-5.36330e-01	-2.14532e-01	2.58742e-01	5.18822e-02	-7.70000e-02
-1.06735e-03	-4.72155e-05	8.81309e-06	-2.20120e-06	-5.35866e-01	-2.14346e-01	2.64543e-01	5.08052e-02	-7.70000e-02
-1.07652e-03	-4.76101e-05	8.94584e-06	-3.61176e-06	-5.35284e-01	-2.14113e-01	2.70286e-01	4.97309e-02	-7.70000e-02
-1.07572e-03	-4.75637e-05	8.99934e-06	-5.59845e-06	-5.34635e-01	-2.13853e-01	2.75970e-01	4.86600e-02	-7.70000e-02
-1.05869e-03	-4.67996e-05	8.91586e-06	-7.82713e-06	-5.34063e-01	-2.13625e-01	2.81593e-01	4.75928e-02	-7.70000e-02
-1.03051e-03	-4.55431e-05	8.73402e-06	-9.85675e-06	-5.33734e-01	-2.13493e-01	2.87155e-01	4.65299e-02	-7.70000e-02
-1.01040e-03	-4.46432e-05	8.62086e-06	-1.08790e-05	-5.33655e-01	-2.13461e-01	2.92655e-01	4.54717e-02	-7.70000e-02
-1.01178e-03	-4.46934e-05	8.68876e-06	-1.02063e-05	-5.33595e-01	-2.13438e-01	2.98092e-01	4.44185e-02	-7.70000e-02
-1.02482e-03	-4.52586e-05	8.85641e-06	-8.31969e-06	-5.33398e-01	-2.13359e-01	3.03464e-01	4.33710e-02	-7.70000e-02
-1.03293e-03	-4.56050e-05	8.98600e-06	-6.70200e-06	-5.33105e-01	-2.13242e-01	3.08770e-01	4.23295e-02	-7.70000e-02
-1.03649e-03	-4.57504e-05	9.07602e-06	-6.31884e-06	-5.32757e-01	-2.13102e-01	3.14009e-01	4.12945e-02	-7.70000e-02
-1.04840e-03	-4.62652e-05	9.23581e-06	-6.85208e-06	-5.32379e-01	-2.12951e-01	3.19181e-01	4.02664e-02	-7.70000e-02
-1.07967e-03	-4.76344e-05	9.56464e-06	-7.63793e-06	-5.32035e-01	-2.12813e-01	3.24285e-01	3.92455e-02	-7.70000e-02
-1.12927e-03	-4.98109e-05	1.00635e-05	-8.65474e-06	-5.31678e-01	-2.12671e-01	3.29319e-01	3.82325e-02	-7.70000e-02
-1.17946e-03	-5.20113e-05	1.05755e-05	-1.01693e-05	-5.31213e-01	-2.12485e-01	3.34282e-01	3.72276e-02	-7.70000e-02
-1.21339e-03	-5.34966e-05	1.09348e-05	-1.19398e-05	-5.30685e-01	-2.12273e-01	3.39174e-01	3.62312e-02	-7.70000e-02
-1.23286e-03	-5.43429e-05	1.11678e-05	-1.33494e-05	-5.30204e-01	-2.12081e-01	3.43995e-01	3.52438e-02	-7.70000e-02
-1.24430e-03	-5.48336e-05	1.13376e-05	-1.40281e-05	-5.29723e-01	-2.11889e-01	3.48742e-01	3.42658e-02	-7.70000e-02
-1.24684e-03	-5.49322e-05	1.14259e-05	-1.39091e-05	-5.29220e-01	-2.11687e-01	3.53416e-01	3.32975e-02	-7.70000e-02
-1.24489e-03	-5.48324e-05	1.14729e-05	-1.29656e-05	-5.28770e-01	-2.11507e-01	3.58015e-01	3.23394e-02	-7.70000e-02
-1.24841e-03	-5.49757e-05	1.15628e-05	-1.12139e-05	-5.28295e-01	-2.11318e-01	3.62540e-01	3.13917e-02	-7.70000e-02
-1.25626e-03	-5.53088e-05	1.16943e-05	-8.97273e-06	-5.27702e-01	-2.11080e-01	3.66989e-01	3.04550e-02	-7.70000e-02
-1.26066e-03	-5.54881e-05	1.18041e-05	-6.92476e-06	-5.27040e-01	-2.10815e-01	3.71361e-01	2.95294e-02	-7.70000e-02
-1.26083e-03	-5.54813e-05	1.18722e-05	-5.49414e-06	-5.26430e-01	-2.10572e-01	3.75657e-01	2.86154e-02	-7.70000e-02
-1.26523e-03	-5.56643e-05	1.19640e-05	-4.26890e-06	-5.25923e-01	-2.10369e-01	3.79875e-01	2.77134e-02	-7.70000e-02
-1.28214e-03	-5.63999e-05	1.21614e-05	-2.56715e-06	-5.25437e-01	-2.10174e-01	3.84016e-01	2.68236e-02	-7.70000e-02
-1.30989e-03	-5.76100e-05	1.24750e-05	-5.03271e-07	-5.24894e-01	-2.09957e-01	3.88078e-01	2.59463e-02	-7.70000e-02
-1.33536e-03	-5.87159e-05	1.27829e-05	9.71133e-07	-5.24193e-01	-2.09677e-01	3.92061e-01	2.50820e-02	-7.70000e-02
-1.34478e-03	-5.91152e-05	1.29417e-05	1.26391e-06	-5.23323e-01	-2.09329e-01	3.95965e-01	2.42309e-02	-7.70000e-02
-1.34547e-03	-5.91313e-05	1.30116e-05	1.26189e-06	-5.22404e-01	-2.08961e-01	3.99790e-01	2.33932e-02	-7.70000e-02
-1.35271e-03	-5.94363e-05	1.31421e-05	2.46476e-06	-5.21391e-01	-2.08556e-01	4.03534e-01	2.25693e-02	-7.70000e-02
-1.35419e-03	-5.94882e-05	1.32167e-05	4.86839e-06	-5.20269e-01	-2.08107e-01	4.07199e-01	2.17594e-02	-7.70000e-02
-1.32452e-03	-5.81716e-05	1.29867e-05	7.01735e-06	-5.19251e-01	-2.07700e-01	4.10784e-01	2.09638e-02	-7.70000e-02
-1.26640e-03	-5.56071e-05	1.24686e-05	7.95701e-06	-5.18458e-01	-2.07383e-01	4.14288e-01	2.01828e-02	-7.70000e-02
-1.20620e-03	-5.29527e-05	1.19266e-05	7.90865e-06	-5.17855e-01	-2.07142e-01	4.17711e-01	1.94166e-02	-7.70000e-02
-1.16827e-03	-5.12791e-05	1.15890e-05	7.66221e-06	-5.17359e-01	-2.06943e-01	4.21054e-01	1.86653e-02	-7.70000e-02
-1.16882e-03	-5.12966e-05	1.16230e-05	7.98535e-06	-5.16837e-01	-2.06734e-01	4.24316e-01	1.79293e-02	-7.70000e-02
-1.20052e-03	-5.26778e-05	1.19828e-05	8.84040e-06	-5.16107e-01	-2.06442e-01	4.27498e-01	1.72087e-02	-7.70000e-02
-1.22980e-03	-5.39522e-05	1.23197e-05	9.28229e-06	-5.15174e-01	-2.06069e-01	4.30598e-01	1.65036e-02	-7.70000e-02
-1.24386e-03	-5.45606e-05	1.24984e-05	8.57064e-06	-5.14308e-01	-2.05723e-01	4.33619e-01	1.58143e-02	-7.70000e-02
-1.26996e-03	-5.56943e-05	1.28081e-05	7.03138e-06	-5.13523e-01	-2.05409e-01	4.36559e-01	1.51410e-02	-7.70000e-02
-1.32046e-03	-5.78944e-05	1.33809e-05	5.76804e-06	-5.12561e-01	-2.05024e-01	4.39419e-01	1.44836e-02	-7.70000e-02
-1.37316e-03	-6.01937e-05	1.39652e-05	5.61309e-06	-5.11419e-01	-2.04567e-01	4.42199e-01	1.38424e-02	-7.70000e-02
-1.40633e-03	-6.16418e-05	1.43265e-05	6.42962e-06	-5.10197e-01	-2.04078e-01	4.44899e-01	1.32176e-02	-7.70000e-02
-1.40255e-03	-6.14690e-05	1.43195e-05	7.43465e-06	-5.08953e-01	-2.03581e-01	4.47520e-01	1.26090e-02	-7.70000e-02
-1.35928e-03	-5.95600e-05	1.39322e-05	7.90336e-06	-5.07843e-01	-2.03137e-01	4.50063e-01	1.20169e-02	-7.70000e-02
-1.29553e-03	-5.67551e-05	1.33281e-05	7.62406e-06	-5.06887e-01	-2.02754e-01	4.52527e-01	1.14413e-02	-7.70000e-02
-1.22811e-03	-5.37929e-05	1.26705e-05	6.97811e-06	-5.05934e-01	-2.02373e-01	4.54913e-01	1.08822e-02	-7.70000e-02
-1.16087e-03	-5.08411e-05	1.20038e-05	6.30226e-06	-5.04998e-01	-2.01999e-01	4.57222e-01	1.03397e-02	-7.70000e-02
-1.09912e-03	-4.81302e-05	1.13944e-05	5.36339e-06	-5.04181e-01	-2.01672e-01	4.59454e-01	9.81366e-03	-7.70000e-02
-1.04373e-03	-4.56948e-05	1.08621e-05	4.09360e-06	-5.03489e-01	-2.01395e-01	4.61610e-01	9.30419e-03	-7.70000e-02
-9.89096e-04	-4.32915e-05	1.03409e-05	3.10196e-06	-5.02940e-01	-2.01175e-01	4.63691e-01	8.81122e-03	-7.70000e-02
-9.43242e-04	-4.12781e-05	9.88815e-06	2.80970e-06	-5.02489e-01	-2.00995e-01	4.65698e-01	8.33469e-03	-7.70000e-02
-9.29237e-04	-4.06670e-05	9.73363e-06	2.90897e-06	-5.01975e-01	-2.00790e-01	4.67630e-01	7.87452e-03	-7.70000e-02
-9.56029e-04	-4.18417e-05	1.00055e-05	2.80327e-06	-5.01291e-01	-2.00516e-01	4.69490e-01	7.43062e-03	-7.70000e-02
-9.97044e-04	-4.36309e-05	1.04589e-05	2.11794e-06	-5.00441e-01	-2.00176e-01	4.71279e-01	7.00289e-03	-7.70000e-02
-1.01428e-03	-4.43771e-05	1.06739e-05	1.04664e-06	-4.99559e-01	-1.99823e-01	4.72996e-01	6.59118e-03	-7.70000e-02
-1.00153e-03	-4.38135e-05	1.05631e-05	3.39114e-07	-4.98792e-01	-1.99517e-01	4.74644e-01	6.19535e-03	-7.70000e-02
-9.78453e-04	-4.28018e-05	1.03287e-05	4.92094e-07	-4.98154e-01	-1.99261e-01	4.76223e-01	5.81521e-03	-7.70000e-02
-9.48549e-04	-4.14903e-05	1.00269e-05	1.12038e-06	-4.97644e-01	-1.99057e-01	4.77735e-01	5.45059e-03	-7.70000e-02
-9.09511e-04	-3.97735e-05	9.65263e-06	1.55325e-06	-4.97302e-01	-1.98921e-01	4.79181e-01	5.10126e-03	-7.70000e-02
-8.79134e-04	-3.84380e-05	9.35941e-06	1.52889e-06	-4.97035e-01	-1.98814e-01	4.80562e-01	4.76699e-03	-7.70000e-02
-8.69100e-04	-3.80019e-05	9.24152e-06	1.00751e-06	-4.96730e-01	-1.98692e-01	4.81880e-01	4.44751e-03	-7.70000e-02
-8.68399e-04	-3.79682e-05	9.24687e-06	4.96783e-08	-4.96439e-01	-1.98575e-01	4.83136e-01	4.14257e-03	-7.70000e-02
-8.66097e-04	-3.78573e-05	9.26446e-06	-9.09930e-07	-4.96236e-01	-1.98494e-01	4.84331e-01	3.85185e-03	-7.70000e-02
-8.63164e-04	-3.77237e-05	9.25526e-06	-1.29250e-06	-4.96065e-01	-1.98426e-01	4.85468e-01	3.57505e-03	-7.70000e-02
-8.66092e-04	-3.78498e-05	9.29384e-06	-8.68464e-07	-4.95851e-01	-1.98340e-01	4.86547e-01	3.31181e-03	-7.70000e-02
-8.76166e-04	-3.82860e-05	9.41874e-06	1.45782e-07	-4.95547e-01	-1.98219e-01	4.87570e-01	3.06179e-03	-7.70000e-02
-8.87427e-04	-3.87753e-05	9.55084e-06	1.37116e-06	-4.95112e-01	-1.98044e-01	4.88540e-01	2.82459e-03	-7.70000e-02
-8.97167e-04	-3.92017e-05	9.65228e-06	2.64298e-06	-4.94615e-01	-1.97846e-01	4.89459e-01	2.59981e-03	-7.70000e-02
-9.07947e-04	-3.96716e-05	9.77311e-06	4.04194e-06	-4.94048e-01	-1.97619e-01	4.90327e-01	2.38704e-03	-7.70000e-02
-9.15931e-04	-4.00234e-05	9.84679e-06	5.39954e-06	-4.93472e-01	-1.97388e-01	4.91147e-01	2.18582e-03	-7.70000e-02
-9.10670e-04	-3.97909e-05	9.80119e-06	6.28543e-06	-4.92953e-01	-1.97181e-01	4.91921e-01	1.99570e-03	-7.70000e-02
-8.87398e-04	-3.87629e-05	9.59571e-06	6.60607e-06	-4.92456e-01	-1.96982e-01	4.92651e-01	1.81617e-03	-7.70000e-02
-8.54012e-04	-3.73030e-05	9.24091e-06	6.69326e-06	-4.92121e-01	-1.96848e-01	4.93339e-01	1.64674e-03	-7.70000e-02
-8.14317e-04	-3.55479e-05	8.89742e-06	6.81170e-06	-4.91714e-01	-1.96685e-01	4.93989e-01	1.48687e-03	-7.70000e-02
-7.70456e-04	-3.36552e-05	8.32917e-06	6.94969e-06	-4.91413e-01	-1.96565e-01	4.94601e-01	1.33602e-03	-7.70000e-02
-7.22465e-04	-3.15291e-05	7.93086e-06	7.05423e-06	-4.91163e-01	-1.96465e-01	4.95178e-01	1.19361e-03	-7.70000e-02
-6.66577e-04	-2.91108e-05	7.23319e-06	7.17572e-06	-4.90786e-01	-1.96314e-01	4.95723e-01	1.05905e-03	-7.70000e-02
-6.09189e-04	-2.65857e-05	6.68689e-06	7.38022e-06	-4.90787e-01	-1.96314e-01	4.96238e-01	9.31727e-04	-7.70000e-02
-5.44762e-04	-2.37603e-05	6.03512e-06	7.67069e-06	-4.90299e-01	-1.96120e-01	4.96727e-01	8.11009e-04	-7.70000e-02
-4.74554e-04	-2.07370e-05	5.10001e-06	8.05842e-06	-4.90464e-01	-1.96185e-01	4.97191e-01	6.96240e-04	-7.70000e-02
-4.11360e-04	-1.78731e-05	4.83480e-06	8.50636e-06	-4.90146e-01	-1.96058e-01	4.97633e-01	5.86745e-04	-7.70000e-02
-3.25304e-04	-1.42693e-05	3.27710e-06	9.05241e-06	-4.89983e-01	-1.95993e-01	4.98057e-01	4.81825e-04	-7.70000e-02
-2.99313e-04	-1.28465e-05	4.15625e-06	9.60792e-06	-4.90656e-01	-1.96262e-01	4.98465e-01	3.80765e-04	-7.70000e-02
-2.29614e-04	-1.00486e-05	2.40752e-06	1.00874e-05	-4.89405e-01	-1.95762e-01	4.98860e-01	2.82825e-04	-7.70000e-02
-3.40635e-04	-1.46668e-05	4.54059e-06	1.09330e-05	-4.93624e-01	-1.97449e-01	4.99246e-01	1.87245e-04	-7.70000e-02
-6.49389e-04	-2.66156e-05	1.40756e-05	1.09755e-05	-4.93115e-01	-1.97246e-01	4.99624e-01	9.32455e-05	-7.70000e-02
-5.37170e-04	-3.31953e-05	-3.33734e-05	8.08384e-06	-4.96949e-01	-1.98779e-01	5.00000e-01	0.00000e+00	-7.70000e-02
