"Density"	"Momentum:0"	"Momentum:1"	"Momentum:2"	"StagnationEnergy"	"Pressure"	"Points:0"	"Points:1"	"Points:2"
2.46745e-02	-9.51923e-04	1.26360e-03	6.60157e-04	-7.64685e-01	-3.05898e-01	-4.88442e-01	0.00000e+00	1.25400e-01
2.59763e-03	1.87576e-04	1.24295e-04	2.53034e-04	-1.19185e+00	-4.76748e-01	-4.88389e-01	2.24937e-03	1.25400e-01
8.44519e-03	2.46361e-04	4.10916e-04	3.54985e-04	-1.06806e+00	-4.27232e-01	-4.88228e-01	4.49358e-03	1.25400e-01
1.63484e-02	2.91471e-04	8.02734e-04	3.66616e-04	-1.17677e+00	-4.70720e-01	-4.87958e-01	6.72736e-03	1.25400e-01
1.81353e-02	3.71225e-04	8.71140e-04	3.37397e-04	-1.20950e+00	-4.83811e-01	-4.87580e-01	8.94545e-03	1.25400e-01
2.01204e-02	3.94430e-04	9.58784e-04	3.29449e-04	-1.28589e+00	-5.14368e-01	-4.87096e-01	1.11427e-02	1.25400e-01
2.11070e-02	4.54949e-04	9.83913e-04	2.92594e-04	-1.38491e+00	-5.53975e-01	-4.86508e-01	1.33145e-02	1.25400e-01
2.08360e-02	4.68052e-04	9.54913e-04	2.68993e-04	-1.43048e+00	-5.72204e-01	-4.85818e-01	1.54563e-02	1.25400e-01
2.01241e-02	4.80743e-04	9.02302e-04	2.31201e-04	-1.50785e+00	-6.03152e-01	-4.85032e-01	1.75643e-02	1.25400e-01
1.87019e-02	4.71459e-04	8.20105e-04	1.96988e-04	-1.54147e+00	-6.16600e-01	-4.84198e-01	1.95349e-02	1.25400e-01
1.70200e-02	4.44146e-04	7.32910e-04	1.63378e-04	-1.56577e+00	-6.26318e-01	-4.83360e-01	2.13151e-02	1.25400e-01
1.51626e-02	4.10896e-04	6.40026e-04	1.25971e-04	-1.58226e+00	-6.32910e-01	-4.82516e-01	2.29561e-02	1.25400e-01
1.31241e-02	3.61866e-04	5.46623e-04	9.19129e-05	-1.57864e+00	-6.31461e-01	-4.81663e-01	2.44919e-02	1.25400e-01
1.10985e-02	3.10844e-04	4.56476e-04	5.42870e-05	-1.57666e+00	-6.30671e-01	-4.80797e-01	2.59463e-02	1.25400e-01
9.04434e-03	2.52746e-04	3.70345e-04	1.89534e-05	-1.56316e+00	-6.25270e-01	-4.79916e-01	2.73369e-02	1.25400e-01
7.10750e-03	1.95074e-04	2.92200e-04	-1.54282e-05	-1.54865e+00	-6.19465e-01	-4.79017e-01	2.86771e-02	1.25400e-01
5.37576e-03	1.41107e-04	2.25006e-04	-4.70545e-05	-1.53259e+00	-6.13040e-01	-4.78096e-01	2.99773e-02	1.25400e-01
3.94013e-03	9.43515e-05	1.71638e-04	-7.36588e-05	-1.51459e+00	-6.05839e-01	-4.77152e-01	3.12457e-02	1.25400e-01
2.93074e-03	6.04183e-05	1.35651e-04	-9.47008e-05	-1.49907e+00	-5.99629e-01	-4.76181e-01	3.24891e-02	1.25400e-01
2.36242e-03	4.10766e-05	1.16215e-04	-1.07274e-04	-1.48422e+00	-5.93690e-01	-4.75182e-01	3.37127e-02	1.25400e-01
2.16497e-03	3.57721e-05	1.08908e-04	-1.08163e-04	-1.47173e+00	-5.88695e-01	-4.74151e-01	3.49212e-02	1.25400e-01
2.10088e-03	3.79198e-05	1.03653e-04	-9.63242e-05	-1.46248e+00	-5.84996e-01	-4.73086e-01	3.61180e-02	1.25400e-01
1.85248e-03	3.60619e-05	8.96441e-05	-7.60503e-05	-1.45556e+00	-5.82225e-01	-4.71985e-01	3.73062e-02	1.25400e-01
1.24143e-03	2.21518e-05	6.25138e-05	-5.57927e-05	-1.45122e+00	-5.80491e-01	-4.70846e-01	3.84882e-02	1.25400e-01
3.74496e-04	-1.86252e-06	2.77520e-05	-4.18453e-05	-1.44760e+00	-5.79041e-01	-4.69666e-01	3.96661e-02	1.25400e-01
-4.02210e-04	-2.46049e-05	-2.17646e-06	-3.49266e-05	-1.44457e+00	-5.77828e-01	-4.68444e-01	4.08416e-02	1.25400e-01
-8.21301e-04	-3.66448e-05	-1.84143e-05	-3.14190e-05	-1.44233e+00	-5.76931e-01	-4.67177e-01	4.20159e-02	1.25400e-01
-8.75724e-04	-3.71244e-05	-2.14021e-05	-2.74985e-05	-1.44102e+00	-5.76407e-01	-4.65863e-01	4.31900e-02	1.25400e-01
-7.13916e-04	-3.00700e-05	-1.73833e-05	-2.13419e-05	-1.44101e+00	-5.76403e-01	-4.64501e-01	4.43649e-02	1.25400e-01
-4.76141e-04	-1.97110e-05	-1.18297e-05	-1.28156e-05	-1.44187e+00	-5.76748e-01	-4.63088e-01	4.55410e-02	1.25400e-01
-2.51151e-04	-9.70475e-06	-7.02985e-06	-3.35307e-06	-1.44344e+00	-5.77375e-01	-4.61623e-01	4.67188e-02	1.25400e-01
-7.76084e-05	-1.84008e-06	-3.67386e-06	4.89706e-06	-1.44562e+00	-5.78247e-01	-4.60104e-01	4.78985e-02	1.25400e-01
4.83851e-05	4.15403e-06	-1.76009e-06	1.13572e-05	-1.44836e+00	-5.79345e-01	-4.58530e-01	4.90803e-02	1.25400e-01
1.09034e-04	7.46389e-06	-1.56586e-06	1.67167e-05	-1.45160e+00	-5.80641e-01	-4.56898e-01	5.02642e-02	1.25400e-01
6.85209e-05	6.52682e-06	-3.75378e-06	2.14505e-05	-1.45510e+00	-5.82043e-01	-4.55208e-01	5.14500e-02	1.25400e-01
-4.04192e-05	2.86619e-06	-7.73234e-06	2.58691e-05	-1.45870e+00	-5.83476e-01	-4.53458e-01	5.26375e-02	1.25400e-01
-1.66006e-04	-1.29871e-06	-1.24097e-05	3.07691e-05	-1.46234e+00	-5.84935e-01	-4.51646e-01	5.38264e-02	1.25400e-01
-3.75035e-04	-8.71907e-06	-1.93368e-05	3.78860e-05	-1.46624e+00	-5.86497e-01	-4.49772e-01	5.50164e-02	1.25400e-01
-6.76163e-04	-1.99633e-05	-2.83442e-05	4.74182e-05	-1.47020e+00	-5.88077e-01	-4.47834e-01	5.62070e-02	1.25400e-01
-8.52527e-04	-2.65236e-05	-3.37997e-05	5.61993e-05	-1.47359e+00	-5.89435e-01	-4.45830e-01	5.73978e-02	1.25400e-01
-8.59474e-04	-2.64271e-05	-3.49607e-05	6.22830e-05	-1.47686e+00	-5.90745e-01	-4.43760e-01	5.85881e-02	1.25400e-01
-1.01537e-03	-3.23266e-05	-3.97306e-05	6.97479e-05	-1.47917e+00	-5.91666e-01	-4.41623e-01	5.97775e-02	1.25400e-01
-1.38641e-03	-4.72387e-05	-4.89716e-05	8.02677e-05	-1.47901e+00	-5.91601e-01	-4.39417e-01	6.09653e-02	1.25400e-01
-1.67425e-03	-5.94560e-05	-5.49505e-05	8.59211e-05	-1.47703e+00	-5.90812e-01	-4.37142e-01	6.21508e-02	1.25400e-01
-1.83447e-03	-6.74561e-05	-5.59982e-05	7.96324e-05	-1.47243e+00	-5.88971e-01	-4.34796e-01	6.33334e-02	1.25400e-01
-2.11635e-03	-8.21973e-05	-5.58832e-05	5.76901e-05	-1.46537e+00	-5.86149e-01	-4.32380e-01	6.45124e-02	1.25400e-01
-2.57587e-03	-1.07236e-04	-5.27117e-05	1.44379e-05	-1.45782e+00	-5.83127e-01	-4.29891e-01	6.56869e-02	1.25400e-01
-3.16071e-03	-1.39319e-04	-4.71124e-05	-5.14541e-05	-1.44919e+00	-5.79676e-01	-4.27330e-01	6.68564e-02	1.25400e-01
-3.92646e-03	-1.80286e-04	-4.08339e-05	-1.36592e-04	-1.43785e+00	-5.75136e-01	-4.24696e-01	6.80199e-02	1.25400e-01
-4.73149e-03	-2.24326e-04	-3.04146e-05	-2.43660e-04	-1.42012e+00	-5.68042e-01	-4.21988e-01	6.91768e-02	1.25400e-01
-5.21364e-03	-2.54961e-04	-1.16140e-05	-3.65537e-04	-1.39403e+00	-5.57603e-01	-4.19205e-01	7.03263e-02	1.25400e-01
-4.90133e-03	-2.49244e-04	1.66394e-05	-4.68436e-04	-1.36310e+00	-5.45230e-01	-4.16347e-01	7.14675e-02	1.25400e-01
-3.50136e-03	-1.90991e-04	4.89148e-05	-5.12416e-04	-1.33120e+00	-5.32461e-01	-4.13414e-01	7.25997e-02	1.25400e-01
-1.63798e-03	-1.07105e-04	7.32655e-05	-4.91430e-04	-1.30254e+00	-5.20985e-01	-4.10405e-01	7.37220e-02	1.25400e-01
-5.19630e-04	-5.33655e-05	7.91674e-05	-4.39760e-04	-1.28006e+00	-5.11944e-01	-4.07320e-01	7.48337e-02	1.25400e-01
-4.83828e-04	-4.74638e-05	7.01597e-05	-3.96845e-04	-1.26265e+00	-5.04992e-01	-4.04159e-01	7.59339e-02	1.25400e-01
-6.59486e-04	-5.26457e-05	6.30043e-05	-3.79262e-04	-1.24545e+00	-4.98135e-01	-4.00920e-01	7.70219e-02	1.25400e-01
-3.26839e-04	-3.67037e-05	6.58948e-05	-3.77643e-04	-1.22052e+00	-4.88116e-01	-3.97605e-01	7.80969e-02	1.25400e-01
9.67042e-05	-1.67358e-05	6.95571e-05	-3.73116e-04	-1.19265e+00	-4.77359e-01	-3.94213e-01	7.91580e-02	1.25400e-01
-5.56031e-05	-2.22086e-05	6.60359e-05	-3.70730e-04	-1.16553e+00	-4.65699e-01	-3.90743e-01	8.02045e-02	1.25400e-01
-3.92709e-04	-3.65161e-05	6.25558e-05	-3.85615e-04	-1.13196e+00	-4.52706e-01	-3.87196e-01	8.12355e-02	1.25400e-01
-2.13165e-04	-2.85043e-05	6.69825e-05	-4.06300e-04	-1.09760e+00	-4.38881e-01	-3.83573e-01	8.22504e-02	1.25400e-01
3.78119e-04	-1.71740e-06	7.39714e-05	-4.14055e-04	-1.06488e+00	-4.26046e-01	-3.79871e-01	8.32484e-02	1.25400e-01
9.97313e-04	2.68009e-05	7.91135e-05	-4.15039e-04	-1.02856e+00	-4.11461e-01	-3.76093e-01	8.42287e-02	1.25400e-01
1.49218e-03	4.96940e-05	8.30568e-05	-4.17742e-04	-9.95504e-01	-3.98226e-01	-3.72238e-01	8.51905e-02	1.25400e-01
2.01116e-03	7.38124e-05	8.63111e-05	-4.15323e-04	-9.66306e-01	-3.86541e-01	-3.68306e-01	8.61332e-02	1.25400e-01
2.64072e-03	1.03381e-04	8.79505e-05	-4.03088e-04	-9.41598e-01	-3.76653e-01	-3.64297e-01	8.70560e-02	1.25400e-01
3.07584e-03	1.24259e-04	8.73660e-05	-3.85123e-04	-9.27948e-01	-3.71191e-01	-3.60212e-01	8.79583e-02	1.25400e-01
3.14792e-03	1.28891e-04	8.33259e-05	-3.66905e-04	-9.14004e-01	-3.65612e-01	-3.56051e-01	8.88393e-02	1.25400e-01
3.06927e-03	1.26982e-04	7.66402e-05	-3.46636e-04	-8.95051e-01	-3.58030e-01	-3.51815e-01	8.96984e-02	1.25400e-01
2.98646e-03	1.24945e-04	6.91058e-05	-3.14746e-04	-8.80453e-01	-3.52189e-01	-3.47503e-01	9.05350e-02	1.25400e-01
3.11423e-03	1.32464e-04	6.18512e-05	-2.72249e-04	-8.71537e-01	-3.48621e-01	-3.43116e-01	9.13484e-02	1.25400e-01
3.37397e-03	1.45488e-04	5.71012e-05	-2.29179e-04	-8.65207e-01	-3.46087e-01	-3.38655e-01	9.21380e-02	1.25400e-01
3.48672e-03	1.51904e-04	5.07664e-05	-1.92107e-04	-8.57377e-01	-3.42954e-01	-3.34120e-01	9.29033e-02	1.25400e-01
3.54365e-03	1.55503e-04	4.53495e-05	-1.64272e-04	-8.54411e-01	-3.41767e-01	-3.29511e-01	9.36436e-02	1.25400e-01
3.51437e-03	1.54805e-04	4.16949e-05	-1.47463e-04	-8.59230e-01	-3.43695e-01	-3.24830e-01	9.43585e-02	1.25400e-01
3.11844e-03	1.37605e-04	3.58208e-05	-1.34319e-04	-8.62799e-01	-3.45122e-01	-3.20077e-01	9.50474e-02	1.25400e-01
2.50195e-03	1.10437e-04	2.89132e-05	-1.19531e-04	-8.62263e-01	-3.44907e-01	-3.15252e-01	9.57098e-02	1.25400e-01
2.06644e-03	9.12002e-05	2.44209e-05	-1.10256e-04	-8.57193e-01	-3.42879e-01	-3.10357e-01	9.63452e-02	1.25400e-01
1.98027e-03	8.75987e-05	2.22199e-05	-1.03420e-04	-8.50878e-01	-3.40353e-01	-3.05391e-01	9.69532e-02	1.25400e-01
1.95983e-03	8.70972e-05	1.88893e-05	-8.40176e-05	-8.50276e-01	-3.40112e-01	-3.00357e-01	9.75334e-02	1.25400e-01
1.77858e-03	7.93654e-05	1.43917e-05	-5.56527e-05	-8.52804e-01	-3.41123e-01	-2.95253e-01	9.80854e-02	1.25400e-01
1.67341e-03	7.49019e-05	1.13896e-05	-3.42187e-05	-8.52921e-01	-3.41169e-01	-2.90082e-01	9.86087e-02	1.25400e-01
1.81101e-03	8.12943e-05	9.86002e-06	-1.96836e-05	-8.53239e-01	-3.41296e-01	-2.84845e-01	9.91031e-02	1.25400e-01
1.89771e-03	8.53678e-05	8.14196e-06	-4.64537e-06	-8.55553e-01	-3.42222e-01	-2.79541e-01	9.95682e-02	1.25400e-01
1.74327e-03	7.85377e-05	5.81874e-06	8.04070e-06	-8.57328e-01	-3.42932e-01	-2.74172e-01	1.00004e-01	1.25400e-01
1.45468e-03	6.56022e-05	3.71659e-06	1.65793e-05	-8.57080e-01	-3.42833e-01	-2.68740e-01	1.00409e-01	1.25400e-01
1.08799e-03	4.91088e-05	1.89817e-06	2.02924e-05	-8.54509e-01	-3.41804e-01	-2.63244e-01	1.00785e-01	1.25400e-01
7.42420e-04	3.35082e-05	1.13570e-06	1.39455e-05	-8.49468e-01	-3.39787e-01	-2.57686e-01	1.01130e-01	1.25400e-01
6.79544e-04	3.06191e-05	1.81704e-06	9.49857e-07	-8.42707e-01	-3.37083e-01	-2.52068e-01	1.01445e-01	1.25400e-01
8.94129e-04	4.02712e-05	2.63252e-06	-6.28583e-06	-8.37559e-01	-3.35024e-01	-2.46389e-01	1.01729e-01	1.25400e-01
9.65846e-04	4.35181e-05	2.38090e-06	-3.21502e-06	-8.36295e-01	-3.34518e-01	-2.40652e-01	1.01983e-01	1.25400e-01
6.85315e-04	3.09009e-05	9.89322e-07	5.29364e-06	-8.36824e-01	-3.34730e-01	-2.34857e-01	1.02205e-01	1.25400e-01
3.69186e-04	1.66595e-05	1.26126e-08	1.24224e-05	-8.36319e-01	-3.34528e-01	-2.29006e-01	1.02397e-01	1.25400e-01
4.18821e-04	1.88931e-05	3.99330e-08	1.13724e-05	-8.34177e-01	-3.33671e-01	-2.23099e-01	1.02558e-01	1.25400e-01
7.16360e-04	3.22978e-05	5.64343e-07	3.24093e-06	-8.34433e-01	-3.33773e-01	-2.17138e-01	1.02687e-01	1.25400e-01
7.57397e-04	3.41406e-05	8.25064e-07	-1.55267e-06	-8.37756e-01	-3.35103e-01	-2.11125e-01	1.02786e-01	1.25400e-01
4.75207e-04	2.14208e-05	3.43261e-07	5.49140e-07	-8.37042e-01	-3.34817e-01	-2.05059e-01	1.02853e-01	1.25400e-01
2.35745e-04	1.06267e-05	-5.81997e-08	4.65619e-06	-8.33194e-01	-3.33278e-01	-1.98944e-01	1.02890e-01	1.25400e-01
9.66405e-05	4.35517e-06	-3.46085e-07	9.53498e-06	-8.31447e-01	-3.32579e-01	-1.92779e-01	1.02896e-01	1.25400e-01
-1.51520e-06	-7.30887e-08	-7.44012e-07	1.78978e-05	-8.28650e-01	-3.31418e-01	-1.86566e-01	1.02871e-01	1.25400e-01
7.45004e-05	3.34296e-06	-1.27784e-06	2.72848e-05	-8.23777e-01	-3.29513e-01	-1.80308e-01	1.02815e-01	1.25400e-01
2.14420e-04	9.63748e-06	-1.56895e-06	3.22469e-05	-8.21112e-01	-3.28446e-01	-1.74004e-01	1.02729e-01	1.25400e-01
1.32612e-04	5.94473e-06	-1.51747e-06	3.39777e-05	-8.20197e-01	-3.28080e-01	-1.67656e-01	1.02613e-01	1.25400e-01
-1.61259e-04	-7.29767e-06	-1.21585e-06	3.56810e-05	-8.18208e-01	-3.27282e-01	-1.61266e-01	1.02467e-01	1.25400e-01
-4.99291e-04	-2.25239e-05	-7.55954e-07	3.70584e-05	-8.13685e-01	-3.25473e-01	-1.54836e-01	1.02291e-01	1.25400e-01
-8.19475e-04	-3.69437e-05	-2.95757e-07	3.92899e-05	-8.05842e-01	-3.22336e-01	-1.48366e-01	1.02085e-01	1.25400e-01
-1.04160e-03	-4.69394e-05	2.45107e-07	4.22987e-05	-7.94649e-01	-3.17859e-01	-1.41858e-01	1.01850e-01	1.25400e-01
-1.10131e-03	-4.96213e-05	5.77841e-07	4.28072e-05	-7.81824e-01	-3.12729e-01	-1.35313e-01	1.01586e-01	1.25400e-01
-1.16731e-03	-5.25853e-05	8.99669e-07	4.35811e-05	-7.70825e-01	-3.08329e-01	-1.28734e-01	1.01293e-01	1.25400e-01
-1.37093e-03	-6.17498e-05	1.31379e-06	5.25189e-05	-7.59788e-01	-3.03914e-01	-1.22121e-01	1.00972e-01	1.25400e-01
-1.47348e-03	-6.63759e-05	1.37000e-06	6.69544e-05	-7.43904e-01	-2.97560e-01	-1.15476e-01	1.00623e-01	1.25400e-01
-1.26969e-03	-5.72126e-05	9.76551e-07	7.19765e-05	-7.26690e-01	-2.90675e-01	-1.08800e-01	1.00247e-01	1.25400e-01
-1.01050e-03	-4.55341e-05	8.52906e-07	6.28394e-05	-7.13808e-01	-2.85522e-01	-1.02096e-01	9.98426e-02	1.25400e-01
-1.03837e-03	-4.67591e-05	1.43662e-06	5.36849e-05	-7.04194e-01	-2.81677e-01	-9.53642e-02	9.94118e-02	1.25400e-01
-1.30487e-03	-5.87229e-05	2.41565e-06	5.56183e-05	-6.93987e-01	-2.77594e-01	-8.86067e-02	9.89546e-02	1.25400e-01
-1.44904e-03	-6.51933e-05	2.98674e-06	6.26288e-05	-6.81086e-01	-2.72433e-01	-8.18250e-02	9.84714e-02	1.25400e-01
-1.29643e-03	-5.83301e-05	2.68928e-06	6.43684e-05	-6.67691e-01	-2.67075e-01	-7.50206e-02	9.79627e-02	1.25400e-01
-1.12639e-03	-5.06718e-05	2.47770e-06	5.86129e-05	-6.57416e-01	-2.62965e-01	-6.81951e-02	9.74290e-02	1.25400e-01
-1.23927e-03	-5.57009e-05	3.36930e-06	4.96426e-05	-6.48992e-01	-2.59596e-01	-6.13503e-02	9.68706e-02	1.25400e-01
-1.45807e-03	-6.54870e-05	4.56220e-06	4.46429e-05	-6.39449e-01	-2.55779e-01	-5.44876e-02	9.62882e-02	1.25400e-01
-1.41644e-03	-6.36083e-05	4.55159e-06	4.90381e-05	-6.29688e-01	-2.51874e-01	-4.76087e-02	9.56822e-02	1.25400e-01
-1.11163e-03	-4.99492e-05	3.27842e-06	5.93932e-05	-6.22349e-01	-2.48938e-01	-4.07152e-02	9.50532e-02	1.25400e-01
-8.78540e-04	-3.95060e-05	2.30310e-06	6.71908e-05	-6.17947e-01	-2.47178e-01	-3.38088e-02	9.44015e-02	1.25400e-01
-8.73201e-04	-3.92541e-05	2.44655e-06	6.94702e-05	-6.13121e-01	-2.45247e-01	-2.68910e-02	9.37279e-02	1.25400e-01
-8.63834e-04	-3.88211e-05	2.57234e-06	6.78377e-05	-6.05567e-01	-2.42225e-01	-1.99636e-02	9.30328e-02	1.25400e-01
-6.71758e-04	-3.01956e-05	1.96270e-06	6.21813e-05	-5.98780e-01	-2.39511e-01	-1.30282e-02	9.23168e-02	1.25400e-01
-4.93297e-04	-2.21835e-05	1.37100e-06	5.24601e-05	-5.95186e-01	-2.38073e-01	-6.08649e-03	9.15804e-02	1.25400e-01
-5.45093e-04	-2.44710e-05	1.91848e-06	4.23961e-05	-5.92517e-01	-2.37006e-01	8.59953e-04	9.08242e-02	1.25400e-01
-7.07512e-04	-3.17111e-05	2.96695e-06	3.67321e-05	-5.88742e-01	-2.35496e-01	7.80943e-03	9.00487e-02	1.25400e-01
-7.51772e-04	-3.36792e-05	3.29926e-06	3.72620e-05	-5.84577e-01	-2.33830e-01	1.47603e-02	8.92546e-02	1.25400e-01
-6.56586e-04	-2.94255e-05	2.80104e-06	4.24401e-05	-5.81624e-01	-2.32649e-01	2.17109e-02	8.84424e-02	1.25400e-01
-5.25868e-04	-2.35877e-05	2.08331e-06	4.79878e-05	-5.79872e-01	-2.31948e-01	2.86595e-02	8.76127e-02	1.25400e-01
-4.00985e-04	-1.80009e-05	1.47867e-06	4.85545e-05	-5.78565e-01	-2.31425e-01	3.56045e-02	8.67661e-02	1.25400e-01
-3.32830e-04	-1.49398e-05	1.25007e-06	4.35543e-05	-5.78191e-01	-2.31275e-01	4.25442e-02	8.59031e-02	1.25400e-01
-4.20510e-04	-1.88368e-05	1.89530e-06	3.83484e-05	-5.78063e-01	-2.31224e-01	4.94769e-02	8.50244e-02	1.25400e-01
-6.01305e-04	-2.68982e-05	3.00897e-06	3.61943e-05	-5.75631e-01	-2.30252e-01	5.64011e-02	8.41305e-02	1.25400e-01
-6.74831e-04	-3.01669e-05	3.53891e-06	3.47336e-05	-5.71443e-01	-2.28576e-01	6.33150e-02	8.32220e-02	1.25400e-01
-6.20650e-04	-2.77349e-05	3.33405e-06	3.20896e-05	-5.68771e-01	-2.27508e-01	7.02170e-02	8.22995e-02	1.25400e-01
-6.00144e-04	-2.68084e-05	3.30387e-06	3.02707e-05	-5.67846e-01	-2.27138e-01	7.71054e-02	8.13636e-02	1.25400e-01
-6.62082e-04	-2.95604e-05	3.75594e-06	3.10874e-05	-5.66442e-01	-2.26576e-01	8.39787e-02	8.04149e-02	1.25400e-01
-7.27560e-04	-3.24725e-05	4.21257e-06	3.30037e-05	-5.64473e-01	-2.25789e-01	9.08351e-02	7.94540e-02	1.25400e-01
-7.77524e-04	-3.46848e-05	4.63032e-06	3.31620e-05	-5.62829e-01	-2.25131e-01	9.76730e-02	7.84814e-02	1.25400e-01
-8.34560e-04	-3.72112e-05	5.09737e-06	3.09586e-05	-5.60919e-01	-2.24367e-01	1.04491e-01	7.74977e-02	1.25400e-01
-8.72690e-04	-3.88941e-05	5.45101e-06	2.82372e-05	-5.58679e-01	-2.23471e-01	1.11287e-01	7.65036e-02	1.25400e-01
-8.71587e-04	-3.88306e-05	5.54264e-06	2.66929e-05	-5.56793e-01	-2.22717e-01	1.18060e-01	7.54996e-02	1.25400e-01
-8.57861e-04	-3.82079e-05	5.53187e-06	2.64441e-05	-5.55282e-01	-2.22112e-01	1.24807e-01	7.44862e-02	1.25400e-01
-8.62534e-04	-3.84028e-05	5.65097e-06	2.68130e-05	-5.53928e-01	-2.21571e-01	1.31529e-01	7.34641e-02	1.25400e-01
-8.86049e-04	-3.94363e-05	5.89428e-06	2.69964e-05	-5.52434e-01	-2.20973e-01	1.38222e-01	7.24338e-02	1.25400e-01
-9.10106e-04	-4.04939e-05	6.14012e-06	2.63960e-05	-5.50793e-01	-2.20317e-01	1.44885e-01	7.13959e-02	1.25400e-01
-9.24144e-04	-4.11028e-05	6.33610e-06	2.54886e-05	-5.49266e-01	-2.19706e-01	1.51517e-01	7.03509e-02	1.25400e-01
-9.24698e-04	-4.11165e-05	6.40941e-06	2.55349e-05	-5.47666e-01	-2.19066e-01	1.58117e-01	6.92995e-02	1.25400e-01
-8.99548e-04	-3.99881e-05	6.29906e-06	2.64630e-05	-5.45790e-01	-2.18315e-01	1.64682e-01	6.82421e-02	1.25400e-01
-8.54330e-04	-3.79707e-05	6.02881e-06	2.66932e-05	-5.44205e-01	-2.17681e-01	1.71211e-01	6.71793e-02	1.25400e-01
-8.21844e-04	-3.65145e-05	5.87592e-06	2.54104e-05	-5.43185e-01	-2.17273e-01	1.77702e-01	6.61117e-02	1.25400e-01
-8.08155e-04	-3.58942e-05	5.85178e-06	2.35542e-05	-5.42028e-01	-2.16811e-01	1.84155e-01	6.50398e-02	1.25400e-01
-7.96933e-04	-3.53846e-05	5.83756e-06	2.25969e-05	-5.40909e-01	-2.16363e-01	1.90568e-01	6.39641e-02	1.25400e-01
-7.92377e-04	-3.51736e-05	5.85709e-06	2.25541e-05	-5.40431e-01	-2.16172e-01	1.96938e-01	6.28852e-02	1.25400e-01
-7.99195e-04	-3.54672e-05	5.96086e-06	2.16808e-05	-5.40079e-01	-2.16031e-01	2.03266e-01	6.18036e-02	1.25400e-01
-8.13049e-04	-3.60671e-05	6.15114e-06	1.91372e-05	-5.39582e-01	-2.15832e-01	2.09548e-01	6.07199e-02	1.25400e-01
-8.37539e-04	-3.71380e-05	6.42624e-06	1.67832e-05	-5.38951e-01	-2.15580e-01	2.15785e-01	5.96345e-02	1.25400e-01
-8.58654e-04	-3.80641e-05	6.64634e-06	1.66389e-05	-5.37987e-01	-2.15194e-01	2.21974e-01	5.85479e-02	1.25400e-01
-8.50535e-04	-3.76969e-05	6.62517e-06	1.76847e-05	-5.37097e-01	-2.14838e-01	2.28114e-01	5.74608e-02	1.25400e-01
-8.20931e-04	-3.63752e-05	6.44855e-06	1.73872e-05	-5.36485e-01	-2.14594e-01	2.34204e-01	5.63735e-02	1.25400e-01
-8.01993e-04	-3.55249e-05	6.36234e-06	1.53756e-05	-5.35946e-01	-2.14378e-01	2.40242e-01	5.52866e-02	1.25400e-01
-8.11202e-04	-3.59204e-05	6.50396e-06	1.29611e-05	-5.35612e-01	-2.14245e-01	2.46227e-01	5.42006e-02	1.25400e-01
-8.29554e-04	-3.67217e-05	6.71333e-06	1.08458e-05	-5.35374e-01	-2.14149e-01	2.52158e-01	5.31160e-02	1.25400e-01
-8.34198e-04	-3.69183e-05	6.79934e-06	9.50336e-06	-5.35200e-01	-2.14080e-01	2.58034e-01	5.20333e-02	1.25400e-01
-8.44801e-04	-3.73785e-05	6.93449e-06	9.47374e-06	-5.35379e-01	-2.14151e-01	2.63853e-01	5.09529e-02	1.25400e-01
-8.81793e-04	-3.90049e-05	7.29362e-06	1.02003e-05	-5.35570e-01	-2.14228e-01	2.69613e-01	4.98753e-02	1.25400e-01
-9.10494e-04	-4.02603e-05	7.60591e-06	1.03318e-05	-5.35382e-01	-2.14152e-01	2.75315e-01	4.88010e-02	1.25400e-01
-9.05667e-04	-4.00350e-05	7.62796e-06	9.35155e-06	-5.35113e-01	-2.14045e-01	2.80956e-01	4.77306e-02	1.25400e-01
-9.12365e-04	-4.03228e-05	7.72763e-06	8.10960e-06	-5.35133e-01	-2.14053e-01	2.86536e-01	4.66643e-02	1.25400e-01
-9.73373e-04	-4.30083e-05	8.30077e-06	7.74315e-06	-5.35161e-01	-2.14064e-01	2.92054e-01	4.56028e-02	1.25400e-01
-1.05690e-03	-4.66865e-05	9.07769e-06	8.15561e-06	-5.34653e-01	-2.13861e-01	2.97507e-01	4.45464e-02	1.25400e-01
-1.11291e-03	-4.91496e-05	9.61423e-06	8.37940e-06	-5.33849e-01	-2.13539e-01	3.02896e-01	4.34956e-02	1.25400e-01
-1.12907e-03	-4.98501e-05	9.82109e-06	8.44565e-06	-5.33113e-01	-2.13245e-01	3.08219e-01	4.24509e-02	1.25400e-01
-1.11667e-03	-4.92925e-05	9.76485e-06	9.24474e-06	-5.32552e-01	-2.13021e-01	3.13475e-01	4.14126e-02	1.25400e-01
-1.10769e-03	-4.88837e-05	9.74759e-06	1.07121e-05	-5.32425e-01	-2.12970e-01	3.18663e-01	4.03813e-02	1.25400e-01
-1.11640e-03	-4.92539e-05	9.89596e-06	1.09384e-05	-5.32109e-01	-2.12843e-01	3.23782e-01	3.93573e-02	1.25400e-01
-1.11716e-03	-4.92733e-05	9.97245e-06	8.05395e-06	-5.31409e-01	-2.12563e-01	3.28832e-01	3.83411e-02	1.25400e-01
-1.12235e-03	-4.94889e-05	1.00846e-05	3.47406e-06	-5.31398e-01	-2.12559e-01	3.33811e-01	3.73330e-02	1.25400e-01
-1.17119e-03	-5.16349e-05	1.05593e-05	2.44349e-07	-5.31772e-01	-2.12708e-01	3.38719e-01	3.63336e-02	1.25400e-01
-1.24011e-03	-5.46626e-05	1.12338e-05	-1.35592e-06	-5.31631e-01	-2.12652e-01	3.43554e-01	3.53431e-02	1.25400e-01
-1.29654e-03	-5.71326e-05	1.18281e-05	-2.68756e-06	-5.31270e-01	-2.12508e-01	3.48316e-01	3.43621e-02	1.25400e-01
-1.34987e-03	-5.94684e-05	1.23831e-05	-3.71943e-06	-5.30828e-01	-2.12331e-01	3.53005e-01	3.33908e-02	1.25400e-01
-1.39741e-03	-6.15514e-05	1.28750e-05	-4.02031e-06	-5.30144e-01	-2.12057e-01	3.57619e-01	3.24296e-02	1.25400e-01
-1.42713e-03	-6.28464e-05	1.32165e-05	-4.08068e-06	-5.29330e-01	-2.11731e-01	3.62157e-01	3.14790e-02	1.25400e-01
-1.44633e-03	-6.36758e-05	1.34695e-05	-4.31347e-06	-5.28329e-01	-2.11331e-01	3.66620e-01	3.05394e-02	1.25400e-01
-1.45914e-03	-6.42246e-05	1.36611e-05	-4.56291e-06	-5.27183e-01	-2.10873e-01	3.71006e-01	2.96109e-02	1.25400e-01
-1.46326e-03	-6.43915e-05	1.37681e-05	-4.77064e-06	-5.26147e-01	-2.10458e-01	3.75315e-01	2.86941e-02	1.25400e-01
-1.46480e-03	-6.44452e-05	1.38465e-05	-5.00455e-06	-5.25172e-01	-2.10068e-01	3.79546e-01	2.77893e-02	1.25400e-01
-1.46304e-03	-6.43538e-05	1.38949e-05	-5.06761e-06	-5.24062e-01	-2.09624e-01	3.83700e-01	2.68967e-02	1.25400e-01
-1.44829e-03	-6.36901e-05	1.38228e-05	-4.74899e-06	-5.22951e-01	-2.09180e-01	3.87774e-01	2.60168e-02	1.25400e-01
-1.43012e-03	-6.28780e-05	1.37109e-05	-4.17835e-06	-5.22083e-01	-2.08833e-01	3.91770e-01	2.51498e-02	1.25400e-01
-1.44099e-03	-6.33432e-05	1.38732e-05	-3.72126e-06	-5.21379e-01	-2.08551e-01	3.95686e-01	2.42960e-02	1.25400e-01
-1.48877e-03	-6.54293e-05	1.43967e-05	-3.45980e-06	-5.20388e-01	-2.08155e-01	3.99522e-01	2.34557e-02	1.25400e-01
-1.53227e-03	-6.73281e-05	1.48768e-05	-3.20170e-06	-5.18881e-01	-2.07552e-01	4.03278e-01	2.26293e-02	1.25400e-01
-1.54155e-03	-6.77222e-05	1.50290e-05	-3.16293e-06	-5.17280e-01	-2.06912e-01	4.06954e-01	2.18169e-02	1.25400e-01
-1.53704e-03	-6.75077e-05	1.50582e-05	-3.78008e-06	-5.15967e-01	-2.06386e-01	4.10550e-01	2.10189e-02	1.25400e-01
-1.54363e-03	-6.77812e-05	1.51952e-05	-4.87480e-06	-5.14769e-01	-2.05907e-01	4.14064e-01	2.02355e-02	1.25400e-01
-1.55554e-03	-6.82893e-05	1.53785e-05	-5.82509e-06	-5.13533e-01	-2.05413e-01	4.17498e-01	1.94669e-02	1.25400e-01
-1.56683e-03	-6.87731e-05	1.55420e-05	-6.13263e-06	-5.12294e-01	-2.04917e-01	4.20851e-01	1.87134e-02	1.25400e-01
-1.58387e-03	-6.95103e-05	1.57575e-05	-5.70512e-06	-5.11054e-01	-2.04421e-01	4.24123e-01	1.79751e-02	1.25400e-01
-1.60933e-03	-7.06165e-05	1.60607e-05	-5.29244e-06	-5.09847e-01	-2.03938e-01	4.27314e-01	1.72523e-02	1.25400e-01
-1.65305e-03	-7.25216e-05	1.65550e-05	-5.91023e-06	-5.08595e-01	-2.03437e-01	4.30425e-01	1.65451e-02	1.25400e-01
-1.72054e-03	-7.54658e-05	1.73051e-05	-7.44914e-06	-5.07097e-01	-2.02838e-01	4.33454e-01	1.58537e-02	1.25400e-01
-1.77140e-03	-7.76820e-05	1.78791e-05	-9.11302e-06	-5.05423e-01	-2.02169e-01	4.36403e-01	1.51783e-02	1.25400e-01
-1.76508e-03	-7.73942e-05	1.78617e-05	-1.06348e-05	-5.03958e-01	-2.01583e-01	4.39271e-01	1.45190e-02	1.25400e-01
-1.73483e-03	-7.60537e-05	1.76162e-05	-1.20111e-05	-5.02767e-01	-2.01106e-01	4.42059e-01	1.38760e-02	1.25400e-01
-1.73791e-03	-7.61701e-05	1.77277e-05	-1.31745e-05	-5.01448e-01	-2.00579e-01	4.44768e-01	1.32492e-02	1.25400e-01
-1.76889e-03	-7.75127e-05	1.81101e-05	-1.42925e-05	-4.99792e-01	-1.99916e-01	4.47397e-01	1.26389e-02	1.25400e-01
-1.78808e-03	-7.83427e-05	1.83535e-05	-1.55520e-05	-4.98015e-01	-1.99205e-01	4.49947e-01	1.20450e-02	1.25400e-01
-1.78413e-03	-7.81600e-05	1.83522e-05	-1.67232e-05	-4.96432e-01	-1.98572e-01	4.52418e-01	1.14677e-02	1.25400e-01
-1.77267e-03	-7.76458e-05	1.82876e-05	-1.73662e-05	-4.95064e-01	-1.98025e-01	4.54811e-01	1.09070e-02	1.25400e-01
-1.76077e-03	-7.71115e-05	1.82196e-05	-1.73930e-05	-4.93719e-01	-1.97487e-01	4.57126e-01	1.03629e-02	1.25400e-01
-1.74154e-03	-7.62580e-05	1.80677e-05	-1.71258e-05	-4.92395e-01	-1.96957e-01	4.59365e-01	9.83537e-03	1.25400e-01
-1.71732e-03	-7.51891e-05	1.78521e-05	-1.66497e-05	-4.91151e-01	-1.96460e-01	4.61527e-01	9.32444e-03	1.25400e-01
-1.69563e-03	-7.42326e-05	1.76558e-05	-1.56632e-05	-4.89931e-01	-1.95972e-01	4.63614e-01	8.83007e-03	1.25400e-01
-1.66622e-03	-7.29329e-05	1.74011e-05	-1.40883e-05	-4.88778e-01	-1.95510e-01	4.65626e-01	8.35219e-03	1.25400e-01
-1.62468e-03	-7.10959e-05	1.70446e-05	-1.24543e-05	-4.87868e-01	-1.95146e-01	4.67564e-01	7.89073e-03	1.25400e-01
-1.59362e-03	-6.97237e-05	1.67741e-05	-1.14263e-05	-4.87126e-01	-1.94850e-01	4.69429e-01	7.44561e-03	1.25400e-01
-1.58544e-03	-6.93641e-05	1.66946e-05	-1.11935e-05	-4.86222e-01	-1.94488e-01	4.71223e-01	7.01670e-03	1.25400e-01
-1.57284e-03	-6.88127e-05	1.65618e-05	-1.16863e-05	-4.85177e-01	-1.94070e-01	4.72945e-01	6.60388e-03	1.25400e-01
-1.53064e-03	-6.69591e-05	1.61477e-05	-1.29743e-05	-4.84278e-01	-1.93711e-01	4.74597e-01	6.20698e-03	1.25400e-01
-1.46886e-03	-6.42448e-05	1.55443e-05	-1.47951e-05	-4.83630e-01	-1.93452e-01	4.76180e-01	5.82584e-03	1.25400e-01
-1.41812e-03	-6.20140e-05	1.50559e-05	-1.64554e-05	-4.83107e-01	-1.93242e-01	4.77696e-01	5.46027e-03	1.25400e-01
-1.39893e-03	-6.11687e-05	1.48779e-05	-1.74548e-05	-4.82495e-01	-1.92997e-01	4.79146e-01	5.11004e-03	1.25400e-01
-1.41086e-03	-6.16876e-05	1.50158e-05	-1.78007e-05	-4.81708e-01	-1.92683e-01	4.80530e-01	4.77492e-03	1.25400e-01
-1.43504e-03	-6.27391e-05	1.52957e-05	-1.78188e-05	-4.80808e-01	-1.92322e-01	4.81851e-01	4.45465e-03	1.25400e-01
-1.44586e-03	-6.32050e-05	1.54415e-05	-1.76901e-05	-4.79874e-01	-1.91949e-01	4.83110e-01	4.14896e-03	1.25400e-01
-1.43080e-03	-6.25388e-05	1.53126e-05	-1.72290e-05	-4.78996e-01	-1.91598e-01	4.84308e-01	3.85755e-03	1.25400e-01
-1.39185e-03	-6.08266e-05	1.49355e-05	-1.62500e-05	-4.78245e-01	-1.91297e-01	4.85447e-01	3.58010e-03	1.25400e-01
-1.33894e-03	-5.85027e-05	1.44154e-05	-1.46929e-05	-4.77661e-01	-1.91064e-01	4.86529e-01	3.31627e-03	1.25400e-01
-1.29021e-03	-5.63665e-05	1.39197e-05	-1.25102e-05	-4.77165e-01	-1.90866e-01	4.87555e-01	3.06569e-03	1.25400e-01
-1.26027e-03	-5.50635e-05	1.35746e-05	-1.01297e-05	-4.76597e-01	-1.90638e-01	4.88527e-01	2.82798e-03	1.25400e-01
-1.24482e-03	-5.43966e-05	1.33752e-05	-8.39006e-06	-4.75990e-01	-1.90396e-01	4.89447e-01	2.60275e-03	1.25400e-01
-1.22919e-03	-5.37095e-05	1.32248e-05	-7.61245e-06	-4.75373e-01	-1.90149e-01	4.90317e-01	2.38955e-03	1.25400e-01
-1.20798e-03	-5.27773e-05	1.30177e-05	-7.45331e-06	-4.74794e-01	-1.89917e-01	4.91138e-01	2.18796e-03	1.25400e-01
-1.18390e-03	-5.17228e-05	1.27686e-05	-7.63737e-06	-4.74250e-01	-1.89699e-01	4.91914e-01	1.99749e-03	1.25400e-01
-1.15786e-03	-5.05838e-05	1.24929e-05	-8.20693e-06	-4.73670e-01	-1.89467e-01	4.92645e-01	1.81766e-03	1.25400e-01
-1.12844e-03	-4.93011e-05	1.21645e-05	-9.16799e-06	-4.73210e-01	-1.89284e-01	4.93335e-01	1.64796e-03	1.25400e-01
-1.08896e-03	-4.75541e-05	1.18295e-05	-1.03078e-05	-4.72690e-01	-1.89075e-01	4.93985e-01	1.48785e-03	1.25400e-01
-1.04008e-03	-4.54383e-05	1.12229e-05	-1.13698e-05	-4.72283e-01	-1.88913e-01	4.94597e-01	1.33680e-03	1.25400e-01
-9.82765e-04	-4.29081e-05	1.07105e-05	-1.22780e-05	-4.71935e-01	-1.88773e-01	4.95175e-01	1.19421e-03	1.25400e-01
-9.14873e-04	-3.99661e-05	9.88027e-06	-1.31355e-05	-4.71496e-01	-1.88598e-01	4.95721e-01	1.05951e-03	1.25400e-01
-8.43926e-04	-3.68497e-05	9.18310e-06	-1.40128e-05	-4.71425e-01	-1.88569e-01	4.96237e-01	9.32063e-04	1.25400e-01
-7.66536e-04	-3.34590e-05	8.38774e-06	-1.48603e-05	-4.70921e-01	-1.88368e-01	4.96726e-01	8.11247e-04	1.25400e-01
-6.84534e-04	-2.99157e-05	7.34456e-06	-1.56137e-05	-4.71039e-01	-1.88415e-01	4.97190e-01	6.96401e-04	1.25400e-01
-6.09800e-04	-2.65548e-05	6.92588e-06	-1.61821e-05	-4.70717e-01	-1.88287e-01	4.97633e-01	5.86847e-04	1.25400e-01
-5.12673e-04	-2.24563e-05	5.29366e-06	-1.66401e-05	-4.70566e-01	-1.88226e-01	4.98057e-01	4.81885e-04	1.25400e-01
-4.66993e-04	-2.01952e-05	5.87190e-06	-1.69146e-05	-4.71162e-01	-1.88465e-01	4.98465e-01	3.80796e-04	1.25400e-01
-3.75240e-04	-1.64134e-05	3.96718e-06	-1.68457e-05	-4.69997e-01	-1.87998e-01	4.98860e-01	2.82838e-04	1.25400e-01
-4.34477e-04	-1.87905e-05	5.45631e-06	-1.71401e-05	-4.73777e-01	-1.89510e-01	4.99246e-01	1.87250e-04	1.25400e-01
-6.59785e-04	-2.72230e-05	1.35704e-05	-1.61086e-05	-4.73336e-01	-1.89334e-01	4.99624e-01	9.32461e-05	1.25400e-01
-5.20214e-04	-3.16783e-05	-3.04314e-05	-1.05684e-05	-4.77657e-01	-1.91062e-01	5.00000e-01	0.00000e+00	1.25400e-01
