"Density"	"Momentum:0"	"Momentum:1"	"Momentum:2"	"StagnationEnergy"	"Pressure"	"Points:0"	"Points:1"	"Points:2"
2.67244e-02	-1.13584e-03	1.21623e-03	-2.08181e-04	-8.62975e-01	-3.45211e-01	-4.85266e-01	0.00000e+00	3.08000e-02
4.43595e-04	5.12596e-05	1.77698e-05	-8.65249e-05	-1.36457e+00	-5.45833e-01	-4.85212e-01	2.24936e-03	3.08000e-02
5.31118e-03	5.93965e-05	2.37435e-04	-1.28407e-04	-1.21774e+00	-4.87099e-01	-4.85050e-01	4.49354e-03	3.08000e-02
1.32446e-02	8.40670e-05	5.97612e-04	-1.33762e-04	-1.31503e+00	-5.26017e-01	-4.84780e-01	6.72721e-03	3.08000e-02
1.44517e-02	1.63287e-04	6.38894e-04	-1.18402e-04	-1.32791e+00	-5.31169e-01	-4.84401e-01	8.94509e-03	3.08000e-02
1.55346e-02	1.69208e-04	6.86993e-04	-1.07891e-04	-1.37400e+00	-5.49608e-01	-4.83915e-01	1.11420e-02	3.08000e-02
1.54207e-02	2.18665e-04	6.67497e-04	-8.46469e-05	-1.44539e+00	-5.78161e-01	-4.83325e-01	1.33133e-02	3.08000e-02
1.37798e-02	2.10738e-04	5.90768e-04	-6.39522e-05	-1.44734e+00	-5.78943e-01	-4.82634e-01	1.54544e-02	3.08000e-02
1.16372e-02	2.00984e-04	4.89898e-04	-3.72078e-05	-1.48165e+00	-5.92666e-01	-4.81845e-01	1.75616e-02	3.08000e-02
8.91044e-03	1.69635e-04	3.68096e-04	-1.24542e-05	-1.47066e+00	-5.88266e-01	-4.81008e-01	1.95313e-02	3.08000e-02
6.30550e-03	1.24715e-04	2.58170e-04	8.34867e-06	-1.45545e+00	-5.82181e-01	-4.80168e-01	2.13106e-02	3.08000e-02
4.03304e-03	8.63890e-05	1.61685e-04	2.59990e-05	-1.44246e+00	-5.76985e-01	-4.79322e-01	2.29507e-02	3.08000e-02
2.15286e-03	4.45166e-05	8.72581e-05	3.63719e-05	-1.41658e+00	-5.66633e-01	-4.78466e-01	2.44855e-02	3.08000e-02
9.01839e-04	1.77680e-05	3.71732e-05	4.09823e-05	-1.40309e+00	-5.61235e-01	-4.77598e-01	2.59388e-02	3.08000e-02
1.06096e-04	-2.14803e-06	7.16574e-06	3.73786e-05	-1.38577e+00	-5.54310e-01	-4.76715e-01	2.73282e-02	3.08000e-02
-3.10832e-04	-1.29235e-05	-8.21733e-06	2.70470e-05	-1.37476e+00	-5.49904e-01	-4.75813e-01	2.86671e-02	3.08000e-02
-6.12464e-04	-2.04852e-05	-1.94668e-05	1.52121e-05	-1.36742e+00	-5.46966e-01	-4.74891e-01	2.99658e-02	3.08000e-02
-1.01844e-03	-3.16121e-05	-3.39979e-05	8.09704e-06	-1.36033e+00	-5.44133e-01	-4.73945e-01	3.12326e-02	3.08000e-02
-1.42030e-03	-4.22703e-05	-4.86875e-05	7.08722e-06	-1.35619e+00	-5.42475e-01	-4.72972e-01	3.24742e-02	3.08000e-02
-1.61467e-03	-4.73055e-05	-5.58951e-05	7.56627e-06	-1.35168e+00	-5.40669e-01	-4.71971e-01	3.36959e-02	3.08000e-02
-1.51475e-03	-4.46449e-05	-5.21901e-05	6.16817e-06	-1.34865e+00	-5.39459e-01	-4.70939e-01	3.49022e-02	3.08000e-02
-1.26878e-03	-3.80372e-05	-4.31449e-05	3.32637e-06	-1.34750e+00	-5.38998e-01	-4.69873e-01	3.60967e-02	3.08000e-02
-1.01466e-03	-3.11265e-05	-3.38504e-05	3.26186e-07	-1.34646e+00	-5.38584e-01	-4.68771e-01	3.72824e-02	3.08000e-02
-7.79050e-04	-2.43933e-05	-2.55148e-05	-1.86258e-06	-1.34637e+00	-5.38549e-01	-4.67630e-01	3.84618e-02	3.08000e-02
-5.92530e-04	-1.89081e-05	-1.90517e-05	-2.49211e-06	-1.34609e+00	-5.38438e-01	-4.66450e-01	3.96369e-02	3.08000e-02
-4.31590e-04	-1.39036e-05	-1.37442e-05	-1.79617e-06	-1.34624e+00	-5.38496e-01	-4.65227e-01	4.08094e-02	3.08000e-02
-2.99988e-04	-9.81862e-06	-9.39081e-06	-1.25364e-06	-1.34670e+00	-5.38680e-01	-4.63959e-01	4.19805e-02	3.08000e-02
-2.16643e-04	-7.45828e-06	-6.36799e-06	-1.29861e-06	-1.34708e+00	-5.38831e-01	-4.62645e-01	4.31513e-02	3.08000e-02
-6.07913e-05	-2.15002e-06	-1.71803e-06	-9.45832e-07	-1.34786e+00	-5.39143e-01	-4.61282e-01	4.43227e-02	3.08000e-02
2.53370e-04	9.18910e-06	6.87127e-06	-2.19116e-07	-1.34897e+00	-5.39590e-01	-4.59870e-01	4.54952e-02	3.08000e-02
5.22891e-04	1.88408e-05	1.43073e-05	-6.81370e-07	-1.35066e+00	-5.40264e-01	-4.58405e-01	4.66693e-02	3.08000e-02
6.08109e-04	2.18571e-05	1.66942e-05	-2.57032e-06	-1.35276e+00	-5.41105e-01	-4.56887e-01	4.78451e-02	3.08000e-02
7.47424e-04	2.72281e-05	2.00225e-05	-3.49418e-06	-1.35499e+00	-5.41994e-01	-4.55313e-01	4.90229e-02	3.08000e-02
1.08050e-03	3.99617e-05	2.80963e-05	-2.14567e-06	-1.35768e+00	-5.43072e-01	-4.53683e-01	5.02026e-02	3.08000e-02
1.30768e-03	4.87641e-05	3.34068e-05	-8.79728e-07	-1.36095e+00	-5.44381e-01	-4.51994e-01	5.13841e-02	3.08000e-02
1.17963e-03	4.43612e-05	2.95680e-05	-1.79054e-06	-1.36420e+00	-5.45681e-01	-4.50245e-01	5.25672e-02	3.08000e-02
9.42103e-04	3.59547e-05	2.27935e-05	-3.33594e-06	-1.36685e+00	-5.46741e-01	-4.48436e-01	5.37517e-02	3.08000e-02
9.46821e-04	3.66366e-05	2.20888e-05	-3.15265e-06	-1.36905e+00	-5.47621e-01	-4.46563e-01	5.49371e-02	3.08000e-02
1.07598e-03	4.18404e-05	2.47347e-05	-2.14381e-06	-1.37128e+00	-5.48512e-01	-4.44627e-01	5.61230e-02	3.08000e-02
9.88747e-04	3.85948e-05	2.24628e-05	-2.62336e-06	-1.37363e+00	-5.49454e-01	-4.42626e-01	5.73090e-02	3.08000e-02
7.45816e-04	2.93459e-05	1.65252e-05	-3.72811e-06	-1.37595e+00	-5.50382e-01	-4.40559e-01	5.84946e-02	3.08000e-02
6.98213e-04	2.77236e-05	1.50072e-05	-3.21483e-06	-1.37822e+00	-5.51287e-01	-4.38425e-01	5.96791e-02	3.08000e-02
8.66799e-04	3.45339e-05	1.84021e-05	-2.04621e-06	-1.38080e+00	-5.52322e-01	-4.36223e-01	6.08619e-02	3.08000e-02
9.07792e-04	3.62661e-05	1.90787e-05	-1.32185e-06	-1.38379e+00	-5.53516e-01	-4.33952e-01	6.20424e-02	3.08000e-02
7.03493e-04	2.82394e-05	1.45199e-05	9.25754e-07	-1.38666e+00	-5.54666e-01	-4.31610e-01	6.32199e-02	3.08000e-02
5.22990e-04	2.12541e-05	1.02589e-05	5.36180e-06	-1.38935e+00	-5.55740e-01	-4.29198e-01	6.43937e-02	3.08000e-02
5.18857e-04	2.13996e-05	9.50101e-06	8.15612e-06	-1.39224e+00	-5.56895e-01	-4.26715e-01	6.55631e-02	3.08000e-02
5.55178e-04	2.30084e-05	9.90397e-06	7.47550e-06	-1.39584e+00	-5.58337e-01	-4.24159e-01	6.67274e-02	3.08000e-02
5.38685e-04	2.22455e-05	9.77958e-06	6.51704e-06	-1.40031e+00	-5.60123e-01	-4.21530e-01	6.78857e-02	3.08000e-02
5.15162e-04	2.11254e-05	9.70888e-06	7.20122e-06	-1.40565e+00	-5.62258e-01	-4.18827e-01	6.90374e-02	3.08000e-02
5.04550e-04	2.06001e-05	9.75350e-06	7.61772e-06	-1.41175e+00	-5.64699e-01	-4.16051e-01	7.01816e-02	3.08000e-02
4.97828e-04	2.04300e-05	9.39617e-06	6.84640e-06	-1.41826e+00	-5.67304e-01	-4.13199e-01	7.13175e-02	3.08000e-02
4.39130e-04	1.81018e-05	8.11020e-06	7.40219e-06	-1.42581e+00	-5.70324e-01	-4.10273e-01	7.24444e-02	3.08000e-02
1.81388e-04	7.31943e-06	3.79648e-06	1.02235e-05	-1.43442e+00	-5.73770e-01	-4.07271e-01	7.35614e-02	3.08000e-02
-2.91451e-04	-1.26294e-05	-3.69622e-06	1.15573e-05	-1.44381e+00	-5.77525e-01	-4.04193e-01	7.46678e-02	3.08000e-02
-9.20509e-04	-3.94343e-05	-1.29241e-05	8.63455e-06	-1.45433e+00	-5.81731e-01	-4.01039e-01	7.57628e-02	3.08000e-02
-1.70299e-03	-7.30198e-05	-2.36768e-05	3.58072e-06	-1.46383e+00	-5.85530e-01	-3.97809e-01	7.68456e-02	3.08000e-02
-2.47986e-03	-1.06560e-04	-3.37274e-05	-5.31627e-07	-1.47037e+00	-5.88146e-01	-3.94502e-01	7.79153e-02	3.08000e-02
-3.23848e-03	-1.39472e-04	-4.30030e-05	-3.85465e-06	-1.47638e+00	-5.90550e-01	-3.91119e-01	7.89712e-02	3.08000e-02
-4.38834e-03	-1.89556e-04	-5.63620e-05	-9.52439e-06	-1.48109e+00	-5.92436e-01	-3.87658e-01	8.00125e-02	3.08000e-02
-5.93283e-03	-2.57057e-04	-7.34352e-05	-1.79914e-05	-1.47778e+00	-5.91110e-01	-3.84121e-01	8.10384e-02	3.08000e-02
-7.28060e-03	-3.16307e-04	-8.69875e-05	-2.36836e-05	-1.46843e+00	-5.87369e-01	-3.80507e-01	8.20482e-02	3.08000e-02
-8.34017e-03	-3.63336e-04	-9.58546e-05	-2.25369e-05	-1.45838e+00	-5.83347e-01	-3.76816e-01	8.30411e-02	3.08000e-02
-9.53935e-03	-4.16651e-04	-1.05380e-04	-2.01902e-05	-1.43972e+00	-5.75885e-01	-3.73048e-01	8.40164e-02	3.08000e-02
-1.08882e-02	-4.76648e-04	-1.15794e-04	-2.18395e-05	-1.40611e+00	-5.62439e-01	-3.69203e-01	8.49733e-02	3.08000e-02
-1.20440e-02	-5.28420e-04	-1.23009e-04	-2.35921e-05	-1.35840e+00	-5.43355e-01	-3.65282e-01	8.59111e-02	3.08000e-02
-1.26740e-02	-5.57268e-04	-1.24008e-04	-2.55523e-05	-1.29654e+00	-5.18612e-01	-3.61285e-01	8.68290e-02	3.08000e-02
-1.27093e-02	-5.59772e-04	-1.19838e-04	-3.49356e-05	-1.22625e+00	-4.90496e-01	-3.57212e-01	8.77265e-02	3.08000e-02
-1.24100e-02	-5.47399e-04	-1.13030e-04	-4.90729e-05	-1.14993e+00	-4.59966e-01	-3.53063e-01	8.86029e-02	3.08000e-02
-1.17723e-02	-5.20035e-04	-1.03341e-04	-5.76973e-05	-1.06474e+00	-4.25891e-01	-3.48839e-01	8.94574e-02	3.08000e-02
-1.07073e-02	-4.73860e-04	-8.93791e-05	-4.93207e-05	-9.79577e-01	-3.91826e-01	-3.44540e-01	9.02894e-02	3.08000e-02
-9.33211e-03	-4.13803e-04	-7.34212e-05	-2.06831e-05	-9.00165e-01	-3.60062e-01	-3.40166e-01	9.10983e-02	3.08000e-02
-7.54323e-03	-3.35123e-04	-5.55514e-05	1.04794e-05	-8.25244e-01	-3.30095e-01	-3.35718e-01	9.18836e-02	3.08000e-02
-5.26387e-03	-2.34271e-04	-3.61662e-05	2.64723e-05	-7.63254e-01	-3.05300e-01	-3.31197e-01	9.26445e-02	3.08000e-02
-2.81703e-03	-1.25647e-04	-1.75361e-05	2.44320e-05	-7.16515e-01	-2.86605e-01	-3.26603e-01	9.33807e-02	3.08000e-02
-4.56617e-04	-2.05780e-05	-1.39735e-06	1.27489e-05	-6.78486e-01	-2.71394e-01	-3.21936e-01	9.40914e-02	3.08000e-02
1.76412e-03	7.84668e-05	1.24126e-05	7.08134e-06	-6.52011e-01	-2.60805e-01	-3.17197e-01	9.47763e-02	3.08000e-02
3.59199e-03	1.60070e-04	2.31642e-05	8.22353e-06	-6.42187e-01	-2.56876e-01	-3.12388e-01	9.54348e-02	3.08000e-02
4.85614e-03	2.16763e-04	2.86007e-05	5.52696e-07	-6.42554e-01	-2.57023e-01	-3.07508e-01	9.60664e-02	3.08000e-02
5.92768e-03	2.64928e-04	3.21808e-05	-4.69429e-06	-6.48723e-01	-2.59492e-01	-3.02558e-01	9.66707e-02	3.08000e-02
7.01115e-03	3.13510e-04	3.66932e-05	1.38976e-05	-6.63813e-01	-2.65528e-01	-2.97539e-01	9.72473e-02	3.08000e-02
7.56837e-03	3.38572e-04	3.83301e-05	3.68650e-05	-6.85926e-01	-2.74373e-01	-2.92452e-01	9.77958e-02	3.08000e-02
7.59135e-03	3.39882e-04	3.57614e-05	3.16651e-05	-7.03426e-01	-2.81373e-01	-2.87298e-01	9.83158e-02	3.08000e-02
7.89393e-03	3.53752e-04	3.38272e-05	1.44895e-05	-7.11504e-01	-2.84605e-01	-2.82077e-01	9.88069e-02	3.08000e-02
8.49936e-03	3.81103e-04	3.39540e-05	1.44580e-05	-7.20004e-01	-2.88005e-01	-2.76790e-01	9.92689e-02	3.08000e-02
8.54089e-03	3.83176e-04	3.15593e-05	1.57909e-05	-7.31506e-01	-2.92606e-01	-2.71439e-01	9.97014e-02	3.08000e-02
7.90698e-03	3.54935e-04	2.65851e-05	5.62101e-06	-7.39280e-01	-2.95715e-01	-2.66024e-01	1.00104e-01	3.08000e-02
7.37202e-03	3.31068e-04	2.26458e-05	5.50751e-06	-7.42379e-01	-2.96955e-01	-2.60547e-01	1.00477e-01	3.08000e-02
7.24758e-03	3.25602e-04	2.02939e-05	1.64823e-05	-7.45285e-01	-2.98117e-01	-2.55008e-01	1.00820e-01	3.08000e-02
7.10571e-03	3.19328e-04	1.81460e-05	1.95183e-05	-7.50985e-01	-3.00397e-01	-2.49408e-01	1.01132e-01	3.08000e-02
6.78316e-03	3.04928e-04	1.54620e-05	1.75433e-05	-7.56475e-01	-3.02593e-01	-2.43748e-01	1.01414e-01	3.08000e-02
6.53457e-03	2.93839e-04	1.29760e-05	1.69774e-05	-7.57172e-01	-3.02871e-01	-2.38030e-01	1.01665e-01	3.08000e-02
6.33218e-03	2.84808e-04	1.07575e-05	1.38591e-05	-7.56274e-01	-3.02512e-01	-2.32255e-01	1.01886e-01	3.08000e-02
5.96891e-03	2.68517e-04	8.64181e-06	9.41156e-06	-7.57859e-01	-3.03146e-01	-2.26423e-01	1.02075e-01	3.08000e-02
5.53409e-03	2.48993e-04	6.65332e-06	7.66043e-06	-7.59881e-01	-3.03955e-01	-2.20536e-01	1.02234e-01	3.08000e-02
5.19418e-03	2.33727e-04	4.98528e-06	1.00723e-05	-7.59752e-01	-3.03903e-01	-2.14595e-01	1.02362e-01	3.08000e-02
4.87842e-03	2.19537e-04	3.61343e-06	1.64163e-05	-7.58648e-01	-3.03461e-01	-2.08602e-01	1.02459e-01	3.08000e-02
4.54439e-03	2.04517e-04	2.38169e-06	2.11596e-05	-7.56952e-01	-3.02783e-01	-2.02558e-01	1.02525e-01	3.08000e-02
4.37744e-03	1.97011e-04	1.32226e-06	1.86982e-05	-7.51700e-01	-3.00682e-01	-1.96463e-01	1.02560e-01	3.08000e-02
4.39015e-03	1.97584e-04	1.52642e-07	1.18053e-05	-7.45862e-01	-2.98346e-01	-1.90319e-01	1.02565e-01	3.08000e-02
4.27000e-03	1.92173e-04	-8.51061e-07	1.03434e-05	-7.46043e-01	-2.98419e-01	-1.84128e-01	1.02539e-01	3.08000e-02
4.01300e-03	1.80601e-04	-1.51572e-06	1.81689e-05	-7.47452e-01	-2.98983e-01	-1.77891e-01	1.02482e-01	3.08000e-02
3.93637e-03	1.77146e-04	-2.07188e-06	2.41698e-05	-7.43816e-01	-2.97528e-01	-1.71609e-01	1.02396e-01	3.08000e-02
3.92915e-03	1.76806e-04	-2.97107e-06	2.03571e-05	-7.38857e-01	-2.95545e-01	-1.65283e-01	1.02279e-01	3.08000e-02
3.64594e-03	1.64043e-04	-3.67694e-06	1.32536e-05	-7.34169e-01	-2.93669e-01	-1.58915e-01	1.02132e-01	3.08000e-02
3.16821e-03	1.42530e-04	-3.88180e-06	8.20395e-06	-7.28277e-01	-2.91312e-01	-1.52507e-01	1.01955e-01	3.08000e-02
2.72911e-03	1.22759e-04	-3.87477e-06	4.35493e-06	-7.22946e-01	-2.89179e-01	-1.46060e-01	1.01750e-01	3.08000e-02
2.36506e-03	1.06370e-04	-3.75608e-06	-7.32740e-07	-7.16454e-01	-2.86583e-01	-1.39574e-01	1.01514e-01	3.08000e-02
2.08789e-03	9.38810e-05	-3.89509e-06	-8.45149e-06	-7.06810e-01	-2.82725e-01	-1.33053e-01	1.01250e-01	3.08000e-02
1.84487e-03	8.29371e-05	-3.81841e-06	-1.45700e-05	-6.97120e-01	-2.78849e-01	-1.26497e-01	1.00958e-01	3.08000e-02
1.53918e-03	6.91806e-05	-3.47052e-06	-1.41464e-05	-6.87705e-01	-2.75083e-01	-1.19907e-01	1.00637e-01	3.08000e-02
1.23816e-03	5.56406e-05	-2.98168e-06	-1.03689e-05	-6.77416e-01	-2.70967e-01	-1.13285e-01	1.00288e-01	3.08000e-02
1.08432e-03	4.87187e-05	-2.76411e-06	-6.45036e-06	-6.67462e-01	-2.66985e-01	-1.06633e-01	9.99121e-02	3.08000e-02
1.07398e-03	4.82471e-05	-2.86104e-06	-1.20651e-06	-6.58585e-01	-2.63434e-01	-9.99528e-02	9.95088e-02	3.08000e-02
1.03153e-03	4.63347e-05	-2.84091e-06	4.61449e-06	-6.51027e-01	-2.60411e-01	-9.32450e-02	9.90788e-02	3.08000e-02
8.34753e-04	3.74954e-05	-2.31352e-06	7.49659e-06	-6.43082e-01	-2.57233e-01	-8.65115e-02	9.86224e-02	3.08000e-02
6.56323e-04	2.94735e-05	-1.92926e-06	4.01098e-06	-6.33009e-01	-2.53204e-01	-7.97539e-02	9.81403e-02	3.08000e-02
7.32976e-04	3.29029e-05	-2.33597e-06	-4.76339e-06	-6.23260e-01	-2.49304e-01	-7.29737e-02	9.76327e-02	3.08000e-02
9.52315e-04	4.27197e-05	-3.41164e-06	-1.27262e-05	-6.16803e-01	-2.46722e-01	-6.61727e-02	9.71002e-02	3.08000e-02
1.03271e-03	4.63189e-05	-3.78994e-06	-1.48352e-05	-6.11992e-01	-2.44797e-01	-5.93522e-02	9.65432e-02	3.08000e-02
1.00918e-03	4.52519e-05	-3.83918e-06	-1.31608e-05	-6.05754e-01	-2.42302e-01	-5.25141e-02	9.59622e-02	3.08000e-02
1.03867e-03	4.65596e-05	-4.11891e-06	-1.35323e-05	-6.01089e-01	-2.40436e-01	-4.56599e-02	9.53578e-02	3.08000e-02
9.83753e-04	4.40843e-05	-4.05143e-06	-1.56858e-05	-5.99704e-01	-2.39882e-01	-3.87911e-02	9.47304e-02	3.08000e-02
6.55311e-04	2.93542e-05	-2.82438e-06	-1.30170e-05	-5.96385e-01	-2.38554e-01	-3.19095e-02	9.40805e-02	3.08000e-02
2.03299e-04	9.11426e-06	-7.99374e-07	-6.21356e-06	-5.89120e-01	-2.35648e-01	-2.50167e-02	9.34088e-02	3.08000e-02
-4.68072e-05	-2.08380e-06	3.28548e-07	-2.32274e-06	-5.80863e-01	-2.32345e-01	-1.81143e-02	9.27157e-02	3.08000e-02
1.75338e-05	7.99720e-07	6.07711e-08	-5.14486e-07	-5.74221e-01	-2.29689e-01	-1.12039e-02	9.20017e-02	3.08000e-02
1.84165e-04	8.25246e-06	-7.70957e-07	4.26391e-06	-5.69888e-01	-2.27955e-01	-4.28726e-03	9.12675e-02	3.08000e-02
2.34445e-04	1.05054e-05	-9.86499e-07	8.06570e-06	-5.66042e-01	-2.26417e-01	2.63406e-03	9.05135e-02	3.08000e-02
1.69476e-04	7.59278e-06	-7.28162e-07	6.27373e-06	-5.60988e-01	-2.24395e-01	9.55837e-03	8.97405e-02	3.08000e-02
7.03781e-05	3.16402e-06	-2.08788e-07	3.62474e-06	-5.55621e-01	-2.22248e-01	1.64840e-02	8.89488e-02	3.08000e-02
7.03938e-05	3.16620e-06	-1.99753e-07	4.79551e-06	-5.49871e-01	-2.19948e-01	2.34094e-02	8.81391e-02	3.08000e-02
2.75136e-04	1.23064e-05	-1.36464e-06	9.74121e-06	-5.45291e-01	-2.18116e-01	3.03327e-02	8.73120e-02	3.08000e-02
5.21982e-04	2.33349e-05	-2.69625e-06	1.63738e-05	-5.44619e-01	-2.17848e-01	3.72525e-02	8.64681e-02	3.08000e-02
5.73281e-04	2.56198e-05	-3.03178e-06	2.11909e-05	-5.45362e-01	-2.18145e-01	4.41669e-02	8.56079e-02	3.08000e-02
4.44835e-04	1.98743e-05	-2.39655e-06	2.25561e-05	-5.45050e-01	-2.18020e-01	5.10745e-02	8.47320e-02	3.08000e-02
2.59557e-04	1.16054e-05	-1.33177e-06	2.41347e-05	-5.44724e-01	-2.17890e-01	5.79734e-02	8.38410e-02	3.08000e-02
8.05745e-05	3.61856e-06	-2.94555e-07	2.87732e-05	-5.43648e-01	-2.17461e-01	6.48621e-02	8.29355e-02	3.08000e-02
9.26242e-07	6.84040e-08	1.95427e-07	3.34161e-05	-5.40868e-01	-2.16588e-01	7.17389e-02	8.20160e-02	3.08000e-02
7.90855e-05	3.55408e-06	-2.77625e-07	3.53556e-05	-5.37810e-01	-2.15127e-01	7.86021e-02	8.10833e-02	3.08000e-02
2.15644e-04	9.63739e-06	-1.15084e-06	3.62556e-05	-5.36561e-01	-2.14626e-01	8.54502e-02	8.01377e-02	3.08000e-02
2.71274e-04	1.21140e-05	-1.51926e-06	3.65227e-05	-5.37039e-01	-2.14817e-01	9.22815e-02	7.91800e-02	3.08000e-02
2.34027e-04	1.04496e-05	-1.32094e-06	3.37674e-05	-5.37061e-01	-2.14826e-01	9.90944e-02	7.82107e-02	3.08000e-02
1.59998e-04	7.14520e-06	-8.97112e-07	2.89520e-05	-5.36390e-01	-2.14557e-01	1.05887e-01	7.72304e-02	3.08000e-02
4.73123e-05	2.12222e-06	-2.02442e-07	2.59368e-05	-5.36074e-01	-2.14433e-01	1.12658e-01	7.62397e-02	3.08000e-02
-1.12450e-04	-4.98767e-06	8.61920e-07	2.52141e-05	-5.35417e-01	-2.14166e-01	1.19406e-01	7.52391e-02	3.08000e-02
-2.56578e-04	-1.13999e-05	1.83466e-06	2.53145e-05	-5.33690e-01	-2.13476e-01	1.26129e-01	7.42293e-02	3.08000e-02
-3.39740e-04	-1.50948e-05	2.42767e-06	2.58352e-05	-5.31645e-01	-2.12658e-01	1.32826e-01	7.32107e-02	3.08000e-02
-3.75929e-04	-1.66997e-05	2.70459e-06	2.58391e-05	-5.29656e-01	-2.11862e-01	1.39494e-01	7.21840e-02	3.08000e-02
-3.55273e-04	-1.57807e-05	2.56400e-06	2.45599e-05	-5.27593e-01	-2.11037e-01	1.46133e-01	7.11497e-02	3.08000e-02
-2.89249e-04	-1.28431e-05	2.11787e-06	2.25397e-05	-5.26237e-01	-2.10494e-01	1.52741e-01	7.01084e-02	3.08000e-02
-2.55275e-04	-1.13305e-05	1.89374e-06	1.95496e-05	-5.25826e-01	-2.10330e-01	1.59316e-01	6.90606e-02	3.08000e-02
-2.70963e-04	-1.20263e-05	2.01236e-06	1.58228e-05	-5.25168e-01	-2.10067e-01	1.65857e-01	6.80070e-02	3.08000e-02
-2.75355e-04	-1.22197e-05	2.05419e-06	1.36317e-05	-5.24277e-01	-2.09710e-01	1.72362e-01	6.69479e-02	3.08000e-02
-2.60916e-04	-1.15736e-05	1.97815e-06	1.38599e-05	-5.23837e-01	-2.09535e-01	1.78830e-01	6.58841e-02	3.08000e-02
-2.68467e-04	-1.19079e-05	2.03834e-06	1.38900e-05	-5.23661e-01	-2.09464e-01	1.85259e-01	6.48160e-02	3.08000e-02
-3.06970e-04	-1.36163e-05	2.32703e-06	1.09372e-05	-5.24030e-01	-2.09612e-01	1.91648e-01	6.37441e-02	3.08000e-02
-3.37369e-04	-1.49570e-05	2.60267e-06	5.51126e-06	-5.24511e-01	-2.09804e-01	1.97995e-01	6.26691e-02	3.08000e-02
-3.16767e-04	-1.40439e-05	2.44187e-06	4.80684e-07	-5.24675e-01	-2.09870e-01	2.04299e-01	6.15913e-02	3.08000e-02
-2.92311e-04	-1.29542e-05	2.28455e-06	-2.04002e-06	-5.25793e-01	-2.10317e-01	2.10558e-01	6.05115e-02	3.08000e-02
-3.44296e-04	-1.52565e-05	2.69908e-06	-1.87857e-06	-5.27454e-01	-2.10982e-01	2.16772e-01	5.94299e-02	3.08000e-02
-4.44880e-04	-1.97106e-05	3.50410e-06	-2.74991e-07	-5.28098e-01	-2.11239e-01	2.22938e-01	5.83473e-02	3.08000e-02
-5.29544e-04	-2.34567e-05	4.19869e-06	5.25921e-07	-5.28270e-01	-2.11308e-01	2.29055e-01	5.72640e-02	3.08000e-02
-5.95947e-04	-2.63941e-05	4.74736e-06	-1.29293e-06	-5.28567e-01	-2.11427e-01	2.35123e-01	5.61807e-02	3.08000e-02
-6.21107e-04	-2.74981e-05	5.00472e-06	-4.27987e-06	-5.28460e-01	-2.11384e-01	2.41139e-01	5.50977e-02	3.08000e-02
-5.66992e-04	-2.50953e-05	4.60710e-06	-5.50833e-06	-5.28262e-01	-2.11305e-01	2.47102e-01	5.40156e-02	3.08000e-02
-4.83093e-04	-2.13757e-05	3.95901e-06	-5.32411e-06	-5.28776e-01	-2.11510e-01	2.53011e-01	5.29349e-02	3.08000e-02
-4.51106e-04	-1.99593e-05	3.70213e-06	-5.75873e-06	-5.29756e-01	-2.11902e-01	2.58865e-01	5.18561e-02	3.08000e-02
-4.91424e-04	-2.17366e-05	4.06834e-06	-6.13992e-06	-5.30641e-01	-2.12256e-01	2.64662e-01	5.07796e-02	3.08000e-02
-5.80484e-04	-2.56691e-05	4.84223e-06	-4.75511e-06	-5.31163e-01	-2.12465e-01	2.70402e-01	4.97060e-02	3.08000e-02
-6.84139e-04	-3.02469e-05	5.73743e-06	-2.22486e-06	-5.31257e-01	-2.12503e-01	2.76083e-01	4.86356e-02	3.08000e-02
-7.72397e-04	-3.41410e-05	6.51955e-06	-1.67418e-07	-5.31256e-01	-2.12502e-01	2.81703e-01	4.75690e-02	3.08000e-02
-8.45239e-04	-3.73507e-05	7.18664e-06	8.72406e-07	-5.31337e-01	-2.12534e-01	2.87263e-01	4.65067e-02	3.08000e-02
-9.12568e-04	-4.03163e-05	7.80887e-06	1.37920e-06	-5.31233e-01	-2.12493e-01	2.92760e-01	4.54490e-02	3.08000e-02
-9.56958e-04	-4.22676e-05	8.23919e-06	2.26236e-06	-5.30918e-01	-2.12367e-01	2.98193e-01	4.43964e-02	3.08000e-02
-9.66291e-04	-4.26704e-05	8.36761e-06	3.45704e-06	-5.30892e-01	-2.12356e-01	3.03562e-01	4.33495e-02	3.08000e-02
-9.75572e-04	-4.30689e-05	8.50547e-06	3.57575e-06	-5.31333e-01	-2.12533e-01	3.08865e-01	4.23085e-02	3.08000e-02
-1.01225e-03	-4.46801e-05	8.86549e-06	2.06474e-06	-5.31616e-01	-2.12646e-01	3.14102e-01	4.12740e-02	3.08000e-02
-1.05738e-03	-4.66623e-05	9.31038e-06	-8.90549e-08	-5.31464e-01	-2.12585e-01	3.19271e-01	4.02465e-02	3.08000e-02
-1.08484e-03	-4.78585e-05	9.62969e-06	-1.98537e-06	-5.31107e-01	-2.12443e-01	3.24372e-01	3.92262e-02	3.08000e-02
-1.09798e-03	-4.84236e-05	9.81978e-06	-3.09031e-06	-5.30662e-01	-2.12264e-01	3.29403e-01	3.82137e-02	3.08000e-02
-1.13695e-03	-5.01318e-05	1.02196e-05	-2.93894e-06	-5.30323e-01	-2.12129e-01	3.34364e-01	3.72093e-02	3.08000e-02
-1.21730e-03	-5.36669e-05	1.09801e-05	-1.89552e-06	-5.29987e-01	-2.11994e-01	3.39253e-01	3.62135e-02	3.08000e-02
-1.28237e-03	-5.65217e-05	1.16347e-05	-1.04805e-06	-5.29281e-01	-2.11712e-01	3.44071e-01	3.52266e-02	3.08000e-02
-1.28933e-03	-5.68136e-05	1.17704e-05	-9.23196e-07	-5.28391e-01	-2.11356e-01	3.48816e-01	3.42491e-02	3.08000e-02
-1.27863e-03	-5.63307e-05	1.17277e-05	-1.44728e-06	-5.27640e-01	-2.11055e-01	3.53487e-01	3.32814e-02	3.08000e-02
-1.29138e-03	-5.68790e-05	1.19072e-05	-2.67949e-06	-5.26825e-01	-2.10730e-01	3.58084e-01	3.23238e-02	3.08000e-02
-1.30708e-03	-5.75579e-05	1.21126e-05	-4.50980e-06	-5.25805e-01	-2.10322e-01	3.62606e-01	3.13766e-02	3.08000e-02
-1.30602e-03	-5.75001e-05	1.21560e-05	-6.26271e-06	-5.24897e-01	-2.09958e-01	3.67053e-01	3.04403e-02	3.08000e-02
-1.31688e-03	-5.79656e-05	1.23160e-05	-7.29435e-06	-5.24136e-01	-2.09654e-01	3.71423e-01	2.95153e-02	3.08000e-02
-1.35982e-03	-5.98408e-05	1.27886e-05	-7.52797e-06	-5.23181e-01	-2.09272e-01	3.75716e-01	2.86018e-02	3.08000e-02
-1.41381e-03	-6.22001e-05	1.33737e-05	-7.20231e-06	-5.22021e-01	-2.08808e-01	3.79932e-01	2.77002e-02	3.08000e-02
-1.45273e-03	-6.38998e-05	1.38001e-05	-6.68936e-06	-5.20849e-01	-2.08339e-01	3.84070e-01	2.68109e-02	3.08000e-02
-1.46952e-03	-6.46253e-05	1.40181e-05	-6.50145e-06	-5.19809e-01	-2.07923e-01	3.88130e-01	2.59342e-02	3.08000e-02
-1.46941e-03	-6.46042e-05	1.40931e-05	-6.80323e-06	-5.18972e-01	-2.07588e-01	3.92111e-01	2.50703e-02	3.08000e-02
-1.45994e-03	-6.41733e-05	1.40676e-05	-7.12036e-06	-5.18107e-01	-2.07242e-01	3.96013e-01	2.42196e-02	3.08000e-02
-1.44622e-03	-6.35595e-05	1.39861e-05	-6.85578e-06	-5.17071e-01	-2.06828e-01	3.99836e-01	2.33824e-02	3.08000e-02
-1.44293e-03	-6.34025e-05	1.40090e-05	-5.66923e-06	-5.16144e-01	-2.06457e-01	4.03579e-01	2.25589e-02	3.08000e-02
-1.46486e-03	-6.43517e-05	1.42865e-05	-3.59399e-06	-5.15295e-01	-2.06117e-01	4.07241e-01	2.17495e-02	3.08000e-02
-1.49818e-03	-6.58022e-05	1.46730e-05	-1.47506e-06	-5.14200e-01	-2.05679e-01	4.10824e-01	2.09543e-02	3.08000e-02
-1.50371e-03	-6.60296e-05	1.47956e-05	-7.58233e-07	-5.12953e-01	-2.05181e-01	4.14326e-01	2.01737e-02	3.08000e-02
-1.45800e-03	-6.40098e-05	1.44019e-05	-1.81357e-06	-5.11911e-01	-2.04764e-01	4.17748e-01	1.94079e-02	3.08000e-02
-1.40409e-03	-6.16313e-05	1.39219e-05	-3.14859e-06	-5.11290e-01	-2.04515e-01	4.21089e-01	1.86570e-02	3.08000e-02
-1.41661e-03	-6.21729e-05	1.40802e-05	-3.40368e-06	-5.10684e-01	-2.04273e-01	4.24349e-01	1.79214e-02	3.08000e-02
-1.48447e-03	-6.51409e-05	1.47996e-05	-2.93427e-06	-5.09497e-01	-2.03798e-01	4.27529e-01	1.72011e-02	3.08000e-02
-1.52492e-03	-6.68978e-05	1.52837e-05	-2.73932e-06	-5.08064e-01	-2.03225e-01	4.30628e-01	1.64964e-02	3.08000e-02
-1.52011e-03	-6.66734e-05	1.52945e-05	-3.32161e-06	-5.06876e-01	-2.02750e-01	4.33647e-01	1.58075e-02	3.08000e-02
-1.52015e-03	-6.66674e-05	1.53277e-05	-4.57826e-06	-5.05638e-01	-2.02254e-01	4.36586e-01	1.51345e-02	3.08000e-02
-1.54314e-03	-6.76635e-05	1.56115e-05	-5.91621e-06	-5.04146e-01	-2.01658e-01	4.39444e-01	1.44775e-02	3.08000e-02
-1.56378e-03	-6.85524e-05	1.58917e-05	-6.64998e-06	-5.02634e-01	-2.01053e-01	4.42223e-01	1.38367e-02	3.08000e-02
-1.57105e-03	-6.88527e-05	1.60441e-05	-6.62945e-06	-5.01235e-01	-2.00493e-01	4.44922e-01	1.32121e-02	3.08000e-02
-1.57301e-03	-6.89253e-05	1.61207e-05	-6.47305e-06	-4.99988e-01	-1.99995e-01	4.47542e-01	1.26039e-02	3.08000e-02
-1.57929e-03	-6.91965e-05	1.62031e-05	-6.74333e-06	-4.98844e-01	-1.99537e-01	4.50083e-01	1.20121e-02	3.08000e-02
-1.59755e-03	-6.99923e-05	1.64086e-05	-7.31403e-06	-4.97637e-01	-1.99054e-01	4.52546e-01	1.14367e-02	3.08000e-02
-1.63153e-03	-7.14677e-05	1.68143e-05	-8.14751e-06	-4.96282e-01	-1.98512e-01	4.54931e-01	1.08779e-02	3.08000e-02
-1.66334e-03	-7.28451e-05	1.72086e-05	-9.26895e-06	-4.94824e-01	-1.97929e-01	4.57238e-01	1.03356e-02	3.08000e-02
-1.67073e-03	-7.31614e-05	1.73162e-05	-1.01790e-05	-4.93402e-01	-1.97360e-01	4.59469e-01	9.80991e-03	3.08000e-02
-1.67595e-03	-7.33827e-05	1.74019e-05	-1.06061e-05	-4.92110e-01	-1.96843e-01	4.61625e-01	9.30069e-03	3.08000e-02
-1.70552e-03	-7.46611e-05	1.77773e-05	-1.04801e-05	-4.90778e-01	-1.96310e-01	4.63704e-01	8.80796e-03	3.08000e-02
-1.72478e-03	-7.54875e-05	1.80481e-05	-9.39261e-06	-4.89253e-01	-1.95701e-01	4.65710e-01	8.33166e-03	3.08000e-02
-1.69363e-03	-7.41157e-05	1.77573e-05	-7.69196e-06	-4.87669e-01	-1.95067e-01	4.67642e-01	7.87171e-03	3.08000e-02
-1.62373e-03	-7.10504e-05	1.70514e-05	-6.65910e-06	-4.86183e-01	-1.94472e-01	4.69501e-01	7.42803e-03	3.08000e-02
-1.53687e-03	-6.72393e-05	1.61818e-05	-6.89088e-06	-4.84934e-01	-1.93973e-01	4.71289e-01	7.00050e-03	3.08000e-02
-1.45128e-03	-6.34845e-05	1.53228e-05	-8.05762e-06	-4.84007e-01	-1.93602e-01	4.73005e-01	6.58898e-03	3.08000e-02
-1.39168e-03	-6.08687e-05	1.47301e-05	-9.81299e-06	-4.83180e-01	-1.93271e-01	4.74652e-01	6.19333e-03	3.08000e-02
-1.34880e-03	-5.89841e-05	1.43131e-05	-1.17693e-05	-4.82263e-01	-1.92905e-01	4.76231e-01	5.81338e-03	3.08000e-02
-1.29538e-03	-5.66406e-05	1.37782e-05	-1.32878e-05	-4.81394e-01	-1.92557e-01	4.77742e-01	5.44892e-03	3.08000e-02
-1.24320e-03	-5.43574e-05	1.32291e-05	-1.38789e-05	-4.80671e-01	-1.92268e-01	4.79187e-01	5.09974e-03	3.08000e-02
-1.21959e-03	-5.33290e-05	1.29606e-05	-1.36600e-05	-4.79984e-01	-1.91993e-01	4.80568e-01	4.76561e-03	3.08000e-02
-1.21564e-03	-5.31578e-05	1.29137e-05	-1.32005e-05	-4.79279e-01	-1.91711e-01	4.81885e-01	4.44628e-03	3.08000e-02
-1.20835e-03	-5.28280e-05	1.28805e-05	-1.28813e-05	-4.78598e-01	-1.91439e-01	4.83140e-01	4.14146e-03	3.08000e-02
-1.20007e-03	-5.24552e-05	1.28368e-05	-1.26287e-05	-4.77916e-01	-1.91166e-01	4.84335e-01	3.85087e-03	3.08000e-02
-1.20708e-03	-5.27594e-05	1.29224e-05	-1.22406e-05	-4.77164e-01	-1.90865e-01	4.85471e-01	3.57417e-03	3.08000e-02
-1.22540e-03	-5.35561e-05	1.31338e-05	-1.16013e-05	-4.76331e-01	-1.90532e-01	4.86550e-01	3.31104e-03	3.08000e-02
-1.22531e-03	-5.35455e-05	1.31592e-05	-1.06820e-05	-4.75478e-01	-1.90191e-01	4.87573e-01	3.06111e-03	3.08000e-02
-1.19037e-03	-5.20156e-05	1.27971e-05	-9.61528e-06	-4.74740e-01	-1.89895e-01	4.88543e-01	2.82400e-03	3.08000e-02
-1.14374e-03	-4.99718e-05	1.23206e-05	-8.64643e-06	-4.74227e-01	-1.89690e-01	4.89461e-01	2.59931e-03	3.08000e-02
-1.10582e-03	-4.83043e-05	1.19559e-05	-7.84266e-06	-4.73762e-01	-1.89505e-01	4.90328e-01	2.38661e-03	3.08000e-02
-1.06868e-03	-4.66798e-05	1.15639e-05	-7.12441e-06	-4.73295e-01	-1.89318e-01	4.91148e-01	2.18546e-03	3.08000e-02
-1.02226e-03	-4.46515e-05	1.10634e-05	-6.48499e-06	-4.72878e-01	-1.89151e-01	4.91922e-01	1.99539e-03	3.08000e-02
-9.69263e-04	-4.23346e-05	1.04987e-05	-5.92054e-06	-4.72478e-01	-1.88991e-01	4.92652e-01	1.81591e-03	3.08000e-02
-9.14701e-04	-3.99564e-05	9.88757e-06	-5.35722e-06	-4.72233e-01	-1.88893e-01	4.93340e-01	1.64653e-03	3.08000e-02
-8.57622e-04	-3.74421e-05	9.35552e-06	-4.78457e-06	-4.71953e-01	-1.88781e-01	4.93989e-01	1.48670e-03	3.08000e-02
-8.01876e-04	-3.50202e-05	8.69908e-06	-4.24601e-06	-4.71789e-01	-1.88715e-01	4.94601e-01	1.33588e-03	3.08000e-02
-7.51115e-04	-3.27688e-05	8.28824e-06	-3.75675e-06	-4.71646e-01	-1.88658e-01	4.95178e-01	1.19350e-03	3.08000e-02
-7.02674e-04	-3.06728e-05	7.68362e-06	-3.30768e-06	-4.71349e-01	-1.88539e-01	4.95723e-01	1.05897e-03	3.08000e-02
-6.58182e-04	-2.87183e-05	7.24677e-06	-2.88028e-06	-4.71331e-01	-1.88532e-01	4.96239e-01	9.31669e-04	3.08000e-02
-6.05527e-04	-2.64206e-05	6.66821e-06	-2.44271e-06	-4.70843e-01	-1.88337e-01	4.96727e-01	8.10968e-04	3.08000e-02
-5.39770e-04	-2.35944e-05	5.77007e-06	-1.98446e-06	-4.70953e-01	-1.88381e-01	4.97191e-01	6.96213e-04	3.08000e-02
-4.69656e-04	-2.04430e-05	5.37053e-06	-1.52260e-06	-4.70638e-01	-1.88255e-01	4.97633e-01	5.86727e-04	3.08000e-02
-3.68139e-04	-1.61516e-05	3.69525e-06	-1.07893e-06	-4.70521e-01	-1.88208e-01	4.98057e-01	4.81815e-04	3.08000e-02
-3.10778e-04	-1.33842e-05	4.13140e-06	-6.80280e-07	-4.71140e-01	-1.88456e-01	4.98465e-01	3.80760e-04	3.08000e-02
-2.08008e-04	-9.11228e-06	2.14374e-06	-2.71949e-07	-4.70104e-01	-1.88042e-01	4.98860e-01	2.82823e-04	3.08000e-02
-2.64428e-04	-1.13591e-05	3.63146e-06	8.49903e-08	-4.73956e-01	-1.89582e-01	4.99246e-01	1.87245e-04	3.08000e-02
-5.09476e-04	-2.06922e-05	1.18041e-05	4.32259e-08	-4.73800e-01	-1.89520e-01	4.99624e-01	9.32454e-05	3.08000e-02
-4.24090e-04	-2.70722e-05	-2.98315e-05	-3.44080e-07	-4.78410e-01	-1.91363e-01	5.00000e-01	0.00000e+00	3.08000e-02
