"Density"	"Momentum:0"	"Momentum:1"	"Momentum:2"	"StagnationEnergy"	"Pressure"	"Points:0"	"Points:1"	"Points:2"
2.14527e-02	-6.99698e-04	1.20608e-03	-8.16948e-04	-6.11930e-01	-2.44796e-01	-4.92774e-01	0.00000e+00	1.56200e-01
3.40499e-03	2.68485e-04	1.78909e-04	-2.86752e-04	-9.47064e-01	-3.78837e-01	-4.92720e-01	2.24937e-03	1.56200e-01
8.97415e-03	3.37838e-04	4.74202e-04	-3.75799e-04	-8.48449e-01	-3.39390e-01	-4.92560e-01	4.49364e-03	1.56200e-01
1.57587e-02	3.88014e-04	8.36647e-04	-3.87833e-04	-9.50871e-01	-3.80361e-01	-4.92291e-01	6.72756e-03	1.56200e-01
1.73110e-02	4.61292e-04	8.96498e-04	-3.61574e-04	-9.86026e-01	-3.94424e-01	-4.91915e-01	8.94593e-03	1.56200e-01
1.93120e-02	4.91874e-04	9.87547e-04	-3.61143e-04	-1.06552e+00	-4.26223e-01	-4.91433e-01	1.11437e-02	1.56200e-01
2.05086e-02	5.54588e-04	1.02296e-03	-3.32328e-04	-1.16260e+00	-4.65053e-01	-4.90847e-01	1.33161e-02	1.56200e-01
2.07287e-02	5.79371e-04	1.01092e-03	-3.21026e-04	-1.21988e+00	-4.87967e-01	-4.90161e-01	1.54588e-02	1.56200e-01
2.06913e-02	6.07648e-04	9.81812e-04	-2.97880e-04	-1.30731e+00	-5.22939e-01	-4.89377e-01	1.75680e-02	1.56200e-01
2.00898e-02	6.19387e-04	9.25753e-04	-2.81844e-04	-1.35832e+00	-5.43342e-01	-4.88546e-01	1.95398e-02	1.56200e-01
1.93182e-02	6.18454e-04	8.66254e-04	-2.67972e-04	-1.40373e+00	-5.61503e-01	-4.87712e-01	2.13212e-02	1.56200e-01
1.84052e-02	6.13557e-04	8.00995e-04	-2.52434e-04	-1.44140e+00	-5.76572e-01	-4.86872e-01	2.29634e-02	1.56200e-01
1.73661e-02	5.97244e-04	7.35006e-04	-2.41950e-04	-1.46236e+00	-5.84956e-01	-4.86021e-01	2.45005e-02	1.56200e-01
1.63140e-02	5.79061e-04	6.70152e-04	-2.28363e-04	-1.48400e+00	-5.93609e-01	-4.85159e-01	2.59564e-02	1.56200e-01
1.51893e-02	5.53859e-04	6.05928e-04	-2.17219e-04	-1.49414e+00	-5.97666e-01	-4.84280e-01	2.73486e-02	1.56200e-01
1.40677e-02	5.25976e-04	5.44560e-04	-2.05015e-04	-1.50174e+00	-6.00703e-01	-4.83384e-01	2.86906e-02	1.56200e-01
1.29577e-02	4.95630e-04	4.86523e-04	-1.92667e-04	-1.50511e+00	-6.02051e-01	-4.82466e-01	2.99928e-02	1.56200e-01
1.18604e-02	4.62969e-04	4.31900e-04	-1.80461e-04	-1.50370e+00	-6.01488e-01	-4.81524e-01	3.12635e-02	1.56200e-01
1.08043e-02	4.29385e-04	3.81600e-04	-1.67296e-04	-1.50105e+00	-6.00427e-01	-4.80556e-01	3.25093e-02	1.56200e-01
9.79020e-03	3.95361e-04	3.35364e-04	-1.54058e-04	-1.49533e+00	-5.98139e-01	-4.79559e-01	3.37356e-02	1.56200e-01
8.83909e-03	3.61885e-04	2.93826e-04	-1.40717e-04	-1.48808e+00	-5.95239e-01	-4.78530e-01	3.49469e-02	1.56200e-01
7.96519e-03	3.30117e-04	2.56957e-04	-1.27908e-04	-1.48001e+00	-5.92009e-01	-4.77467e-01	3.61469e-02	1.56200e-01
7.16684e-03	3.00254e-04	2.24400e-04	-1.15898e-04	-1.47084e+00	-5.88342e-01	-4.76368e-01	3.73385e-02	1.56200e-01
6.47599e-03	2.73568e-04	1.97173e-04	-1.04297e-04	-1.46197e+00	-5.84794e-01	-4.75230e-01	3.85242e-02	1.56200e-01
5.91327e-03	2.51105e-04	1.75637e-04	-9.32361e-05	-1.45307e+00	-5.81233e-01	-4.74052e-01	3.97059e-02	1.56200e-01
5.51322e-03	2.34725e-04	1.60295e-04	-8.38303e-05	-1.44474e+00	-5.77901e-01	-4.72831e-01	4.08855e-02	1.56200e-01
5.26092e-03	2.24687e-04	1.49550e-04	-7.79980e-05	-1.43732e+00	-5.74930e-01	-4.71564e-01	4.20640e-02	1.56200e-01
5.09259e-03	2.19107e-04	1.40433e-04	-7.70477e-05	-1.43099e+00	-5.72398e-01	-4.70251e-01	4.32427e-02	1.56200e-01
4.91881e-03	2.14473e-04	1.29876e-04	-8.06466e-05	-1.42616e+00	-5.70465e-01	-4.68889e-01	4.44223e-02	1.56200e-01
4.68331e-03	2.08188e-04	1.16453e-04	-8.73576e-05	-1.42262e+00	-5.69052e-01	-4.67476e-01	4.56033e-02	1.56200e-01
4.38486e-03	1.99577e-04	1.00849e-04	-9.53469e-05	-1.42040e+00	-5.68165e-01	-4.66010e-01	4.67863e-02	1.56200e-01
4.07168e-03	1.90088e-04	8.51332e-05	-1.03170e-04	-1.41935e+00	-5.67741e-01	-4.64491e-01	4.79713e-02	1.56200e-01
3.81574e-03	1.82344e-04	7.17886e-05	-1.10193e-04	-1.41944e+00	-5.67777e-01	-4.62915e-01	4.91586e-02	1.56200e-01
3.67160e-03	1.78478e-04	6.24679e-05	-1.16306e-04	-1.42087e+00	-5.68349e-01	-4.61282e-01	5.03481e-02	1.56200e-01
3.65779e-03	1.79344e-04	5.75088e-05	-1.21541e-04	-1.42375e+00	-5.69503e-01	-4.59590e-01	5.15397e-02	1.56200e-01
3.76006e-03	1.84595e-04	5.61281e-05	-1.26298e-04	-1.42858e+00	-5.71433e-01	-4.57838e-01	5.27332e-02	1.56200e-01
3.94289e-03	1.93035e-04	5.69236e-05	-1.31141e-04	-1.43563e+00	-5.74256e-01	-4.56024e-01	5.39282e-02	1.56200e-01
4.15370e-03	2.02949e-04	5.77427e-05	-1.37826e-04	-1.44540e+00	-5.78164e-01	-4.54147e-01	5.51245e-02	1.56200e-01
4.29212e-03	2.10754e-04	5.50178e-05	-1.49574e-04	-1.45845e+00	-5.83382e-01	-4.52205e-01	5.63214e-02	1.56200e-01
4.25773e-03	2.12301e-04	4.61034e-05	-1.67345e-04	-1.47422e+00	-5.89692e-01	-4.50198e-01	5.75187e-02	1.56200e-01
3.99116e-03	2.04222e-04	3.10989e-05	-1.87444e-04	-1.49208e+00	-5.96836e-01	-4.48124e-01	5.87157e-02	1.56200e-01
3.43649e-03	1.83503e-04	1.00318e-05	-2.06387e-04	-1.51090e+00	-6.04366e-01	-4.45982e-01	5.99117e-02	1.56200e-01
2.54646e-03	1.47947e-04	-1.75123e-05	-2.24106e-04	-1.52834e+00	-6.11343e-01	-4.43771e-01	6.11063e-02	1.56200e-01
1.49804e-03	1.05234e-04	-4.75699e-05	-2.43130e-04	-1.54235e+00	-6.16951e-01	-4.41491e-01	6.22987e-02	1.56200e-01
5.94559e-04	7.04267e-05	-7.76972e-05	-2.77212e-04	-1.55368e+00	-6.21500e-01	-4.39140e-01	6.34882e-02	1.56200e-01
-3.81209e-04	3.80054e-05	-1.20839e-04	-3.54356e-04	-1.56680e+00	-6.26647e-01	-4.36717e-01	6.46741e-02	1.56200e-01
-1.85385e-03	-1.03310e-05	-1.86712e-04	-4.85083e-04	-1.57740e+00	-6.30931e-01	-4.34222e-01	6.58558e-02	1.56200e-01
-3.40030e-03	-6.20438e-05	-2.55189e-04	-6.31648e-04	-1.56549e+00	-6.26169e-01	-4.31654e-01	6.70323e-02	1.56200e-01
-4.64416e-03	-1.05493e-04	-3.08445e-04	-7.53929e-04	-1.52907e+00	-6.11600e-01	-4.29012e-01	6.82030e-02	1.56200e-01
-5.67390e-03	-1.45668e-04	-3.44714e-04	-8.40091e-04	-1.47861e+00	-5.91414e-01	-4.26296e-01	6.93670e-02	1.56200e-01
-5.64752e-03	-1.47252e-04	-3.44299e-04	-8.69027e-04	-1.40354e+00	-5.61382e-01	-4.23505e-01	7.05237e-02	1.56200e-01
-4.30969e-03	-9.79602e-05	-3.04627e-04	-8.32588e-04	-1.31966e+00	-5.27829e-01	-4.20639e-01	7.16721e-02	1.56200e-01
-2.92912e-03	-4.95506e-05	-2.56466e-04	-7.70879e-04	-1.25094e+00	-5.00329e-01	-4.17697e-01	7.28114e-02	1.56200e-01
-1.43411e-03	6.21800e-06	-2.11621e-04	-7.13155e-04	-1.18068e+00	-4.72196e-01	-4.14678e-01	7.39410e-02	1.56200e-01
8.60009e-04	9.90130e-05	-1.58514e-04	-6.60668e-04	-1.11635e+00	-4.46650e-01	-4.11583e-01	7.50599e-02	1.56200e-01
3.10845e-03	1.90754e-04	-1.08694e-04	-6.15993e-04	-1.07569e+00	-4.30303e-01	-4.08411e-01	7.61673e-02	1.56200e-01
4.55888e-03	2.48042e-04	-7.29685e-05	-5.60670e-04	-1.04957e+00	-4.19846e-01	-4.05162e-01	7.72624e-02	1.56200e-01
5.04307e-03	2.62508e-04	-5.04042e-05	-5.03510e-04	-1.03580e+00	-4.14333e-01	-4.01835e-01	7.83445e-02	1.56200e-01
4.98228e-03	2.54595e-04	-4.00302e-05	-4.56401e-04	-1.02383e+00	-4.09545e-01	-3.98431e-01	7.94127e-02	1.56200e-01
4.86132e-03	2.43947e-04	-2.91304e-05	-4.01227e-04	-1.01332e+00	-4.05337e-01	-3.94949e-01	8.04662e-02	1.56200e-01
4.66369e-03	2.29707e-04	-1.73467e-05	-3.41021e-04	-1.00579e+00	-4.02321e-01	-3.91389e-01	8.15043e-02	1.56200e-01
4.50584e-03	2.19536e-04	-1.19853e-05	-3.03592e-04	-9.88347e-01	-3.95345e-01	-3.87752e-01	8.25262e-02	1.56200e-01
4.35197e-03	2.11246e-04	-1.21431e-05	-2.94549e-04	-9.70386e-01	-3.88160e-01	-3.84037e-01	8.35310e-02	1.56200e-01
3.78793e-03	1.85015e-04	-1.81499e-05	-2.90907e-04	-9.58988e-01	-3.83601e-01	-3.80245e-01	8.45181e-02	1.56200e-01
3.20643e-03	1.57061e-04	-2.00294e-05	-2.65399e-04	-9.46393e-01	-3.78563e-01	-3.76375e-01	8.54867e-02	1.56200e-01
3.14710e-03	1.51292e-04	-1.04618e-05	-2.16093e-04	-9.36048e-01	-3.74424e-01	-3.72428e-01	8.64361e-02	1.56200e-01
3.25487e-03	1.53265e-04	7.19225e-07	-1.64750e-04	-9.31032e-01	-3.72416e-01	-3.68403e-01	8.73655e-02	1.56200e-01
3.09025e-03	1.43744e-04	6.82000e-06	-1.25036e-04	-9.27122e-01	-3.70851e-01	-3.64302e-01	8.82742e-02	1.56200e-01
2.57440e-03	1.19093e-04	7.40563e-06	-9.21938e-05	-9.24925e-01	-3.69972e-01	-3.60125e-01	8.91617e-02	1.56200e-01
1.78557e-03	8.23519e-05	5.47033e-06	-6.34177e-05	-9.20791e-01	-3.68317e-01	-3.55871e-01	9.00271e-02	1.56200e-01
1.21010e-03	5.56281e-05	4.06838e-06	-4.02809e-05	-9.05573e-01	-3.62230e-01	-3.51542e-01	9.08699e-02	1.56200e-01
1.22332e-03	5.56379e-05	6.82767e-06	-2.28947e-05	-8.87725e-01	-3.55090e-01	-3.47137e-01	9.16894e-02	1.56200e-01
1.52520e-03	6.89165e-05	1.05806e-05	-1.15792e-05	-8.76719e-01	-3.50688e-01	-3.42658e-01	9.24850e-02	1.56200e-01
1.64168e-03	7.40417e-05	1.17824e-05	-6.59526e-06	-8.70978e-01	-3.48392e-01	-3.38104e-01	9.32561e-02	1.56200e-01
1.38383e-03	6.24277e-05	9.50641e-06	-4.67345e-06	-8.70576e-01	-3.48231e-01	-3.33476e-01	9.40022e-02	1.56200e-01
8.26465e-04	3.73329e-05	5.15194e-06	-4.75476e-06	-8.72525e-01	-3.49011e-01	-3.28776e-01	9.47226e-02	1.56200e-01
3.87952e-04	1.75764e-05	1.95334e-06	-5.58306e-06	-8.72021e-01	-3.48808e-01	-3.24002e-01	9.54170e-02	1.56200e-01
2.43002e-04	1.10070e-05	1.16787e-06	-4.06753e-06	-8.70087e-01	-3.48035e-01	-3.19157e-01	9.60847e-02	1.56200e-01
1.34771e-04	6.06058e-06	9.54489e-07	-4.29322e-07	-8.67988e-01	-3.47195e-01	-3.14241e-01	9.67253e-02	1.56200e-01
1.09859e-05	4.24309e-07	6.60582e-07	2.06251e-06	-8.66138e-01	-3.46455e-01	-3.09254e-01	9.73384e-02	1.56200e-01
-1.08444e-05	-5.94087e-07	8.75190e-07	3.75006e-06	-8.66648e-01	-3.46659e-01	-3.04197e-01	9.79235e-02	1.56200e-01
-1.08818e-04	-5.05054e-06	7.66740e-07	6.13451e-06	-8.69301e-01	-3.47720e-01	-2.99072e-01	9.84802e-02	1.56200e-01
-4.81551e-04	-2.18744e-05	-9.36676e-07	7.21046e-06	-8.70780e-01	-3.48312e-01	-2.93878e-01	9.90081e-02	1.56200e-01
-8.72522e-04	-3.95145e-05	-2.63386e-06	5.62223e-06	-8.68154e-01	-3.47261e-01	-2.88617e-01	9.95069e-02	1.56200e-01
-9.38074e-04	-4.24426e-05	-2.99598e-06	2.36266e-06	-8.62937e-01	-3.45174e-01	-2.83290e-01	9.99763e-02	1.56200e-01
-8.07166e-04	-3.65018e-05	-2.55791e-06	-3.36819e-07	-8.59330e-01	-3.43732e-01	-2.77898e-01	1.00416e-01	1.56200e-01
-7.26174e-04	-3.28495e-05	-1.94418e-06	9.18805e-07	-8.56641e-01	-3.42656e-01	-2.72441e-01	1.00826e-01	1.56200e-01
-7.04107e-04	-3.18701e-05	-1.36734e-06	3.61163e-06	-8.54473e-01	-3.41789e-01	-2.66921e-01	1.01205e-01	1.56200e-01
-8.05792e-04	-3.64516e-05	-1.60657e-06	3.30331e-06	-8.54905e-01	-3.41962e-01	-2.61338e-01	1.01554e-01	1.56200e-01
-1.06367e-03	-4.81209e-05	-1.64872e-06	6.69511e-06	-8.53938e-01	-3.41575e-01	-2.55694e-01	1.01872e-01	1.56200e-01
-1.18545e-03	-5.36713e-05	-4.66242e-07	1.80656e-05	-8.49374e-01	-3.39749e-01	-2.49990e-01	1.02160e-01	1.56200e-01
-1.07905e-03	-4.88811e-05	8.52543e-07	2.58516e-05	-8.46623e-01	-3.38648e-01	-2.44227e-01	1.02416e-01	1.56200e-01
-9.88157e-04	-4.47348e-05	7.71214e-07	2.19404e-05	-8.45449e-01	-3.38179e-01	-2.38405e-01	1.02642e-01	1.56200e-01
-9.41184e-04	-4.25634e-05	6.72321e-08	1.26562e-05	-8.43136e-01	-3.37254e-01	-2.32527e-01	1.02836e-01	1.56200e-01
-8.54583e-04	-3.86201e-05	-3.41703e-07	4.97888e-06	-8.42625e-01	-3.37050e-01	-2.26593e-01	1.02999e-01	1.56200e-01
-8.49903e-04	-3.83909e-05	-5.94139e-07	1.21899e-07	-8.43705e-01	-3.37481e-01	-2.20605e-01	1.03131e-01	1.56200e-01
-9.64964e-04	-4.35795e-05	-5.11373e-07	-1.29568e-06	-8.42975e-01	-3.37190e-01	-2.14563e-01	1.03232e-01	1.56200e-01
-1.04406e-03	-4.71459e-05	6.30962e-08	3.02621e-06	-8.40702e-01	-3.36280e-01	-2.08470e-01	1.03301e-01	1.56200e-01
-1.01269e-03	-4.57216e-05	1.17179e-06	1.40061e-05	-8.38907e-01	-3.35562e-01	-2.02325e-01	1.03340e-01	1.56200e-01
-9.46577e-04	-4.27207e-05	2.32970e-06	2.64925e-05	-8.38053e-01	-3.35221e-01	-1.96132e-01	1.03347e-01	1.56200e-01
-9.07419e-04	-4.09307e-05	2.94689e-06	3.23420e-05	-8.36425e-01	-3.34569e-01	-1.89890e-01	1.03324e-01	1.56200e-01
-9.36798e-04	-4.22373e-05	2.86147e-06	3.03647e-05	-8.34201e-01	-3.33680e-01	-1.83602e-01	1.03270e-01	1.56200e-01
-1.15634e-03	-5.21229e-05	2.91700e-06	2.74512e-05	-8.33764e-01	-3.33505e-01	-1.77268e-01	1.03185e-01	1.56200e-01
-1.54492e-03	-6.96206e-05	3.62217e-06	2.88425e-05	-8.31895e-01	-3.32757e-01	-1.70891e-01	1.03069e-01	1.56200e-01
-1.79793e-03	-8.09912e-05	4.53653e-06	3.49835e-05	-8.25176e-01	-3.30069e-01	-1.64471e-01	1.02924e-01	1.56200e-01
-1.79531e-03	-8.08259e-05	5.38661e-06	4.40807e-05	-8.18060e-01	-3.27223e-01	-1.58010e-01	1.02748e-01	1.56200e-01
-1.79651e-03	-8.08325e-05	6.10427e-06	5.19190e-05	-8.13435e-01	-3.25373e-01	-1.51509e-01	1.02543e-01	1.56200e-01
-1.93317e-03	-8.69452e-05	6.84832e-06	5.64876e-05	-8.07926e-01	-3.23169e-01	-1.44970e-01	1.02308e-01	1.56200e-01
-2.05047e-03	-9.21841e-05	7.51905e-06	5.99958e-05	-7.98881e-01	-3.19551e-01	-1.38394e-01	1.02044e-01	1.56200e-01
-2.10746e-03	-9.47122e-05	7.92777e-06	6.12751e-05	-7.87519e-01	-3.15006e-01	-1.31783e-01	1.01751e-01	1.56200e-01
-2.26078e-03	-1.01588e-04	8.30745e-06	5.78198e-05	-7.75416e-01	-3.10165e-01	-1.25138e-01	1.01430e-01	1.56200e-01
-2.48910e-03	-1.11830e-04	9.01782e-06	5.37461e-05	-7.61681e-01	-3.04671e-01	-1.18461e-01	1.01080e-01	1.56200e-01
-2.58083e-03	-1.15915e-04	9.60511e-06	5.40048e-05	-7.47091e-01	-2.98835e-01	-1.11754e-01	1.00703e-01	1.56200e-01
-2.49631e-03	-1.12064e-04	9.87644e-06	5.72887e-05	-7.34212e-01	-2.93684e-01	-1.05017e-01	1.00298e-01	1.56200e-01
-2.38587e-03	-1.07049e-04	1.00233e-05	6.19761e-05	-7.22046e-01	-2.88817e-01	-9.82529e-02	9.98659e-02	1.56200e-01
-2.33462e-03	-1.04688e-04	1.04463e-05	6.91201e-05	-7.09421e-01	-2.83767e-01	-9.14627e-02	9.94074e-02	1.56200e-01
-2.33301e-03	-1.04554e-04	1.10426e-05	7.64641e-05	-6.97018e-01	-2.78806e-01	-8.46481e-02	9.89229e-02	1.56200e-01
-2.32512e-03	-1.04151e-04	1.14244e-05	8.03271e-05	-6.84097e-01	-2.73637e-01	-7.78106e-02	9.84127e-02	1.56200e-01
-2.21286e-03	-9.90754e-05	1.12502e-05	8.06335e-05	-6.71487e-01	-2.68593e-01	-7.09520e-02	9.78772e-02	1.56200e-01
-2.00892e-03	-8.98979e-05	1.05989e-05	7.81084e-05	-6.61611e-01	-2.64643e-01	-6.40737e-02	9.73171e-02	1.56200e-01
-1.79894e-03	-8.04618e-05	9.79862e-06	7.38856e-05	-6.53056e-01	-2.61221e-01	-5.71775e-02	9.67327e-02	1.56200e-01
-1.57650e-03	-7.04746e-05	8.89042e-06	7.06962e-05	-6.44151e-01	-2.57659e-01	-5.02650e-02	9.61245e-02	1.56200e-01
-1.37348e-03	-6.13598e-05	8.06654e-06	6.77114e-05	-6.37173e-01	-2.54868e-01	-4.33378e-02	9.54932e-02	1.56200e-01
-1.32673e-03	-5.92642e-05	7.76664e-06	6.14984e-05	-6.33111e-01	-2.53243e-01	-3.63975e-02	9.48391e-02	1.56200e-01
-1.41561e-03	-6.32516e-05	8.02513e-06	5.37372e-05	-6.29079e-01	-2.51631e-01	-2.94458e-02	9.41629e-02	1.56200e-01
-1.43664e-03	-6.41873e-05	8.10844e-06	4.92497e-05	-6.22933e-01	-2.49172e-01	-2.24844e-02	9.34651e-02	1.56200e-01
-1.32529e-03	-5.91878e-05	7.66077e-06	4.77072e-05	-6.16312e-01	-2.46524e-01	-1.55149e-02	9.27463e-02	1.56200e-01
-1.24191e-03	-5.54423e-05	7.32897e-06	4.53339e-05	-6.10978e-01	-2.44390e-01	-8.53895e-03	9.20069e-02	1.56200e-01
-1.26635e-03	-5.65338e-05	7.42523e-06	4.25460e-05	-6.06155e-01	-2.42461e-01	-1.55826e-03	9.12476e-02	1.56200e-01
-1.27091e-03	-5.67221e-05	7.54494e-06	4.26133e-05	-6.01265e-01	-2.40505e-01	5.42553e-03	9.04690e-02	1.56200e-01
-1.17237e-03	-5.22918e-05	7.20449e-06	4.44470e-05	-5.96871e-01	-2.38748e-01	1.24107e-02	8.96715e-02	1.56200e-01
-1.08183e-03	-4.82293e-05	6.82036e-06	4.33617e-05	-5.93270e-01	-2.37307e-01	1.93957e-02	8.88559e-02	1.56200e-01
-1.08456e-03	-4.83537e-05	6.78425e-06	3.84621e-05	-5.89965e-01	-2.35985e-01	2.63787e-02	8.80226e-02	1.56200e-01
-1.09059e-03	-4.86247e-05	6.77926e-06	3.37721e-05	-5.86598e-01	-2.34639e-01	3.33581e-02	8.71723e-02	1.56200e-01
-1.04738e-03	-4.66879e-05	6.57217e-06	3.14370e-05	-5.84065e-01	-2.33626e-01	4.03322e-02	8.63056e-02	1.56200e-01
-1.03969e-03	-4.63349e-05	6.58575e-06	3.02379e-05	-5.82612e-01	-2.33044e-01	4.72994e-02	8.54230e-02	1.56200e-01
-1.08494e-03	-4.83434e-05	6.91714e-06	2.99757e-05	-5.80694e-01	-2.32277e-01	5.42580e-02	8.45251e-02	1.56200e-01
-1.09650e-03	-4.88449e-05	7.07881e-06	3.04481e-05	-5.78036e-01	-2.31214e-01	6.12063e-02	8.36125e-02	1.56200e-01
-1.05830e-03	-4.71294e-05	6.92116e-06	2.91186e-05	-5.75392e-01	-2.30156e-01	6.81427e-02	8.26859e-02	1.56200e-01
-1.01487e-03	-4.51906e-05	6.66167e-06	2.50676e-05	-5.72533e-01	-2.29013e-01	7.50654e-02	8.17457e-02	1.56200e-01
-9.73992e-04	-4.33659e-05	6.41357e-06	2.12264e-05	-5.69612e-01	-2.27844e-01	8.19729e-02	8.07927e-02	1.56200e-01
-9.53188e-04	-4.24294e-05	6.34124e-06	2.00696e-05	-5.67448e-01	-2.26979e-01	8.88635e-02	7.98273e-02	1.56200e-01
-9.85255e-04	-4.38436e-05	6.63866e-06	2.09839e-05	-5.65797e-01	-2.26318e-01	9.57355e-02	7.88503e-02	1.56200e-01
-1.03508e-03	-4.60472e-05	7.06076e-06	2.25515e-05	-5.63853e-01	-2.25541e-01	1.02587e-01	7.78620e-02	1.56200e-01
-1.04650e-03	-4.65429e-05	7.21437e-06	2.36596e-05	-5.61914e-01	-2.24765e-01	1.09417e-01	7.68633e-02	1.56200e-01
-1.04005e-03	-4.62443e-05	7.24284e-06	2.32103e-05	-5.60568e-01	-2.24227e-01	1.16224e-01	7.58546e-02	1.56200e-01
-1.05641e-03	-4.69623e-05	7.41207e-06	2.14735e-05	-5.59204e-01	-2.23681e-01	1.23006e-01	7.48364e-02	1.56200e-01
-1.08482e-03	-4.82176e-05	7.65639e-06	1.98976e-05	-5.57318e-01	-2.22927e-01	1.29760e-01	7.38095e-02	1.56200e-01
-1.11213e-03	-4.94200e-05	7.91899e-06	1.91674e-05	-5.55335e-01	-2.22133e-01	1.36487e-01	7.27743e-02	1.56200e-01
-1.13676e-03	-5.05009e-05	8.17590e-06	1.92292e-05	-5.53270e-01	-2.21307e-01	1.43184e-01	7.17315e-02	1.56200e-01
-1.11812e-03	-4.96605e-05	8.11605e-06	1.92380e-05	-5.50867e-01	-2.20346e-01	1.49849e-01	7.06815e-02	1.56200e-01
-1.02804e-03	-4.56458e-05	7.54516e-06	1.78074e-05	-5.48614e-01	-2.19445e-01	1.56482e-01	6.96251e-02	1.56200e-01
-9.25029e-04	-4.10599e-05	6.86103e-06	1.55443e-05	-5.47074e-01	-2.18829e-01	1.63080e-01	6.85626e-02	1.56200e-01
-8.81326e-04	-3.91115e-05	6.58552e-06	1.43492e-05	-5.45994e-01	-2.18397e-01	1.69641e-01	6.74947e-02	1.56200e-01
-8.80878e-04	-3.90836e-05	6.62861e-06	1.43251e-05	-5.45001e-01	-2.18000e-01	1.76166e-01	6.64219e-02	1.56200e-01
-8.73292e-04	-3.87374e-05	6.62680e-06	1.47567e-05	-5.44206e-01	-2.17682e-01	1.82651e-01	6.53448e-02	1.56200e-01
-8.56902e-04	-3.80023e-05	6.54813e-06	1.53356e-05	-5.43518e-01	-2.17407e-01	1.89096e-01	6.42640e-02	1.56200e-01
-8.46638e-04	-3.75387e-05	6.51789e-06	1.52825e-05	-5.42676e-01	-2.17070e-01	1.95498e-01	6.31798e-02	1.56200e-01
-8.49749e-04	-3.76649e-05	6.60840e-06	1.40956e-05	-5.41820e-01	-2.16728e-01	2.01857e-01	6.20930e-02	1.56200e-01
-8.72866e-04	-3.86829e-05	6.82486e-06	1.27356e-05	-5.40991e-01	-2.16396e-01	2.08172e-01	6.10039e-02	1.56200e-01
-8.97735e-04	-3.97764e-05	7.06737e-06	1.24122e-05	-5.39961e-01	-2.15984e-01	2.14439e-01	5.99132e-02	1.56200e-01
-9.06811e-04	-4.01698e-05	7.18722e-06	1.31668e-05	-5.39094e-01	-2.15637e-01	2.20660e-01	5.88214e-02	1.56200e-01
-9.15437e-04	-4.05390e-05	7.32677e-06	1.42648e-05	-5.38771e-01	-2.15508e-01	2.26830e-01	5.77289e-02	1.56200e-01
-9.24584e-04	-4.09328e-05	7.46155e-06	1.53407e-05	-5.38479e-01	-2.15391e-01	2.32951e-01	5.66363e-02	1.56200e-01
-9.13781e-04	-4.04448e-05	7.42749e-06	1.62759e-05	-5.38130e-01	-2.15252e-01	2.39019e-01	5.55441e-02	1.56200e-01
-8.98170e-04	-3.97429e-05	7.35953e-06	1.65496e-05	-5.38100e-01	-2.15239e-01	2.45035e-01	5.44527e-02	1.56200e-01
-9.04756e-04	-4.00267e-05	7.45363e-06	1.59165e-05	-5.38020e-01	-2.15208e-01	2.50996e-01	5.33628e-02	1.56200e-01
-9.27460e-04	-4.10211e-05	7.69409e-06	1.49842e-05	-5.37637e-01	-2.15055e-01	2.56901e-01	5.22747e-02	1.56200e-01
-9.61679e-04	-4.25260e-05	8.02317e-06	1.41576e-05	-5.37163e-01	-2.14865e-01	2.62749e-01	5.11890e-02	1.56200e-01
-9.97047e-04	-4.40792e-05	8.37477e-06	1.27493e-05	-5.36323e-01	-2.14529e-01	2.68539e-01	5.01061e-02	1.56200e-01
-9.87253e-04	-4.36370e-05	8.34099e-06	1.05780e-05	-5.35084e-01	-2.14033e-01	2.74269e-01	4.90265e-02	1.56200e-01
-9.26921e-04	-4.09604e-05	7.88254e-06	9.44526e-06	-5.34509e-01	-2.13803e-01	2.79939e-01	4.79508e-02	1.56200e-01
-8.87841e-04	-3.92238e-05	7.59992e-06	1.06542e-05	-5.34974e-01	-2.13989e-01	2.85546e-01	4.68793e-02	1.56200e-01
-9.08770e-04	-4.01402e-05	7.82120e-06	1.23843e-05	-5.35513e-01	-2.14205e-01	2.91091e-01	4.58125e-02	1.56200e-01
-9.54992e-04	-4.21717e-05	8.27039e-06	1.22220e-05	-5.35635e-01	-2.14253e-01	2.96572e-01	4.47508e-02	1.56200e-01
-1.00032e-03	-4.41654e-05	8.70247e-06	1.05122e-05	-5.35595e-01	-2.14238e-01	3.01988e-01	4.36949e-02	1.56200e-01
-1.04819e-03	-4.62705e-05	9.16236e-06	8.99637e-06	-5.35435e-01	-2.14173e-01	3.07338e-01	4.26449e-02	1.56200e-01
-1.09153e-03	-4.81719e-05	9.60000e-06	8.15534e-06	-5.35033e-01	-2.14013e-01	3.12620e-01	4.16015e-02	1.56200e-01
-1.11826e-03	-4.93406e-05	9.89090e-06	7.39335e-06	-5.34485e-01	-2.13794e-01	3.17834e-01	4.05651e-02	1.56200e-01
-1.13352e-03	-5.00025e-05	1.00817e-05	6.41581e-06	-5.33966e-01	-2.13586e-01	3.22979e-01	3.95360e-02	1.56200e-01
-1.15643e-03	-5.10019e-05	1.03400e-05	5.39352e-06	-5.33613e-01	-2.13445e-01	3.28054e-01	3.85147e-02	1.56200e-01
-1.19851e-03	-5.28470e-05	1.07689e-05	4.54482e-06	-5.33425e-01	-2.13370e-01	3.33058e-01	3.75017e-02	1.56200e-01
-1.24375e-03	-5.48301e-05	1.12332e-05	4.10218e-06	-5.33135e-01	-2.13254e-01	3.37990e-01	3.64973e-02	1.56200e-01
-1.27065e-03	-5.60039e-05	1.15347e-05	4.17608e-06	-5.32658e-01	-2.13063e-01	3.42850e-01	3.55019e-02	1.56200e-01
-1.29416e-03	-5.70265e-05	1.18133e-05	4.68997e-06	-5.32141e-01	-2.12856e-01	3.47636e-01	3.45160e-02	1.56200e-01
-1.34082e-03	-5.90685e-05	1.23071e-05	5.53910e-06	-5.31456e-01	-2.12582e-01	3.52347e-01	3.35399e-02	1.56200e-01
-1.39926e-03	-6.16281e-05	1.29142e-05	6.33707e-06	-5.30515e-01	-2.12206e-01	3.56984e-01	3.25740e-02	1.56200e-01
-1.44488e-03	-6.36234e-05	1.34021e-05	6.44942e-06	-5.29629e-01	-2.11851e-01	3.61545e-01	3.16187e-02	1.56200e-01
-1.47950e-03	-6.51335e-05	1.37907e-05	5.87269e-06	-5.28963e-01	-2.11585e-01	3.66030e-01	3.06743e-02	1.56200e-01
-1.51424e-03	-6.66491e-05	1.41812e-05	5.49121e-06	-5.28270e-01	-2.11307e-01	3.70438e-01	2.97413e-02	1.56200e-01
-1.54500e-03	-6.79877e-05	1.45394e-05	5.84836e-06	-5.27395e-01	-2.10957e-01	3.74768e-01	2.88200e-02	1.56200e-01
-1.57238e-03	-6.91786e-05	1.48636e-05	6.39236e-06	-5.26448e-01	-2.10578e-01	3.79020e-01	2.79106e-02	1.56200e-01
-1.61309e-03	-7.09544e-05	1.53179e-05	6.30438e-06	-5.25472e-01	-2.10188e-01	3.83194e-01	2.70137e-02	1.56200e-01
-1.67030e-03	-7.34544e-05	1.59383e-05	5.40359e-06	-5.24384e-01	-2.09753e-01	3.87289e-01	2.61294e-02	1.56200e-01
-1.72374e-03	-7.57872e-05	1.65271e-05	4.32422e-06	-5.23192e-01	-2.09276e-01	3.91304e-01	2.52581e-02	1.56200e-01
-1.75957e-03	-7.73463e-05	1.69458e-05	3.83502e-06	-5.21995e-01	-2.08797e-01	3.95239e-01	2.44001e-02	1.56200e-01
-1.78083e-03	-7.82638e-05	1.72268e-05	3.62416e-06	-5.20772e-01	-2.08308e-01	3.99095e-01	2.35557e-02	1.56200e-01
-1.79089e-03	-7.86897e-05	1.73992e-05	2.62316e-06	-5.19492e-01	-2.07796e-01	4.02869e-01	2.27252e-02	1.56200e-01
-1.79509e-03	-7.88577e-05	1.75142e-05	7.55505e-07	-5.18214e-01	-2.07285e-01	4.06563e-01	2.19089e-02	1.56200e-01
-1.80192e-03	-7.91400e-05	1.76596e-05	-1.00877e-06	-5.16933e-01	-2.06773e-01	4.10176e-01	2.11070e-02	1.56200e-01
-1.81167e-03	-7.95520e-05	1.78283e-05	-2.24114e-06	-5.15657e-01	-2.06262e-01	4.13708e-01	2.03197e-02	1.56200e-01
-1.82386e-03	-8.00735e-05	1.80092e-05	-3.32181e-06	-5.14368e-01	-2.05746e-01	4.17158e-01	1.95474e-02	1.56200e-01
-1.84219e-03	-8.08645e-05	1.82522e-05	-4.39243e-06	-5.12931e-01	-2.05172e-01	4.20527e-01	1.87902e-02	1.56200e-01
-1.86140e-03	-8.16915e-05	1.85128e-05	-5.17494e-06	-5.11378e-01	-2.04551e-01	4.23815e-01	1.80484e-02	1.56200e-01
-1.87540e-03	-8.22917e-05	1.87154e-05	-5.72182e-06	-5.09859e-01	-2.03943e-01	4.27022e-01	1.73220e-02	1.56200e-01
-1.88222e-03	-8.25760e-05	1.88488e-05	-6.37738e-06	-5.08295e-01	-2.03317e-01	4.30147e-01	1.66115e-02	1.56200e-01
-1.87647e-03	-8.23099e-05	1.88520e-05	-7.11721e-06	-5.06569e-01	-2.02627e-01	4.33191e-01	1.59168e-02	1.56200e-01
-1.86108e-03	-8.16208e-05	1.87593e-05	-7.78362e-06	-5.04762e-01	-2.01904e-01	4.36154e-01	1.52381e-02	1.56200e-01
-1.84518e-03	-8.09058e-05	1.86740e-05	-8.52806e-06	-5.02971e-01	-2.01188e-01	4.39035e-01	1.45757e-02	1.56200e-01
-1.82354e-03	-7.99410e-05	1.85240e-05	-9.34856e-06	-5.01279e-01	-2.00511e-01	4.41837e-01	1.39295e-02	1.56200e-01
-1.78628e-03	-7.82961e-05	1.81967e-05	-9.81723e-06	-4.99736e-01	-1.99893e-01	4.44558e-01	1.32998e-02	1.56200e-01
-1.74170e-03	-7.63329e-05	1.77818e-05	-9.53618e-06	-4.98268e-01	-1.99306e-01	4.47199e-01	1.26866e-02	1.56200e-01
-1.70361e-03	-7.46505e-05	1.74479e-05	-8.49581e-06	-4.96784e-01	-1.98713e-01	4.49761e-01	1.20900e-02	1.56200e-01
-1.67438e-03	-7.33558e-05	1.72083e-05	-7.00908e-06	-4.95252e-01	-1.98100e-01	4.52243e-01	1.15100e-02	1.56200e-01
-1.65162e-03	-7.23509e-05	1.70079e-05	-5.70463e-06	-4.93768e-01	-1.97507e-01	4.54648e-01	1.09466e-02	1.56200e-01
-1.63215e-03	-7.14867e-05	1.68543e-05	-5.37633e-06	-4.92464e-01	-1.96985e-01	4.56974e-01	1.04000e-02	1.56200e-01
-1.61331e-03	-7.06439e-05	1.67354e-05	-6.29091e-06	-4.91212e-01	-1.96484e-01	4.59222e-01	9.87007e-03	1.56200e-01
-1.59552e-03	-6.98507e-05	1.66094e-05	-7.89874e-06	-4.89866e-01	-1.95946e-01	4.61394e-01	9.35681e-03	1.56200e-01
-1.57946e-03	-6.91394e-05	1.64777e-05	-9.31443e-06	-4.88502e-01	-1.95400e-01	4.63491e-01	8.86020e-03	1.56200e-01
-1.55265e-03	-6.79557e-05	1.62402e-05	-9.78943e-06	-4.87249e-01	-1.94899e-01	4.65512e-01	8.38017e-03	1.56200e-01
-1.49942e-03	-6.56107e-05	1.57481e-05	-9.26334e-06	-4.86193e-01	-1.94477e-01	4.67458e-01	7.91666e-03	1.56200e-01
-1.42639e-03	-6.24009e-05	1.50400e-05	-8.36358e-06	-4.85295e-01	-1.94118e-01	4.69332e-01	7.46957e-03	1.56200e-01
-1.36296e-03	-5.96274e-05	1.43645e-05	-7.61547e-06	-4.84473e-01	-1.93789e-01	4.71133e-01	7.03879e-03	1.56200e-01
-1.32460e-03	-5.79499e-05	1.39576e-05	-7.02035e-06	-4.83706e-01	-1.93482e-01	4.72862e-01	6.62418e-03	1.56200e-01
-1.29466e-03	-5.66260e-05	1.36994e-05	-6.55227e-06	-4.83018e-01	-1.93207e-01	4.74521e-01	6.22558e-03	1.56200e-01
-1.25815e-03	-5.50176e-05	1.33624e-05	-6.42357e-06	-4.82442e-01	-1.92976e-01	4.76111e-01	5.84284e-03	1.56200e-01
-1.22419e-03	-5.35356e-05	1.29889e-05	-6.59285e-06	-4.81922e-01	-1.92768e-01	4.77634e-01	5.47574e-03	1.56200e-01
-1.20076e-03	-5.25064e-05	1.27581e-05	-6.87241e-06	-4.81385e-01	-1.92554e-01	4.79089e-01	5.12407e-03	1.56200e-01
-1.18035e-03	-5.15967e-05	1.26116e-05	-7.19394e-06	-4.80829e-01	-1.92331e-01	4.80479e-01	4.78760e-03	1.56200e-01
-1.15969e-03	-5.06866e-05	1.24205e-05	-7.39789e-06	-4.80220e-01	-1.92087e-01	4.81805e-01	4.46606e-03	1.56200e-01
-1.13842e-03	-4.97605e-05	1.21776e-05	-7.24858e-06	-4.79556e-01	-1.91822e-01	4.83069e-01	4.15918e-03	1.56200e-01
-1.11365e-03	-4.86787e-05	1.19089e-05	-6.79522e-06	-4.78944e-01	-1.91577e-01	4.84271e-01	3.86666e-03	1.56200e-01
-1.08809e-03	-4.75580e-05	1.16490e-05	-6.21698e-06	-4.78410e-01	-1.91364e-01	4.85415e-01	3.58818e-03	1.56200e-01
-1.06011e-03	-4.63359e-05	1.13474e-05	-5.47338e-06	-4.77903e-01	-1.91161e-01	4.86500e-01	3.32339e-03	1.56200e-01
-1.02081e-03	-4.46164e-05	1.09329e-05	-4.43303e-06	-4.77429e-01	-1.90971e-01	4.87530e-01	3.07193e-03	1.56200e-01
-9.67244e-04	-4.22704e-05	1.03792e-05	-3.22677e-06	-4.77016e-01	-1.90806e-01	4.88505e-01	2.83342e-03	1.56200e-01
-9.10175e-04	-3.97730e-05	9.78034e-06	-2.20979e-06	-4.76749e-01	-1.90699e-01	4.89428e-01	2.60744e-03	1.56200e-01
-8.65729e-04	-3.78216e-05	9.34026e-06	-1.60761e-06	-4.76567e-01	-1.90626e-01	4.90300e-01	2.39357e-03	1.56200e-01
-8.44397e-04	-3.68831e-05	9.13673e-06	-1.43397e-06	-4.76404e-01	-1.90561e-01	4.91124e-01	2.19137e-03	1.56200e-01
-8.44171e-04	-3.68763e-05	9.12172e-06	-1.58344e-06	-4.76178e-01	-1.90471e-01	4.91902e-01	2.00035e-03	1.56200e-01
-8.49970e-04	-3.71424e-05	9.13242e-06	-1.90462e-06	-4.75838e-01	-1.90335e-01	4.92635e-01	1.82003e-03	1.56200e-01
-8.49895e-04	-3.71527e-05	9.07644e-06	-2.29996e-06	-4.75597e-01	-1.90238e-01	4.93327e-01	1.64990e-03	1.56200e-01
-8.39378e-04	-3.66691e-05	9.06089e-06	-2.65859e-06	-4.75264e-01	-1.90105e-01	4.93978e-01	1.48942e-03	1.56200e-01
-8.22658e-04	-3.59550e-05	8.81420e-06	-2.87127e-06	-4.75015e-01	-1.90006e-01	4.94592e-01	1.33804e-03	1.56200e-01
-8.00021e-04	-3.49313e-05	8.71070e-06	-2.97811e-06	-4.74761e-01	-1.89904e-01	4.95172e-01	1.19518e-03	1.56200e-01
-7.64910e-04	-3.34159e-05	8.25704e-06	-3.09468e-06	-4.74360e-01	-1.89744e-01	4.95718e-01	1.06024e-03	1.56200e-01
-7.22199e-04	-3.15251e-05	7.89703e-06	-3.27214e-06	-4.74294e-01	-1.89717e-01	4.96235e-01	9.32601e-04	1.56200e-01
-6.63649e-04	-2.89552e-05	7.31368e-06	-3.48797e-06	-4.73728e-01	-1.89491e-01	4.96724e-01	8.11628e-04	1.56200e-01
-5.89474e-04	-2.57514e-05	6.36494e-06	-3.72621e-06	-4.73821e-01	-1.89528e-01	4.97189e-01	6.96658e-04	1.56200e-01
-5.09189e-04	-2.21430e-05	5.90654e-06	-3.94529e-06	-4.73417e-01	-1.89366e-01	4.97632e-01	5.87010e-04	1.56200e-01
-3.95767e-04	-1.73415e-05	4.06212e-06	-4.24721e-06	-4.73262e-01	-1.89305e-01	4.98056e-01	4.81981e-04	1.56200e-01
-3.31440e-04	-1.42546e-05	4.48463e-06	-4.56915e-06	-4.73895e-01	-1.89558e-01	4.98465e-01	3.80846e-04	1.56200e-01
-2.18736e-04	-9.57741e-06	2.27377e-06	-4.72343e-06	-4.72778e-01	-1.89111e-01	4.98860e-01	2.82860e-04	1.56200e-01
-2.74697e-04	-1.18069e-05	3.74569e-06	-5.23859e-06	-4.76960e-01	-1.90784e-01	4.99246e-01	1.87256e-04	1.56200e-01
-5.42608e-04	-2.20059e-05	1.27009e-05	-5.99884e-06	-4.76891e-01	-1.90756e-01	4.99624e-01	9.32471e-05	1.56200e-01
-5.03273e-04	-3.12403e-05	-3.18306e-05	-5.69430e-06	-4.81587e-01	-1.92634e-01	5.00000e-01	0.00000e+00	1.56200e-01
