"Density"	"Momentum:0"	"Momentum:1"	"Momentum:2"	"StagnationEnergy"	"Pressure"	"Points:0"	"Points:1"	"Points:2"
1.77448e-02	-5.76185e-04	9.08964e-04	-6.28629e-04	-2.21369e-01	-8.85650e-02	-5.11558e-01	0.00000e+00	7.04000e-02
9.36226e-04	1.30930e-04	4.19018e-05	-1.79369e-04	-4.90892e-01	-1.96368e-01	-5.11505e-01	2.24939e-03	7.04000e-02
5.63289e-03	1.48982e-04	2.75836e-04	-2.08092e-04	-3.92998e-01	-1.57204e-01	-5.11348e-01	4.49387e-03	7.04000e-02
1.23521e-02	1.95218e-04	6.10572e-04	-2.31585e-04	-4.63908e-01	-1.85571e-01	-5.11084e-01	6.72839e-03	7.04000e-02
1.46513e-02	2.66981e-04	7.10924e-04	-2.17435e-04	-4.79842e-01	-1.91945e-01	-5.10715e-01	8.94792e-03	7.04000e-02
1.74113e-02	3.03442e-04	8.39779e-04	-2.14283e-04	-5.40994e-01	-2.16407e-01	-5.10242e-01	1.11476e-02	7.04000e-02
1.95525e-02	3.74296e-04	9.26495e-04	-1.89905e-04	-6.24309e-01	-2.49734e-01	-5.09667e-01	1.33228e-02	7.04000e-02
2.08011e-02	4.16451e-04	9.72154e-04	-1.74660e-04	-6.79665e-01	-2.71877e-01	-5.08992e-01	1.54693e-02	7.04000e-02
2.17694e-02	4.65846e-04	9.99015e-04	-1.51228e-04	-7.68607e-01	-3.07454e-01	-5.08222e-01	1.75833e-02	7.04000e-02
2.21532e-02	5.03334e-04	9.97591e-04	-1.32570e-04	-8.30512e-01	-3.32216e-01	-5.07405e-01	1.95604e-02	7.04000e-02
2.22821e-02	5.30483e-04	9.86168e-04	-1.17769e-04	-8.90613e-01	-3.56257e-01	-5.06584e-01	2.13468e-02	7.04000e-02
2.22221e-02	5.55584e-04	9.64629e-04	-1.03436e-04	-9.46660e-01	-3.78675e-01	-5.05757e-01	2.29942e-02	7.04000e-02
2.19928e-02	5.70988e-04	9.38093e-04	-9.42382e-05	-9.89227e-01	-3.95702e-01	-5.04920e-01	2.45369e-02	7.04000e-02
2.17229e-02	5.85950e-04	9.09017e-04	-8.48895e-05	-1.03417e+00	-4.13677e-01	-5.04070e-01	2.59990e-02	7.04000e-02
2.13160e-02	5.94246e-04	8.75578e-04	-7.85539e-05	-1.06976e+00	-4.27913e-01	-5.03205e-01	2.73982e-02	7.04000e-02
2.09234e-02	6.01628e-04	8.43157e-04	-7.33935e-05	-1.10369e+00	-4.41485e-01	-5.02320e-01	2.87480e-02	7.04000e-02
2.04518e-02	6.05329e-04	8.08147e-04	-6.92944e-05	-1.13451e+00	-4.53812e-01	-5.01414e-01	3.00588e-02	7.04000e-02
1.99719e-02	6.07043e-04	7.73693e-04	-6.68084e-05	-1.16088e+00	-4.64360e-01	-5.00483e-01	3.13391e-02	7.04000e-02
1.94579e-02	6.06396e-04	7.38571e-04	-6.49038e-05	-1.18614e+00	-4.74466e-01	-4.99526e-01	3.25955e-02	7.04000e-02
1.89328e-02	6.04118e-04	7.03739e-04	-6.40562e-05	-1.20814e+00	-4.83265e-01	-4.98538e-01	3.38334e-02	7.04000e-02
1.83927e-02	5.99987e-04	6.69176e-04	-6.38995e-05	-1.22792e+00	-4.91178e-01	-4.97518e-01	3.50574e-02	7.04000e-02
1.78425e-02	5.94345e-04	6.34999e-04	-6.42609e-05	-1.24603e+00	-4.98419e-01	-4.96463e-01	3.62710e-02	7.04000e-02
1.72882e-02	5.87366e-04	6.01491e-04	-6.52406e-05	-1.26163e+00	-5.04660e-01	-4.95371e-01	3.74773e-02	7.04000e-02
1.67322e-02	5.79154e-04	5.68787e-04	-6.64678e-05	-1.27580e+00	-5.10328e-01	-4.94239e-01	3.86787e-02	7.04000e-02
1.61804e-02	5.69993e-04	5.37073e-04	-6.79798e-05	-1.28803e+00	-5.15221e-01	-4.93066e-01	3.98772e-02	7.04000e-02
1.56343e-02	5.59962e-04	5.06438e-04	-6.96109e-05	-1.29865e+00	-5.19466e-01	-4.91848e-01	4.10745e-02	7.04000e-02
1.50995e-02	5.49326e-04	4.77046e-04	-7.13538e-05	-1.30782e+00	-5.23133e-01	-4.90585e-01	4.22718e-02	7.04000e-02
1.45697e-02	5.37932e-04	4.48675e-04	-7.31432e-05	-1.31541e+00	-5.26171e-01	-4.89273e-01	4.34701e-02	7.04000e-02
1.40544e-02	5.26127e-04	4.21673e-04	-7.48278e-05	-1.32176e+00	-5.28712e-01	-4.87911e-01	4.46703e-02	7.04000e-02
1.35528e-02	5.13952e-04	3.95997e-04	-7.62372e-05	-1.32682e+00	-5.30733e-01	-4.86497e-01	4.58728e-02	7.04000e-02
1.30779e-02	5.01941e-04	3.72029e-04	-7.73144e-05	-1.33071e+00	-5.32292e-01	-4.85030e-01	4.70780e-02	7.04000e-02
1.26248e-02	4.89994e-04	3.49555e-04	-7.80675e-05	-1.33361e+00	-5.33448e-01	-4.83506e-01	4.82862e-02	7.04000e-02
1.22003e-02	4.78479e-04	3.28684e-04	-7.86647e-05	-1.33557e+00	-5.34235e-01	-4.81926e-01	4.94973e-02	7.04000e-02
1.17983e-02	4.67220e-04	3.09185e-04	-7.91037e-05	-1.33681e+00	-5.34731e-01	-4.80286e-01	5.07115e-02	7.04000e-02
1.14215e-02	4.56386e-04	2.91091e-04	-7.93448e-05	-1.33742e+00	-5.34972e-01	-4.78586e-01	5.19284e-02	7.04000e-02
1.10714e-02	4.46097e-04	2.74386e-04	-7.92822e-05	-1.33751e+00	-5.35009e-01	-4.76825e-01	5.31478e-02	7.04000e-02
1.07535e-02	4.36646e-04	2.59125e-04	-7.89346e-05	-1.33728e+00	-5.34915e-01	-4.74999e-01	5.43694e-02	7.04000e-02
1.04731e-02	4.28324e-04	2.45328e-04	-7.85527e-05	-1.33687e+00	-5.34751e-01	-4.73109e-01	5.55928e-02	7.04000e-02
1.02253e-02	4.21015e-04	2.32756e-04	-7.84397e-05	-1.33645e+00	-5.34587e-01	-4.71153e-01	5.68175e-02	7.04000e-02
1.00050e-02	4.14606e-04	2.21145e-04	-7.88210e-05	-1.33618e+00	-5.34476e-01	-4.69130e-01	5.80430e-02	7.04000e-02
9.79955e-03	4.08622e-04	2.10127e-04	-7.97114e-05	-1.33615e+00	-5.34464e-01	-4.67038e-01	5.92686e-02	7.04000e-02
9.61192e-03	4.03205e-04	1.99741e-04	-8.11703e-05	-1.33647e+00	-5.34591e-01	-4.64877e-01	6.04937e-02	7.04000e-02
9.43313e-03	3.98006e-04	1.89742e-04	-8.30786e-05	-1.33718e+00	-5.34878e-01	-4.62645e-01	6.17177e-02	7.04000e-02
9.26365e-03	3.93055e-04	1.80129e-04	-8.53927e-05	-1.33836e+00	-5.35348e-01	-4.60342e-01	6.29399e-02	7.04000e-02
9.09026e-03	3.87771e-04	1.70688e-04	-8.80001e-05	-1.33999e+00	-5.35999e-01	-4.57966e-01	6.41595e-02	7.04000e-02
8.90379e-03	3.81753e-04	1.61279e-04	-9.06982e-05	-1.34197e+00	-5.36791e-01	-4.55517e-01	6.53758e-02	7.04000e-02
8.69096e-03	3.74422e-04	1.51717e-04	-9.31498e-05	-1.34418e+00	-5.37675e-01	-4.52994e-01	6.65880e-02	7.04000e-02
8.43677e-03	3.65090e-04	1.41865e-04	-9.48518e-05	-1.34644e+00	-5.38579e-01	-4.50395e-01	6.77953e-02	7.04000e-02
8.14075e-03	3.53693e-04	1.31870e-04	-9.53584e-05	-1.34859e+00	-5.39439e-01	-4.47721e-01	6.89970e-02	7.04000e-02
7.80906e-03	3.40496e-04	1.21901e-04	-9.44902e-05	-1.35052e+00	-5.40212e-01	-4.44971e-01	7.01921e-02	7.04000e-02
7.44890e-03	3.25829e-04	1.12088e-04	-9.23789e-05	-1.35235e+00	-5.40945e-01	-4.42144e-01	7.13799e-02	7.04000e-02
7.06990e-03	3.10143e-04	1.02553e-04	-8.94638e-05	-1.35436e+00	-5.41747e-01	-4.39240e-01	7.25595e-02	7.04000e-02
6.69270e-03	2.94394e-04	9.35053e-05	-8.66364e-05	-1.35650e+00	-5.42604e-01	-4.36258e-01	7.37301e-02	7.04000e-02
6.33357e-03	2.79369e-04	8.49881e-05	-8.48572e-05	-1.35863e+00	-5.43455e-01	-4.33197e-01	7.48909e-02	7.04000e-02
6.00574e-03	2.65625e-04	7.72359e-05	-8.37662e-05	-1.36027e+00	-5.44111e-01	-4.30058e-01	7.60410e-02	7.04000e-02
5.78249e-03	2.56242e-04	7.16332e-05	-8.16197e-05	-1.36065e+00	-5.44261e-01	-4.26840e-01	7.71796e-02	7.04000e-02
5.78280e-03	2.56491e-04	6.96223e-05	-7.89109e-05	-1.36080e+00	-5.44323e-01	-4.23543e-01	7.83058e-02	7.04000e-02
6.03635e-03	2.67967e-04	7.06247e-05	-8.01632e-05	-1.36300e+00	-5.45202e-01	-4.20167e-01	7.94188e-02	7.04000e-02
6.37769e-03	2.83783e-04	7.11085e-05	-8.94918e-05	-1.37118e+00	-5.48476e-01	-4.16711e-01	8.05178e-02	7.04000e-02
6.51412e-03	2.91175e-04	6.68092e-05	-1.09665e-04	-1.38886e+00	-5.55547e-01	-4.13175e-01	8.16019e-02	7.04000e-02
6.36926e-03	2.86550e-04	5.74378e-05	-1.41505e-04	-1.41052e+00	-5.64213e-01	-4.09560e-01	8.26703e-02	7.04000e-02
6.34651e-03	2.87164e-04	4.96790e-05	-1.75553e-04	-1.42422e+00	-5.69690e-01	-4.05865e-01	8.37223e-02	7.04000e-02
7.02135e-03	3.17897e-04	5.21363e-05	-2.00869e-04	-1.42169e+00	-5.68682e-01	-4.02091e-01	8.47570e-02	7.04000e-02
8.41064e-03	3.80210e-04	6.22250e-05	-2.22849e-04	-1.41049e+00	-5.64200e-01	-3.98236e-01	8.57737e-02	7.04000e-02
9.56571e-03	4.32332e-04	6.84386e-05	-2.50369e-04	-1.41263e+00	-5.65058e-01	-3.94303e-01	8.67716e-02	7.04000e-02
9.69202e-03	4.39263e-04	6.15304e-05	-2.85685e-04	-1.43372e+00	-5.73494e-01	-3.90290e-01	8.77498e-02	7.04000e-02
9.03793e-03	4.11764e-04	4.53435e-05	-3.33023e-04	-1.45926e+00	-5.83709e-01	-3.86198e-01	8.87078e-02	7.04000e-02
8.24822e-03	3.78175e-04	2.77256e-05	-3.89719e-04	-1.46792e+00	-5.87175e-01	-3.82027e-01	8.96448e-02	7.04000e-02
8.06818e-03	3.70902e-04	1.92569e-05	-4.33012e-04	-1.43958e+00	-5.75840e-01	-3.77778e-01	9.05599e-02	7.04000e-02
9.04359e-03	4.14321e-04	2.47507e-05	-4.43835e-04	-1.37761e+00	-5.51051e-01	-3.73451e-01	9.14527e-02	7.04000e-02
1.02300e-02	4.66820e-04	3.34912e-05	-4.39293e-04	-1.31241e+00	-5.24973e-01	-3.69046e-01	9.23223e-02	7.04000e-02
1.03724e-02	4.73259e-04	3.04739e-05	-4.50470e-04	-1.25869e+00	-5.03486e-01	-3.64564e-01	9.31682e-02	7.04000e-02
9.58778e-03	4.38060e-04	2.12116e-05	-4.54752e-04	-1.20453e+00	-4.81820e-01	-3.60005e-01	9.39897e-02	7.04000e-02
8.78920e-03	4.01125e-04	1.86453e-05	-4.06706e-04	-1.14223e+00	-4.56898e-01	-3.55369e-01	9.47862e-02	7.04000e-02
8.12440e-03	3.69658e-04	2.11307e-05	-3.23450e-04	-1.08335e+00	-4.33347e-01	-3.50659e-01	9.55571e-02	7.04000e-02
7.32702e-03	3.32606e-04	2.15478e-05	-2.55978e-04	-1.03438e+00	-4.13756e-01	-3.45873e-01	9.63018e-02	7.04000e-02
6.48138e-03	2.93928e-04	1.89704e-05	-2.12498e-04	-9.90761e-01	-3.96309e-01	-3.41012e-01	9.70198e-02	7.04000e-02
5.67158e-03	2.56816e-04	1.76714e-05	-1.66339e-04	-9.53586e-01	-3.81438e-01	-3.36078e-01	9.77106e-02	7.04000e-02
5.07022e-03	2.28943e-04	1.93067e-05	-1.05949e-04	-9.17300e-01	-3.66923e-01	-3.31070e-01	9.83737e-02	7.04000e-02
4.87588e-03	2.19587e-04	2.21978e-05	-5.27403e-05	-8.80959e-01	-3.52386e-01	-3.25991e-01	9.90086e-02	7.04000e-02
4.67249e-03	2.10192e-04	2.25126e-05	-2.35177e-05	-8.55983e-01	-3.42395e-01	-3.20840e-01	9.96149e-02	7.04000e-02
4.23947e-03	1.90608e-04	2.08058e-05	-3.96764e-06	-8.40477e-01	-3.36192e-01	-3.15618e-01	1.00192e-01	7.04000e-02
3.94352e-03	1.77208e-04	1.98374e-05	1.37534e-05	-8.29311e-01	-3.31726e-01	-3.10326e-01	1.00740e-01	7.04000e-02
3.81114e-03	1.71271e-04	1.87274e-05	2.08003e-05	-8.21316e-01	-3.28528e-01	-3.04965e-01	1.01258e-01	7.04000e-02
3.78758e-03	1.70359e-04	1.66489e-05	1.71423e-05	-8.11923e-01	-3.24771e-01	-2.99536e-01	1.01746e-01	7.04000e-02
3.94535e-03	1.77548e-04	1.58323e-05	1.15719e-05	-8.06093e-01	-3.22439e-01	-2.94041e-01	1.02203e-01	7.04000e-02
3.97580e-03	1.78982e-04	1.47030e-05	8.65939e-06	-8.06404e-01	-3.22563e-01	-2.88479e-01	1.02630e-01	7.04000e-02
3.71699e-03	1.67401e-04	1.23380e-05	5.69664e-06	-8.05562e-01	-3.22226e-01	-2.82852e-01	1.03026e-01	7.04000e-02
3.44121e-03	1.55028e-04	1.02542e-05	3.11209e-06	-8.01931e-01	-3.20774e-01	-2.77160e-01	1.03390e-01	7.04000e-02
3.36678e-03	1.51699e-04	9.18248e-06	4.43119e-06	-7.96545e-01	-3.18620e-01	-2.71406e-01	1.03723e-01	7.04000e-02
3.48515e-03	1.57073e-04	8.22835e-06	3.27396e-06	-7.92278e-01	-3.16913e-01	-2.65590e-01	1.04025e-01	7.04000e-02
3.55999e-03	1.60489e-04	6.88564e-06	-4.01085e-06	-7.94773e-01	-3.17911e-01	-2.59714e-01	1.04294e-01	7.04000e-02
3.44442e-03	1.55291e-04	5.69065e-06	-6.93209e-06	-7.98828e-01	-3.19532e-01	-2.53778e-01	1.04532e-01	7.04000e-02
3.46909e-03	1.56394e-04	5.28481e-06	-2.85304e-07	-7.97695e-01	-3.19079e-01	-2.47783e-01	1.04739e-01	7.04000e-02
3.73284e-03	1.68273e-04	5.32898e-06	8.94333e-06	-7.98506e-01	-3.19404e-01	-2.41731e-01	1.04913e-01	7.04000e-02
3.74068e-03	1.68617e-04	5.02578e-06	1.72982e-05	-8.05044e-01	-3.22019e-01	-2.35624e-01	1.05055e-01	7.04000e-02
3.43368e-03	1.54772e-04	4.34528e-06	2.60624e-05	-8.08179e-01	-3.23273e-01	-2.29461e-01	1.05165e-01	7.04000e-02
3.30026e-03	1.48755e-04	3.79042e-06	3.25017e-05	-8.06147e-01	-3.22460e-01	-2.23246e-01	1.05243e-01	7.04000e-02
3.35877e-03	1.51393e-04	2.91089e-06	3.05330e-05	-8.04976e-01	-3.21992e-01	-2.16978e-01	1.05289e-01	7.04000e-02
3.29887e-03	1.48688e-04	1.36653e-06	1.85477e-05	-8.03572e-01	-3.21430e-01	-2.10659e-01	1.05304e-01	7.04000e-02
3.13842e-03	1.41442e-04	-2.20343e-07	3.98390e-06	-8.00765e-01	-3.20307e-01	-2.04292e-01	1.05286e-01	7.04000e-02
2.99912e-03	1.35146e-04	-1.08791e-06	-1.72924e-06	-7.98447e-01	-3.19380e-01	-1.97876e-01	1.05238e-01	7.04000e-02
2.93945e-03	1.32446e-04	-1.19068e-06	6.92603e-06	-7.94506e-01	-3.17803e-01	-1.91413e-01	1.05157e-01	7.04000e-02
2.92649e-03	1.31856e-04	-1.12990e-06	2.09739e-05	-7.89725e-01	-3.15891e-01	-1.84906e-01	1.05046e-01	7.04000e-02
2.76210e-03	1.24439e-04	-1.40170e-06	2.61923e-05	-7.86903e-01	-3.14762e-01	-1.78355e-01	1.04903e-01	7.04000e-02
2.38757e-03	1.07552e-04	-1.65034e-06	2.41076e-05	-7.82654e-01	-3.13062e-01	-1.71761e-01	1.04730e-01	7.04000e-02
2.01275e-03	9.06642e-05	-1.47041e-06	2.60752e-05	-7.74941e-01	-3.09977e-01	-1.65127e-01	1.04526e-01	7.04000e-02
1.75423e-03	7.90151e-05	-1.42019e-06	2.95129e-05	-7.65985e-01	-3.06395e-01	-1.58453e-01	1.04292e-01	7.04000e-02
1.55247e-03	6.99173e-05	-1.55208e-06	2.68769e-05	-7.56692e-01	-3.02678e-01	-1.51742e-01	1.04028e-01	7.04000e-02
1.36184e-03	6.13205e-05	-1.64993e-06	2.37800e-05	-7.47482e-01	-2.98993e-01	-1.44995e-01	1.03734e-01	7.04000e-02
1.17972e-03	5.31241e-05	-1.38019e-06	2.64656e-05	-7.38812e-01	-2.95526e-01	-1.38212e-01	1.03411e-01	7.04000e-02
1.04488e-03	4.70559e-05	-1.19132e-06	2.88375e-05	-7.29305e-01	-2.91723e-01	-1.31397e-01	1.03059e-01	7.04000e-02
9.35761e-04	4.21312e-05	-1.30351e-06	2.55490e-05	-7.18730e-01	-2.87492e-01	-1.24550e-01	1.02679e-01	7.04000e-02
7.73650e-04	3.48309e-05	-1.13723e-06	2.35863e-05	-7.07246e-01	-2.82899e-01	-1.17673e-01	1.02270e-01	7.04000e-02
6.10985e-04	2.75222e-05	-7.02419e-07	2.83759e-05	-6.94531e-01	-2.77813e-01	-1.10768e-01	1.01834e-01	7.04000e-02
5.18233e-04	2.33606e-05	-3.93807e-07	3.26761e-05	-6.82915e-01	-2.73167e-01	-1.03836e-01	1.01370e-01	7.04000e-02
3.81596e-04	1.72186e-05	-8.79092e-08	3.18121e-05	-6.73288e-01	-2.69316e-01	-9.68786e-02	1.00879e-01	7.04000e-02
1.29500e-04	5.89801e-06	6.75207e-07	3.29110e-05	-6.63855e-01	-2.65544e-01	-8.98979e-02	1.00363e-01	7.04000e-02
-7.62568e-05	-3.32500e-06	1.49900e-06	3.81428e-05	-6.54080e-01	-2.61628e-01	-8.28953e-02	9.98198e-02	7.04000e-02
-3.97533e-05	-1.67613e-06	1.44785e-06	4.07417e-05	-6.44355e-01	-2.57734e-01	-7.58725e-02	9.92517e-02	7.04000e-02
1.22034e-04	5.57354e-06	6.96858e-07	3.90544e-05	-6.37209e-01	-2.54886e-01	-6.88312e-02	9.86586e-02	7.04000e-02
6.63802e-05	3.07200e-06	8.09038e-07	3.67661e-05	-6.33536e-01	-2.53419e-01	-6.17729e-02	9.80412e-02	7.04000e-02
-1.46945e-04	-6.49631e-06	1.58656e-06	3.50455e-05	-6.27799e-01	-2.51118e-01	-5.46995e-02	9.73999e-02	7.04000e-02
-1.26855e-04	-5.59660e-06	1.46253e-06	3.43189e-05	-6.18881e-01	-2.47551e-01	-4.76125e-02	9.67354e-02	7.04000e-02
1.01230e-04	4.62852e-06	5.08193e-07	3.56250e-05	-6.11949e-01	-2.44782e-01	-4.05137e-02	9.60481e-02	7.04000e-02
2.30506e-04	1.04255e-05	-2.84820e-08	3.82572e-05	-6.05935e-01	-2.42375e-01	-3.34048e-02	9.53386e-02	7.04000e-02
2.80931e-04	1.26805e-05	-3.13845e-07	3.99639e-05	-5.97696e-01	-2.39080e-01	-2.62875e-02	9.46074e-02	7.04000e-02
3.68994e-04	1.66077e-05	-8.90565e-07	3.78086e-05	-5.90667e-01	-2.36268e-01	-1.91634e-02	9.38552e-02	7.04000e-02
3.52230e-04	1.58364e-05	-1.02310e-06	3.12740e-05	-5.87455e-01	-2.34983e-01	-1.20342e-02	9.30825e-02	7.04000e-02
1.70793e-04	7.70885e-06	-2.37502e-07	2.44169e-05	-5.85424e-01	-2.34171e-01	-4.90180e-03	9.22899e-02	7.04000e-02
3.12750e-05	1.46728e-06	4.37574e-07	2.21228e-05	-5.81742e-01	-2.32700e-01	2.23224e-03	9.14781e-02	7.04000e-02
6.17627e-05	2.83434e-06	3.00594e-07	2.54606e-05	-5.76802e-01	-2.30723e-01	9.36617e-03	9.06475e-02	7.04000e-02
1.41951e-04	6.41663e-06	-1.50587e-07	3.08808e-05	-5.73229e-01	-2.29293e-01	1.64983e-02	8.97988e-02	7.04000e-02
1.72870e-04	7.81199e-06	-2.16663e-07	3.25858e-05	-5.70548e-01	-2.28221e-01	2.36268e-02	8.89326e-02	7.04000e-02
2.00375e-04	9.01543e-06	-5.82750e-07	2.91725e-05	-5.67103e-01	-2.26842e-01	3.07502e-02	8.80494e-02	7.04000e-02
2.08052e-04	9.34982e-06	-7.01279e-07	2.64863e-05	-5.65212e-01	-2.26086e-01	3.78665e-02	8.71500e-02	7.04000e-02
1.11691e-04	5.04809e-06	-1.60052e-07	2.93489e-05	-5.64833e-01	-2.25935e-01	4.49742e-02	8.62349e-02	7.04000e-02
-1.69337e-05	-6.83636e-07	6.43569e-07	3.41347e-05	-5.63601e-01	-2.25427e-01	5.20715e-02	8.53047e-02	7.04000e-02
-2.58820e-05	-1.08065e-06	7.03820e-07	3.47556e-05	-5.61748e-01	-2.24690e-01	5.91567e-02	8.43600e-02	7.04000e-02
6.19166e-05	2.82107e-06	6.36112e-08	3.10933e-05	-5.60234e-01	-2.24097e-01	6.62281e-02	8.34015e-02	7.04000e-02
9.66050e-05	4.36195e-06	-1.96604e-07	2.72338e-05	-5.59172e-01	-2.23670e-01	7.32840e-02	8.24296e-02	7.04000e-02
3.59853e-05	1.65558e-06	1.42835e-07	2.52853e-05	-5.57498e-01	-2.23003e-01	8.03228e-02	8.14452e-02	7.04000e-02
-3.17973e-05	-1.36985e-06	5.29230e-07	2.47135e-05	-5.55217e-01	-2.22083e-01	8.73427e-02	8.04486e-02	7.04000e-02
-7.22812e-05	-3.17025e-06	8.04172e-07	2.62121e-05	-5.53874e-01	-2.21548e-01	9.43421e-02	7.94406e-02	7.04000e-02
-1.22341e-04	-5.39113e-06	1.18147e-06	3.21026e-05	-5.53189e-01	-2.21274e-01	1.01319e-01	7.84218e-02	7.04000e-02
-1.66265e-04	-7.33149e-06	1.56666e-06	4.00761e-05	-5.51727e-01	-2.20689e-01	1.08273e-01	7.73926e-02	7.04000e-02
-2.06612e-04	-9.12636e-06	1.83504e-06	4.27606e-05	-5.50272e-01	-2.20107e-01	1.15200e-01	7.63539e-02	7.04000e-02
-3.28691e-04	-1.45574e-05	2.65687e-06	3.86036e-05	-5.49398e-01	-2.19758e-01	1.22101e-01	7.53060e-02	7.04000e-02
-5.01419e-04	-2.22444e-05	3.80608e-06	3.42751e-05	-5.46831e-01	-2.18732e-01	1.28973e-01	7.42497e-02	7.04000e-02
-5.73670e-04	-2.54578e-05	4.29767e-06	3.28350e-05	-5.42824e-01	-2.17129e-01	1.35814e-01	7.31855e-02	7.04000e-02
-5.43118e-04	-2.40940e-05	4.11546e-06	3.14012e-05	-5.40231e-01	-2.16092e-01	1.42624e-01	7.21139e-02	7.04000e-02
-5.22686e-04	-2.31836e-05	3.98248e-06	2.93284e-05	-5.38781e-01	-2.15512e-01	1.49400e-01	7.10357e-02	7.04000e-02
-5.05099e-04	-2.23978e-05	3.88098e-06	2.88485e-05	-5.37120e-01	-2.14847e-01	1.56140e-01	6.99512e-02	7.04000e-02
-4.40812e-04	-1.95381e-05	3.43953e-06	2.98473e-05	-5.35814e-01	-2.14325e-01	1.62844e-01	6.88612e-02	7.04000e-02
-4.03252e-04	-1.78681e-05	3.17553e-06	2.92840e-05	-5.35448e-01	-2.14179e-01	1.69510e-01	6.77661e-02	7.04000e-02
-4.60467e-04	-2.04081e-05	3.59513e-06	2.54104e-05	-5.35382e-01	-2.14152e-01	1.76135e-01	6.66666e-02	7.04000e-02
-5.36356e-04	-2.37715e-05	4.18552e-06	2.07621e-05	-5.34571e-01	-2.13828e-01	1.82719e-01	6.55631e-02	7.04000e-02
-5.55590e-04	-2.46248e-05	4.32882e-06	1.87182e-05	-5.33497e-01	-2.13398e-01	1.89261e-01	6.44563e-02	7.04000e-02
-5.76794e-04	-2.55619e-05	4.50857e-06	1.82267e-05	-5.33428e-01	-2.13371e-01	1.95757e-01	6.33466e-02	7.04000e-02
-6.38424e-04	-2.82862e-05	5.02940e-06	1.70053e-05	-5.33613e-01	-2.13445e-01	2.02208e-01	6.22347e-02	7.04000e-02
-6.56926e-04	-2.91029e-05	5.19171e-06	1.60475e-05	-5.33003e-01	-2.13201e-01	2.08612e-01	6.11210e-02	7.04000e-02
-5.92307e-04	-2.62370e-05	4.69811e-06	1.58623e-05	-5.32400e-01	-2.12960e-01	2.14967e-01	6.00061e-02	7.04000e-02
-5.27916e-04	-2.33810e-05	4.20775e-06	1.50735e-05	-5.32435e-01	-2.12974e-01	2.21271e-01	5.88906e-02	7.04000e-02
-5.35348e-04	-2.36987e-05	4.33027e-06	1.43801e-05	-5.32696e-01	-2.13078e-01	2.27524e-01	5.77749e-02	7.04000e-02
-6.06438e-04	-2.68369e-05	4.95355e-06	1.44722e-05	-5.32860e-01	-2.13144e-01	2.33724e-01	5.66595e-02	7.04000e-02
-6.92161e-04	-3.06246e-05	5.68450e-06	1.36532e-05	-5.32734e-01	-2.13093e-01	2.39870e-01	5.55450e-02	7.04000e-02
-7.31688e-04	-3.23684e-05	6.03615e-06	1.17571e-05	-5.32032e-01	-2.12812e-01	2.45960e-01	5.44320e-02	7.04000e-02
-7.08969e-04	-3.13584e-05	5.87481e-06	1.04304e-05	-5.31289e-01	-2.12515e-01	2.51993e-01	5.33208e-02	7.04000e-02
-6.80730e-04	-3.00983e-05	5.69944e-06	9.62450e-06	-5.31307e-01	-2.12523e-01	2.57968e-01	5.22119e-02	7.04000e-02
-7.00415e-04	-3.09614e-05	5.90264e-06	9.21462e-06	-5.31681e-01	-2.12672e-01	2.63883e-01	5.11060e-02	7.04000e-02
-7.53591e-04	-3.33093e-05	6.36451e-06	9.99510e-06	-5.31794e-01	-2.12717e-01	2.69737e-01	5.00034e-02	7.04000e-02
-8.00719e-04	-3.53882e-05	6.78377e-06	1.06279e-05	-5.31682e-01	-2.12673e-01	2.75530e-01	4.89047e-02	7.04000e-02
-8.37718e-04	-3.70129e-05	7.15199e-06	9.06058e-06	-5.31579e-01	-2.12631e-01	2.81259e-01	4.78104e-02	7.04000e-02
-8.82446e-04	-3.89823e-05	7.56871e-06	6.15680e-06	-5.31595e-01	-2.12638e-01	2.86924e-01	4.67208e-02	7.04000e-02
-9.34794e-04	-4.12887e-05	8.04871e-06	3.53863e-06	-5.31668e-01	-2.12667e-01	2.92523e-01	4.56365e-02	7.04000e-02
-9.77544e-04	-4.31672e-05	8.46676e-06	1.59248e-06	-5.31697e-01	-2.12678e-01	2.98056e-01	4.45579e-02	7.04000e-02
-9.90242e-04	-4.37170e-05	8.63220e-06	9.23125e-07	-5.31527e-01	-2.12611e-01	3.03521e-01	4.34856e-02	7.04000e-02
-9.70471e-04	-4.28339e-05	8.51111e-06	1.92109e-06	-5.31233e-01	-2.12493e-01	3.08917e-01	4.24198e-02	7.04000e-02
-9.49027e-04	-4.18759e-05	8.38107e-06	3.75055e-06	-5.31126e-01	-2.12450e-01	3.14244e-01	4.13612e-02	7.04000e-02
-9.53208e-04	-4.20475e-05	8.48205e-06	5.47342e-06	-5.31117e-01	-2.12446e-01	3.19500e-01	4.03101e-02	7.04000e-02
-9.71825e-04	-4.28580e-05	8.70058e-06	6.52300e-06	-5.30986e-01	-2.12394e-01	3.24684e-01	3.92670e-02	7.04000e-02
-9.80476e-04	-4.32286e-05	8.83171e-06	6.36196e-06	-5.30832e-01	-2.12332e-01	3.29796e-01	3.82323e-02	7.04000e-02
-9.93384e-04	-4.37886e-05	8.99213e-06	5.33590e-06	-5.30852e-01	-2.12340e-01	3.34834e-01	3.72064e-02	7.04000e-02
-1.05596e-03	-4.65367e-05	9.60836e-06	4.92386e-06	-5.30971e-01	-2.12388e-01	3.39798e-01	3.61897e-02	7.04000e-02
-1.16379e-03	-5.12790e-05	1.06358e-05	5.67247e-06	-5.30596e-01	-2.12238e-01	3.44687e-01	3.51827e-02	7.04000e-02
-1.23035e-03	-5.42002e-05	1.13016e-05	6.08923e-06	-5.29485e-01	-2.11793e-01	3.49499e-01	3.41857e-02	7.04000e-02
-1.20131e-03	-5.29093e-05	1.10890e-05	5.30528e-06	-5.28417e-01	-2.11366e-01	3.54236e-01	3.31992e-02	7.04000e-02
-1.14950e-03	-5.06142e-05	1.06752e-05	4.70277e-06	-5.28012e-01	-2.11204e-01	3.58894e-01	3.22234e-02	7.04000e-02
-1.16230e-03	-5.11663e-05	1.08480e-05	5.00544e-06	-5.27783e-01	-2.11113e-01	3.63475e-01	3.12589e-02	7.04000e-02
-1.21942e-03	-5.36728e-05	1.14188e-05	5.23278e-06	-5.27245e-01	-2.10898e-01	3.67977e-01	3.03060e-02	7.04000e-02
-1.26718e-03	-5.57609e-05	1.19306e-05	5.42015e-06	-5.26611e-01	-2.10644e-01	3.72400e-01	2.93650e-02	7.04000e-02
-1.29959e-03	-5.71739e-05	1.22981e-05	6.64866e-06	-5.25987e-01	-2.10394e-01	3.76743e-01	2.84363e-02	7.04000e-02
-1.32492e-03	-5.82757e-05	1.25955e-05	8.75960e-06	-5.25209e-01	-2.10083e-01	3.81005e-01	2.75202e-02	7.04000e-02
-1.33692e-03	-5.87911e-05	1.27679e-05	1.06798e-05	-5.24278e-01	-2.09711e-01	3.85187e-01	2.66171e-02	7.04000e-02
-1.32880e-03	-5.84206e-05	1.27524e-05	1.19190e-05	-5.23302e-01	-2.09320e-01	3.89287e-01	2.57274e-02	7.04000e-02
-1.29442e-03	-5.68943e-05	1.24887e-05	1.25441e-05	-5.22377e-01	-2.08950e-01	3.93306e-01	2.48512e-02	7.04000e-02
-1.24604e-03	-5.47566e-05	1.20735e-05	1.26949e-05	-5.21707e-01	-2.08682e-01	3.97242e-01	2.39889e-02	7.04000e-02
-1.22579e-03	-5.38558e-05	1.19273e-05	1.25104e-05	-5.21281e-01	-2.08512e-01	4.01097e-01	2.31408e-02	7.04000e-02
-1.25324e-03	-5.50521e-05	1.22387e-05	1.20731e-05	-5.20626e-01	-2.08250e-01	4.04868e-01	2.23072e-02	7.04000e-02
-1.29791e-03	-5.70063e-05	1.27093e-05	1.15588e-05	-5.19559e-01	-2.07823e-01	4.08557e-01	2.14884e-02	7.04000e-02
-1.33169e-03	-5.84785e-05	1.30922e-05	1.13552e-05	-5.18397e-01	-2.07358e-01	4.12163e-01	2.06846e-02	7.04000e-02
-1.36042e-03	-5.97262e-05	1.34373e-05	1.16672e-05	-5.17249e-01	-2.06899e-01	4.15685e-01	1.98961e-02	7.04000e-02
-1.38655e-03	-6.08614e-05	1.37472e-05	1.23125e-05	-5.15971e-01	-2.06388e-01	4.19125e-01	1.91230e-02	7.04000e-02
-1.40431e-03	-6.16309e-05	1.39673e-05	1.28162e-05	-5.14589e-01	-2.05835e-01	4.22481e-01	1.83656e-02	7.04000e-02
-1.42879e-03	-6.26920e-05	1.42693e-05	1.25375e-05	-5.13286e-01	-2.05314e-01	4.25754e-01	1.76242e-02	7.04000e-02
-1.48211e-03	-6.50209e-05	1.48502e-05	1.14646e-05	-5.12083e-01	-2.04833e-01	4.28943e-01	1.68988e-02	7.04000e-02
-1.55225e-03	-6.80869e-05	1.56009e-05	1.08021e-05	-5.10744e-01	-2.04297e-01	4.32050e-01	1.61897e-02	7.04000e-02
-1.59136e-03	-6.97864e-05	1.60629e-05	1.18445e-05	-5.09080e-01	-2.03631e-01	4.35073e-01	1.54971e-02	7.04000e-02
-1.56143e-03	-6.84580e-05	1.58306e-05	1.45005e-05	-5.07297e-01	-2.02918e-01	4.38014e-01	1.48210e-02	7.04000e-02
-1.48122e-03	-6.49298e-05	1.50665e-05	1.73290e-05	-5.05791e-01	-2.02316e-01	4.40873e-01	1.41616e-02	7.04000e-02
-1.40488e-03	-6.15790e-05	1.43083e-05	1.88258e-05	-5.04659e-01	-2.01863e-01	4.43649e-01	1.35190e-02	7.04000e-02
-1.36520e-03	-5.98348e-05	1.39260e-05	1.85971e-05	-5.03665e-01	-2.01466e-01	4.46343e-01	1.28933e-02	7.04000e-02
-1.36087e-03	-5.96335e-05	1.39318e-05	1.75528e-05	-5.02600e-01	-2.01040e-01	4.48956e-01	1.22846e-02	7.04000e-02
-1.37917e-03	-6.04216e-05	1.41773e-05	1.70124e-05	-5.01416e-01	-2.00566e-01	4.51489e-01	1.16929e-02	7.04000e-02
-1.40486e-03	-6.15362e-05	1.44887e-05	1.72973e-05	-5.00133e-01	-2.00053e-01	4.53940e-01	1.11183e-02	7.04000e-02
-1.42148e-03	-6.22556e-05	1.46953e-05	1.75848e-05	-4.98844e-01	-1.99537e-01	4.56312e-01	1.05608e-02	7.04000e-02
-1.42548e-03	-6.24231e-05	1.47695e-05	1.72488e-05	-4.97636e-01	-1.99054e-01	4.58605e-01	1.00204e-02	7.04000e-02
-1.42400e-03	-6.23485e-05	1.47955e-05	1.64639e-05	-4.96474e-01	-1.98589e-01	4.60820e-01	9.49701e-03	7.04000e-02
-1.41794e-03	-6.20730e-05	1.47758e-05	1.56447e-05	-4.95331e-01	-1.98132e-01	4.62956e-01	8.99069e-03	7.04000e-02
-1.40784e-03	-6.16198e-05	1.47161e-05	1.50409e-05	-4.94221e-01	-1.97688e-01	4.65016e-01	8.50137e-03	7.04000e-02
-1.39608e-03	-6.10939e-05	1.46409e-05	1.45920e-05	-4.93118e-01	-1.97247e-01	4.67000e-01	8.02895e-03	7.04000e-02
-1.38176e-03	-6.04583e-05	1.45283e-05	1.40991e-05	-4.92035e-01	-1.96813e-01	4.68909e-01	7.57335e-03	7.04000e-02
-1.36184e-03	-5.95829e-05	1.43337e-05	1.34749e-05	-4.90995e-01	-1.96397e-01	4.70743e-01	7.13444e-03	7.04000e-02
-1.33968e-03	-5.86122e-05	1.41048e-05	1.28365e-05	-4.89986e-01	-1.95994e-01	4.72505e-01	6.71210e-03	7.04000e-02
-1.32359e-03	-5.79044e-05	1.39516e-05	1.23530e-05	-4.89013e-01	-1.95605e-01	4.74194e-01	6.30615e-03	7.04000e-02
-1.31394e-03	-5.74733e-05	1.38876e-05	1.20078e-05	-4.88079e-01	-1.95231e-01	4.75813e-01	5.91643e-03	7.04000e-02
-1.29694e-03	-5.67224e-05	1.37383e-05	1.17011e-05	-4.87220e-01	-1.94887e-01	4.77362e-01	5.54273e-03	7.04000e-02
-1.27154e-03	-5.56058e-05	1.34914e-05	1.15312e-05	-4.86470e-01	-1.94588e-01	4.78843e-01	5.18484e-03	7.04000e-02
-1.25592e-03	-5.49171e-05	1.33509e-05	1.16827e-05	-4.85791e-01	-1.94316e-01	4.80257e-01	4.84251e-03	7.04000e-02
-1.25644e-03	-5.49343e-05	1.33785e-05	1.22229e-05	-4.85105e-01	-1.94041e-01	4.81605e-01	4.51547e-03	7.04000e-02
-1.25680e-03	-5.49454e-05	1.34015e-05	1.30535e-05	-4.84381e-01	-1.93752e-01	4.82890e-01	4.20344e-03	7.04000e-02
-1.24569e-03	-5.44529e-05	1.33112e-05	1.39873e-05	-4.83663e-01	-1.93465e-01	4.84112e-01	3.90611e-03	7.04000e-02
-1.22823e-03	-5.36813e-05	1.31582e-05	1.47892e-05	-4.82960e-01	-1.93184e-01	4.85274e-01	3.62316e-03	7.04000e-02
-1.21573e-03	-5.31313e-05	1.30391e-05	1.53307e-05	-4.82251e-01	-1.92900e-01	4.86376e-01	3.35423e-03	7.04000e-02
-1.21098e-03	-5.29212e-05	1.29983e-05	1.56877e-05	-4.81534e-01	-1.92613e-01	4.87421e-01	3.09896e-03	7.04000e-02
-1.20312e-03	-5.25726e-05	1.29352e-05	1.58855e-05	-4.80818e-01	-1.92327e-01	4.88410e-01	2.85693e-03	7.04000e-02
-1.18506e-03	-5.17787e-05	1.27589e-05	1.58493e-05	-4.80198e-01	-1.92079e-01	4.89346e-01	2.62775e-03	7.04000e-02
-1.15810e-03	-5.05957e-05	1.24903e-05	1.56284e-05	-4.79650e-01	-1.91860e-01	4.90231e-01	2.41097e-03	7.04000e-02
-1.12901e-03	-4.93249e-05	1.21755e-05	1.54953e-05	-4.79179e-01	-1.91671e-01	4.91065e-01	2.20613e-03	7.04000e-02
-1.10005e-03	-4.80588e-05	1.18671e-05	1.57171e-05	-4.78756e-01	-1.91502e-01	4.91852e-01	2.01275e-03	7.04000e-02
-1.06758e-03	-4.66377e-05	1.15270e-05	1.63356e-05	-4.78299e-01	-1.91319e-01	4.92594e-01	1.83033e-03	7.04000e-02
-1.03020e-03	-4.50101e-05	1.11017e-05	1.71602e-05	-4.77969e-01	-1.91187e-01	4.93293e-01	1.65833e-03	7.04000e-02
-9.85321e-04	-4.30291e-05	1.07002e-05	1.79388e-05	-4.77552e-01	-1.91020e-01	4.93951e-01	1.49622e-03	7.04000e-02
-9.36004e-04	-4.08980e-05	1.00727e-05	1.85037e-05	-4.77241e-01	-1.90896e-01	4.94571e-01	1.34343e-03	7.04000e-02
-8.83392e-04	-3.85707e-05	9.62229e-06	1.88314e-05	-4.76974e-01	-1.90789e-01	4.95155e-01	1.19936e-03	7.04000e-02
-8.23919e-04	-3.59975e-05	8.87916e-06	1.90026e-05	-4.76577e-01	-1.90630e-01	4.95706e-01	1.06340e-03	7.04000e-02
-7.63344e-04	-3.33335e-05	8.29667e-06	1.91079e-05	-4.76560e-01	-1.90624e-01	4.96226e-01	9.34927e-04	7.04000e-02
-6.94886e-04	-3.03317e-05	7.60264e-06	1.92153e-05	-4.76046e-01	-1.90418e-01	4.96718e-01	8.13275e-04	7.04000e-02
-6.18274e-04	-2.70258e-05	6.61034e-06	1.93766e-05	-4.76198e-01	-1.90479e-01	4.97185e-01	6.97771e-04	7.04000e-02
-5.45718e-04	-2.37481e-05	6.26324e-06	1.94811e-05	-4.75858e-01	-1.90343e-01	4.97629e-01	5.87718e-04	7.04000e-02
-4.46579e-04	-1.95738e-05	4.56016e-06	1.95712e-05	-4.75684e-01	-1.90273e-01	4.98055e-01	4.82395e-04	7.04000e-02
-4.04099e-04	-1.74280e-05	5.27197e-06	1.94863e-05	-4.76356e-01	-1.90542e-01	4.98464e-01	3.81060e-04	7.04000e-02
-3.13369e-04	-1.37119e-05	3.29371e-06	1.89811e-05	-4.75094e-01	-1.90037e-01	4.98860e-01	2.82952e-04	7.04000e-02
-3.99971e-04	-1.72670e-05	5.14884e-06	1.89361e-05	-4.79356e-01	-1.91742e-01	4.99245e-01	1.87284e-04	7.04000e-02
-6.95003e-04	-2.85728e-05	1.47117e-05	1.73495e-05	-4.79066e-01	-1.91626e-01	4.99624e-01	9.32512e-05	7.04000e-02
-6.08483e-04	-3.64497e-05	-3.31449e-05	1.05167e-05	-4.83397e-01	-1.93358e-01	5.00000e-01	0.00000e+00	7.04000e-02
