"Density"	"Momentum:0"	"Momentum:1"	"Momentum:2"	"StagnationEnergy"	"Pressure"	"Points:0"	"Points:1"	"Points:2"
1.97202e-02	-5.36634e-04	1.16388e-03	-8.50278e-04	-5.07590e-01	-2.03060e-01	-4.98120e-01	0.00000e+00	5.28000e-02
3.60793e-03	2.66313e-04	2.00565e-04	-2.47743e-04	-7.74475e-01	-3.09799e-01	-4.98067e-01	2.24938e-03	5.28000e-02
8.98057e-03	3.13194e-04	5.02052e-04	-3.05319e-04	-6.93070e-01	-2.77238e-01	-4.97907e-01	4.49370e-03	5.28000e-02
1.49781e-02	3.65146e-04	8.37514e-04	-3.10407e-04	-7.89030e-01	-3.15624e-01	-4.97640e-01	6.72780e-03	5.28000e-02
1.63735e-02	4.27611e-04	8.95192e-04	-2.84939e-04	-8.21693e-01	-3.28690e-01	-4.97266e-01	8.94651e-03	5.28000e-02
1.84075e-02	4.61443e-04	9.94063e-04	-2.78747e-04	-9.03205e-01	-3.61296e-01	-4.96787e-01	1.11448e-02	5.28000e-02
1.96751e-02	5.20357e-04	1.03902e-03	-2.50229e-04	-9.93682e-01	-3.97487e-01	-4.96204e-01	1.33180e-02	5.28000e-02
2.01646e-02	5.49602e-04	1.04340e-03	-2.36107e-04	-1.05765e+00	-4.23076e-01	-4.95521e-01	1.54618e-02	5.28000e-02
2.04356e-02	5.82567e-04	1.03209e-03	-2.11741e-04	-1.14722e+00	-4.58902e-01	-4.94741e-01	1.75724e-02	5.28000e-02
2.02138e-02	6.01964e-04	9.95322e-04	-1.94868e-04	-1.20577e+00	-4.82320e-01	-4.93914e-01	1.95458e-02	5.28000e-02
1.98278e-02	6.10855e-04	9.53743e-04	-1.79624e-04	-1.26119e+00	-5.04490e-01	-4.93084e-01	2.13286e-02	5.28000e-02
1.92818e-02	6.15546e-04	9.04673e-04	-1.64122e-04	-1.30766e+00	-5.23076e-01	-4.92247e-01	2.29723e-02	5.28000e-02
1.86059e-02	6.10434e-04	8.53158e-04	-1.53133e-04	-1.34064e+00	-5.36268e-01	-4.91401e-01	2.45110e-02	5.28000e-02
1.78940e-02	6.03119e-04	8.01180e-04	-1.39973e-04	-1.37306e+00	-5.49236e-01	-4.90542e-01	2.59687e-02	5.28000e-02
1.70878e-02	5.89132e-04	7.47774e-04	-1.29417e-04	-1.39487e+00	-5.57958e-01	-4.89667e-01	2.73629e-02	5.28000e-02
1.62591e-02	5.72057e-04	6.95534e-04	-1.17989e-04	-1.41397e+00	-5.65599e-01	-4.88774e-01	2.87071e-02	5.28000e-02
1.53862e-02	5.51070e-04	6.43726e-04	-1.06573e-04	-1.42809e+00	-5.71246e-01	-4.87860e-01	3.00118e-02	5.28000e-02
1.44764e-02	5.26367e-04	5.92843e-04	-9.51224e-05	-1.43718e+00	-5.74879e-01	-4.86921e-01	3.12852e-02	5.28000e-02
1.35484e-02	4.98847e-04	5.43630e-04	-8.28282e-05	-1.44389e+00	-5.77566e-01	-4.85956e-01	3.25340e-02	5.28000e-02
1.25899e-02	4.68263e-04	4.95594e-04	-7.00000e-05	-1.44647e+00	-5.78596e-01	-4.84961e-01	3.37637e-02	5.28000e-02
1.16249e-02	4.35189e-04	4.50045e-04	-5.58210e-05	-1.44636e+00	-5.78550e-01	-4.83935e-01	3.49786e-02	5.28000e-02
1.06619e-02	4.00254e-04	4.07216e-04	-4.02444e-05	-1.44376e+00	-5.77510e-01	-4.82875e-01	3.61824e-02	5.28000e-02
9.69742e-03	3.63706e-04	3.66723e-04	-2.38502e-05	-1.43842e+00	-5.75375e-01	-4.81778e-01	3.73782e-02	5.28000e-02
8.73915e-03	3.26261e-04	3.28570e-04	-7.16134e-06	-1.43146e+00	-5.72588e-01	-4.80642e-01	3.85683e-02	5.28000e-02
7.78628e-03	2.88055e-04	2.92587e-04	9.72434e-06	-1.42282e+00	-5.69134e-01	-4.79465e-01	3.97549e-02	5.28000e-02
6.85830e-03	2.49652e-04	2.59727e-04	2.76735e-05	-1.41327e+00	-5.65313e-01	-4.78244e-01	4.09395e-02	5.28000e-02
6.01861e-03	2.13687e-04	2.32075e-04	4.67479e-05	-1.40311e+00	-5.61247e-01	-4.76979e-01	4.21234e-02	5.28000e-02
5.34111e-03	1.83826e-04	2.11258e-04	6.50837e-05	-1.39274e+00	-5.57099e-01	-4.75666e-01	4.33076e-02	5.28000e-02
4.84986e-03	1.62273e-04	1.96440e-04	7.93086e-05	-1.38295e+00	-5.53182e-01	-4.74304e-01	4.44930e-02	5.28000e-02
4.47271e-03	1.47287e-04	1.83548e-04	8.63437e-05	-1.37425e+00	-5.49702e-01	-4.72891e-01	4.56802e-02	5.28000e-02
4.07324e-03	1.33714e-04	1.67421e-04	8.52334e-05	-1.36718e+00	-5.46873e-01	-4.71425e-01	4.68694e-02	5.28000e-02
3.53615e-03	1.16342e-04	1.44882e-04	7.76591e-05	-1.36181e+00	-5.44727e-01	-4.69904e-01	4.80611e-02	5.28000e-02
2.83492e-03	9.30918e-05	1.16348e-04	6.66772e-05	-1.35794e+00	-5.43176e-01	-4.68327e-01	4.92551e-02	5.28000e-02
2.05900e-03	6.66263e-05	8.58976e-05	5.52562e-05	-1.35529e+00	-5.42116e-01	-4.66692e-01	5.04516e-02	5.28000e-02
1.33958e-03	4.17297e-05	5.82882e-05	4.47254e-05	-1.35360e+00	-5.41441e-01	-4.64998e-01	5.16504e-02	5.28000e-02
7.74775e-04	2.22535e-05	3.66206e-05	3.52661e-05	-1.35267e+00	-5.41070e-01	-4.63243e-01	5.28513e-02	5.28000e-02
3.92111e-04	9.49453e-06	2.13659e-05	2.66449e-05	-1.35236e+00	-5.40946e-01	-4.61426e-01	5.40539e-02	5.28000e-02
1.68861e-04	2.71690e-06	1.14751e-05	1.84877e-05	-1.35262e+00	-5.41047e-01	-4.59545e-01	5.52578e-02	5.28000e-02
5.68891e-05	1.17807e-07	5.23444e-06	1.05645e-05	-1.35333e+00	-5.41331e-01	-4.57599e-01	5.64627e-02	5.28000e-02
8.36219e-06	-3.97239e-08	8.81833e-07	2.85058e-06	-1.35441e+00	-5.41764e-01	-4.55588e-01	5.76679e-02	5.28000e-02
-4.08010e-06	1.14503e-06	-2.41392e-06	-5.03562e-06	-1.35596e+00	-5.42384e-01	-4.53509e-01	5.88730e-02	5.28000e-02
-1.13356e-05	2.37040e-06	-5.44841e-06	-1.35142e-05	-1.35800e+00	-5.43196e-01	-4.51361e-01	6.00774e-02	5.28000e-02
-4.02011e-05	2.72907e-06	-9.28863e-06	-2.21269e-05	-1.36033e+00	-5.44128e-01	-4.49145e-01	6.12803e-02	5.28000e-02
-6.52562e-05	3.17082e-06	-1.30721e-05	-3.07015e-05	-1.36257e+00	-5.45025e-01	-4.46858e-01	6.24812e-02	5.28000e-02
-4.41910e-05	5.26671e-06	-1.53428e-05	-3.95209e-05	-1.36461e+00	-5.45834e-01	-4.44500e-01	6.36793e-02	5.28000e-02
3.92996e-05	9.81480e-06	-1.59249e-05	-4.73479e-05	-1.36670e+00	-5.46692e-01	-4.42070e-01	6.48738e-02	5.28000e-02
1.74936e-04	1.62075e-05	-1.47071e-05	-5.18154e-05	-1.36909e+00	-5.47638e-01	-4.39567e-01	6.60641e-02	5.28000e-02
3.03402e-04	2.14915e-05	-1.20557e-05	-5.18375e-05	-1.37209e+00	-5.48839e-01	-4.36990e-01	6.72494e-02	5.28000e-02
3.76402e-04	2.36729e-05	-9.01268e-06	-4.77654e-05	-1.37561e+00	-5.50245e-01	-4.34339e-01	6.84289e-02	5.28000e-02
4.21672e-04	2.43802e-05	-5.80198e-06	-4.04720e-05	-1.37923e+00	-5.51691e-01	-4.31613e-01	6.96018e-02	5.28000e-02
4.75109e-04	2.53774e-05	-2.10865e-06	-3.19284e-05	-1.38315e+00	-5.53259e-01	-4.28812e-01	7.07673e-02	5.28000e-02
5.10489e-04	2.57922e-05	8.99178e-07	-2.51074e-05	-1.38737e+00	-5.54947e-01	-4.25935e-01	7.19246e-02	5.28000e-02
4.92118e-04	2.44782e-05	1.44584e-06	-2.27864e-05	-1.39136e+00	-5.56546e-01	-4.22981e-01	7.30729e-02	5.28000e-02
4.88215e-04	2.43657e-05	8.15621e-07	-2.41448e-05	-1.39515e+00	-5.58061e-01	-4.19951e-01	7.42113e-02	5.28000e-02
6.44062e-04	3.10791e-05	3.51782e-06	-2.29867e-05	-1.39995e+00	-5.59980e-01	-4.16843e-01	7.53391e-02	5.28000e-02
9.54094e-04	4.40574e-05	1.03087e-05	-1.48653e-05	-1.40697e+00	-5.62788e-01	-4.13658e-01	7.64553e-02	5.28000e-02
1.19951e-03	5.41296e-05	1.61754e-05	-4.92534e-06	-1.41587e+00	-5.66350e-01	-4.10395e-01	7.75593e-02	5.28000e-02
1.21938e-03	5.46231e-05	1.72562e-05	-3.10785e-07	-1.42678e+00	-5.70712e-01	-4.07054e-01	7.86502e-02	5.28000e-02
1.07621e-03	4.80728e-05	1.53303e-05	4.66185e-07	-1.44025e+00	-5.76102e-01	-4.03636e-01	7.97272e-02	5.28000e-02
8.44938e-04	3.76644e-05	1.20470e-05	5.64498e-07	-1.45459e+00	-5.81837e-01	-4.00138e-01	8.07894e-02	5.28000e-02
3.96927e-04	1.80263e-05	4.39299e-06	-4.82039e-06	-1.46775e+00	-5.87099e-01	-3.96563e-01	8.18361e-02	5.28000e-02
-3.65334e-04	-1.51845e-05	-8.99015e-06	-1.87941e-05	-1.47813e+00	-5.91250e-01	-3.92909e-01	8.28666e-02	5.28000e-02
-1.21679e-03	-5.25865e-05	-2.25953e-05	-3.40679e-05	-1.48431e+00	-5.93724e-01	-3.89178e-01	8.38799e-02	5.28000e-02
-1.92549e-03	-8.39392e-05	-3.28521e-05	-4.53273e-05	-1.48847e+00	-5.95387e-01	-3.85367e-01	8.48754e-02	5.28000e-02
-2.57947e-03	-1.13024e-04	-4.14797e-05	-5.68844e-05	-1.49054e+00	-5.96216e-01	-3.81479e-01	8.58523e-02	5.28000e-02
-3.16192e-03	-1.39218e-04	-4.77058e-05	-6.48265e-05	-1.48259e+00	-5.93034e-01	-3.77514e-01	8.68099e-02	5.28000e-02
-3.54596e-03	-1.56984e-04	-4.93328e-05	-6.00476e-05	-1.46086e+00	-5.84343e-01	-3.73470e-01	8.77475e-02	5.28000e-02
-3.91567e-03	-1.74129e-04	-5.03686e-05	-5.93933e-05	-1.42309e+00	-5.69234e-01	-3.69349e-01	8.86643e-02	5.28000e-02
-4.17345e-03	-1.84735e-04	-5.71251e-05	-8.66182e-05	-1.36742e+00	-5.46964e-01	-3.65151e-01	8.95596e-02	5.28000e-02
-4.12880e-03	-1.81353e-04	-6.31265e-05	-1.26778e-04	-1.30758e+00	-5.23029e-01	-3.60877e-01	9.04328e-02	5.28000e-02
-4.07585e-03	-1.78722e-04	-6.38938e-05	-1.49061e-04	-1.24575e+00	-4.98298e-01	-3.56526e-01	9.12832e-02	5.28000e-02
-3.99904e-03	-1.75634e-04	-6.13154e-05	-1.51339e-04	-1.16631e+00	-4.66521e-01	-3.52099e-01	9.21103e-02	5.28000e-02
-3.27501e-03	-1.43770e-04	-5.07574e-05	-1.38545e-04	-1.07100e+00	-4.28396e-01	-3.47597e-01	9.29132e-02	5.28000e-02
-1.80981e-03	-7.85331e-05	-3.37242e-05	-1.10949e-04	-9.81456e-01	-3.92580e-01	-3.43020e-01	9.36916e-02	5.28000e-02
-2.19437e-04	-7.73970e-06	-1.54368e-05	-8.29827e-05	-9.12202e-01	-3.64874e-01	-3.38369e-01	9.44447e-02	5.28000e-02
1.29554e-03	5.99816e-05	-1.62002e-07	-5.94986e-05	-8.50591e-01	-3.40237e-01	-3.33644e-01	9.51721e-02	5.28000e-02
3.06020e-03	1.39084e-04	1.58393e-05	-2.77312e-05	-7.99067e-01	-3.19628e-01	-3.28846e-01	9.58732e-02	5.28000e-02
4.59466e-03	2.07570e-04	3.14244e-05	1.30284e-05	-7.77443e-01	-3.10979e-01	-3.23975e-01	9.65475e-02	5.28000e-02
5.32427e-03	2.39710e-04	4.15338e-05	5.63938e-05	-7.72447e-01	-3.08981e-01	-3.19033e-01	9.71945e-02	5.28000e-02
5.78661e-03	2.60092e-04	4.77637e-05	9.05316e-05	-7.62773e-01	-3.05112e-01	-3.14020e-01	9.78138e-02	5.28000e-02
6.35651e-03	2.85802e-04	5.08654e-05	1.06240e-04	-7.55826e-01	-3.02333e-01	-3.08936e-01	9.84049e-02	5.28000e-02
6.49414e-03	2.92149e-04	4.97541e-05	1.12762e-04	-7.58131e-01	-3.03255e-01	-3.03783e-01	9.89675e-02	5.28000e-02
6.20916e-03	2.79354e-04	4.66506e-05	1.18477e-04	-7.59932e-01	-3.03976e-01	-2.98562e-01	9.95011e-02	5.28000e-02
6.20288e-03	2.79266e-04	4.39381e-05	1.15527e-04	-7.56767e-01	-3.02710e-01	-2.93272e-01	1.00005e-01	5.28000e-02
6.47365e-03	2.91836e-04	4.08132e-05	1.04080e-04	-7.56776e-01	-3.02713e-01	-2.87916e-01	1.00480e-01	5.28000e-02
6.39254e-03	2.88412e-04	3.65404e-05	9.24692e-05	-7.61540e-01	-3.04619e-01	-2.82495e-01	1.00925e-01	5.28000e-02
5.91903e-03	2.67205e-04	3.07995e-05	8.11391e-05	-7.62868e-01	-3.05150e-01	-2.77008e-01	1.01339e-01	5.28000e-02
5.47192e-03	2.47144e-04	2.56917e-05	6.83184e-05	-7.60282e-01	-3.04115e-01	-2.71457e-01	1.01723e-01	5.28000e-02
5.29775e-03	2.39390e-04	2.19979e-05	5.72495e-05	-7.60642e-01	-3.04259e-01	-2.65844e-01	1.02077e-01	5.28000e-02
5.29123e-03	2.39159e-04	1.96051e-05	5.10789e-05	-7.66299e-01	-3.06522e-01	-2.60168e-01	1.02399e-01	5.28000e-02
5.21254e-03	2.35631e-04	1.74034e-05	4.68649e-05	-7.71845e-01	-3.08740e-01	-2.54432e-01	1.02691e-01	5.28000e-02
5.06845e-03	2.29145e-04	1.48676e-05	4.23264e-05	-7.72700e-01	-3.09082e-01	-2.48637e-01	1.02951e-01	5.28000e-02
4.90186e-03	2.21619e-04	1.26685e-05	3.80792e-05	-7.73573e-01	-3.09431e-01	-2.42783e-01	1.03180e-01	5.28000e-02
4.68694e-03	2.11888e-04	1.08445e-05	3.63689e-05	-7.75179e-01	-3.10074e-01	-2.36871e-01	1.03378e-01	5.28000e-02
4.64811e-03	2.10106e-04	9.90994e-06	4.16558e-05	-7.73116e-01	-3.09248e-01	-2.30904e-01	1.03544e-01	5.28000e-02
4.79764e-03	2.16834e-04	9.56246e-06	4.99154e-05	-7.72350e-01	-3.08942e-01	-2.24882e-01	1.03679e-01	5.28000e-02
4.79017e-03	2.16476e-04	8.32622e-06	4.96485e-05	-7.74729e-01	-3.09894e-01	-2.18806e-01	1.03782e-01	5.28000e-02
4.56685e-03	2.06367e-04	6.10009e-06	4.13457e-05	-7.74428e-01	-3.09773e-01	-2.12677e-01	1.03854e-01	5.28000e-02
4.29536e-03	1.94072e-04	4.34416e-06	3.53390e-05	-7.72557e-01	-3.09024e-01	-2.06498e-01	1.03895e-01	5.28000e-02
3.97540e-03	1.79586e-04	3.37759e-06	3.60679e-05	-7.72078e-01	-3.08833e-01	-2.00269e-01	1.03904e-01	5.28000e-02
3.71522e-03	1.67806e-04	2.67132e-06	3.91302e-05	-7.69676e-01	-3.07872e-01	-1.93991e-01	1.03883e-01	5.28000e-02
3.68611e-03	1.66462e-04	1.72476e-06	3.93259e-05	-7.63972e-01	-3.05590e-01	-1.87667e-01	1.03830e-01	5.28000e-02
3.70588e-03	1.67319e-04	6.67410e-07	3.76223e-05	-7.60094e-01	-3.04039e-01	-1.81297e-01	1.03746e-01	5.28000e-02
3.48554e-03	1.57336e-04	-2.62240e-07	3.41615e-05	-7.59659e-01	-3.03865e-01	-1.74882e-01	1.03632e-01	5.28000e-02
3.14834e-03	1.42076e-04	-1.24269e-06	2.67438e-05	-7.56887e-01	-3.02756e-01	-1.68425e-01	1.03487e-01	5.28000e-02
2.91822e-03	1.31647e-04	-2.21003e-06	1.96411e-05	-7.50520e-01	-3.00209e-01	-1.61926e-01	1.03312e-01	5.28000e-02
2.71156e-03	1.22294e-04	-2.54523e-06	1.97945e-05	-7.44606e-01	-2.97844e-01	-1.55387e-01	1.03107e-01	5.28000e-02
2.45132e-03	1.10554e-04	-2.09276e-06	2.75058e-05	-7.38424e-01	-2.95371e-01	-1.48810e-01	1.02873e-01	5.28000e-02
2.22646e-03	1.00424e-04	-1.48583e-06	3.78856e-05	-7.30637e-01	-2.92256e-01	-1.42195e-01	1.02609e-01	5.28000e-02
2.01011e-03	9.06708e-05	-1.19102e-06	4.22120e-05	-7.22327e-01	-2.88932e-01	-1.35545e-01	1.02316e-01	5.28000e-02
1.77153e-03	7.98846e-05	-1.54935e-06	3.52590e-05	-7.11866e-01	-2.84747e-01	-1.28862e-01	1.01994e-01	5.28000e-02
1.61395e-03	7.27403e-05	-2.12641e-06	2.71546e-05	-6.99933e-01	-2.79974e-01	-1.22145e-01	1.01643e-01	5.28000e-02
1.51922e-03	6.84638e-05	-2.10898e-06	2.93175e-05	-6.89792e-01	-2.75918e-01	-1.15398e-01	1.01265e-01	5.28000e-02
1.36323e-03	6.14493e-05	-1.64801e-06	3.63675e-05	-6.81070e-01	-2.72429e-01	-1.08621e-01	1.00859e-01	5.28000e-02
1.11777e-03	5.04063e-05	-1.05056e-06	3.90414e-05	-6.72921e-01	-2.69169e-01	-1.01817e-01	1.00426e-01	5.28000e-02
7.98527e-04	3.60321e-05	-4.68324e-07	3.74299e-05	-6.65079e-01	-2.66032e-01	-9.49864e-02	9.99662e-02	5.28000e-02
4.54486e-04	2.05513e-05	2.97546e-07	3.31429e-05	-6.55778e-01	-2.62312e-01	-8.81311e-02	9.94800e-02	5.28000e-02
2.54308e-04	1.15312e-05	5.49255e-07	2.63431e-05	-6.43697e-01	-2.57479e-01	-8.12529e-02	9.89679e-02	5.28000e-02
3.19838e-04	1.44469e-05	-7.32693e-08	2.19720e-05	-6.31443e-01	-2.52578e-01	-7.43533e-02	9.84304e-02	5.28000e-02
5.38772e-04	2.42864e-05	-7.73826e-07	2.41414e-05	-6.22036e-01	-2.48815e-01	-6.74339e-02	9.78679e-02	5.28000e-02
6.96485e-04	3.13667e-05	-1.37490e-06	2.75665e-05	-6.14722e-01	-2.45889e-01	-6.04964e-02	9.72810e-02	5.28000e-02
6.95510e-04	3.13090e-05	-1.55382e-06	2.66095e-05	-6.08993e-01	-2.43598e-01	-5.35423e-02	9.66703e-02	5.28000e-02
6.38368e-04	2.87229e-05	-1.59738e-06	2.38326e-05	-6.04613e-01	-2.41846e-01	-4.65735e-02	9.60361e-02	5.28000e-02
6.33839e-04	2.84929e-05	-1.87900e-06	2.05649e-05	-6.01621e-01	-2.40649e-01	-3.95914e-02	9.53791e-02	5.28000e-02
5.76418e-04	2.59068e-05	-1.76887e-06	1.65395e-05	-5.98420e-01	-2.39368e-01	-3.25979e-02	9.46997e-02	5.28000e-02
4.27813e-04	1.92346e-05	-1.25510e-06	1.59538e-05	-5.91366e-01	-2.36547e-01	-2.55944e-02	9.39986e-02	5.28000e-02
3.80642e-04	1.71262e-05	-1.00822e-06	1.99625e-05	-5.82990e-01	-2.33196e-01	-1.85828e-02	9.32762e-02	5.28000e-02
4.62786e-04	2.08113e-05	-1.34453e-06	2.32548e-05	-5.78928e-01	-2.31571e-01	-1.15647e-02	9.25332e-02	5.28000e-02
4.35595e-04	1.95736e-05	-1.41586e-06	2.17526e-05	-5.78067e-01	-2.31227e-01	-4.54175e-03	9.17701e-02	5.28000e-02
2.16998e-04	9.78068e-06	-4.46820e-07	1.74261e-05	-5.75749e-01	-2.30300e-01	2.48437e-03	9.09875e-02	5.28000e-02
-1.06367e-05	-4.13681e-07	5.92332e-07	1.63080e-05	-5.71515e-01	-2.28601e-01	9.51195e-03	9.01860e-02	5.28000e-02
-6.21078e-05	-2.68625e-06	1.09386e-06	2.07132e-05	-5.65947e-01	-2.26377e-01	1.65393e-02	8.93661e-02	5.28000e-02
1.31664e-04	5.97361e-06	3.15921e-08	2.48257e-05	-5.59549e-01	-2.23821e-01	2.35648e-02	8.85284e-02	5.28000e-02
4.10779e-04	1.84377e-05	-1.56619e-06	2.42669e-05	-5.56759e-01	-2.22704e-01	3.05867e-02	8.76736e-02	5.28000e-02
4.92962e-04	2.20920e-05	-2.16630e-06	2.21217e-05	-5.57188e-01	-2.22876e-01	3.76033e-02	8.68022e-02	5.28000e-02
3.31826e-04	1.48842e-05	-1.35829e-06	2.24665e-05	-5.56994e-01	-2.22798e-01	4.46130e-02	8.59148e-02	5.28000e-02
1.30521e-04	5.91270e-06	-9.02410e-08	2.52854e-05	-5.55990e-01	-2.22397e-01	5.16140e-02	8.50120e-02	5.28000e-02
4.73017e-05	2.20072e-06	4.00815e-07	2.90279e-05	-5.53933e-01	-2.21577e-01	5.86047e-02	8.40944e-02	5.28000e-02
6.86049e-05	3.16290e-06	3.50224e-07	3.32626e-05	-5.51887e-01	-2.20758e-01	6.55835e-02	8.31626e-02	5.28000e-02
1.02553e-04	4.68161e-06	1.66762e-07	3.68207e-05	-5.50847e-01	-2.20342e-01	7.25485e-02	8.22172e-02	5.28000e-02
1.31130e-04	5.95242e-06	-4.50506e-08	3.82805e-05	-5.49721e-01	-2.19891e-01	7.94983e-02	8.12588e-02	5.28000e-02
1.78459e-04	8.05783e-06	-3.80842e-07	3.81138e-05	-5.48419e-01	-2.19369e-01	8.64311e-02	8.02880e-02	5.28000e-02
1.84221e-04	8.30452e-06	-4.97878e-07	3.58871e-05	-5.46738e-01	-2.18697e-01	9.33452e-02	7.93054e-02	5.28000e-02
9.71136e-05	4.40732e-06	-6.37075e-08	2.97232e-05	-5.44076e-01	-2.17632e-01	1.00239e-01	7.83116e-02	5.28000e-02
-1.31436e-05	-5.23844e-07	5.03325e-07	2.25895e-05	-5.41516e-01	-2.16599e-01	1.07111e-01	7.73071e-02	5.28000e-02
-6.64912e-05	-2.90576e-06	8.03446e-07	2.13734e-05	-5.40367e-01	-2.16146e-01	1.13959e-01	7.62926e-02	5.28000e-02
-9.24293e-05	-4.04967e-06	1.04154e-06	2.65013e-05	-5.40154e-01	-2.16060e-01	1.20783e-01	7.52686e-02	5.28000e-02
-1.68420e-04	-7.41761e-06	1.63621e-06	3.13630e-05	-5.39806e-01	-2.15921e-01	1.27579e-01	7.42357e-02	5.28000e-02
-3.11765e-04	-1.37878e-05	2.64972e-06	3.26335e-05	-5.38664e-01	-2.15465e-01	1.34347e-01	7.31945e-02	5.28000e-02
-4.75515e-04	-2.10713e-05	3.76514e-06	3.23645e-05	-5.36770e-01	-2.14707e-01	1.41085e-01	7.21456e-02	5.28000e-02
-5.81461e-04	-2.57800e-05	4.50861e-06	3.20358e-05	-5.34432e-01	-2.13772e-01	1.47791e-01	7.10895e-02	5.28000e-02
-5.55319e-04	-2.46118e-05	4.35820e-06	3.16533e-05	-5.31870e-01	-2.12748e-01	1.54465e-01	7.00268e-02	5.28000e-02
-4.22210e-04	-1.86965e-05	3.40799e-06	3.07688e-05	-5.30600e-01	-2.12239e-01	1.61103e-01	6.89581e-02	5.28000e-02
-3.18019e-04	-1.40694e-05	2.64479e-06	2.82367e-05	-5.31493e-01	-2.12597e-01	1.67706e-01	6.78838e-02	5.28000e-02
-3.21803e-04	-1.42421e-05	2.64023e-06	2.44934e-05	-5.32551e-01	-2.13020e-01	1.74270e-01	6.68047e-02	5.28000e-02
-3.83960e-04	-1.70024e-05	3.09010e-06	2.18123e-05	-5.32327e-01	-2.12931e-01	1.80795e-01	6.57212e-02	5.28000e-02
-4.41671e-04	-1.95623e-05	3.52581e-06	2.04864e-05	-5.31531e-01	-2.12612e-01	1.87280e-01	6.46339e-02	5.28000e-02
-4.90234e-04	-2.17147e-05	3.90223e-06	1.91862e-05	-5.31159e-01	-2.12463e-01	1.93722e-01	6.35433e-02	5.28000e-02
-5.36702e-04	-2.37698e-05	4.28789e-06	1.82739e-05	-5.31191e-01	-2.12476e-01	2.00120e-01	6.24500e-02	5.28000e-02
-5.56546e-04	-2.46432e-05	4.47566e-06	1.86840e-05	-5.30903e-01	-2.12361e-01	2.06473e-01	6.13544e-02	5.28000e-02
-5.37416e-04	-2.37898e-05	4.35650e-06	1.93048e-05	-5.30529e-01	-2.12211e-01	2.12780e-01	6.02572e-02	5.28000e-02
-5.32007e-04	-2.35465e-05	4.33273e-06	1.85471e-05	-5.30676e-01	-2.12270e-01	2.19038e-01	5.91588e-02	5.28000e-02
-5.85117e-04	-2.58946e-05	4.77731e-06	1.64758e-05	-5.30778e-01	-2.12311e-01	2.25247e-01	5.80597e-02	5.28000e-02
-6.58660e-04	-2.91468e-05	5.38991e-06	1.37776e-05	-5.30310e-01	-2.12124e-01	2.31405e-01	5.69605e-02	5.28000e-02
-6.94509e-04	-3.07318e-05	5.68938e-06	1.11554e-05	-5.29729e-01	-2.11891e-01	2.37511e-01	5.58617e-02	5.28000e-02
-6.81189e-04	-3.01376e-05	5.60506e-06	9.76194e-06	-5.29395e-01	-2.11758e-01	2.43564e-01	5.47638e-02	5.28000e-02
-6.38267e-04	-2.82332e-05	5.28064e-06	9.40238e-06	-5.29272e-01	-2.11708e-01	2.49561e-01	5.36673e-02	5.28000e-02
-5.92193e-04	-2.61891e-05	4.93140e-06	8.35863e-06	-5.29186e-01	-2.11674e-01	2.55503e-01	5.25726e-02	5.28000e-02
-5.62358e-04	-2.48665e-05	4.69898e-06	6.32530e-06	-5.29107e-01	-2.11643e-01	2.61387e-01	5.14803e-02	5.28000e-02
-5.62389e-04	-2.48661e-05	4.70860e-06	4.30956e-06	-5.29425e-01	-2.11770e-01	2.67213e-01	5.03909e-02	5.28000e-02
-5.91811e-04	-2.61631e-05	4.97498e-06	2.55514e-06	-5.30046e-01	-2.12018e-01	2.72978e-01	4.93048e-02	5.28000e-02
-6.18160e-04	-2.73230e-05	5.22246e-06	1.16253e-06	-5.30294e-01	-2.12117e-01	2.78683e-01	4.82225e-02	5.28000e-02
-6.18263e-04	-2.73204e-05	5.26044e-06	4.82801e-07	-5.30370e-01	-2.12148e-01	2.84325e-01	4.71444e-02	5.28000e-02
-6.18799e-04	-2.73363e-05	5.30481e-06	2.76311e-07	-5.30909e-01	-2.12363e-01	2.89904e-01	4.60711e-02	5.28000e-02
-6.54191e-04	-2.88923e-05	5.64672e-06	4.10651e-07	-5.31669e-01	-2.12667e-01	2.95419e-01	4.50031e-02	5.28000e-02
-7.23727e-04	-3.19564e-05	6.28223e-06	1.06298e-06	-5.32098e-01	-2.12839e-01	3.00868e-01	4.39407e-02	5.28000e-02
-8.05353e-04	-3.55538e-05	7.02503e-06	1.84950e-06	-5.32096e-01	-2.12838e-01	3.06250e-01	4.28843e-02	5.28000e-02
-8.87453e-04	-3.91697e-05	7.78437e-06	2.48182e-06	-5.31986e-01	-2.12794e-01	3.11565e-01	4.18346e-02	5.28000e-02
-9.73013e-04	-4.29324e-05	8.60334e-06	3.37380e-06	-5.31888e-01	-2.12755e-01	3.16811e-01	4.07918e-02	5.28000e-02
-1.04416e-03	-4.60594e-05	9.29358e-06	4.32355e-06	-5.31427e-01	-2.12570e-01	3.21988e-01	3.97565e-02	5.28000e-02
-1.07634e-03	-4.74694e-05	9.62686e-06	4.52271e-06	-5.30760e-01	-2.12304e-01	3.27094e-01	3.87290e-02	5.28000e-02
-1.09147e-03	-4.81254e-05	9.81726e-06	4.15092e-06	-5.30370e-01	-2.12147e-01	3.32129e-01	3.77098e-02	5.28000e-02
-1.12776e-03	-4.97154e-05	1.01925e-05	3.80355e-06	-5.29980e-01	-2.11992e-01	3.37091e-01	3.66992e-02	5.28000e-02
-1.18312e-03	-5.21445e-05	1.07479e-05	3.39478e-06	-5.29411e-01	-2.11764e-01	3.41980e-01	3.56978e-02	5.28000e-02
-1.23537e-03	-5.44346e-05	1.12839e-05	3.42699e-06	-5.28939e-01	-2.11575e-01	3.46796e-01	3.47058e-02	5.28000e-02
-1.26335e-03	-5.56535e-05	1.16070e-05	4.93481e-06	-5.28346e-01	-2.11338e-01	3.51536e-01	3.37238e-02	5.28000e-02
-1.24483e-03	-5.48260e-05	1.14916e-05	7.25554e-06	-5.27397e-01	-2.10958e-01	3.56201e-01	3.27520e-02	5.28000e-02
-1.19203e-03	-5.24900e-05	1.10555e-05	8.71185e-06	-5.26579e-01	-2.10631e-01	3.60790e-01	3.17909e-02	5.28000e-02
-1.16190e-03	-5.11484e-05	1.08458e-05	9.17066e-06	-5.26229e-01	-2.10491e-01	3.65302e-01	3.08408e-02	5.28000e-02
-1.19385e-03	-5.25402e-05	1.12127e-05	9.74044e-06	-5.26037e-01	-2.10414e-01	3.69737e-01	2.99021e-02	5.28000e-02
-1.26733e-03	-5.57657e-05	1.19416e-05	1.08960e-05	-5.25652e-01	-2.10260e-01	3.74094e-01	2.89752e-02	5.28000e-02
-1.33866e-03	-5.88922e-05	1.26702e-05	1.23077e-05	-5.25050e-01	-2.10020e-01	3.78372e-01	2.80603e-02	5.28000e-02
-1.38877e-03	-6.10811e-05	1.32165e-05	1.36211e-05	-5.24281e-01	-2.09712e-01	3.82571e-01	2.71579e-02	5.28000e-02
-1.42025e-03	-6.24507e-05	1.35850e-05	1.46528e-05	-5.23262e-01	-2.09304e-01	3.86690e-01	2.62683e-02	5.28000e-02
-1.43733e-03	-6.31907e-05	1.38000e-05	1.51092e-05	-5.21992e-01	-2.08796e-01	3.90730e-01	2.53917e-02	5.28000e-02
-1.44298e-03	-6.34269e-05	1.39092e-05	1.48435e-05	-5.20726e-01	-2.08290e-01	3.94689e-01	2.45286e-02	5.28000e-02
-1.44223e-03	-6.33788e-05	1.39722e-05	1.44472e-05	-5.19642e-01	-2.07856e-01	3.98567e-01	2.36791e-02	5.28000e-02
-1.44451e-03	-6.34668e-05	1.40473e-05	1.44888e-05	-5.18720e-01	-2.07487e-01	4.02364e-01	2.28436e-02	5.28000e-02
-1.46721e-03	-6.44552e-05	1.43100e-05	1.45606e-05	-5.17797e-01	-2.07118e-01	4.06080e-01	2.20223e-02	5.28000e-02
-1.51467e-03	-6.65278e-05	1.48276e-05	1.44201e-05	-5.16626e-01	-2.06650e-01	4.09715e-01	2.12156e-02	5.28000e-02
-1.55607e-03	-6.83290e-05	1.53097e-05	1.46259e-05	-5.15319e-01	-2.06127e-01	4.13268e-01	2.04237e-02	5.28000e-02
-1.54868e-03	-6.79866e-05	1.53171e-05	1.50791e-05	-5.14104e-01	-2.05641e-01	4.16739e-01	1.96467e-02	5.28000e-02
-1.49217e-03	-6.54946e-05	1.48079e-05	1.48908e-05	-5.12958e-01	-2.05183e-01	4.20128e-01	1.88850e-02	5.28000e-02
-1.44760e-03	-6.35305e-05	1.43999e-05	1.36620e-05	-5.11913e-01	-2.04765e-01	4.23435e-01	1.81387e-02	5.28000e-02
-1.46637e-03	-6.43415e-05	1.46422e-05	1.18185e-05	-5.10827e-01	-2.04330e-01	4.26661e-01	1.74081e-02	5.28000e-02
-1.52369e-03	-6.68440e-05	1.52709e-05	1.00412e-05	-5.09517e-01	-2.03806e-01	4.29804e-01	1.66933e-02	5.28000e-02
-1.58238e-03	-6.94053e-05	1.59172e-05	8.78691e-06	-5.08091e-01	-2.03236e-01	4.32866e-01	1.59945e-02	5.28000e-02
-1.64508e-03	-7.21449e-05	1.65931e-05	8.46258e-06	-5.06483e-01	-2.02592e-01	4.35846e-01	1.53119e-02	5.28000e-02
-1.70045e-03	-7.45560e-05	1.72271e-05	9.23180e-06	-5.04707e-01	-2.01882e-01	4.38745e-01	1.46455e-02	5.28000e-02
-1.71451e-03	-7.51571e-05	1.74355e-05	1.06781e-05	-5.02967e-01	-2.01186e-01	4.41562e-01	1.39956e-02	5.28000e-02
-1.68479e-03	-7.38442e-05	1.71763e-05	1.22343e-05	-5.01373e-01	-2.00548e-01	4.44299e-01	1.33622e-02	5.28000e-02
-1.65129e-03	-7.23574e-05	1.69142e-05	1.30908e-05	-5.00040e-01	-2.00015e-01	4.46955e-01	1.27455e-02	5.28000e-02
-1.64997e-03	-7.22851e-05	1.69625e-05	1.29936e-05	-4.98831e-01	-1.99532e-01	4.49532e-01	1.21454e-02	5.28000e-02
-1.66687e-03	-7.30186e-05	1.71660e-05	1.32551e-05	-4.97528e-01	-1.99010e-01	4.52028e-01	1.15621e-02	5.28000e-02
-1.67771e-03	-7.34848e-05	1.73149e-05	1.47979e-05	-4.96267e-01	-1.98506e-01	4.54446e-01	1.09955e-02	5.28000e-02
-1.69422e-03	-7.42004e-05	1.75156e-05	1.64208e-05	-4.95041e-01	-1.98016e-01	4.56785e-01	1.04458e-02	5.28000e-02
-1.72546e-03	-7.55610e-05	1.78722e-05	1.69719e-05	-4.93592e-01	-1.97436e-01	4.59047e-01	9.91287e-03	5.28000e-02
-1.74300e-03	-7.63167e-05	1.81054e-05	1.70539e-05	-4.91921e-01	-1.96768e-01	4.61231e-01	9.39674e-03	5.28000e-02
-1.72319e-03	-7.54363e-05	1.79545e-05	1.74356e-05	-4.90261e-01	-1.96104e-01	4.63338e-01	8.89737e-03	5.28000e-02
-1.67986e-03	-7.35262e-05	1.75594e-05	1.79400e-05	-4.88772e-01	-1.95508e-01	4.65370e-01	8.41469e-03	5.28000e-02
-1.63694e-03	-7.16373e-05	1.71542e-05	1.83176e-05	-4.87432e-01	-1.94972e-01	4.67328e-01	7.94865e-03	5.28000e-02
-1.59990e-03	-7.00108e-05	1.67885e-05	1.86441e-05	-4.86147e-01	-1.94458e-01	4.69211e-01	7.49913e-03	5.28000e-02
-1.56414e-03	-6.84376e-05	1.64471e-05	1.90579e-05	-4.84924e-01	-1.93969e-01	4.71022e-01	7.06603e-03	5.28000e-02
-1.52462e-03	-6.66962e-05	1.60824e-05	1.96233e-05	-4.83838e-01	-1.93535e-01	4.72760e-01	6.64922e-03	5.28000e-02
-1.47794e-03	-6.46464e-05	1.56237e-05	2.01928e-05	-4.82898e-01	-1.93158e-01	4.74428e-01	6.24853e-03	5.28000e-02
-1.42795e-03	-6.24558e-05	1.51110e-05	2.05277e-05	-4.82033e-01	-1.92813e-01	4.76026e-01	5.86380e-03	5.28000e-02
-1.38043e-03	-6.03742e-05	1.46209e-05	2.05643e-05	-4.81181e-01	-1.92472e-01	4.77556e-01	5.49482e-03	5.28000e-02
-1.33612e-03	-5.84327e-05	1.41658e-05	2.04226e-05	-4.80348e-01	-1.92139e-01	4.79019e-01	5.14138e-03	5.28000e-02
-1.29492e-03	-5.66219e-05	1.37659e-05	2.02869e-05	-4.79602e-01	-1.91840e-01	4.80416e-01	4.80324e-03	5.28000e-02
-1.25699e-03	-5.49481e-05	1.34262e-05	2.02790e-05	-4.78988e-01	-1.91595e-01	4.81748e-01	4.48013e-03	5.28000e-02
-1.22064e-03	-5.33434e-05	1.31029e-05	2.02532e-05	-4.78442e-01	-1.91376e-01	4.83018e-01	4.17179e-03	5.28000e-02
-1.19084e-03	-5.20368e-05	1.27994e-05	1.99282e-05	-4.77894e-01	-1.91157e-01	4.84226e-01	3.87790e-03	5.28000e-02
-1.17273e-03	-5.12504e-05	1.25841e-05	1.92182e-05	-4.77299e-01	-1.90919e-01	4.85375e-01	3.59814e-03	5.28000e-02
-1.15968e-03	-5.06852e-05	1.24229e-05	1.81940e-05	-4.76678e-01	-1.90671e-01	4.86465e-01	3.33218e-03	5.28000e-02
-1.14224e-03	-4.99201e-05	1.22476e-05	1.68512e-05	-4.76080e-01	-1.90432e-01	4.87499e-01	3.07963e-03	5.28000e-02
-1.12334e-03	-4.90848e-05	1.20846e-05	1.52456e-05	-4.75511e-01	-1.90204e-01	4.88478e-01	2.84012e-03	5.28000e-02
-1.10996e-03	-4.84974e-05	1.19515e-05	1.35248e-05	-4.74985e-01	-1.89994e-01	4.89405e-01	2.61323e-03	5.28000e-02
-1.10038e-03	-4.80806e-05	1.18404e-05	1.17129e-05	-4.74458e-01	-1.89783e-01	4.90280e-01	2.39853e-03	5.28000e-02
-1.08924e-03	-4.75966e-05	1.17093e-05	9.83114e-06	-4.73968e-01	-1.89587e-01	4.91108e-01	2.19557e-03	5.28000e-02
-1.07611e-03	-4.70182e-05	1.15875e-05	8.16407e-06	-4.73527e-01	-1.89410e-01	4.91888e-01	2.00388e-03	5.28000e-02
-1.06041e-03	-4.63198e-05	1.14683e-05	6.96020e-06	-4.73072e-01	-1.89229e-01	4.92624e-01	1.82297e-03	5.28000e-02
-1.04540e-03	-4.56584e-05	1.13302e-05	6.18166e-06	-4.72717e-01	-1.89087e-01	4.93317e-01	1.65230e-03	5.28000e-02
-1.03193e-03	-4.50494e-05	1.12676e-05	5.70474e-06	-4.72260e-01	-1.88904e-01	4.93971e-01	1.49136e-03	5.28000e-02
-1.02021e-03	-4.45586e-05	1.10547e-05	5.47477e-06	-4.71826e-01	-1.88730e-01	4.94586e-01	1.33958e-03	5.28000e-02
-1.00499e-03	-4.38722e-05	1.09787e-05	5.45320e-06	-4.71407e-01	-1.88563e-01	4.95167e-01	1.19637e-03	5.28000e-02
-9.81974e-04	-4.28804e-05	1.06737e-05	5.55445e-06	-4.70866e-01	-1.88346e-01	4.95715e-01	1.06114e-03	5.28000e-02
-9.55646e-04	-4.17137e-05	1.04563e-05	5.70867e-06	-4.70609e-01	-1.88243e-01	4.96232e-01	9.33263e-04	5.28000e-02
-9.23455e-04	-4.02968e-05	1.01519e-05	5.95127e-06	-4.69938e-01	-1.87975e-01	4.96722e-01	8.12097e-04	5.28000e-02
-8.80089e-04	-3.84424e-05	9.52161e-06	6.30402e-06	-4.69746e-01	-1.87898e-01	4.97188e-01	6.96976e-04	5.28000e-02
-8.34844e-04	-3.63785e-05	9.38565e-06	6.77330e-06	-4.69191e-01	-1.87676e-01	4.97631e-01	5.87212e-04	5.28000e-02
-7.54666e-04	-3.30119e-05	7.97083e-06	7.27448e-06	-4.68680e-01	-1.87472e-01	4.98056e-01	4.82099e-04	5.28000e-02
-7.10074e-04	-3.08195e-05	8.47574e-06	7.80572e-06	-4.68972e-01	-1.87588e-01	4.98464e-01	3.80907e-04	5.28000e-02
-6.08431e-04	-2.65865e-05	6.54158e-06	8.27308e-06	-4.67573e-01	-1.87029e-01	4.98860e-01	2.82886e-04	5.28000e-02
-6.36878e-04	-2.76283e-05	7.65885e-06	8.75523e-06	-4.70932e-01	-1.88372e-01	4.99245e-01	1.87264e-04	5.28000e-02
-8.17222e-04	-3.41258e-05	1.51695e-05	9.09009e-06	-4.70362e-01	-1.88145e-01	4.99624e-01	9.32483e-05	5.28000e-02
-6.10937e-04	-3.55501e-05	-2.90809e-05	8.35255e-06	-4.74532e-01	-1.89812e-01	5.00000e-01	0.00000e+00	5.28000e-02
