"Density"	"Momentum:0"	"Momentum:1"	"Momentum:2"	"StagnationEnergy"	"Pressure"	"Points:0"	"Points:1"	"Points:2"
1.77832e-02	-7.52314e-04	8.00214e-04	-2.29945e-05	-4.21176e-02	-1.68606e-02	-5.14970e-01	0.00000e+00	-1.38600e-01
-6.19768e-04	2.04203e-05	-2.89161e-05	3.68989e-05	-3.44561e-01	-1.37823e-01	-5.14918e-01	2.24940e-03	-1.38600e-01
3.97584e-03	2.51555e-05	1.77599e-04	4.75855e-05	-2.29422e-01	-9.17705e-02	-5.14761e-01	4.49391e-03	-1.38600e-01
1.16395e-02	5.46367e-05	5.22020e-04	5.13833e-05	-2.87298e-01	-1.14924e-01	-5.14499e-01	6.72854e-03	-1.38600e-01
1.47371e-02	1.33172e-04	6.50677e-04	5.57689e-05	-2.93803e-01	-1.17527e-01	-5.14131e-01	8.94828e-03	-1.38600e-01
1.80349e-02	1.73687e-04	7.94062e-04	5.86806e-05	-3.42524e-01	-1.37017e-01	-5.13659e-01	1.11483e-02	-1.38600e-01
2.05376e-02	2.55139e-04	8.89567e-04	6.43527e-05	-4.20704e-01	-1.68290e-01	-5.13086e-01	1.33239e-02	-1.38600e-01
2.19192e-02	3.06275e-04	9.39025e-04	6.85501e-05	-4.66009e-01	-1.86412e-01	-5.12413e-01	1.54711e-02	-1.38600e-01
2.28686e-02	3.64170e-04	9.63934e-04	7.33908e-05	-5.47354e-01	-2.18951e-01	-5.11645e-01	1.75860e-02	-1.38600e-01
2.31104e-02	4.08399e-04	9.57846e-04	7.78218e-05	-6.00903e-01	-2.40371e-01	-5.10831e-01	1.95640e-02	-1.38600e-01
2.30314e-02	4.38495e-04	9.40511e-04	8.15099e-05	-6.51484e-01	-2.60603e-01	-5.10013e-01	2.13513e-02	-1.38600e-01
2.27668e-02	4.66386e-04	9.13561e-04	8.52643e-05	-6.99656e-01	-2.79872e-01	-5.09188e-01	2.29996e-02	-1.38600e-01
2.22862e-02	4.81550e-04	8.81043e-04	8.84261e-05	-7.32892e-01	-2.93166e-01	-5.08353e-01	2.45433e-02	-1.38600e-01
2.17377e-02	4.94909e-04	8.45038e-04	9.15088e-05	-7.69290e-01	-3.07725e-01	-5.07506e-01	2.60066e-02	-1.38600e-01
2.11068e-02	5.01918e-04	8.07584e-04	9.44997e-05	-7.96070e-01	-3.18437e-01	-5.06643e-01	2.74070e-02	-1.38600e-01
2.04210e-02	5.05157e-04	7.68815e-04	9.73690e-05	-8.20969e-01	-3.28396e-01	-5.05760e-01	2.87582e-02	-1.38600e-01
1.97253e-02	5.06049e-04	7.30371e-04	1.00378e-04	-8.43029e-01	-3.37220e-01	-5.04856e-01	3.00706e-02	-1.38600e-01
1.89893e-02	5.03136e-04	6.91753e-04	1.03424e-04	-8.60287e-01	-3.44122e-01	-5.03927e-01	3.13526e-02	-1.38600e-01
1.82420e-02	4.98129e-04	6.53480e-04	1.06589e-04	-8.76455e-01	-3.50590e-01	-5.02971e-01	3.26109e-02	-1.38600e-01
1.74703e-02	4.90501e-04	6.15325e-04	1.09932e-04	-8.89239e-01	-3.55703e-01	-5.01985e-01	3.38510e-02	-1.38600e-01
1.66781e-02	4.80403e-04	5.77509e-04	1.13444e-04	-8.99550e-01	-3.59827e-01	-5.00967e-01	3.50772e-02	-1.38600e-01
1.58935e-02	4.68942e-04	5.40856e-04	1.17368e-04	-9.08074e-01	-3.63236e-01	-4.99913e-01	3.62933e-02	-1.38600e-01
1.50854e-02	4.55134e-04	5.04456e-04	1.21579e-04	-9.13774e-01	-3.65516e-01	-4.98823e-01	3.75023e-02	-1.38600e-01
1.42783e-02	4.39895e-04	4.69062e-04	1.26253e-04	-9.17781e-01	-3.67119e-01	-4.97692e-01	3.87066e-02	-1.38600e-01
1.34523e-02	4.22644e-04	4.34076e-04	1.31364e-04	-9.19489e-01	-3.67801e-01	-4.96519e-01	3.99082e-02	-1.38600e-01
1.26204e-02	4.03855e-04	3.99929e-04	1.37083e-04	-9.19142e-01	-3.67662e-01	-4.95303e-01	4.11087e-02	-1.38600e-01
1.17858e-02	3.83699e-04	3.66737e-04	1.43547e-04	-9.16903e-01	-3.66766e-01	-4.94039e-01	4.23094e-02	-1.38600e-01
1.09324e-02	3.61704e-04	3.34007e-04	1.50645e-04	-9.12549e-01	-3.65025e-01	-4.92728e-01	4.35113e-02	-1.38600e-01
1.00630e-02	3.37999e-04	3.01871e-04	1.58427e-04	-9.06381e-01	-3.62557e-01	-4.91366e-01	4.47152e-02	-1.38600e-01
9.18119e-03	3.12741e-04	2.70454e-04	1.67045e-04	-8.98333e-01	-3.59338e-01	-4.89952e-01	4.59216e-02	-1.38600e-01
8.28356e-03	2.85858e-04	2.39679e-04	1.76331e-04	-8.88551e-01	-3.55425e-01	-4.88484e-01	4.71309e-02	-1.38600e-01
7.37587e-03	2.57594e-04	2.09725e-04	1.86149e-04	-8.77237e-01	-3.50899e-01	-4.86960e-01	4.83433e-02	-1.38600e-01
6.46603e-03	2.28274e-04	1.80817e-04	1.96264e-04	-8.64582e-01	-3.45837e-01	-4.85379e-01	4.95588e-02	-1.38600e-01
5.57033e-03	1.98541e-04	1.53391e-04	2.06147e-04	-8.50979e-01	-3.40395e-01	-4.83738e-01	5.07774e-02	-1.38600e-01
4.71602e-03	1.69469e-04	1.28112e-04	2.15141e-04	-8.36853e-01	-3.34745e-01	-4.82036e-01	5.19989e-02	-1.38600e-01
3.93690e-03	1.42398e-04	1.05784e-04	2.22375e-04	-8.22777e-01	-3.29115e-01	-4.80273e-01	5.32231e-02	-1.38600e-01
3.26681e-03	1.18712e-04	8.71360e-05	2.26816e-04	-8.09423e-01	-3.23774e-01	-4.78446e-01	5.44496e-02	-1.38600e-01
2.69822e-03	9.82902e-05	7.17871e-05	2.26506e-04	-7.97463e-01	-3.18990e-01	-4.76553e-01	5.56779e-02	-1.38600e-01
2.15817e-03	7.85360e-05	5.77416e-05	2.19413e-04	-7.87462e-01	-3.14990e-01	-4.74595e-01	5.69076e-02	-1.38600e-01
1.55674e-03	5.61541e-05	4.26557e-05	2.06803e-04	-7.79667e-01	-3.11873e-01	-4.72568e-01	5.81382e-02	-1.38600e-01
9.03289e-04	3.16041e-05	2.65832e-05	1.93684e-04	-7.73892e-01	-3.09565e-01	-4.70473e-01	5.93690e-02	-1.38600e-01
3.50745e-04	1.08090e-05	1.30227e-05	1.84365e-04	-7.69906e-01	-3.07982e-01	-4.68309e-01	6.05995e-02	-1.38600e-01
6.85262e-05	3.04877e-07	5.92047e-06	1.79021e-04	-7.67813e-01	-3.07219e-01	-4.66073e-01	6.18288e-02	-1.38600e-01
1.15497e-04	2.53092e-06	6.37734e-06	1.76773e-04	-7.67654e-01	-3.07116e-01	-4.63765e-01	6.30564e-02	-1.38600e-01
4.32351e-04	1.54326e-05	1.26061e-05	1.76378e-04	-7.69537e-01	-3.07829e-01	-4.61385e-01	6.42815e-02	-1.38600e-01
9.11480e-04	3.49851e-05	2.18507e-05	1.74463e-04	-7.73357e-01	-3.09350e-01	-4.58931e-01	6.55033e-02	-1.38600e-01
1.42977e-03	5.64020e-05	3.12723e-05	1.69020e-04	-7.79030e-01	-3.11616e-01	-4.56402e-01	6.67211e-02	-1.38600e-01
1.81366e-03	7.25411e-05	3.76690e-05	1.62934e-04	-7.87209e-01	-3.14887e-01	-4.53798e-01	6.79340e-02	-1.38600e-01
1.98581e-03	8.01402e-05	3.97852e-05	1.60075e-04	-7.96835e-01	-3.18738e-01	-4.51119e-01	6.91413e-02	-1.38600e-01
2.01465e-03	8.17983e-05	3.93478e-05	1.59994e-04	-8.06546e-01	-3.22622e-01	-4.48362e-01	7.03420e-02	-1.38600e-01
1.87301e-03	7.63815e-05	3.59052e-05	1.61552e-04	-8.17713e-01	-3.27089e-01	-4.45529e-01	7.15355e-02	-1.38600e-01
1.52956e-03	6.23818e-05	2.94190e-05	1.63941e-04	-8.27752e-01	-3.31105e-01	-4.42617e-01	7.27208e-02	-1.38600e-01
1.24693e-03	5.09476e-05	2.38610e-05	1.67088e-04	-8.33082e-01	-3.33238e-01	-4.39628e-01	7.38971e-02	-1.38600e-01
1.15464e-03	4.73244e-05	2.18262e-05	1.72451e-04	-8.39312e-01	-3.35731e-01	-4.36560e-01	7.50636e-02	-1.38600e-01
9.95102e-04	4.06900e-05	1.91926e-05	1.77442e-04	-8.49392e-01	-3.39764e-01	-4.33413e-01	7.62194e-02	-1.38600e-01
6.92414e-04	2.80418e-05	1.42365e-05	1.75981e-04	-8.57265e-01	-3.42915e-01	-4.30187e-01	7.73636e-02	-1.38600e-01
4.15898e-04	1.65536e-05	9.50146e-06	1.65606e-04	-8.61344e-01	-3.44551e-01	-4.26881e-01	7.84954e-02	-1.38600e-01
2.02746e-04	7.64965e-06	5.99030e-06	1.49297e-04	-8.64667e-01	-3.45889e-01	-4.23496e-01	7.96140e-02	-1.38600e-01
2.23538e-05	4.25382e-08	3.23201e-06	1.32776e-04	-8.67231e-01	-3.47050e-01	-4.20030e-01	8.07186e-02	-1.38600e-01
-6.61635e-05	-3.63847e-06	1.74963e-06	1.22510e-04	-8.69038e-01	-3.47570e-01	-4.16485e-01	8.18083e-02	-1.38600e-01
-6.99304e-05	-3.72787e-06	1.54804e-06	1.19470e-04	-8.72434e-01	-3.48933e-01	-4.12859e-01	8.28822e-02	-1.38600e-01
-8.38729e-05	-4.31339e-06	1.40445e-06	1.18362e-04	-8.77661e-01	-3.51031e-01	-4.09154e-01	8.39397e-02	-1.38600e-01
-1.40607e-04	-6.77958e-06	8.36353e-07	1.13532e-04	-8.82976e-01	-3.53172e-01	-4.05368e-01	8.49798e-02	-1.38600e-01
-2.44588e-04	-1.12323e-05	-5.38912e-07	1.03017e-04	-8.87420e-01	-3.54959e-01	-4.01503e-01	8.60019e-02	-1.38600e-01
-4.37052e-04	-1.95215e-05	-3.01012e-06	9.08939e-05	-8.91312e-01	-3.56521e-01	-3.97558e-01	8.70051e-02	-1.38600e-01
-6.79663e-04	-3.01074e-05	-5.62071e-06	8.06299e-05	-8.95204e-01	-3.58080e-01	-3.93533e-01	8.79886e-02	-1.38600e-01
-8.93206e-04	-3.94874e-05	-7.65628e-06	7.00475e-05	-8.98096e-01	-3.59237e-01	-3.89429e-01	8.89518e-02	-1.38600e-01
-1.10587e-03	-4.88634e-05	-9.53125e-06	5.75792e-05	-8.99708e-01	-3.59882e-01	-3.85245e-01	8.98938e-02	-1.38600e-01
-1.30670e-03	-5.77749e-05	-1.10333e-05	4.35407e-05	-8.99891e-01	-3.59955e-01	-3.80983e-01	9.08140e-02	-1.38600e-01
-1.34732e-03	-5.95897e-05	-1.12396e-05	2.85461e-05	-8.97640e-01	-3.59055e-01	-3.76643e-01	9.17117e-02	-1.38600e-01
-1.18966e-03	-5.27081e-05	-9.43072e-06	1.53133e-05	-8.96043e-01	-3.58417e-01	-3.72224e-01	9.25862e-02	-1.38600e-01
-1.02206e-03	-4.53714e-05	-7.59827e-06	6.69545e-06	-8.97003e-01	-3.58801e-01	-3.67728e-01	9.34369e-02	-1.38600e-01
-1.02598e-03	-4.55517e-05	-7.56317e-06	1.05455e-06	-8.97272e-01	-3.58908e-01	-3.63154e-01	9.42631e-02	-1.38600e-01
-1.14881e-03	-5.10200e-05	-8.36482e-06	-5.11305e-06	-8.96259e-01	-3.58503e-01	-3.58504e-01	9.50642e-02	-1.38600e-01
-1.24435e-03	-5.53195e-05	-8.70454e-06	-1.14291e-05	-8.94486e-01	-3.57794e-01	-3.53778e-01	9.58396e-02	-1.38600e-01
-1.27752e-03	-5.68653e-05	-8.47147e-06	-1.56355e-05	-8.91463e-01	-3.56584e-01	-3.48976e-01	9.65887e-02	-1.38600e-01
-1.31208e-03	-5.84466e-05	-8.40360e-06	-1.70759e-05	-8.88828e-01	-3.55531e-01	-3.44100e-01	9.73110e-02	-1.38600e-01
-1.42078e-03	-6.33444e-05	-8.69934e-06	-1.87950e-05	-8.87432e-01	-3.54972e-01	-3.39150e-01	9.80060e-02	-1.38600e-01
-1.60779e-03	-7.17532e-05	-9.31113e-06	-2.42600e-05	-8.86902e-01	-3.54760e-01	-3.34126e-01	9.86732e-02	-1.38600e-01
-1.82906e-03	-8.17001e-05	-1.00199e-05	-3.02909e-05	-8.86563e-01	-3.54624e-01	-3.29029e-01	9.93121e-02	-1.38600e-01
-1.99089e-03	-8.90058e-05	-1.02554e-05	-3.37247e-05	-8.84462e-01	-3.53784e-01	-3.23861e-01	9.99222e-02	-1.38600e-01
-2.03047e-03	-9.08341e-05	-9.93610e-06	-3.90278e-05	-8.80499e-01	-3.52199e-01	-3.18621e-01	1.00503e-01	-1.38600e-01
-1.95514e-03	-8.75316e-05	-8.92689e-06	-4.62581e-05	-8.77094e-01	-3.50837e-01	-3.13312e-01	1.01055e-01	-1.38600e-01
-1.82091e-03	-8.15667e-05	-7.86404e-06	-4.97255e-05	-8.75118e-01	-3.50046e-01	-3.07933e-01	1.01576e-01	-1.38600e-01
-1.74849e-03	-7.83666e-05	-7.08074e-06	-5.00464e-05	-8.73847e-01	-3.49538e-01	-3.02486e-01	1.02067e-01	-1.38600e-01
-1.75999e-03	-7.89285e-05	-6.58845e-06	-5.12637e-05	-8.72466e-01	-3.48985e-01	-2.96971e-01	1.02528e-01	-1.38600e-01
-1.77242e-03	-7.95250e-05	-6.14874e-06	-5.10831e-05	-8.72061e-01	-3.48823e-01	-2.91390e-01	1.02958e-01	-1.38600e-01
-1.77577e-03	-7.97201e-05	-5.54515e-06	-4.60650e-05	-8.72789e-01	-3.49115e-01	-2.85744e-01	1.03356e-01	-1.38600e-01
-1.80405e-03	-8.10265e-05	-5.06715e-06	-3.83707e-05	-8.72679e-01	-3.49071e-01	-2.80033e-01	1.03724e-01	-1.38600e-01
-1.88094e-03	-8.45130e-05	-4.72006e-06	-3.10629e-05	-8.72111e-01	-3.48843e-01	-2.74259e-01	1.04059e-01	-1.38600e-01
-2.04843e-03	-9.20717e-05	-4.51237e-06	-2.42746e-05	-8.71422e-01	-3.48568e-01	-2.68422e-01	1.04363e-01	-1.38600e-01
-2.28031e-03	-1.02522e-04	-4.41016e-06	-1.97960e-05	-8.68835e-01	-3.47533e-01	-2.62525e-01	1.04636e-01	-1.38600e-01
-2.44212e-03	-1.09824e-04	-4.04927e-06	-1.95385e-05	-8.63876e-01	-3.45549e-01	-2.56568e-01	1.04876e-01	-1.38600e-01
-2.43060e-03	-1.09326e-04	-3.42306e-06	-2.09434e-05	-8.58204e-01	-3.43281e-01	-2.50552e-01	1.05084e-01	-1.38600e-01
-2.28944e-03	-1.02993e-04	-2.64844e-06	-2.03514e-05	-8.54029e-01	-3.41611e-01	-2.44479e-01	1.05260e-01	-1.38600e-01
-2.17435e-03	-9.78282e-05	-1.95702e-06	-1.67556e-05	-8.51670e-01	-3.40667e-01	-2.38350e-01	1.05404e-01	-1.38600e-01
-2.20531e-03	-9.92300e-05	-1.45560e-06	-1.18969e-05	-8.49368e-01	-3.39746e-01	-2.32166e-01	1.05516e-01	-1.38600e-01
-2.34582e-03	-1.05560e-04	-9.58442e-07	-9.71723e-06	-8.45913e-01	-3.38364e-01	-2.25928e-01	1.05596e-01	-1.38600e-01
-2.45823e-03	-1.10621e-04	-4.26380e-07	-1.22457e-05	-8.41515e-01	-3.36605e-01	-2.19638e-01	1.05643e-01	-1.38600e-01
-2.44431e-03	-1.09996e-04	1.41207e-07	-1.52057e-05	-8.37041e-01	-3.34815e-01	-2.13296e-01	1.05659e-01	-1.38600e-01
-2.31145e-03	-1.04015e-04	6.20585e-07	-1.44003e-05	-8.33602e-01	-3.33440e-01	-2.06906e-01	1.05643e-01	-1.38600e-01
-2.18521e-03	-9.83299e-05	1.07935e-06	-1.24434e-05	-8.31422e-01	-3.32568e-01	-2.00467e-01	1.05595e-01	-1.38600e-01
-2.17133e-03	-9.76996e-05	1.48964e-06	-1.19786e-05	-8.29095e-01	-3.31637e-01	-1.93981e-01	1.05515e-01	-1.38600e-01
-2.20762e-03	-9.93240e-05	1.98686e-06	-1.17216e-05	-8.25984e-01	-3.30393e-01	-1.87450e-01	1.05405e-01	-1.38600e-01
-2.17789e-03	-9.79755e-05	2.45682e-06	-1.25688e-05	-8.23240e-01	-3.29295e-01	-1.80875e-01	1.05263e-01	-1.38600e-01
-2.09189e-03	-9.40950e-05	2.78047e-06	-1.48848e-05	-8.20865e-01	-3.28345e-01	-1.74257e-01	1.05090e-01	-1.38600e-01
-2.04227e-03	-9.18524e-05	3.05421e-06	-1.40274e-05	-8.17860e-01	-3.27143e-01	-1.67599e-01	1.04886e-01	-1.38600e-01
-2.09280e-03	-9.41095e-05	3.56043e-06	-7.89144e-06	-8.14847e-01	-3.25938e-01	-1.60901e-01	1.04652e-01	-1.38600e-01
-2.23121e-03	-1.00313e-04	4.30908e-06	1.64393e-07	-8.11521e-01	-3.24607e-01	-1.54165e-01	1.04388e-01	-1.38600e-01
-2.37229e-03	-1.06637e-04	4.99283e-06	5.72997e-06	-8.06652e-01	-3.22660e-01	-1.47393e-01	1.04094e-01	-1.38600e-01
-2.47820e-03	-1.11376e-04	5.66570e-06	3.89867e-06	-8.01596e-01	-3.20637e-01	-1.40585e-01	1.03771e-01	-1.38600e-01
-2.59590e-03	-1.16644e-04	6.34637e-06	-5.54258e-06	-7.96842e-01	-3.18736e-01	-1.33745e-01	1.03418e-01	-1.38600e-01
-2.70845e-03	-1.21675e-04	7.08220e-06	-1.35104e-05	-7.90688e-01	-3.16274e-01	-1.26873e-01	1.03037e-01	-1.38600e-01
-2.76325e-03	-1.24108e-04	7.70121e-06	-1.35419e-05	-7.83039e-01	-3.13214e-01	-1.19970e-01	1.02628e-01	-1.38600e-01
-2.83124e-03	-1.27131e-04	8.36431e-06	-1.06605e-05	-7.74910e-01	-3.09963e-01	-1.13039e-01	1.02191e-01	-1.38600e-01
-2.98600e-03	-1.34049e-04	9.29174e-06	-1.16199e-05	-7.65774e-01	-3.06308e-01	-1.06082e-01	1.01726e-01	-1.38600e-01
-3.11676e-03	-1.39885e-04	1.01819e-05	-1.41157e-05	-7.54204e-01	-3.01680e-01	-9.90985e-02	1.01235e-01	-1.38600e-01
-3.11816e-03	-1.39908e-04	1.07255e-05	-1.28169e-05	-7.40917e-01	-2.96366e-01	-9.20918e-02	1.00717e-01	-1.38600e-01
-3.12096e-03	-1.39998e-04	1.11838e-05	-1.06166e-05	-7.28501e-01	-2.91399e-01	-8.50631e-02	1.00172e-01	-1.38600e-01
-3.23630e-03	-1.45131e-04	1.20998e-05	-1.45236e-05	-7.16017e-01	-2.86405e-01	-7.80141e-02	9.96029e-02	-1.38600e-01
-3.26658e-03	-1.46452e-04	1.26436e-05	-2.37784e-05	-7.01346e-01	-2.80537e-01	-7.09464e-02	9.90083e-02	-1.38600e-01
-3.05391e-03	-1.36882e-04	1.22251e-05	-3.07441e-05	-6.87856e-01	-2.75141e-01	-6.38617e-02	9.83892e-02	-1.38600e-01
-2.79579e-03	-1.25278e-04	1.15669e-05	-3.23672e-05	-6.77372e-01	-2.70948e-01	-5.67617e-02	9.77461e-02	-1.38600e-01
-2.68446e-03	-1.20259e-04	1.14331e-05	-3.31140e-05	-6.67087e-01	-2.66834e-01	-4.96481e-02	9.70797e-02	-1.38600e-01
-2.64620e-03	-1.18508e-04	1.16488e-05	-3.60410e-05	-6.56916e-01	-2.62765e-01	-4.25226e-02	9.63903e-02	-1.38600e-01
-2.58202e-03	-1.15600e-04	1.17095e-05	-3.96996e-05	-6.47836e-01	-2.59133e-01	-3.53869e-02	9.56787e-02	-1.38600e-01
-2.47666e-03	-1.10852e-04	1.15301e-05	-4.41473e-05	-6.39098e-01	-2.55638e-01	-2.82427e-02	9.49453e-02	-1.38600e-01
-2.29591e-03	-1.02733e-04	1.09595e-05	-5.04295e-05	-6.30760e-01	-2.52303e-01	-2.10917e-02	9.41908e-02	-1.38600e-01
-2.02555e-03	-9.06085e-05	9.91973e-06	-5.58881e-05	-6.23532e-01	-2.49412e-01	-1.39356e-02	9.34156e-02	-1.38600e-01
-1.74802e-03	-7.81707e-05	8.77046e-06	-5.72658e-05	-6.17905e-01	-2.47161e-01	-6.77620e-03	9.26205e-02	-1.38600e-01
-1.57323e-03	-7.03363e-05	8.05066e-06	-5.51880e-05	-6.13432e-01	-2.45372e-01	3.84856e-04	9.18060e-02	-1.38600e-01
-1.49390e-03	-6.67701e-05	7.81330e-06	-5.15694e-05	-6.08284e-01	-2.43312e-01	7.54583e-03	9.09727e-02	-1.38600e-01
-1.41920e-03	-6.34112e-05	7.59305e-06	-4.66856e-05	-6.02289e-01	-2.40915e-01	1.47050e-02	9.01212e-02	-1.38600e-01
-1.36781e-03	-6.10950e-05	7.48393e-06	-4.17998e-05	-5.97288e-01	-2.38915e-01	2.18606e-02	8.92521e-02	-1.38600e-01
-1.41354e-03	-6.31195e-05	7.88098e-06	-3.94894e-05	-5.92968e-01	-2.37186e-01	2.90110e-02	8.83660e-02	-1.38600e-01
-1.49720e-03	-6.68367e-05	8.49229e-06	-3.95214e-05	-5.87650e-01	-2.35059e-01	3.61545e-02	8.74636e-02	-1.38600e-01
-1.50523e-03	-6.71711e-05	8.72706e-06	-3.86710e-05	-5.81627e-01	-2.32650e-01	4.32892e-02	8.65453e-02	-1.38600e-01
-1.45159e-03	-6.47585e-05	8.55791e-06	-3.53791e-05	-5.75957e-01	-2.30382e-01	5.04135e-02	8.56119e-02	-1.38600e-01
-1.41233e-03	-6.29889e-05	8.46165e-06	-3.16707e-05	-5.70884e-01	-2.28353e-01	5.75258e-02	8.46639e-02	-1.38600e-01
-1.37836e-03	-6.14570e-05	8.38479e-06	-2.97946e-05	-5.66156e-01	-2.26462e-01	6.46242e-02	8.37020e-02	-1.38600e-01
-1.29331e-03	-5.76479e-05	7.98891e-06	-2.87174e-05	-5.61736e-01	-2.24694e-01	7.17071e-02	8.27268e-02	-1.38600e-01
-1.17379e-03	-5.23054e-05	7.35974e-06	-2.62679e-05	-5.58091e-01	-2.23236e-01	7.87727e-02	8.17388e-02	-1.38600e-01
-1.09811e-03	-4.89187e-05	6.98594e-06	-2.26953e-05	-5.55458e-01	-2.22183e-01	8.58195e-02	8.07388e-02	-1.38600e-01
-1.10438e-03	-4.91828e-05	7.13055e-06	-1.95703e-05	-5.53315e-01	-2.21325e-01	9.28457e-02	7.97272e-02	-1.38600e-01
-1.15956e-03	-5.16257e-05	7.58596e-06	-1.71553e-05	-5.51295e-01	-2.20517e-01	9.98496e-02	7.87047e-02	-1.38600e-01
-1.19886e-03	-5.33593e-05	7.95224e-06	-1.52798e-05	-5.49328e-01	-2.19731e-01	1.06830e-01	7.76718e-02	-1.38600e-01
-1.15570e-03	-5.14236e-05	7.76576e-06	-1.49678e-05	-5.47087e-01	-2.18834e-01	1.13784e-01	7.66293e-02	-1.38600e-01
-1.01862e-03	-4.53127e-05	6.91839e-06	-1.61293e-05	-5.45206e-01	-2.18082e-01	1.20711e-01	7.55777e-02	-1.38600e-01
-8.79355e-04	-3.91054e-05	6.05226e-06	-1.58558e-05	-5.44534e-01	-2.17813e-01	1.27609e-01	7.45175e-02	-1.38600e-01
-8.27204e-04	-3.67764e-05	5.75647e-06	-1.22670e-05	-5.44240e-01	-2.17696e-01	1.34477e-01	7.34494e-02	-1.38600e-01
-8.39237e-04	-3.73002e-05	5.91139e-06	-7.33767e-06	-5.43628e-01	-2.17451e-01	1.41312e-01	7.23740e-02	-1.38600e-01
-8.54597e-04	-3.79714e-05	6.09111e-06	-3.86935e-06	-5.43124e-01	-2.17249e-01	1.48114e-01	7.12917e-02	-1.38600e-01
-8.61069e-04	-3.82490e-05	6.19942e-06	-2.25923e-06	-5.42824e-01	-2.17129e-01	1.54881e-01	7.02033e-02	-1.38600e-01
-8.66485e-04	-3.84790e-05	6.30343e-06	-1.35040e-06	-5.42485e-01	-2.16994e-01	1.61610e-01	6.91092e-02	-1.38600e-01
-8.71956e-04	-3.87117e-05	6.40523e-06	-6.36269e-07	-5.42174e-01	-2.16869e-01	1.68301e-01	6.80101e-02	-1.38600e-01
-8.86516e-04	-3.93477e-05	6.57491e-06	-5.02758e-07	-5.42036e-01	-2.16814e-01	1.74953e-01	6.69065e-02	-1.38600e-01
-9.19572e-04	-4.08044e-05	6.88206e-06	-7.92741e-07	-5.41949e-01	-2.16779e-01	1.81562e-01	6.57989e-02	-1.38600e-01
-9.61804e-04	-4.26669e-05	7.26620e-06	-5.93064e-07	-5.41762e-01	-2.16704e-01	1.88129e-01	6.46879e-02	-1.38600e-01
-9.94829e-04	-4.41198e-05	7.58679e-06	3.93029e-07	-5.41469e-01	-2.16587e-01	1.94650e-01	6.35742e-02	-1.38600e-01
-1.01075e-03	-4.48143e-05	7.77488e-06	1.61415e-06	-5.41081e-01	-2.16432e-01	2.01126e-01	6.24581e-02	-1.38600e-01
-1.02106e-03	-4.52597e-05	7.92251e-06	2.65825e-06	-5.40648e-01	-2.16259e-01	2.07554e-01	6.13402e-02	-1.38600e-01
-1.03739e-03	-4.59710e-05	8.12062e-06	3.45859e-06	-5.40159e-01	-2.16063e-01	2.13934e-01	6.02212e-02	-1.38600e-01
-1.04740e-03	-4.64023e-05	8.26635e-06	4.02359e-06	-5.39563e-01	-2.15825e-01	2.20263e-01	5.91014e-02	-1.38600e-01
-1.03307e-03	-4.57561e-05	8.21628e-06	4.60099e-06	-5.39023e-01	-2.15609e-01	2.26540e-01	5.79815e-02	-1.38600e-01
-1.00340e-03	-4.44311e-05	8.04271e-06	5.51297e-06	-5.38702e-01	-2.15481e-01	2.32763e-01	5.68620e-02	-1.38600e-01
-9.84095e-04	-4.35654e-05	7.94691e-06	6.52785e-06	-5.38517e-01	-2.15406e-01	2.38933e-01	5.57433e-02	-1.38600e-01
-9.87150e-04	-4.36900e-05	8.02969e-06	6.97590e-06	-5.38355e-01	-2.15342e-01	2.45046e-01	5.46260e-02	-1.38600e-01
-1.00454e-03	-4.44483e-05	8.23211e-06	6.61160e-06	-5.38187e-01	-2.15274e-01	2.51102e-01	5.35106e-02	-1.38600e-01
-1.02311e-03	-4.52589e-05	8.44422e-06	6.02531e-06	-5.37983e-01	-2.15193e-01	2.57100e-01	5.23976e-02	-1.38600e-01
-1.03765e-03	-4.58909e-05	8.62406e-06	5.95427e-06	-5.37767e-01	-2.15106e-01	2.63038e-01	5.12875e-02	-1.38600e-01
-1.05313e-03	-4.65638e-05	8.81410e-06	6.40528e-06	-5.37591e-01	-2.15036e-01	2.68915e-01	5.01808e-02	-1.38600e-01
-1.06743e-03	-4.71847e-05	8.99447e-06	6.82924e-06	-5.37447e-01	-2.14978e-01	2.74729e-01	4.90779e-02	-1.38600e-01
-1.06897e-03	-4.72414e-05	9.06719e-06	7.02043e-06	-5.37312e-01	-2.14924e-01	2.80481e-01	4.79793e-02	-1.38600e-01
-1.06512e-03	-4.70595e-05	9.09584e-06	7.32997e-06	-5.37241e-01	-2.14896e-01	2.86167e-01	4.68856e-02	-1.38600e-01
-1.08250e-03	-4.78151e-05	9.30824e-06	8.00131e-06	-5.37239e-01	-2.14895e-01	2.91788e-01	4.57972e-02	-1.38600e-01
-1.12779e-03	-4.98027e-05	9.76192e-06	8.81818e-06	-5.37171e-01	-2.14868e-01	2.97342e-01	4.47146e-02	-1.38600e-01
-1.17671e-03	-5.19510e-05	1.02474e-05	9.55941e-06	-5.37000e-01	-2.14800e-01	3.02828e-01	4.36381e-02	-1.38600e-01
-1.21279e-03	-5.35317e-05	1.06231e-05	1.03446e-05	-5.36828e-01	-2.14731e-01	3.08245e-01	4.25684e-02	-1.38600e-01
-1.24874e-03	-5.51051e-05	1.10054e-05	1.12497e-05	-5.36645e-01	-2.14658e-01	3.13592e-01	4.15057e-02	-1.38600e-01
-1.29377e-03	-5.70780e-05	1.14736e-05	1.18772e-05	-5.36334e-01	-2.14533e-01	3.18868e-01	4.04506e-02	-1.38600e-01
-1.33694e-03	-5.89680e-05	1.19273e-05	1.19924e-05	-5.35893e-01	-2.14357e-01	3.24072e-01	3.94035e-02	-1.38600e-01
-1.36836e-03	-6.03398e-05	1.22769e-05	1.21755e-05	-5.35451e-01	-2.14180e-01	3.29204e-01	3.83649e-02	-1.38600e-01
-1.39654e-03	-6.15679e-05	1.26019e-05	1.28675e-05	-5.35066e-01	-2.14026e-01	3.34261e-01	3.73351e-02	-1.38600e-01
-1.43193e-03	-6.31131e-05	1.29951e-05	1.35782e-05	-5.34653e-01	-2.13861e-01	3.39244e-01	3.63145e-02	-1.38600e-01
-1.47148e-03	-6.48403e-05	1.34312e-05	1.40347e-05	-5.34157e-01	-2.13662e-01	3.44151e-01	3.53037e-02	-1.38600e-01
-1.50872e-03	-6.64655e-05	1.38465e-05	1.47517e-05	-5.33595e-01	-2.13437e-01	3.48983e-01	3.43029e-02	-1.38600e-01
-1.53751e-03	-6.77185e-05	1.41833e-05	1.58426e-05	-5.32909e-01	-2.13163e-01	3.53737e-01	3.33126e-02	-1.38600e-01
-1.54941e-03	-6.82277e-05	1.43650e-05	1.67178e-05	-5.32065e-01	-2.12825e-01	3.58413e-01	3.23332e-02	-1.38600e-01
-1.54547e-03	-6.80391e-05	1.43994e-05	1.69553e-05	-5.31248e-01	-2.12498e-01	3.63011e-01	3.13650e-02	-1.38600e-01
-1.54442e-03	-6.79782e-05	1.44594e-05	1.64838e-05	-5.30535e-01	-2.12213e-01	3.67531e-01	3.04085e-02	-1.38600e-01
-1.56649e-03	-6.89351e-05	1.47335e-05	1.54429e-05	-5.29815e-01	-2.11925e-01	3.71970e-01	2.94639e-02	-1.38600e-01
-1.61413e-03	-7.10161e-05	1.52543e-05	1.42363e-05	-5.29099e-01	-2.11639e-01	3.76329e-01	2.85317e-02	-1.38600e-01
-1.66754e-03	-7.33491e-05	1.58369e-05	1.33047e-05	-5.28301e-01	-2.11320e-01	3.80608e-01	2.76122e-02	-1.38600e-01
-1.69501e-03	-7.45421e-05	1.61684e-05	1.27042e-05	-5.27313e-01	-2.10924e-01	3.84805e-01	2.67057e-02	-1.38600e-01
-1.69370e-03	-7.44689e-05	1.62273e-05	1.20256e-05	-5.26282e-01	-2.10512e-01	3.88921e-01	2.58125e-02	-1.38600e-01
-1.69311e-03	-7.44275e-05	1.62932e-05	1.06565e-05	-5.25246e-01	-2.10098e-01	3.92955e-01	2.49330e-02	-1.38600e-01
-1.71006e-03	-7.51566e-05	1.65285e-05	8.50288e-06	-5.24168e-01	-2.09667e-01	3.96906e-01	2.40675e-02	-1.38600e-01
-1.73849e-03	-7.63885e-05	1.68837e-05	6.56430e-06	-5.23075e-01	-2.09229e-01	4.00775e-01	2.32162e-02	-1.38600e-01
-1.77980e-03	-7.81881e-05	1.73547e-05	6.29312e-06	-5.21817e-01	-2.08726e-01	4.04561e-01	2.23795e-02	-1.38600e-01
-1.82955e-03	-8.03596e-05	1.79022e-05	8.08714e-06	-5.20270e-01	-2.08107e-01	4.08263e-01	2.15576e-02	-1.38600e-01
-1.86126e-03	-8.17375e-05	1.82803e-05	1.10563e-05	-5.18617e-01	-2.07446e-01	4.11882e-01	2.07508e-02	-1.38600e-01
-1.84567e-03	-8.10337e-05	1.82132e-05	1.41527e-05	-5.17095e-01	-2.06837e-01	4.15418e-01	1.99593e-02	-1.38600e-01
-1.79461e-03	-7.87728e-05	1.77936e-05	1.65346e-05	-5.15809e-01	-2.06323e-01	4.18870e-01	1.91834e-02	-1.38600e-01
-1.76179e-03	-7.73195e-05	1.75242e-05	1.73693e-05	-5.14700e-01	-2.05879e-01	4.22239e-01	1.84232e-02	-1.38600e-01
-1.77536e-03	-7.79038e-05	1.77083e-05	1.68181e-05	-5.13413e-01	-2.05364e-01	4.25524e-01	1.76790e-02	-1.38600e-01
-1.80231e-03	-7.90698e-05	1.80512e-05	1.61742e-05	-5.11785e-01	-2.04713e-01	4.28725e-01	1.69510e-02	-1.38600e-01
-1.80176e-03	-7.90250e-05	1.81350e-05	1.62558e-05	-5.10080e-01	-2.04031e-01	4.31843e-01	1.62393e-02	-1.38600e-01
-1.75689e-03	-7.70443e-05	1.77397e-05	1.72289e-05	-5.08380e-01	-2.03351e-01	4.34877e-01	1.55441e-02	-1.38600e-01
-1.66695e-03	-7.30896e-05	1.68774e-05	1.93028e-05	-5.06832e-01	-2.02732e-01	4.37829e-01	1.48655e-02	-1.38600e-01
-1.56809e-03	-6.87421e-05	1.59325e-05	2.17756e-05	-5.05704e-01	-2.02281e-01	4.40698e-01	1.42037e-02	-1.38600e-01
-1.50360e-03	-6.59025e-05	1.53300e-05	2.30004e-05	-5.04737e-01	-2.01894e-01	4.43484e-01	1.35588e-02	-1.38600e-01
-1.46225e-03	-6.40799e-05	1.49532e-05	2.26339e-05	-5.03655e-01	-2.01461e-01	4.46188e-01	1.29308e-02	-1.38600e-01
-1.41794e-03	-6.21289e-05	1.45385e-05	2.22363e-05	-5.02589e-01	-2.01035e-01	4.48810e-01	1.23199e-02	-1.38600e-01
-1.37166e-03	-6.00925e-05	1.41017e-05	2.32438e-05	-5.01595e-01	-2.00637e-01	4.51352e-01	1.17261e-02	-1.38600e-01
-1.32169e-03	-5.78907e-05	1.36405e-05	2.55874e-05	-5.00704e-01	-2.00281e-01	4.53812e-01	1.11495e-02	-1.38600e-01
-1.26401e-03	-5.53534e-05	1.30921e-05	2.80043e-05	-5.00016e-01	-2.00006e-01	4.56192e-01	1.05900e-02	-1.38600e-01
-1.22762e-03	-5.37545e-05	1.27374e-05	2.95660e-05	-4.99432e-01	-1.99772e-01	4.58493e-01	1.00476e-02	-1.38600e-01
-1.23588e-03	-5.41139e-05	1.28330e-05	3.04824e-05	-4.98647e-01	-1.99458e-01	4.60715e-01	9.52245e-03	-1.38600e-01
-1.25185e-03	-5.48075e-05	1.30216e-05	3.13947e-05	-4.97632e-01	-1.99052e-01	4.62859e-01	9.01438e-03	-1.38600e-01
-1.22665e-03	-5.36897e-05	1.28214e-05	3.25966e-05	-4.96751e-01	-1.98700e-01	4.64926e-01	8.52336e-03	-1.38600e-01
-1.16538e-03	-5.09944e-05	1.22364e-05	3.39462e-05	-4.96155e-01	-1.98461e-01	4.66917e-01	8.04933e-03	-1.38600e-01
-1.10769e-03	-4.84618e-05	1.16648e-05	3.49256e-05	-4.95718e-01	-1.98287e-01	4.68832e-01	7.59218e-03	-1.38600e-01
-1.09257e-03	-4.77918e-05	1.15422e-05	3.52792e-05	-4.95382e-01	-1.98152e-01	4.70672e-01	7.15180e-03	-1.38600e-01
-1.12796e-03	-4.93335e-05	1.19428e-05	3.53620e-05	-4.95004e-01	-1.98001e-01	4.72440e-01	6.72805e-03	-1.38600e-01
-1.17219e-03	-5.12659e-05	1.24185e-05	3.57701e-05	-4.94461e-01	-1.97784e-01	4.74135e-01	6.32077e-03	-1.38600e-01
-1.19126e-03	-5.20966e-05	1.26353e-05	3.68917e-05	-4.93849e-01	-1.97539e-01	4.75759e-01	5.92979e-03	-1.38600e-01
-1.18654e-03	-5.18910e-05	1.25801e-05	3.85658e-05	-4.93198e-01	-1.97278e-01	4.77313e-01	5.55489e-03	-1.38600e-01
-1.15418e-03	-5.04717e-05	1.22547e-05	4.00314e-05	-4.92556e-01	-1.97022e-01	4.78798e-01	5.19587e-03	-1.38600e-01
-1.11116e-03	-4.85798e-05	1.18414e-05	4.07124e-05	-4.92012e-01	-1.96804e-01	4.80217e-01	4.85247e-03	-1.38600e-01
-1.09139e-03	-4.77120e-05	1.16452e-05	4.06193e-05	-4.91469e-01	-1.96587e-01	4.81569e-01	4.52443e-03	-1.38600e-01
-1.08994e-03	-4.76444e-05	1.16475e-05	4.02521e-05	-4.90870e-01	-1.96347e-01	4.82858e-01	4.21147e-03	-1.38600e-01
-1.07689e-03	-4.70620e-05	1.15569e-05	3.99347e-05	-4.90322e-01	-1.96128e-01	4.84083e-01	3.91327e-03	-1.38600e-01
-1.05059e-03	-4.59055e-05	1.13034e-05	3.97241e-05	-4.89858e-01	-1.95943e-01	4.85248e-01	3.62951e-03	-1.38600e-01
-1.02506e-03	-4.47899e-05	1.10280e-05	3.96839e-05	-4.89477e-01	-1.95790e-01	4.86353e-01	3.35983e-03	-1.38600e-01
-1.00442e-03	-4.38875e-05	1.08095e-05	3.99005e-05	-4.89159e-01	-1.95663e-01	4.87401e-01	3.10386e-03	-1.38600e-01
-9.85332e-04	-4.30501e-05	1.06171e-05	4.01912e-05	-4.88832e-01	-1.95532e-01	4.88393e-01	2.86120e-03	-1.38600e-01
-9.71928e-04	-4.24644e-05	1.04729e-05	4.04201e-05	-4.88510e-01	-1.95403e-01	4.89332e-01	2.63144e-03	-1.38600e-01
-9.68145e-04	-4.23014e-05	1.04231e-05	4.06851e-05	-4.88127e-01	-1.95250e-01	4.90218e-01	2.41413e-03	-1.38600e-01
-9.70902e-04	-4.24276e-05	1.04293e-05	4.11101e-05	-4.87727e-01	-1.95090e-01	4.91054e-01	2.20881e-03	-1.38600e-01
-9.73049e-04	-4.25187e-05	1.04635e-05	4.17077e-05	-4.87334e-01	-1.94933e-01	4.91843e-01	2.01500e-03	-1.38600e-01
-9.67414e-04	-4.22646e-05	1.04348e-05	4.23879e-05	-4.86885e-01	-1.94753e-01	4.92587e-01	1.83219e-03	-1.38600e-01
-9.54518e-04	-4.17044e-05	1.02826e-05	4.30884e-05	-4.86558e-01	-1.94622e-01	4.93287e-01	1.65986e-03	-1.38600e-01
-9.33321e-04	-4.07541e-05	1.01522e-05	4.38134e-05	-4.86139e-01	-1.94455e-01	4.93946e-01	1.49746e-03	-1.38600e-01
-9.05469e-04	-3.95561e-05	9.77554e-06	4.45549e-05	-4.85821e-01	-1.94328e-01	4.94567e-01	1.34441e-03	-1.38600e-01
-8.70648e-04	-3.79990e-05	9.54496e-06	4.52977e-05	-4.85538e-01	-1.94214e-01	4.95152e-01	1.20012e-03	-1.38600e-01
-8.23738e-04	-3.59730e-05	8.94421e-06	4.60216e-05	-4.85107e-01	-1.94042e-01	4.95703e-01	1.06398e-03	-1.38600e-01
-7.70004e-04	-3.36047e-05	8.44877e-06	4.67472e-05	-4.85065e-01	-1.94025e-01	4.96224e-01	9.35349e-04	-1.38600e-01
-7.02024e-04	-3.06217e-05	7.76805e-06	4.75183e-05	-4.84506e-01	-1.93801e-01	4.96717e-01	8.13574e-04	-1.38600e-01
-6.21188e-04	-2.71327e-05	6.72400e-06	4.84259e-05	-4.84642e-01	-1.93856e-01	4.97184e-01	6.97973e-04	-1.38600e-01
-5.41191e-04	-2.35271e-05	6.30828e-06	4.92564e-05	-4.84265e-01	-1.93705e-01	4.97629e-01	5.87846e-04	-1.38600e-01
-4.32296e-04	-1.89351e-05	4.46571e-06	5.02914e-05	-4.84075e-01	-1.93629e-01	4.98055e-01	4.82470e-04	-1.38600e-01
-3.82129e-04	-1.64442e-05	5.13199e-06	5.11743e-05	-4.84763e-01	-1.93904e-01	4.98464e-01	3.81099e-04	-1.38600e-01
-2.82370e-04	-1.23518e-05	2.98307e-06	5.13042e-05	-4.83483e-01	-1.93391e-01	4.98860e-01	2.82969e-04	-1.38600e-01
-3.72906e-04	-1.60637e-05	4.94118e-06	5.30679e-05	-4.87968e-01	-1.95186e-01	4.99245e-01	1.87290e-04	-1.38600e-01
-6.81620e-04	-2.79140e-05	1.48655e-05	5.20167e-05	-4.87623e-01	-1.95048e-01	4.99624e-01	9.32520e-05	-1.38600e-01
-5.79443e-04	-3.55443e-05	-3.49327e-05	3.83832e-05	-4.92266e-01	-1.96905e-01	5.00000e-01	0.00000e+00	-1.38600e-01
