x0	T1	x1	T2	x2	T3	x3	avg	
-0.48503 	 -0.81790 	-0.48503 	 -0.83162 	-0.48503 	 -0.51790 	-0.48503 	 -0.72247 	 
-0.48498 	 -1.32542 	-0.48498 	 -1.34445 	-0.48498 	 -0.92258 	-0.48498 	 -1.19748 	 
-0.48481 	 -1.18122 	-0.48481 	 -1.20113 	-0.48481 	 -0.79124 	-0.48481 	 -1.05786 	 
-0.48454 	 -1.28670 	-0.48454 	 -1.31028 	-0.48454 	 -0.85530 	-0.48454 	 -1.15076 	 
-0.48417 	 -1.31215 	-0.48417 	 -1.33990 	-0.48417 	 -0.83742 	-0.48417 	 -1.16316 	 
-0.48368 	 -1.37277 	-0.48368 	 -1.40535 	-0.48368 	 -0.84368 	-0.48368 	 -1.20727 	 
-0.48309 	 -1.46320 	-0.48309 	 -1.50163 	-0.48309 	 -0.86650 	-0.48309 	 -1.27711 	 
-0.48240 	 -1.48577 	-0.48240 	 -1.53005 	-0.48240 	 -0.83378 	-0.48240 	 -1.28320 	 
-0.48161 	 -1.54167 	-0.48161 	 -1.59232 	-0.48161 	 -0.83567 	-0.48161 	 -1.32322 	 
-0.48077 	 -1.55014 	-0.48077 	 -1.60678 	-0.48077 	 -0.80958 	-0.48077 	 -1.32217 	 
-0.47993 	 -1.54904 	-0.47993 	 -1.61080 	-0.47993 	 -0.79331 	-0.47993 	 -1.31772 	 
-0.47909 	 -1.54541 	-0.47909 	 -1.61155 	-0.47909 	 -0.78605 	-0.47909 	 -1.31434 	 
-0.47825 	 -1.52340 	-0.47825 	 -1.59291 	-0.47825 	 -0.77226 	-0.47825 	 -1.29619 	 
-0.47740 	 -1.50982 	-0.47740 	 -1.58185 	-0.47740 	 -0.77072 	-0.47740 	 -1.28746 	 
-0.47654 	 -1.48854 	-0.47654 	 -1.56226 	-0.47654 	 -0.76339 	-0.47654 	 -1.27140 	 
-0.47567 	 -1.47184 	-0.47567 	 -1.54647 	-0.47567 	 -0.76087 	-0.47567 	 -1.25972 	 
-0.47479 	 -1.45697 	-0.47479 	 -1.53190 	-0.47479 	 -0.75862 	-0.47479 	 -1.24916 	 
-0.47390 	 -1.44379 	-0.47390 	 -1.51849 	-0.47390 	 -0.75606 	-0.47390 	 -1.23945 	 
-0.47300 	 -1.43500 	-0.47300 	 -1.50918 	-0.47300 	 -0.75536 	-0.47300 	 -1.23318 	 
-0.47209 	 -1.42747 	-0.47209 	 -1.50109 	-0.47209 	 -0.75347 	-0.47209 	 -1.22734 	 
-0.47116 	 -1.42221 	-0.47116 	 -1.49540 	-0.47116 	 -0.75242 	-0.47116 	 -1.22334 	 
-0.47021 	 -1.41787 	-0.47021 	 -1.49080 	-0.47021 	 -0.75140 	-0.47021 	 -1.22002 	 
-0.46924 	 -1.41407 	-0.46924 	 -1.48671 	-0.46924 	 -0.75023 	-0.46924 	 -1.21700 	 
-0.46826 	 -1.41161 	-0.46826 	 -1.48379 	-0.46826 	 -0.74954 	-0.46826 	 -1.21498 	 
-0.46726 	 -1.40978 	-0.46726 	 -1.48140 	-0.46726 	 -0.74860 	-0.46726 	 -1.21326 	 
-0.46624 	 -1.40861 	-0.46624 	 -1.47970 	-0.46624 	 -0.74778 	-0.46624 	 -1.21203 	 
-0.46519 	 -1.40770 	-0.46519 	 -1.47842 	-0.46519 	 -0.74688 	-0.46519 	 -1.21100 	 
-0.46412 	 -1.40669 	-0.46412 	 -1.47718 	-0.46412 	 -0.74584 	-0.46412 	 -1.20990 	 
-0.46303 	 -1.40579 	-0.46303 	 -1.47615 	-0.46303 	 -0.74548 	-0.46303 	 -1.20914 	 
-0.46191 	 -1.40518 	-0.46191 	 -1.47501 	-0.46191 	 -0.74645 	-0.46191 	 -1.20888 	 
-0.46077 	 -1.40552 	-0.46077 	 -1.47392 	-0.46077 	 -0.74965 	-0.46077 	 -1.20969 	 
-0.45959 	 -1.40670 	-0.45959 	 -1.47307 	-0.45959 	 -0.75540 	-0.45959 	 -1.21172 	 
-0.45840 	 -1.40790 	-0.45840 	 -1.47259 	-0.45840 	 -0.76341 	-0.45840 	 -1.21463 	 
-0.45717 	 -1.40842 	-0.45717 	 -1.47271 	-0.45717 	 -0.77223 	-0.45717 	 -1.21779 	 
-0.45591 	 -1.40813 	-0.45591 	 -1.47280 	-0.45591 	 -0.77954 	-0.45591 	 -1.22016 	 
-0.45463 	 -1.40770 	-0.45463 	 -1.47250 	-0.45463 	 -0.78432 	-0.45463 	 -1.22151 	 
-0.45331 	 -1.40805 	-0.45331 	 -1.47185 	-0.45331 	 -0.78746 	-0.45331 	 -1.22245 	 
-0.45196 	 -1.40987 	-0.45196 	 -1.47120 	-0.45196 	 -0.79034 	-0.45196 	 -1.22380 	 
-0.45057 	 -1.41297 	-0.45057 	 -1.47106 	-0.45057 	 -0.79365 	-0.45057 	 -1.22590 	 
-0.44916 	 -1.41690 	-0.44916 	 -1.47076 	-0.44916 	 -0.79892 	-0.44916 	 -1.22886 	 
-0.44771 	 -1.42118 	-0.44771 	 -1.47043 	-0.44771 	 -0.80762 	-0.44771 	 -1.23308 	 
-0.44622 	 -1.42533 	-0.44622 	 -1.47059 	-0.44622 	 -0.81604 	-0.44622 	 -1.23732 	 
-0.44470 	 -1.42914 	-0.44470 	 -1.47226 	-0.44470 	 -0.81976 	-0.44470 	 -1.24039 	 
-0.44314 	 -1.43168 	-0.44314 	 -1.47823 	-0.44314 	 -0.82081 	-0.44314 	 -1.24357 	 
-0.44155 	 -1.43309 	-0.44155 	 -1.48751 	-0.44155 	 -0.82293 	-0.44155 	 -1.24784 	 
-0.43991 	 -1.43468 	-0.43991 	 -1.49599 	-0.43991 	 -0.82685 	-0.43991 	 -1.25251 	 
-0.43824 	 -1.43720 	-0.43824 	 -1.49971 	-0.43824 	 -0.83236 	-0.43824 	 -1.25642 	 
-0.43653 	 -1.44299 	-0.43653 	 -1.49920 	-0.43653 	 -0.84045 	-0.43653 	 -1.26088 	 
-0.43479 	 -1.44961 	-0.43479 	 -1.50030 	-0.43479 	 -0.85003 	-0.43479 	 -1.26665 	 
-0.43300 	 -1.45326 	-0.43300 	 -1.50358 	-0.43300 	 -0.85608 	-0.43300 	 -1.27097 	 
-0.43117 	 -1.45970 	-0.43117 	 -1.50840 	-0.43117 	 -0.85794 	-0.43117 	 -1.27535 	 
-0.42930 	 -1.46778 	-0.42930 	 -1.51314 	-0.42930 	 -0.86016 	-0.42930 	 -1.28036 	 
-0.42739 	 -1.46799 	-0.42739 	 -1.50885 	-0.42739 	 -0.86335 	-0.42739 	 -1.28006 	 
-0.42544 	 -1.45949 	-0.42544 	 -1.49572 	-0.42544 	 -0.86507 	-0.42544 	 -1.27343 	 
-0.42345 	 -1.45027 	-0.42345 	 -1.48211 	-0.42345 	 -0.86672 	-0.42345 	 -1.26637 	 
-0.42142 	 -1.45337 	-0.42142 	 -1.47518 	-0.42142 	 -0.87306 	-0.42142 	 -1.26720 	 
-0.41934 	 -1.46368 	-0.41934 	 -1.48264 	-0.41934 	 -0.88464 	-0.41934 	 -1.27699 	 
-0.41722 	 -1.46365 	-0.41722 	 -1.46628 	-0.41722 	 -0.89489 	-0.41722 	 -1.27494 	 
-0.41506 	 -1.44990 	-0.41506 	 -1.40881 	-0.41506 	 -0.89861 	-0.41506 	 -1.25244 	 
-0.41285 	 -1.40944 	-0.41285 	 -1.40458 	-0.41285 	 -0.89824 	-0.41285 	 -1.23742 	 
-0.41060 	 -1.39871 	-0.41060 	 -1.43313 	-0.41060 	 -0.89925 	-0.41060 	 -1.24370 	 
-0.40831 	 -1.46207 	-0.40831 	 -1.39799 	-0.40831 	 -0.90309 	-0.40831 	 -1.25438 	 
-0.40597 	 -1.43671 	-0.40597 	 -1.35317 	-0.40597 	 -0.90632 	-0.40597 	 -1.23207 	 
-0.40358 	 -1.31095 	-0.40358 	 -1.33190 	-0.40358 	 -0.90572 	-0.40358 	 -1.18286 	 
-0.40116 	 -1.29547 	-0.40116 	 -1.30964 	-0.40116 	 -0.90376 	-0.40116 	 -1.16962 	 
-0.39868 	 -1.32119 	-0.39868 	 -1.28041 	-0.39868 	 -0.90460 	-0.39868 	 -1.16874 	 
-0.39617 	 -1.23627 	-0.39617 	 -1.28016 	-0.39617 	 -0.90548 	-0.39617 	 -1.14064 	 
-0.39360 	 -1.07005 	-0.39360 	 -1.32557 	-0.39360 	 -0.90380 	-0.39360 	 -1.09981 	 
-0.39100 	 -0.94697 	-0.39100 	 -1.31926 	-0.39100 	 -0.90716 	-0.39100 	 -1.05780 	 
-0.38834 	 -0.94085 	-0.38834 	 -1.22753 	-0.38834 	 -0.92152 	-0.38834 	 -1.02997 	 
-0.38565 	 -0.94785 	-0.38565 	 -1.14984 	-0.38565 	 -0.93977 	-0.38565 	 -1.01249 	 
-0.38290 	 -0.91692 	-0.38290 	 -1.12739 	-0.38290 	 -0.95385 	-0.38290 	 -0.99938 	 
-0.38011 	 -0.94309 	-0.38011 	 -1.11342 	-0.38011 	 -0.96534 	-0.38011 	 -1.00728 	 
-0.37728 	 -1.10089 	-0.37728 	 -1.11178 	-0.37728 	 -0.97741 	-0.37728 	 -1.06336 	 
-0.37440 	 -1.26286 	-0.37440 	 -1.10685 	-0.37440 	 -0.98923 	-0.37440 	 -1.11965 	 
-0.37147 	 -1.20675 	-0.37147 	 -1.05955 	-0.37147 	 -1.00068 	-0.37147 	 -1.08899 	 
-0.36850 	 -1.00608 	-0.36850 	 -1.00675 	-0.36850 	 -1.01321 	-0.36850 	 -1.00868 	 
-0.36548 	 -0.90956 	-0.36548 	 -0.96070 	-0.36548 	 -1.02601 	-0.36548 	 -0.96542 	 
-0.36242 	 -0.97887 	-0.36242 	 -0.91727 	-0.36242 	 -1.03557 	-0.36242 	 -0.97724 	 
-0.35931 	 -1.09990 	-0.35931 	 -0.91269 	-0.35931 	 -1.04006 	-0.35931 	 -1.01755 	 
-0.35616 	 -1.08699 	-0.35616 	 -0.94707 	-0.35616 	 -1.04133 	-0.35616 	 -1.02513 	 
-0.35296 	 -0.95449 	-0.35296 	 -0.99598 	-0.35296 	 -1.04072 	-0.35296 	 -0.99706 	 
-0.34972 	 -0.88077 	-0.34972 	 -1.03219 	-0.34972 	 -1.03833 	-0.34972 	 -0.98376 	 
-0.34643 	 -0.86188 	-0.34643 	 -1.02093 	-0.34643 	 -1.03318 	-0.34643 	 -0.97200 	 
-0.34310 	 -0.84195 	-0.34310 	 -0.98922 	-0.34310 	 -1.02748 	-0.34310 	 -0.95288 	 
-0.33972 	 -0.83000 	-0.33972 	 -0.99332 	-0.33972 	 -1.02694 	-0.33972 	 -0.95009 	 
-0.33630 	 -0.82309 	-0.33630 	 -1.01467 	-0.33630 	 -1.02221 	-0.33630 	 -0.95332 	 
-0.33283 	 -0.84774 	-0.33283 	 -0.98470 	-0.33283 	 -0.99796 	-0.33283 	 -0.94347 	 
-0.32932 	 -0.88861 	-0.32932 	 -0.89766 	-0.32932 	 -0.96648 	-0.32932 	 -0.91758 	 
-0.32577 	 -0.90682 	-0.32577 	 -0.83368 	-0.32577 	 -0.94986 	-0.32577 	 -0.89679 	 
-0.32217 	 -0.91052 	-0.32217 	 -0.83152 	-0.32217 	 -0.94727 	-0.32217 	 -0.89644 	 
-0.31853 	 -0.88360 	-0.31853 	 -0.85861 	-0.31853 	 -0.94822 	-0.31853 	 -0.89681 	 
-0.31485 	 -0.83197 	-0.31485 	 -0.89708 	-0.31485 	 -0.94844 	-0.31485 	 -0.89249 	 
-0.31112 	 -0.81009 	-0.31112 	 -0.93737 	-0.31112 	 -0.94503 	-0.31112 	 -0.89750 	 
-0.30736 	 -0.82257 	-0.30736 	 -0.96029 	-0.30736 	 -0.93729 	-0.30736 	 -0.90672 	 
-0.30355 	 -0.83350 	-0.30355 	 -0.97573 	-0.30355 	 -0.93058 	-0.30355 	 -0.91327 	 
-0.29969 	 -0.82514 	-0.29969 	 -0.98234 	-0.29969 	 -0.92910 	-0.29969 	 -0.91219 	 
-0.29580 	 -0.82285 	-0.29580 	 -0.96373 	-0.29580 	 -0.92855 	-0.29580 	 -0.90504 	 
-0.29187 	 -0.86422 	-0.29187 	 -0.95389 	-0.29187 	 -0.92444 	-0.29187 	 -0.91418 	 
-0.28789 	 -0.93171 	-0.28789 	 -0.97081 	-0.28789 	 -0.91870 	-0.28789 	 -0.94041 	 
-0.28388 	 -0.95854 	-0.28388 	 -0.96526 	-0.28388 	 -0.91328 	-0.28388 	 -0.94569 	 
-0.27982 	 -0.94818 	-0.27982 	 -0.93996 	-0.27982 	 -0.90732 	-0.27982 	 -0.93182 	 
-0.27573 	 -0.93481 	-0.27573 	 -0.97295 	-0.27573 	 -0.89900 	-0.27573 	 -0.93559 	 
-0.27160 	 -0.90714 	-0.27160 	 -1.02271 	-0.27160 	 -0.88563 	-0.27160 	 -0.93850 	 
-0.26743 	 -0.87839 	-0.26743 	 -0.93764 	-0.26743 	 -0.86431 	-0.26743 	 -0.89345 	 
-0.26322 	 -0.85941 	-0.26322 	 -0.80611 	-0.26322 	 -0.83440 	-0.26322 	 -0.83330 	 
-0.25897 	 -0.84163 	-0.25897 	 -0.84923 	-0.25897 	 -0.79952 	-0.25897 	 -0.83013 	 
-0.25468 	 -0.84841 	-0.25468 	 -0.96722 	-0.25468 	 -0.76673 	-0.25468 	 -0.86079 	 
-0.25036 	 -0.83549 	-0.25036 	 -0.92574 	-0.25036 	 -0.74216 	-0.25036 	 -0.83446 	 
-0.24601 	 -0.74884 	-0.24601 	 -0.76636 	-0.24601 	 -0.72823 	-0.24601 	 -0.74781 	 
-0.24161 	 -0.68390 	-0.24161 	 -0.65347 	-0.24161 	 -0.72443 	-0.24161 	 -0.68727 	 
-0.23719 	 -0.68623 	-0.23719 	 -0.57714 	-0.23719 	 -0.72498 	-0.23719 	 -0.66278 	 
-0.23272 	 -0.68779 	-0.23272 	 -0.53475 	-0.23272 	 -0.71888 	-0.23272 	 -0.64714 	 
-0.22822 	 -0.68499 	-0.22822 	 -0.54854 	-0.22822 	 -0.70374 	-0.22822 	 -0.64576 	 
-0.22369 	 -0.68164 	-0.22369 	 -0.56006 	-0.22369 	 -0.68661 	-0.22369 	 -0.64277 	 
-0.21913 	 -0.67156 	-0.21913 	 -0.56085 	-0.21913 	 -0.66622 	-0.21913 	 -0.63288 	 
-0.21453 	 -0.67327 	-0.21453 	 -0.57425 	-0.21453 	 -0.63759 	-0.21453 	 -0.62837 	 
-0.20990 	 -0.66635 	-0.20990 	 -0.57756 	-0.20990 	 -0.61333 	-0.20990 	 -0.61908 	 
-0.20524 	 -0.63087 	-0.20524 	 -0.56131 	-0.20524 	 -0.60689 	-0.20524 	 -0.59969 	 
-0.20055 	 -0.59640 	-0.20055 	 -0.55386 	-0.20055 	 -0.60677 	-0.20055 	 -0.58568 	 
-0.19583 	 -0.57770 	-0.19583 	 -0.55893 	-0.19583 	 -0.60146 	-0.19583 	 -0.57936 	 
-0.19108 	 -0.56232 	-0.19108 	 -0.55211 	-0.19108 	 -0.59525 	-0.19108 	 -0.56990 	 
-0.18630 	 -0.55673 	-0.18630 	 -0.53619 	-0.18630 	 -0.59001 	-0.18630 	 -0.56098 	 
-0.18149 	 -0.56378 	-0.18149 	 -0.52590 	-0.18149 	 -0.58439 	-0.18149 	 -0.55802 	 
-0.17665 	 -0.56177 	-0.17665 	 -0.51979 	-0.17665 	 -0.57805 	-0.17665 	 -0.55320 	 
-0.17179 	 -0.54971 	-0.17179 	 -0.51206 	-0.17179 	 -0.57085 	-0.17179 	 -0.54421 	 
-0.16690 	 -0.54718 	-0.16690 	 -0.50593 	-0.16690 	 -0.56469 	-0.16690 	 -0.53926 	 
-0.16198 	 -0.55122 	-0.16198 	 -0.50391 	-0.16198 	 -0.56038 	-0.16198 	 -0.53850 	 
-0.15704 	 -0.55217 	-0.15704 	 -0.50253 	-0.15704 	 -0.55627 	-0.15704 	 -0.53699 	 
-0.15208 	 -0.55314 	-0.15208 	 -0.49886 	-0.15208 	 -0.55113 	-0.15208 	 -0.53438 	 
-0.14709 	 -0.55044 	-0.14709 	 -0.49306 	-0.14709 	 -0.54489 	-0.14709 	 -0.52946 	 
-0.14207 	 -0.54013 	-0.14207 	 -0.48792 	-0.14207 	 -0.53772 	-0.14207 	 -0.52192 	 
-0.13704 	 -0.52865 	-0.13704 	 -0.48397 	-0.13704 	 -0.52989 	-0.13704 	 -0.51417 	 
-0.13198 	 -0.51926 	-0.13198 	 -0.47982 	-0.13198 	 -0.52214 	-0.13198 	 -0.50707 	 
-0.12690 	 -0.51323 	-0.12690 	 -0.47657 	-0.12690 	 -0.51450 	-0.12690 	 -0.50143 	 
-0.12180 	 -0.51085 	-0.12180 	 -0.47428 	-0.12180 	 -0.50673 	-0.12180 	 -0.49728 	 
-0.11668 	 -0.51165 	-0.11668 	 -0.47214 	-0.11668 	 -0.50065 	-0.11668 	 -0.49481 	 
-0.11155 	 -0.52133 	-0.11155 	 -0.47046 	-0.11155 	 -0.49750 	-0.11155 	 -0.49643 	 
-0.10639 	 -0.53442 	-0.10639 	 -0.46935 	-0.10639 	 -0.49519 	-0.10639 	 -0.49965 	 
-0.10121 	 -0.53742 	-0.10121 	 -0.46883 	-0.10121 	 -0.49172 	-0.10121 	 -0.49932 	 
-0.09602 	 -0.53400 	-0.09602 	 -0.46890 	-0.09602 	 -0.48740 	-0.09602 	 -0.49677 	 
-0.09082 	 -0.53206 	-0.09082 	 -0.46938 	-0.09082 	 -0.48332 	-0.09082 	 -0.49492 	 
-0.08559 	 -0.53011 	-0.08559 	 -0.47009 	-0.08559 	 -0.47971 	-0.08559 	 -0.49331 	 
-0.08036 	 -0.52635 	-0.08036 	 -0.47092 	-0.08036 	 -0.47598 	-0.08036 	 -0.49108 	 
-0.07511 	 -0.52025 	-0.07511 	 -0.47177 	-0.07511 	 -0.47220 	-0.07511 	 -0.48807 	 
-0.06984 	 -0.51247 	-0.06984 	 -0.47244 	-0.06984 	 -0.46933 	-0.06984 	 -0.48475 	 
-0.06456 	 -0.50445 	-0.06456 	 -0.47314 	-0.06456 	 -0.46771 	-0.06456 	 -0.48177 	 
-0.05928 	 -0.49637 	-0.05928 	 -0.47456 	-0.05928 	 -0.46674 	-0.05928 	 -0.47922 	 
-0.05398 	 -0.48862 	-0.05398 	 -0.47646 	-0.05398 	 -0.46579 	-0.05398 	 -0.47695 	 
-0.04867 	 -0.48165 	-0.04867 	 -0.47739 	-0.04867 	 -0.46468 	-0.04867 	 -0.47457 	 
-0.04335 	 -0.47532 	-0.04335 	 -0.47652 	-0.04335 	 -0.46353 	-0.04335 	 -0.47179 	 
-0.03802 	 -0.46965 	-0.03802 	 -0.47474 	-0.03802 	 -0.46253 	-0.03802 	 -0.46897 	 
-0.03268 	 -0.46510 	-0.03268 	 -0.47325 	-0.03268 	 -0.46181 	-0.03268 	 -0.46672 	 
-0.02734 	 -0.46234 	-0.02734 	 -0.47237 	-0.02734 	 -0.46117 	-0.02734 	 -0.46529 	 
-0.02199 	 -0.46140 	-0.02199 	 -0.47180 	-0.02199 	 -0.46047 	-0.02199 	 -0.46456 	 
-0.01664 	 -0.46155 	-0.01664 	 -0.47130 	-0.01664 	 -0.45987 	-0.01664 	 -0.46424 	 
-0.01128 	 -0.46199 	-0.01128 	 -0.47095 	-0.01128 	 -0.45960 	-0.01128 	 -0.46418 	 
-0.00591 	 -0.46231 	-0.00591 	 -0.47106 	-0.00591 	 -0.45971 	-0.00591 	 -0.46436 	 
-0.00055 	 -0.46274 	-0.00055 	 -0.47164 	-0.00055 	 -0.46040 	-0.00055 	 -0.46492 	 
0.00482 	 -0.46364 	0.00482 	 -0.47258 	0.00482 	 -0.46166 	0.00482 	 -0.46596 	 
0.01019 	 -0.46482 	0.01019 	 -0.47374 	0.01019 	 -0.46305 	0.01019 	 -0.46720 	 
0.01557 	 -0.46583 	0.01557 	 -0.47492 	0.01557 	 -0.46432 	0.01557 	 -0.46836 	 
0.02094 	 -0.46660 	0.02094 	 -0.47609 	0.02094 	 -0.46574 	0.02094 	 -0.46948 	 
0.02631 	 -0.46712 	0.02631 	 -0.47741 	0.02631 	 -0.46744 	0.02631 	 -0.47065 	 
0.03168 	 -0.46757 	0.03168 	 -0.47906 	0.03168 	 -0.46916 	0.03168 	 -0.47193 	 
0.03705 	 -0.46825 	0.03705 	 -0.48073 	0.03705 	 -0.47089 	0.03705 	 -0.47329 	 
0.04241 	 -0.46893 	0.04241 	 -0.48170 	0.04241 	 -0.47320 	0.04241 	 -0.47461 	 
0.04778 	 -0.46921 	0.04778 	 -0.48213 	0.04778 	 -0.47663 	0.04778 	 -0.47599 	 
0.05313 	 -0.46953 	0.05313 	 -0.48359 	0.05313 	 -0.48090 	0.05313 	 -0.47801 	 
0.05848 	 -0.47084 	0.05848 	 -0.48757 	0.05848 	 -0.48500 	0.05848 	 -0.48114 	 
0.06383 	 -0.47315 	0.06383 	 -0.49276 	0.06383 	 -0.48813 	0.06383 	 -0.48468 	 
0.06917 	 -0.47572 	0.06917 	 -0.49565 	0.06917 	 -0.49044 	0.06917 	 -0.48727 	 
0.07450 	 -0.47813 	0.07450 	 -0.49571 	0.07450 	 -0.49249 	0.07450 	 -0.48878 	 
0.07982 	 -0.48047 	0.07982 	 -0.49696 	0.07982 	 -0.49456 	0.07982 	 -0.49066 	 
0.08513 	 -0.48285 	0.08513 	 -0.50112 	0.08513 	 -0.49667 	0.08513 	 -0.49355 	 
0.09043 	 -0.48549 	0.09043 	 -0.50428 	0.09043 	 -0.49898 	0.09043 	 -0.49625 	 
0.09573 	 -0.48869 	0.09573 	 -0.50453 	0.09573 	 -0.50159 	0.09573 	 -0.49827 	 
0.10101 	 -0.49236 	0.10101 	 -0.50521 	0.10101 	 -0.50429 	0.10101 	 -0.50062 	 
0.10627 	 -0.49598 	0.10627 	 -0.50790 	0.10627 	 -0.50691 	0.10627 	 -0.50360 	 
0.11153 	 -0.49941 	0.11153 	 -0.51075 	0.11153 	 -0.50946 	0.11153 	 -0.50654 	 
0.11677 	 -0.50278 	0.11677 	 -0.51326 	0.11677 	 -0.51189 	0.11677 	 -0.50931 	 
0.12200 	 -0.50587 	0.12200 	 -0.51605 	0.12200 	 -0.51432 	0.12200 	 -0.51208 	 
0.12721 	 -0.50871 	0.12721 	 -0.51838 	0.12721 	 -0.51712 	0.12721 	 -0.51474 	 
0.13240 	 -0.51164 	0.13240 	 -0.51921 	0.13240 	 -0.52009 	0.13240 	 -0.51698 	 
0.13758 	 -0.51492 	0.13758 	 -0.51894 	0.13758 	 -0.52248 	0.13758 	 -0.51878 	 
0.14274 	 -0.51858 	0.14274 	 -0.51891 	0.14274 	 -0.52389 	0.14274 	 -0.52046 	 
0.14789 	 -0.52147 	0.14789 	 -0.52011 	0.14789 	 -0.52465 	0.14789 	 -0.52208 	 
0.15301 	 -0.52205 	0.15301 	 -0.52282 	0.15301 	 -0.52529 	0.15301 	 -0.52339 	 
0.15811 	 -0.52093 	0.15811 	 -0.52635 	0.15811 	 -0.52619 	0.15811 	 -0.52449 	 
0.16320 	 -0.52010 	0.16320 	 -0.52894 	0.16320 	 -0.52743 	0.16320 	 -0.52549 	 
0.16826 	 -0.52061 	0.16826 	 -0.52892 	0.16826 	 -0.52881 	0.16826 	 -0.52611 	 
0.17330 	 -0.52270 	0.17330 	 -0.52651 	0.17330 	 -0.53008 	0.17330 	 -0.52643 	 
0.17832 	 -0.52681 	0.17832 	 -0.52386 	0.17832 	 -0.53106 	0.17832 	 -0.52724 	 
0.18331 	 -0.53319 	0.18331 	 -0.52299 	0.18331 	 -0.53178 	0.18331 	 -0.52932 	 
0.18828 	 -0.54038 	0.18828 	 -0.52407 	0.18828 	 -0.53252 	0.18828 	 -0.53232 	 
0.19323 	 -0.54468 	0.19323 	 -0.52582 	0.19323 	 -0.53365 	0.19323 	 -0.53472 	 
0.19814 	 -0.54341 	0.19814 	 -0.52753 	0.19814 	 -0.53510 	0.19814 	 -0.53535 	 
0.20304 	 -0.53837 	0.20304 	 -0.52966 	0.20304 	 -0.53650 	0.20304 	 -0.53484 	 
0.20791 	 -0.53409 	0.20791 	 -0.53214 	0.20791 	 -0.53773 	0.20791 	 -0.53465 	 
0.21274 	 -0.53349 	0.21274 	 -0.53334 	0.21274 	 -0.53896 	0.21274 	 -0.53526 	 
0.21756 	 -0.53534 	0.21756 	 -0.53218 	0.21756 	 -0.54026 	0.21756 	 -0.53593 	 
0.22234 	 -0.53628 	0.22234 	 -0.52983 	0.22234 	 -0.54141 	0.22234 	 -0.53584 	 
0.22709 	 -0.53523 	0.22709 	 -0.52819 	0.22709 	 -0.54205 	0.22709 	 -0.53516 	 
0.23181 	 -0.53419 	0.23181 	 -0.52804 	0.23181 	 -0.54212 	0.23181 	 -0.53478 	 
0.23651 	 -0.53523 	0.23651 	 -0.52901 	0.23651 	 -0.54183 	0.23651 	 -0.53536 	 
0.24117 	 -0.53821 	0.24117 	 -0.53026 	0.24117 	 -0.54144 	0.24117 	 -0.53664 	 
0.24580 	 -0.54104 	0.24580 	 -0.53151 	0.24580 	 -0.54109 	0.24580 	 -0.53788 	 
0.25039 	 -0.54229 	0.25039 	 -0.53292 	0.25039 	 -0.54069 	0.25039 	 -0.53863 	 
0.25496 	 -0.54241 	0.25496 	 -0.53417 	0.25496 	 -0.54008 	0.25496 	 -0.53889 	 
0.25949 	 -0.54245 	0.25949 	 -0.53507 	0.25949 	 -0.53983 	0.25949 	 -0.53912 	 
0.26398 	 -0.54265 	0.26398 	 -0.53593 	0.26398 	 -0.54102 	0.26398 	 -0.53987 	 
0.26844 	 -0.54269 	0.26844 	 -0.53665 	0.26844 	 -0.54341 	0.26844 	 -0.54092 	 
0.27287 	 -0.54261 	0.27287 	 -0.53675 	0.27287 	 -0.54479 	0.27287 	 -0.54138 	 
0.27725 	 -0.54292 	0.27725 	 -0.53621 	0.27725 	 -0.54319 	0.27725 	 -0.54077 	 
0.28161 	 -0.54335 	0.28161 	 -0.53534 	0.28161 	 -0.53920 	0.28161 	 -0.53930 	 
0.28592 	 -0.54298 	0.28592 	 -0.53436 	0.28592 	 -0.53563 	0.28592 	 -0.53766 	 
0.29020 	 -0.54189 	0.29020 	 -0.53333 	0.29020 	 -0.53449 	0.29020 	 -0.53657 	 
0.29444 	 -0.54126 	0.29444 	 -0.53216 	0.29444 	 -0.53524 	0.29444 	 -0.53622 	 
0.29864 	 -0.54159 	0.29864 	 -0.53100 	0.29864 	 -0.53658 	0.29864 	 -0.53639 	 
0.30280 	 -0.54222 	0.30280 	 -0.53021 	0.30280 	 -0.53772 	0.30280 	 -0.53672 	 
0.30692 	 -0.54222 	0.30692 	 -0.52978 	0.30692 	 -0.53816 	0.30692 	 -0.53672 	 
0.31100 	 -0.54134 	0.31100 	 -0.52922 	0.31100 	 -0.53784 	0.31100 	 -0.53613 	 
0.31504 	 -0.53972 	0.31504 	 -0.52809 	0.31504 	 -0.53707 	0.31504 	 -0.53496 	 
0.31904 	 -0.53781 	0.31904 	 -0.52624 	0.31904 	 -0.53612 	0.31904 	 -0.53339 	 
0.32300 	 -0.53622 	0.32300 	 -0.52389 	0.32300 	 -0.53534 	0.32300 	 -0.53182 	 
0.32692 	 -0.53504 	0.32692 	 -0.52164 	0.32692 	 -0.53517 	0.32692 	 -0.53062 	 
0.33079 	 -0.53432 	0.33079 	 -0.52011 	0.33079 	 -0.53600 	0.33079 	 -0.53014 	 
0.33463 	 -0.53476 	0.33463 	 -0.51916 	0.33463 	 -0.53712 	0.33463 	 -0.53034 	 
0.33841 	 -0.53623 	0.33841 	 -0.51828 	0.33841 	 -0.53694 	0.33841 	 -0.53048 	 
0.34216 	 -0.53692 	0.34216 	 -0.51770 	0.34216 	 -0.53508 	0.34216 	 -0.52990 	 
0.34586 	 -0.53604 	0.34586 	 -0.51776 	0.34586 	 -0.53222 	0.34586 	 -0.52867 	 
0.34952 	 -0.53457 	0.34952 	 -0.51788 	0.34952 	 -0.52881 	0.34952 	 -0.52709 	 
0.35313 	 -0.53270 	0.35313 	 -0.51711 	0.35313 	 -0.52503 	0.35313 	 -0.52495 	 
0.35669 	 -0.52985 	0.35669 	 -0.51555 	0.35669 	 -0.52082 	0.35669 	 -0.52207 	 
0.36022 	 -0.52646 	0.36022 	 -0.51414 	0.36022 	 -0.51604 	0.36022 	 -0.51888 	 
0.36369 	 -0.52384 	0.36369 	 -0.51343 	0.36369 	 -0.51003 	0.36369 	 -0.51577 	 
0.36712 	 -0.52326 	0.36712 	 -0.51363 	0.36712 	 -0.50402 	0.36712 	 -0.51364 	 
0.37051 	 -0.52529 	0.37051 	 -0.51479 	0.37051 	 -0.50667 	0.37051 	 -0.51558 	 
0.37385 	 -0.52966 	0.37385 	 -0.51617 	0.37385 	 -0.52151 	0.37385 	 -0.52245 	 
0.37714 	 -0.53507 	0.37714 	 -0.51684 	0.37714 	 -0.53412 	0.37714 	 -0.52867 	 
0.38038 	 -0.53780 	0.38038 	 -0.51667 	0.38038 	 -0.53411 	0.38038 	 -0.52952 	 
0.38358 	 -0.53489 	0.38358 	 -0.51601 	0.38358 	 -0.52863 	0.38358 	 -0.52651 	 
0.38673 	 -0.52863 	0.38673 	 -0.51526 	0.38673 	 -0.52440 	0.38673 	 -0.52277 	 
0.38983 	 -0.52321 	0.38983 	 -0.51446 	0.38983 	 -0.52114 	0.38983 	 -0.51960 	 
0.39289 	 -0.51999 	0.39289 	 -0.51345 	0.39289 	 -0.51797 	0.39289 	 -0.51714 	 
0.39590 	 -0.51858 	0.39590 	 -0.51255 	0.39590 	 -0.51404 	0.39590 	 -0.51506 	 
0.39886 	 -0.51863 	0.39886 	 -0.51207 	0.39886 	 -0.50958 	0.39886 	 -0.51343 	 
0.40177 	 -0.51940 	0.40177 	 -0.51169 	0.40177 	 -0.50635 	0.40177 	 -0.51248 	 
0.40463 	 -0.51936 	0.40463 	 -0.51103 	0.40463 	 -0.50489 	0.40463 	 -0.51176 	 
0.40745 	 -0.51708 	0.40745 	 -0.51008 	0.40745 	 -0.50580 	0.40745 	 -0.51099 	 
0.41021 	 -0.51279 	0.41021 	 -0.50911 	0.41021 	 -0.50971 	0.41021 	 -0.51054 	 
0.41293 	 -0.50841 	0.41293 	 -0.50853 	0.41293 	 -0.51358 	0.41293 	 -0.51017 	 
0.41560 	 -0.50546 	0.41560 	 -0.50873 	0.41560 	 -0.51376 	0.41560 	 -0.50932 	 
0.41822 	 -0.50374 	0.41822 	 -0.51004 	0.41822 	 -0.51127 	0.41822 	 -0.50835 	 
0.42079 	 -0.50219 	0.42079 	 -0.51225 	0.42079 	 -0.50871 	0.42079 	 -0.50772 	 
0.42332 	 -0.50048 	0.42332 	 -0.51402 	0.42332 	 -0.50766 	0.42332 	 -0.50739 	 
0.42579 	 -0.49874 	0.42579 	 -0.51384 	0.42579 	 -0.50863 	0.42579 	 -0.50707 	 
0.42822 	 -0.49677 	0.42822 	 -0.51148 	0.42822 	 -0.50983 	0.42822 	 -0.50603 	 
0.43060 	 -0.49440 	0.43060 	 -0.50826 	0.43060 	 -0.50978 	0.43060 	 -0.50415 	 
0.43293 	 -0.49213 	0.43293 	 -0.50550 	0.43293 	 -0.50951 	0.43293 	 -0.50238 	 
0.43521 	 -0.49105 	0.43521 	 -0.50356 	0.43521 	 -0.50970 	0.43521 	 -0.50143 	 
0.43745 	 -0.49157 	0.43745 	 -0.50276 	0.43745 	 -0.50981 	0.43745 	 -0.50138 	 
0.43963 	 -0.49285 	0.43963 	 -0.50320 	0.43963 	 -0.50989 	0.43963 	 -0.50198 	 
0.44177 	 -0.49392 	0.44177 	 -0.50397 	0.44177 	 -0.51020 	0.44177 	 -0.50270 	 
0.44386 	 -0.49472 	0.44386 	 -0.50422 	0.44386 	 -0.51013 	0.44386 	 -0.50303 	 
0.44591 	 -0.49583 	0.44591 	 -0.50403 	0.44591 	 -0.50904 	0.44591 	 -0.50296 	 
0.44790 	 -0.49756 	0.44790 	 -0.50397 	0.44790 	 -0.50717 	0.44790 	 -0.50290 	 
0.44985 	 -0.49937 	0.44985 	 -0.50435 	0.44985 	 -0.50510 	0.44985 	 -0.50294 	 
0.45176 	 -0.50039 	0.45176 	 -0.50482 	0.45176 	 -0.50312 	0.45176 	 -0.50278 	 
0.45361 	 -0.50034 	0.45361 	 -0.50503 	0.45361 	 -0.50130 	0.45361 	 -0.50222 	 
0.45542 	 -0.49948 	0.45542 	 -0.50512 	0.45542 	 -0.49963 	0.45542 	 -0.50141 	 
0.45719 	 -0.49804 	0.45719 	 -0.50539 	0.45719 	 -0.49812 	0.45719 	 -0.50051 	 
0.45890 	 -0.49614 	0.45890 	 -0.50577 	0.45890 	 -0.49677 	0.45890 	 -0.49956 	 
0.46058 	 -0.49421 	0.46058 	 -0.50597 	0.46058 	 -0.49571 	0.46058 	 -0.49863 	 
0.46221 	 -0.49275 	0.46221 	 -0.50593 	0.46221 	 -0.49513 	0.46221 	 -0.49794 	 
0.46379 	 -0.49179 	0.46379 	 -0.50572 	0.46379 	 -0.49513 	0.46379 	 -0.49755 	 
0.46533 	 -0.49107 	0.46533 	 -0.50541 	0.46533 	 -0.49568 	0.46533 	 -0.49739 	 
0.46683 	 -0.49049 	0.46683 	 -0.50510 	0.46683 	 -0.49660 	0.46683 	 -0.49739 	 
0.46828 	 -0.49013 	0.46828 	 -0.50489 	0.46828 	 -0.49765 	0.46828 	 -0.49756 	 
0.46969 	 -0.49018 	0.46969 	 -0.50486 	0.46969 	 -0.49862 	0.46969 	 -0.49789 	 
0.47106 	 -0.49095 	0.47106 	 -0.50503 	0.47106 	 -0.49933 	0.47106 	 -0.49844 	 
0.47239 	 -0.49287 	0.47239 	 -0.50539 	0.47239 	 -0.49970 	0.47239 	 -0.49932 	 
0.47367 	 -0.49595 	0.47367 	 -0.50586 	0.47367 	 -0.49981 	0.47367 	 -0.50054 	 
0.47492 	 -0.49909 	0.47492 	 -0.50640 	0.47492 	 -0.49986 	0.47492 	 -0.50179 	 
0.47613 	 -0.50046 	0.47613 	 -0.50694 	0.47613 	 -0.50009 	0.47613 	 -0.50249 	 
0.47729 	 -0.49939 	0.47729 	 -0.50738 	0.47729 	 -0.50060 	0.47729 	 -0.50246 	 
0.47842 	 -0.49712 	0.47842 	 -0.50770 	0.47842 	 -0.50123 	0.47842 	 -0.50202 	 
0.47951 	 -0.49504 	0.47951 	 -0.50786 	0.47951 	 -0.50171 	0.47951 	 -0.50154 	 
0.48056 	 -0.49378 	0.48056 	 -0.50787 	0.48056 	 -0.50186 	0.48056 	 -0.50117 	 
0.48158 	 -0.49349 	0.48158 	 -0.50776 	0.48158 	 -0.50162 	0.48158 	 -0.50096 	 
0.48256 	 -0.49381 	0.48256 	 -0.50758 	0.48256 	 -0.50103 	0.48256 	 -0.50081 	 
0.48350 	 -0.49414 	0.48350 	 -0.50739 	0.48350 	 -0.50017 	0.48350 	 -0.50057 	 
0.48441 	 -0.49423 	0.48441 	 -0.50723 	0.48441 	 -0.49913 	0.48441 	 -0.50020 	 
0.48529 	 -0.49411 	0.48529 	 -0.50709 	0.48529 	 -0.49800 	0.48529 	 -0.49973 	 
0.48614 	 -0.49377 	0.48614 	 -0.50700 	0.48614 	 -0.49684 	0.48614 	 -0.49920 	 
0.48695 	 -0.49326 	0.48695 	 -0.50694 	0.48695 	 -0.49571 	0.48695 	 -0.49864 	 
0.48773 	 -0.49271 	0.48773 	 -0.50690 	0.48773 	 -0.49466 	0.48773 	 -0.49809 	 
0.48849 	 -0.49219 	0.48849 	 -0.50689 	0.48849 	 -0.49375 	0.48849 	 -0.49761 	 
0.48921 	 -0.49157 	0.48921 	 -0.50689 	0.48921 	 -0.49297 	0.48921 	 -0.49714 	 
0.48990 	 -0.49060 	0.48990 	 -0.50692 	0.48990 	 -0.49225 	0.48990 	 -0.49659 	 
0.49057 	 -0.48900 	0.49057 	 -0.50696 	0.49057 	 -0.49149 	0.49057 	 -0.49582 	 
0.49121 	 -0.48690 	0.49121 	 -0.50706 	0.49121 	 -0.49078 	0.49121 	 -0.49491 	 
0.49183 	 -0.48460 	0.49183 	 -0.50722 	0.49183 	 -0.49022 	0.49183 	 -0.49401 	 
0.49242 	 -0.48228 	0.49242 	 -0.50739 	0.49242 	 -0.48982 	0.49242 	 -0.49316 	 
0.49299 	 -0.48009 	0.49299 	 -0.50766 	0.49299 	 -0.48962 	0.49299 	 -0.49246 	 
0.49354 	 -0.47794 	0.49354 	 -0.50790 	0.49354 	 -0.48939 	0.49354 	 -0.49174 	 
0.49407 	 -0.47601 	0.49407 	 -0.50829 	0.49407 	 -0.48930 	0.49407 	 -0.49120 	 
0.49458 	 -0.47408 	0.49458 	 -0.50860 	0.49458 	 -0.48904 	0.49458 	 -0.49057 	 
0.49507 	 -0.47238 	0.49507 	 -0.50902 	0.49507 	 -0.48877 	0.49507 	 -0.49006 	 
0.49554 	 -0.47075 	0.49554 	 -0.50946 	0.49554 	 -0.48844 	0.49554 	 -0.48955 	 
0.49600 	 -0.46906 	0.49600 	 -0.50978 	0.49600 	 -0.48793 	0.49600 	 -0.48892 	 
0.49644 	 -0.46758 	0.49644 	 -0.51039 	0.49644 	 -0.48771 	0.49644 	 -0.48856 	 
0.49687 	 -0.46556 	0.49687 	 -0.51053 	0.49687 	 -0.48699 	0.49687 	 -0.48769 	 
0.49729 	 -0.46390 	0.49729 	 -0.51122 	0.49729 	 -0.48688 	0.49729 	 -0.48733 	 
0.49769 	 -0.46162 	0.49769 	 -0.51141 	0.49769 	 -0.48629 	0.49769 	 -0.48644 	 
0.49809 	 -0.45946 	0.49809 	 -0.51172 	0.49809 	 -0.48581 	0.49809 	 -0.48566 	 
0.49848 	 -0.45783 	0.49848 	 -0.51267 	0.49848 	 -0.48617 	0.49848 	 -0.48556 	 
0.49887 	 -0.45498 	0.49887 	 -0.51184 	0.49887 	 -0.48446 	0.49887 	 -0.48376 	 
0.49925 	 -0.45602 	0.49925 	 -0.51613 	0.49925 	 -0.48778 	0.49925 	 -0.48664 	 
0.49962 	 -0.45506 	0.49962 	 -0.51597 	0.49962 	 -0.48671 	0.49962 	 -0.48592 	 
0.50000 	 -0.46410 	0.50000 	 -0.52050 	0.50000 	 -0.48903 	0.50000 	 -0.49121 	 
