"Density"	"Momentum:0"	"Momentum:1"	"Momentum:2"	"StagnationEnergy"	"Pressure"	"Points:0"	"Points:1"	"Points:2"
1.60834e-02	-4.30580e-04	9.32932e-04	6.95304e-04	-2.06132e-01	-8.24721e-02	-5.04635e-01	0.00000e+00	2.14500e-01
2.47140e-03	1.69311e-04	1.35557e-04	1.55076e-04	-4.19635e-01	-1.67860e-01	-5.04583e-01	2.24939e-03	2.14500e-01
6.85565e-03	1.85829e-04	3.81505e-04	1.76829e-04	-3.43904e-01	-1.37568e-01	-5.04424e-01	4.49379e-03	2.14500e-01
1.20122e-02	2.27314e-04	6.69168e-04	1.81244e-04	-4.16746e-01	-1.66707e-01	-5.04159e-01	6.72809e-03	2.14500e-01
1.32152e-02	2.78420e-04	7.22387e-04	1.57296e-04	-4.33125e-01	-1.73260e-01	-5.03787e-01	8.94720e-03	2.14500e-01
1.50203e-02	3.04004e-04	8.14086e-04	1.48772e-04	-4.90823e-01	-1.96339e-01	-5.03311e-01	1.11462e-02	2.14500e-01
1.62399e-02	3.52575e-04	8.64435e-04	1.19157e-04	-5.58091e-01	-2.23247e-01	-5.02731e-01	1.33203e-02	2.14500e-01
1.67582e-02	3.75917e-04	8.78877e-04	1.02013e-04	-6.01922e-01	-2.40780e-01	-5.02052e-01	1.54655e-02	2.14500e-01
1.70837e-02	4.03318e-04	8.79660e-04	7.56963e-05	-6.70119e-01	-2.68059e-01	-5.01277e-01	1.75778e-02	2.14500e-01
1.69670e-02	4.19419e-04	8.57632e-04	5.52374e-05	-7.12409e-01	-2.84974e-01	-5.00455e-01	1.95529e-02	2.14500e-01
1.66698e-02	4.26689e-04	8.28801e-04	3.75189e-05	-7.53237e-01	-3.01305e-01	-4.99630e-01	2.13375e-02	2.14500e-01
1.62041e-02	4.30415e-04	7.91493e-04	1.97487e-05	-7.87840e-01	-3.15146e-01	-4.98798e-01	2.29830e-02	2.14500e-01
1.56117e-02	4.25776e-04	7.50990e-04	6.60617e-06	-8.10803e-01	-3.24331e-01	-4.97956e-01	2.45237e-02	2.14500e-01
1.49609e-02	4.19104e-04	7.08289e-04	-7.73083e-06	-8.34153e-01	-3.33670e-01	-4.97101e-01	2.59835e-02	2.14500e-01
1.41959e-02	4.06095e-04	6.62478e-04	-1.92759e-05	-8.48348e-01	-3.39348e-01	-4.96231e-01	2.73801e-02	2.14500e-01
1.33741e-02	3.89656e-04	6.15622e-04	-3.07381e-05	-8.60219e-01	-3.44096e-01	-4.95342e-01	2.87271e-02	2.14500e-01
1.24870e-02	3.69204e-04	5.67682e-04	-4.17142e-05	-8.67894e-01	-3.47165e-01	-4.94432e-01	3.00347e-02	2.14500e-01
1.15375e-02	3.44605e-04	5.19101e-04	-5.22623e-05	-8.70854e-01	-3.48348e-01	-4.93497e-01	3.13115e-02	2.14500e-01
1.05450e-02	3.16705e-04	4.70705e-04	-6.30951e-05	-8.71609e-01	-3.48650e-01	-4.92536e-01	3.25640e-02	2.14500e-01
9.51110e-03	2.85789e-04	4.22515e-04	-7.35482e-05	-8.68401e-01	-3.47366e-01	-4.91544e-01	3.37976e-02	2.14500e-01
8.44328e-03	2.52200e-04	3.74874e-04	-8.34757e-05	-8.62472e-01	-3.44994e-01	-4.90521e-01	3.50169e-02	2.14500e-01
7.34689e-03	2.16306e-04	3.27933e-04	-9.29265e-05	-8.54218e-01	-3.41691e-01	-4.89463e-01	3.62255e-02	2.14500e-01
6.23873e-03	1.78624e-04	2.82510e-04	-1.02188e-04	-8.43466e-01	-3.37390e-01	-4.88369e-01	3.74264e-02	2.14500e-01
5.17339e-03	1.41102e-04	2.40790e-04	-1.11752e-04	-8.31410e-01	-3.32568e-01	-4.87235e-01	3.86220e-02	2.14500e-01
4.21458e-03	1.06487e-04	2.04766e-04	-1.20957e-04	-8.18120e-01	-3.27251e-01	-4.86060e-01	3.98143e-02	2.14500e-01
3.43097e-03	7.79985e-05	1.76188e-04	-1.28344e-04	-8.04607e-01	-3.21846e-01	-4.84841e-01	4.10050e-02	2.14500e-01
2.82575e-03	5.67856e-05	1.53888e-04	-1.31708e-04	-7.91667e-01	-3.16670e-01	-4.83576e-01	4.21954e-02	2.14500e-01
2.32552e-03	4.09295e-05	1.34056e-04	-1.29206e-04	-7.79940e-01	-3.11979e-01	-4.82264e-01	4.33865e-02	2.14500e-01
1.82365e-03	2.65980e-05	1.12469e-04	-1.20577e-04	-7.70088e-01	-3.08038e-01	-4.80902e-01	4.45791e-02	2.14500e-01
1.24860e-03	1.06477e-05	8.69669e-05	-1.07225e-04	-7.62109e-01	-3.04846e-01	-4.79489e-01	4.57737e-02	2.14500e-01
6.27577e-04	-6.67596e-06	5.93255e-05	-9.15960e-05	-7.55912e-01	-3.02369e-01	-4.78022e-01	4.69706e-02	2.14500e-01
7.48502e-05	-2.17829e-05	3.43013e-05	-7.60100e-05	-7.51268e-01	-3.00527e-01	-4.76500e-01	4.81703e-02	2.14500e-01
-2.92232e-04	-3.06653e-05	1.63645e-05	-6.17858e-05	-7.48078e-01	-2.99228e-01	-4.74921e-01	4.93726e-02	2.14500e-01
-4.29769e-04	-3.16906e-05	6.96433e-06	-4.96428e-05	-7.46369e-01	-2.98546e-01	-4.73284e-01	5.05777e-02	2.14500e-01
-3.70741e-04	-2.59062e-05	4.66512e-06	-3.97459e-05	-7.46027e-01	-2.98410e-01	-4.71587e-01	5.17852e-02	2.14500e-01
-1.81747e-04	-1.56854e-05	7.01465e-06	-3.17268e-05	-7.46866e-01	-2.98745e-01	-4.69829e-01	5.29951e-02	2.14500e-01
7.67037e-05	-3.07914e-06	1.16609e-05	-2.50834e-05	-7.48659e-01	-2.99466e-01	-4.68008e-01	5.42069e-02	2.14500e-01
3.66798e-04	1.06512e-05	1.71053e-05	-1.94635e-05	-7.51262e-01	-3.00505e-01	-4.66123e-01	5.54203e-02	2.14500e-01
6.67058e-04	2.46388e-05	2.27393e-05	-1.47161e-05	-7.54627e-01	-3.01851e-01	-4.64172e-01	5.66348e-02	2.14500e-01
9.51400e-04	3.77697e-05	2.79517e-05	-1.11302e-05	-7.58794e-01	-3.03518e-01	-4.62155e-01	5.78498e-02	2.14500e-01
1.15682e-03	4.71542e-05	3.16332e-05	-9.44209e-06	-7.63860e-01	-3.05544e-01	-4.60070e-01	5.90648e-02	2.14500e-01
1.20883e-03	4.94211e-05	3.25194e-05	-1.04374e-05	-7.69235e-01	-3.07694e-01	-4.57915e-01	6.02792e-02	2.14500e-01
1.13305e-03	4.57450e-05	3.13158e-05	-1.44002e-05	-7.73828e-01	-3.09532e-01	-4.55692e-01	6.14924e-02	2.14500e-01
1.01239e-03	3.98187e-05	2.98446e-05	-2.00836e-05	-7.77490e-01	-3.10997e-01	-4.53397e-01	6.27036e-02	2.14500e-01
8.72861e-04	3.30533e-05	2.82058e-05	-2.64196e-05	-7.80982e-01	-3.12393e-01	-4.51030e-01	6.39121e-02	2.14500e-01
7.54650e-04	2.72385e-05	2.71704e-05	-3.28088e-05	-7.84627e-01	-3.13852e-01	-4.48591e-01	6.51172e-02	2.14500e-01
7.14495e-04	2.50240e-05	2.74873e-05	-3.75903e-05	-7.88458e-01	-3.15384e-01	-4.46078e-01	6.63181e-02	2.14500e-01
7.44770e-04	2.63172e-05	2.83611e-05	-3.99545e-05	-7.92589e-01	-3.17036e-01	-4.43491e-01	6.75141e-02	2.14500e-01
7.69365e-04	2.76486e-05	2.84842e-05	-4.07900e-05	-7.96798e-01	-3.18720e-01	-4.40829e-01	6.87043e-02	2.14500e-01
7.40067e-04	2.66937e-05	2.73901e-05	-4.17854e-05	-8.00889e-01	-3.20356e-01	-4.38091e-01	6.98880e-02	2.14500e-01
6.94283e-04	2.49365e-05	2.61778e-05	-4.36571e-05	-8.05111e-01	-3.22045e-01	-4.35277e-01	7.10643e-02	2.14500e-01
6.72725e-04	2.40144e-05	2.59885e-05	-4.64040e-05	-8.09872e-01	-3.23950e-01	-4.32387e-01	7.22324e-02	2.14500e-01
6.56382e-04	2.31196e-05	2.64517e-05	-5.02118e-05	-8.15341e-01	-3.26137e-01	-4.29419e-01	7.33915e-02	2.14500e-01
6.46689e-04	2.24548e-05	2.72682e-05	-5.48492e-05	-8.21060e-01	-3.28425e-01	-4.26375e-01	7.45408e-02	2.14500e-01
6.55369e-04	2.28504e-05	2.77729e-05	-5.81140e-05	-8.26780e-01	-3.30713e-01	-4.23252e-01	7.56794e-02	2.14500e-01
5.96594e-04	2.06447e-05	2.61220e-05	-5.81444e-05	-8.32855e-01	-3.33144e-01	-4.20051e-01	7.68064e-02	2.14500e-01
4.11448e-04	1.29735e-05	2.21021e-05	-5.63541e-05	-8.38576e-01	-3.35432e-01	-4.16771e-01	7.79212e-02	2.14500e-01
2.06858e-04	4.25584e-06	1.83791e-05	-5.58724e-05	-8.43191e-01	-3.37280e-01	-4.13413e-01	7.90228e-02	2.14500e-01
1.23366e-04	7.05615e-07	1.71600e-05	-5.71537e-05	-8.47686e-01	-3.39080e-01	-4.09976e-01	8.01104e-02	2.14500e-01
1.18527e-04	7.17145e-07	1.68757e-05	-5.76735e-05	-8.53239e-01	-3.41302e-01	-4.06461e-01	8.11833e-02	2.14500e-01
2.45692e-05	-2.99862e-06	1.45124e-05	-5.45665e-05	-8.59330e-01	-3.43758e-01	-4.02866e-01	8.22406e-02	2.14500e-01
-2.49905e-04	-1.45632e-05	8.99641e-06	-4.76919e-05	-8.64252e-01	-3.45699e-01	-3.99192e-01	8.32814e-02	2.14500e-01
-5.93356e-04	-2.92237e-05	2.63961e-06	-3.93023e-05	-8.67403e-01	-3.46961e-01	-3.95440e-01	8.43051e-02	2.14500e-01
-8.12521e-04	-3.84123e-05	-1.86819e-06	-3.08960e-05	-8.70253e-01	-3.48100e-01	-3.91608e-01	8.53109e-02	2.14500e-01
-8.73590e-04	-4.06508e-05	-4.06340e-06	-2.33736e-05	-8.74314e-01	-3.49725e-01	-3.87698e-01	8.62980e-02	2.14500e-01
-9.10992e-04	-4.20902e-05	-5.01270e-06	-1.96837e-05	-8.78812e-01	-3.51524e-01	-3.83709e-01	8.72656e-02	2.14500e-01
-1.01315e-03	-4.66405e-05	-5.82338e-06	-1.97932e-05	-8.82544e-01	-3.53017e-01	-3.79642e-01	8.82131e-02	2.14500e-01
-1.15618e-03	-5.30282e-05	-7.00788e-06	-1.96100e-05	-8.85529e-01	-3.54211e-01	-3.75497e-01	8.91396e-02	2.14500e-01
-1.26606e-03	-5.78874e-05	-7.98390e-06	-1.80854e-05	-8.87446e-01	-3.54978e-01	-3.71275e-01	9.00446e-02	2.14500e-01
-1.29293e-03	-5.90275e-05	-8.06667e-06	-1.67679e-05	-8.88755e-01	-3.55501e-01	-3.66975e-01	9.09273e-02	2.14500e-01
-1.30884e-03	-5.96697e-05	-8.08423e-06	-1.53137e-05	-8.91043e-01	-3.56416e-01	-3.62598e-01	9.17870e-02	2.14500e-01
-1.40944e-03	-6.41117e-05	-8.95437e-06	-1.26957e-05	-8.93261e-01	-3.57304e-01	-3.58144e-01	9.26232e-02	2.14500e-01
-1.53545e-03	-6.96974e-05	-1.00363e-05	-1.01571e-05	-8.93759e-01	-3.57503e-01	-3.53614e-01	9.34351e-02	2.14500e-01
-1.56668e-03	-7.10846e-05	-9.90027e-06	-9.32617e-06	-8.93731e-01	-3.57492e-01	-3.49009e-01	9.42223e-02	2.14500e-01
-1.51203e-03	-6.86211e-05	-8.95874e-06	-9.47808e-06	-8.94297e-01	-3.57718e-01	-3.44329e-01	9.49840e-02	2.14500e-01
-1.49968e-03	-6.80418e-05	-8.51249e-06	-8.85720e-06	-8.95520e-01	-3.58207e-01	-3.39574e-01	9.57198e-02	2.14500e-01
-1.64781e-03	-7.47162e-05	-9.13335e-06	-8.07993e-06	-8.96693e-01	-3.58677e-01	-3.34746e-01	9.64291e-02	2.14500e-01
-1.93278e-03	-8.76052e-05	-1.03313e-05	-8.37047e-06	-8.96667e-01	-3.58666e-01	-3.29845e-01	9.71114e-02	2.14500e-01
-2.19562e-03	-9.95041e-05	-1.11577e-05	-8.60317e-06	-8.95151e-01	-3.58060e-01	-3.24871e-01	9.77663e-02	2.14500e-01
-2.31012e-03	-1.04642e-04	-1.14383e-05	-6.40134e-06	-8.92565e-01	-3.57025e-01	-3.19825e-01	9.83931e-02	2.14500e-01
-2.33199e-03	-1.05526e-04	-1.17702e-05	-2.77060e-07	-8.90281e-01	-3.56111e-01	-3.14709e-01	9.89916e-02	2.14500e-01
-2.42469e-03	-1.09597e-04	-1.27129e-05	8.16136e-06	-8.88107e-01	-3.55242e-01	-3.09523e-01	9.95613e-02	2.14500e-01
-2.59309e-03	-1.17136e-04	-1.36795e-05	1.50943e-05	-8.83845e-01	-3.53537e-01	-3.04267e-01	1.00102e-01	2.14500e-01
-2.70418e-03	-1.22140e-04	-1.37964e-05	1.87750e-05	-8.78523e-01	-3.51408e-01	-2.98943e-01	1.00613e-01	2.14500e-01
-2.76771e-03	-1.25014e-04	-1.34550e-05	2.11222e-05	-8.74243e-01	-3.49696e-01	-2.93552e-01	1.01094e-01	2.14500e-01
-2.85006e-03	-1.28718e-04	-1.34290e-05	2.54682e-05	-8.69354e-01	-3.47741e-01	-2.88094e-01	1.01545e-01	2.14500e-01
-2.83988e-03	-1.28208e-04	-1.34623e-05	3.30454e-05	-8.63495e-01	-3.45397e-01	-2.82571e-01	1.01965e-01	2.14500e-01
-2.66383e-03	-1.20214e-04	-1.28287e-05	4.03086e-05	-8.59528e-01	-3.43810e-01	-2.76983e-01	1.02355e-01	2.14500e-01
-2.48177e-03	-1.11996e-04	-1.16199e-05	4.20041e-05	-8.57444e-01	-3.42977e-01	-2.71332e-01	1.02713e-01	2.14500e-01
-2.42978e-03	-1.09696e-04	-1.02076e-05	3.74292e-05	-8.54656e-01	-3.41861e-01	-2.65619e-01	1.03041e-01	2.14500e-01
-2.47236e-03	-1.11682e-04	-8.68199e-06	3.01198e-05	-8.51066e-01	-3.40425e-01	-2.59844e-01	1.03337e-01	2.14500e-01
-2.55172e-03	-1.15307e-04	-7.44475e-06	2.45306e-05	-8.47719e-01	-3.39087e-01	-2.54009e-01	1.03602e-01	2.14500e-01
-2.63247e-03	-1.18960e-04	-6.83212e-06	2.46607e-05	-8.43551e-01	-3.37419e-01	-2.48115e-01	1.03836e-01	2.14500e-01
-2.67109e-03	-1.20690e-04	-6.56792e-06	2.88630e-05	-8.38478e-01	-3.35390e-01	-2.42163e-01	1.04037e-01	2.14500e-01
-2.67964e-03	-1.21068e-04	-6.00999e-06	3.08322e-05	-8.33733e-01	-3.33492e-01	-2.36155e-01	1.04208e-01	2.14500e-01
-2.66462e-03	-1.20386e-04	-5.16384e-06	3.00505e-05	-8.28119e-01	-3.31246e-01	-2.30091e-01	1.04346e-01	2.14500e-01
-2.60063e-03	-1.17485e-04	-4.45741e-06	3.03865e-05	-8.22079e-01	-3.28830e-01	-2.23973e-01	1.04453e-01	2.14500e-01
-2.56573e-03	-1.15898e-04	-3.68664e-06	3.01758e-05	-8.17624e-01	-3.27049e-01	-2.17803e-01	1.04528e-01	2.14500e-01
-2.64693e-03	-1.19555e-04	-2.73819e-06	2.64303e-05	-8.13320e-01	-3.25327e-01	-2.11581e-01	1.04571e-01	2.14500e-01
-2.77909e-03	-1.25505e-04	-1.73441e-06	2.26205e-05	-8.08497e-01	-3.23398e-01	-2.05308e-01	1.04583e-01	2.14500e-01
-2.88707e-03	-1.30358e-04	-9.98182e-07	2.25464e-05	-8.04351e-01	-3.21739e-01	-1.98987e-01	1.04563e-01	2.14500e-01
-2.98285e-03	-1.34658e-04	-4.75566e-07	2.51565e-05	-8.00371e-01	-3.20147e-01	-1.92618e-01	1.04512e-01	2.14500e-01
-3.05457e-03	-1.37870e-04	3.31339e-08	2.93051e-05	-7.95225e-01	-3.18089e-01	-1.86203e-01	1.04430e-01	2.14500e-01
-3.04457e-03	-1.37396e-04	4.22903e-07	3.38081e-05	-7.89209e-01	-3.15682e-01	-1.79743e-01	1.04318e-01	2.14500e-01
-2.99677e-03	-1.35213e-04	9.24973e-07	3.53873e-05	-7.83838e-01	-3.13534e-01	-1.73241e-01	1.04174e-01	2.14500e-01
-3.01388e-03	-1.35950e-04	1.77689e-06	3.29222e-05	-7.78824e-01	-3.11528e-01	-1.66696e-01	1.04000e-01	2.14500e-01
-3.07882e-03	-1.38835e-04	2.80139e-06	2.88129e-05	-7.72967e-01	-3.09186e-01	-1.60111e-01	1.03795e-01	2.14500e-01
-3.11786e-03	-1.40547e-04	3.80314e-06	2.49935e-05	-7.66627e-01	-3.06649e-01	-1.53487e-01	1.03561e-01	2.14500e-01
-3.12322e-03	-1.40741e-04	4.66588e-06	2.12279e-05	-7.60097e-01	-3.04037e-01	-1.46825e-01	1.03297e-01	2.14500e-01
-3.11362e-03	-1.40256e-04	5.53188e-06	1.70040e-05	-7.53393e-01	-3.01356e-01	-1.40128e-01	1.03003e-01	2.14500e-01
-3.08884e-03	-1.39087e-04	6.30128e-06	1.28516e-05	-7.46585e-01	-2.98633e-01	-1.33397e-01	1.02681e-01	2.14500e-01
-3.04748e-03	-1.37171e-04	6.98033e-06	8.91805e-06	-7.39668e-01	-2.95866e-01	-1.26632e-01	1.02330e-01	2.14500e-01
-3.00653e-03	-1.35273e-04	7.62791e-06	4.89965e-06	-7.33131e-01	-2.93251e-01	-1.19837e-01	1.01951e-01	2.14500e-01
-2.99779e-03	-1.34825e-04	8.29658e-06	1.72580e-06	-7.27201e-01	-2.90879e-01	-1.13011e-01	1.01543e-01	2.14500e-01
-3.02238e-03	-1.35880e-04	8.96787e-06	1.67764e-07	-7.21214e-01	-2.88485e-01	-1.06158e-01	1.01109e-01	2.14500e-01
-3.04286e-03	-1.36753e-04	9.55761e-06	-8.85278e-07	-7.14760e-01	-2.85903e-01	-9.92783e-02	1.00647e-01	2.14500e-01
-3.02964e-03	-1.36109e-04	1.00497e-05	-2.08700e-06	-7.08059e-01	-2.83222e-01	-9.23736e-02	1.00159e-01	2.14500e-01
-2.97926e-03	-1.33801e-04	1.03399e-05	-1.94575e-06	-7.01301e-01	-2.80519e-01	-8.54457e-02	9.96442e-02	2.14500e-01
-2.90150e-03	-1.30271e-04	1.04266e-05	1.13613e-07	-6.94644e-01	-2.77856e-01	-7.84961e-02	9.91042e-02	2.14500e-01
-2.81948e-03	-1.26553e-04	1.04691e-05	1.81974e-06	-6.88107e-01	-2.75242e-01	-7.15266e-02	9.85390e-02	2.14500e-01
-2.75969e-03	-1.23826e-04	1.06700e-05	9.77246e-07	-6.81417e-01	-2.72566e-01	-6.45387e-02	9.79491e-02	2.14500e-01
-2.72257e-03	-1.22109e-04	1.10267e-05	-1.75504e-06	-6.74329e-01	-2.69731e-01	-5.75341e-02	9.73351e-02	2.14500e-01
-2.69227e-03	-1.20701e-04	1.13718e-05	-4.18911e-06	-6.67019e-01	-2.66807e-01	-5.05146e-02	9.66975e-02	2.14500e-01
-2.67644e-03	-1.19947e-04	1.17048e-05	-5.25814e-06	-6.59880e-01	-2.63951e-01	-4.34817e-02	9.60368e-02	2.14500e-01
-2.68698e-03	-1.20377e-04	1.21194e-05	-5.66278e-06	-6.52788e-01	-2.61114e-01	-3.64371e-02	9.53536e-02	2.14500e-01
-2.69192e-03	-1.20556e-04	1.25009e-05	-6.19914e-06	-6.45363e-01	-2.58144e-01	-2.93825e-02	9.46484e-02	2.14500e-01
-2.64292e-03	-1.18321e-04	1.26160e-05	-6.48236e-06	-6.37673e-01	-2.55068e-01	-2.23196e-02	9.39218e-02	2.14500e-01
-2.54380e-03	-1.13848e-04	1.24385e-05	-5.85450e-06	-6.30056e-01	-2.52022e-01	-1.52501e-02	9.31743e-02	2.14500e-01
-2.44300e-03	-1.09305e-04	1.21967e-05	-4.12301e-06	-6.22815e-01	-2.49125e-01	-8.17561e-03	9.24066e-02	2.14500e-01
-2.36913e-03	-1.05971e-04	1.20502e-05	-1.64031e-06	-6.15926e-01	-2.46369e-01	-1.09793e-03	9.16191e-02	2.14500e-01
-2.30335e-03	-1.03001e-04	1.19274e-05	1.69527e-07	-6.09105e-01	-2.43641e-01	5.98128e-03	9.08126e-02	2.14500e-01
-2.21425e-03	-9.89856e-05	1.17093e-05	1.81296e-07	-6.02343e-01	-2.40936e-01	1.30603e-02	8.99875e-02	2.14500e-01
-2.10452e-03	-9.40469e-05	1.13863e-05	-8.37652e-07	-5.95891e-01	-2.38356e-01	2.01375e-02	8.91445e-02	2.14500e-01
-1.99224e-03	-8.89977e-05	1.10211e-05	-1.85851e-06	-5.89821e-01	-2.35927e-01	2.72111e-02	8.82841e-02	2.14500e-01
-1.86973e-03	-8.34960e-05	1.05591e-05	-2.67807e-06	-5.84125e-01	-2.33649e-01	3.42795e-02	8.74071e-02	2.14500e-01
-1.72829e-03	-7.71552e-05	9.94048e-06	-2.73855e-06	-5.79096e-01	-2.31638e-01	4.13409e-02	8.65138e-02	2.14500e-01
-1.59904e-03	-7.13651e-05	9.33905e-06	-1.63342e-06	-5.74998e-01	-2.29998e-01	4.83937e-02	8.56051e-02	2.14500e-01
-1.51684e-03	-6.76797e-05	8.97880e-06	-2.16828e-07	-5.71563e-01	-2.28625e-01	5.54361e-02	8.46814e-02	2.14500e-01
-1.47223e-03	-6.56709e-05	8.84239e-06	5.05822e-07	-5.68411e-01	-2.27364e-01	6.24664e-02	8.37433e-02	2.14500e-01
-1.42994e-03	-6.37647e-05	8.72910e-06	3.75694e-07	-5.65513e-01	-2.26204e-01	6.94831e-02	8.27915e-02	2.14500e-01
-1.37825e-03	-6.14388e-05	8.55757e-06	-3.64234e-07	-5.62973e-01	-2.25189e-01	7.64843e-02	8.18266e-02	2.14500e-01
-1.32512e-03	-5.90503e-05	8.36647e-06	-1.25856e-06	-5.60719e-01	-2.24287e-01	8.34685e-02	8.08492e-02	2.14500e-01
-1.27028e-03	-5.65881e-05	8.14164e-06	-1.59153e-06	-5.58555e-01	-2.23421e-01	9.04340e-02	7.98598e-02	2.14500e-01
-1.21082e-03	-5.39249e-05	7.85771e-06	-9.61147e-07	-5.56541e-01	-2.22616e-01	9.73790e-02	7.88591e-02	2.14500e-01
-1.15539e-03	-5.14436e-05	7.57836e-06	2.59695e-07	-5.54872e-01	-2.21949e-01	1.04302e-01	7.78477e-02	2.14500e-01
-1.11246e-03	-4.95212e-05	7.36930e-06	1.59285e-06	-5.53531e-01	-2.21412e-01	1.11201e-01	7.68261e-02	2.14500e-01
-1.07258e-03	-4.77354e-05	7.17074e-06	3.21067e-06	-5.52414e-01	-2.20965e-01	1.18075e-01	7.57949e-02	2.14500e-01
-1.02929e-03	-4.58004e-05	6.93625e-06	5.34855e-06	-5.51560e-01	-2.20623e-01	1.24922e-01	7.47548e-02	2.14500e-01
-9.96833e-04	-4.43477e-05	6.77104e-06	7.35032e-06	-5.51013e-01	-2.20405e-01	1.31741e-01	7.37062e-02	2.14500e-01
-9.93247e-04	-4.41770e-05	6.81727e-06	8.17560e-06	-5.50660e-01	-2.20264e-01	1.38529e-01	7.26499e-02	2.14500e-01
-1.01564e-03	-4.51588e-05	7.06088e-06	7.71766e-06	-5.50331e-01	-2.20132e-01	1.45285e-01	7.15863e-02	2.14500e-01
-1.04629e-03	-4.65060e-05	7.37163e-06	6.85291e-06	-5.49974e-01	-2.19989e-01	1.52008e-01	7.05161e-02	2.14500e-01
-1.07087e-03	-4.75833e-05	7.63780e-06	6.26493e-06	-5.49634e-01	-2.19853e-01	1.58696e-01	6.94397e-02	2.14500e-01
-1.08669e-03	-4.82719e-05	7.83856e-06	5.91870e-06	-5.49353e-01	-2.19741e-01	1.65348e-01	6.83578e-02	2.14500e-01
-1.09860e-03	-4.87859e-05	8.01346e-06	5.52851e-06	-5.49150e-01	-2.19660e-01	1.71961e-01	6.72710e-02	2.14500e-01
-1.10886e-03	-4.92265e-05	8.17723e-06	4.96718e-06	-5.48973e-01	-2.19589e-01	1.78535e-01	6.61797e-02	2.14500e-01
-1.11246e-03	-4.93718e-05	8.29127e-06	4.27059e-06	-5.48811e-01	-2.19524e-01	1.85068e-01	6.50846e-02	2.14500e-01
-1.10560e-03	-4.90527e-05	8.32581e-06	3.57127e-06	-5.48752e-01	-2.19500e-01	1.91558e-01	6.39861e-02	2.14500e-01
-1.09404e-03	-4.85258e-05	8.31955e-06	3.05350e-06	-5.48827e-01	-2.19530e-01	1.98004e-01	6.28848e-02	2.14500e-01
-1.08667e-03	-4.81858e-05	8.33899e-06	2.86595e-06	-5.48966e-01	-2.19586e-01	2.04405e-01	6.17813e-02	2.14500e-01
-1.08898e-03	-4.82755e-05	8.42845e-06	3.06183e-06	-5.49129e-01	-2.19651e-01	2.10758e-01	6.06761e-02	2.14500e-01
-1.10510e-03	-4.89777e-05	8.62222e-06	3.63223e-06	-5.49313e-01	-2.19725e-01	2.17064e-01	5.95697e-02	2.14500e-01
-1.13403e-03	-5.02481e-05	8.91565e-06	4.48464e-06	-5.49496e-01	-2.19798e-01	2.23319e-01	5.84627e-02	2.14500e-01
-1.17210e-03	-5.19223e-05	9.28467e-06	5.37086e-06	-5.49647e-01	-2.19858e-01	2.29523e-01	5.73555e-02	2.14500e-01
-1.21673e-03	-5.38855e-05	9.71404e-06	5.89330e-06	-5.49727e-01	-2.19890e-01	2.35675e-01	5.62487e-02	2.14500e-01
-1.26847e-03	-5.61615e-05	1.02108e-05	5.72573e-06	-5.49668e-01	-2.19867e-01	2.41772e-01	5.51427e-02	2.14500e-01
-1.32570e-03	-5.86794e-05	1.07601e-05	4.95491e-06	-5.49430e-01	-2.19771e-01	2.47815e-01	5.40381e-02	2.14500e-01
-1.38261e-03	-6.11816e-05	1.13118e-05	4.06855e-06	-5.49063e-01	-2.19625e-01	2.53801e-01	5.29355e-02	2.14500e-01
-1.43385e-03	-6.34322e-05	1.18215e-05	3.49878e-06	-5.48659e-01	-2.19463e-01	2.59729e-01	5.18352e-02	2.14500e-01
-1.47674e-03	-6.53128e-05	1.22642e-05	3.36446e-06	-5.48291e-01	-2.19316e-01	2.65598e-01	5.07377e-02	2.14500e-01
-1.51256e-03	-6.68804e-05	1.26498e-05	3.53177e-06	-5.48038e-01	-2.19214e-01	2.71406e-01	4.96436e-02	2.14500e-01
-1.55024e-03	-6.85297e-05	1.30524e-05	3.59581e-06	-5.47942e-01	-2.19176e-01	2.77153e-01	4.85534e-02	2.14500e-01
-1.59679e-03	-7.05696e-05	1.35371e-05	3.06329e-06	-5.47887e-01	-2.19154e-01	2.82838e-01	4.74674e-02	2.14500e-01
-1.64353e-03	-7.26163e-05	1.40313e-05	1.91073e-06	-5.47703e-01	-2.19080e-01	2.88459e-01	4.63862e-02	2.14500e-01
-1.67722e-03	-7.40861e-05	1.44152e-05	7.33611e-07	-5.47364e-01	-2.18945e-01	2.94014e-01	4.53103e-02	2.14500e-01
-1.69998e-03	-7.50733e-05	1.47044e-05	-6.94666e-08	-5.46950e-01	-2.18779e-01	2.99504e-01	4.42400e-02	2.14500e-01
-1.71902e-03	-7.58951e-05	1.49649e-05	-8.20438e-07	-5.46476e-01	-2.18590e-01	3.04927e-01	4.31759e-02	2.14500e-01
-1.73293e-03	-7.64896e-05	1.51861e-05	-1.82248e-06	-5.45933e-01	-2.18373e-01	3.10281e-01	4.21184e-02	2.14500e-01
-1.73990e-03	-7.67773e-05	1.53452e-05	-2.85325e-06	-5.45422e-01	-2.18168e-01	3.15566e-01	4.10680e-02	2.14500e-01
-1.74665e-03	-7.70565e-05	1.54995e-05	-3.56914e-06	-5.44922e-01	-2.17968e-01	3.20781e-01	4.00250e-02	2.14500e-01
-1.75362e-03	-7.73453e-05	1.56523e-05	-3.74942e-06	-5.44309e-01	-2.17723e-01	3.25925e-01	3.89899e-02	2.14500e-01
-1.75800e-03	-7.75201e-05	1.57821e-05	-3.26540e-06	-5.43651e-01	-2.17460e-01	3.30997e-01	3.79632e-02	2.14500e-01
-1.76489e-03	-7.78059e-05	1.59315e-05	-2.16716e-06	-5.42989e-01	-2.17195e-01	3.35996e-01	3.69452e-02	2.14500e-01
-1.78119e-03	-7.85069e-05	1.61649e-05	-7.61976e-07	-5.42253e-01	-2.16901e-01	3.40922e-01	3.59364e-02	2.14500e-01
-1.80692e-03	-7.96224e-05	1.64891e-05	3.77348e-07	-5.41432e-01	-2.16572e-01	3.45773e-01	3.49371e-02	2.14500e-01
-1.83575e-03	-8.08751e-05	1.68362e-05	8.24831e-07	-5.40473e-01	-2.16189e-01	3.50548e-01	3.39478e-02	2.14500e-01
-1.86057e-03	-8.19520e-05	1.71440e-05	8.03203e-07	-5.39379e-01	-2.15751e-01	3.55248e-01	3.29689e-02	2.14500e-01
-1.88637e-03	-8.30695e-05	1.74707e-05	6.87657e-07	-5.38223e-01	-2.15288e-01	3.59871e-01	3.20007e-02	2.14500e-01
-1.92111e-03	-8.45790e-05	1.78881e-05	4.87593e-07	-5.36898e-01	-2.14759e-01	3.64416e-01	3.10436e-02	2.14500e-01
-1.95846e-03	-8.62034e-05	1.83300e-05	4.30798e-07	-5.35259e-01	-2.14103e-01	3.68883e-01	3.00980e-02	2.14500e-01
-1.98789e-03	-8.74791e-05	1.86981e-05	1.03079e-06	-5.33346e-01	-2.13338e-01	3.73272e-01	2.91643e-02	2.14500e-01
-2.00801e-03	-8.83442e-05	1.89828e-05	2.26818e-06	-5.31348e-01	-2.12539e-01	3.77582e-01	2.82427e-02	2.14500e-01
-2.01568e-03	-8.86605e-05	1.91531e-05	3.64150e-06	-5.29450e-01	-2.11779e-01	3.81811e-01	2.73337e-02	2.14500e-01
-2.00938e-03	-8.83639e-05	1.91828e-05	4.84808e-06	-5.27722e-01	-2.11088e-01	3.85961e-01	2.64375e-02	2.14500e-01
-1.99671e-03	-8.77871e-05	1.91513e-05	5.94949e-06	-5.26033e-01	-2.10412e-01	3.90030e-01	2.55545e-02	2.14500e-01
-1.97834e-03	-8.69617e-05	1.90571e-05	7.15239e-06	-5.24233e-01	-2.09692e-01	3.94018e-01	2.46850e-02	2.14500e-01
-1.94014e-03	-8.52655e-05	1.87661e-05	8.55088e-06	-5.22499e-01	-2.08999e-01	3.97925e-01	2.38294e-02	2.14500e-01
-1.88297e-03	-8.27374e-05	1.82838e-05	9.91763e-06	-5.21078e-01	-2.08430e-01	4.01749e-01	2.29878e-02	2.14500e-01
-1.83778e-03	-8.07372e-05	1.79123e-05	1.07150e-05	-5.19846e-01	-2.07938e-01	4.05492e-01	2.21605e-02	2.14500e-01
-1.82748e-03	-8.02661e-05	1.78940e-05	1.08867e-05	-5.18537e-01	-2.07414e-01	4.09153e-01	2.13479e-02	2.14500e-01
-1.83625e-03	-8.06356e-05	1.80512e-05	1.13055e-05	-5.17137e-01	-2.06854e-01	4.12732e-01	2.05502e-02	2.14500e-01
-1.84538e-03	-8.10202e-05	1.82124e-05	1.25693e-05	-5.15778e-01	-2.06311e-01	4.16228e-01	1.97676e-02	2.14500e-01
-1.85107e-03	-8.12576e-05	1.83254e-05	1.41275e-05	-5.14353e-01	-2.05741e-01	4.19641e-01	1.90004e-02	2.14500e-01
-1.83997e-03	-8.07540e-05	1.82868e-05	1.48478e-05	-5.12736e-01	-2.05094e-01	4.22972e-01	1.82488e-02	2.14500e-01
-1.80595e-03	-7.92433e-05	1.80267e-05	1.39298e-05	-5.11068e-01	-2.04427e-01	4.26221e-01	1.75129e-02	2.14500e-01
-1.76306e-03	-7.73518e-05	1.76409e-05	1.16950e-05	-5.09480e-01	-2.03791e-01	4.29387e-01	1.67930e-02	2.14500e-01
-1.72786e-03	-7.57988e-05	1.73263e-05	9.28518e-06	-5.07984e-01	-2.03193e-01	4.32470e-01	1.60892e-02	2.14500e-01
-1.70767e-03	-7.48969e-05	1.71939e-05	7.68262e-06	-5.06572e-01	-2.02628e-01	4.35471e-01	1.54017e-02	2.14500e-01
-1.69970e-03	-7.45286e-05	1.71951e-05	7.20311e-06	-5.05132e-01	-2.02052e-01	4.38390e-01	1.47306e-02	2.14500e-01
-1.68714e-03	-7.39658e-05	1.71202e-05	7.30707e-06	-5.03552e-01	-2.01420e-01	4.41228e-01	1.40761e-02	2.14500e-01
-1.65135e-03	-7.23845e-05	1.68101e-05	7.07489e-06	-5.01963e-01	-2.00785e-01	4.43984e-01	1.34383e-02	2.14500e-01
-1.59331e-03	-6.98249e-05	1.62868e-05	6.38941e-06	-5.00520e-01	-2.00207e-01	4.46659e-01	1.28172e-02	2.14500e-01
-1.53684e-03	-6.73386e-05	1.57581e-05	6.09799e-06	-4.99175e-01	-1.99669e-01	4.49253e-01	1.22129e-02	2.14500e-01
-1.49623e-03	-6.55504e-05	1.53795e-05	6.53290e-06	-4.97886e-01	-1.99154e-01	4.51767e-01	1.16255e-02	2.14500e-01
-1.45762e-03	-6.38485e-05	1.50259e-05	6.83762e-06	-4.96751e-01	-1.98700e-01	4.54201e-01	1.10551e-02	2.14500e-01
-1.41818e-03	-6.21086e-05	1.46722e-05	6.52358e-06	-4.95804e-01	-1.98321e-01	4.56556e-01	1.05016e-02	2.14500e-01
-1.40824e-03	-6.16659e-05	1.45999e-05	6.61679e-06	-4.94774e-01	-1.97909e-01	4.58833e-01	9.96501e-03	2.14500e-01
-1.42813e-03	-6.25290e-05	1.48397e-05	7.79291e-06	-4.93556e-01	-1.97422e-01	4.61031e-01	9.44537e-03	2.14500e-01
-1.44228e-03	-6.31339e-05	1.50495e-05	8.82048e-06	-4.92429e-01	-1.96971e-01	4.63153e-01	8.94263e-03	2.14500e-01
-1.44787e-03	-6.33714e-05	1.51381e-05	8.31293e-06	-4.91462e-01	-1.96584e-01	4.65199e-01	8.45673e-03	2.14500e-01
-1.46355e-03	-6.40545e-05	1.53148e-05	6.83319e-06	-4.90468e-01	-1.96186e-01	4.67169e-01	7.98760e-03	2.14500e-01
-1.47598e-03	-6.45861e-05	1.54969e-05	5.99662e-06	-4.89417e-01	-1.95766e-01	4.69064e-01	7.53513e-03	2.14500e-01
-1.46684e-03	-6.41743e-05	1.54507e-05	6.26264e-06	-4.88403e-01	-1.95360e-01	4.70887e-01	7.09921e-03	2.14500e-01
-1.45143e-03	-6.34935e-05	1.53142e-05	6.59752e-06	-4.87465e-01	-1.94985e-01	4.72636e-01	6.67972e-03	2.14500e-01
-1.44854e-03	-6.33622e-05	1.53046e-05	6.05986e-06	-4.86542e-01	-1.94616e-01	4.74315e-01	6.27648e-03	2.14500e-01
-1.44964e-03	-6.34020e-05	1.53511e-05	4.82693e-06	-4.85626e-01	-1.94250e-01	4.75923e-01	5.88933e-03	2.14500e-01
-1.44079e-03	-6.30052e-05	1.52971e-05	3.54120e-06	-4.84791e-01	-1.93916e-01	4.77462e-01	5.51806e-03	2.14500e-01
-1.42635e-03	-6.23688e-05	1.51644e-05	2.40536e-06	-4.83988e-01	-1.93595e-01	4.78934e-01	5.16246e-03	2.14500e-01
-1.41891e-03	-6.20428e-05	1.50877e-05	1.28915e-06	-4.83142e-01	-1.93256e-01	4.80339e-01	4.82228e-03	2.14500e-01
-1.41971e-03	-6.20746e-05	1.51092e-05	1.53973e-07	-4.82266e-01	-1.92906e-01	4.81679e-01	4.49727e-03	2.14500e-01
-1.41789e-03	-6.19847e-05	1.51314e-05	-9.58419e-07	-4.81379e-01	-1.92551e-01	4.82956e-01	4.18714e-03	2.14500e-01
-1.40130e-03	-6.12484e-05	1.49997e-05	-2.04777e-06	-4.80522e-01	-1.92208e-01	4.84171e-01	3.89159e-03	2.14500e-01
-1.36971e-03	-5.98590e-05	1.46974e-05	-3.00289e-06	-4.79719e-01	-1.91887e-01	4.85326e-01	3.61028e-03	2.14500e-01
-1.33308e-03	-5.82544e-05	1.43194e-05	-3.74229e-06	-4.78972e-01	-1.91588e-01	4.86422e-01	3.34288e-03	2.14500e-01
-1.29705e-03	-5.66776e-05	1.39430e-05	-4.39895e-06	-4.78282e-01	-1.91312e-01	4.87461e-01	3.08900e-03	2.14500e-01
-1.25792e-03	-5.49631e-05	1.35399e-05	-5.10165e-06	-4.77618e-01	-1.91047e-01	4.88445e-01	2.84827e-03	2.14500e-01
-1.21046e-03	-5.28831e-05	1.30543e-05	-5.77700e-06	-4.77033e-01	-1.90813e-01	4.89376e-01	2.62027e-03	2.14500e-01
-1.15110e-03	-5.02820e-05	1.24477e-05	-6.32545e-06	-4.76479e-01	-1.90591e-01	4.90256e-01	2.40456e-03	2.14500e-01
-1.08291e-03	-4.73037e-05	1.17086e-05	-6.75509e-06	-4.75990e-01	-1.90396e-01	4.91087e-01	2.20069e-03	2.14500e-01
-1.01317e-03	-4.42555e-05	1.09608e-05	-7.20325e-06	-4.75578e-01	-1.90231e-01	4.91871e-01	2.00818e-03	2.14500e-01
-9.44877e-04	-4.12669e-05	1.02449e-05	-7.79187e-06	-4.75163e-01	-1.90065e-01	4.92609e-01	1.82654e-03	2.14500e-01
-8.77320e-04	-3.83216e-05	9.49115e-06	-8.40239e-06	-4.74895e-01	-1.89958e-01	4.93305e-01	1.65523e-03	2.14500e-01
-8.06200e-04	-3.51971e-05	8.79465e-06	-8.85608e-06	-4.74560e-01	-1.89824e-01	4.93961e-01	1.49372e-03	2.14500e-01
-7.34231e-04	-3.20771e-05	7.92024e-06	-9.07613e-06	-4.74351e-01	-1.89740e-01	4.94579e-01	1.34144e-03	2.14500e-01
-6.60531e-04	-2.88279e-05	7.24392e-06	-9.19953e-06	-4.74211e-01	-1.89684e-01	4.95161e-01	1.19782e-03	2.14500e-01
-5.80113e-04	-2.53382e-05	6.28084e-06	-9.28451e-06	-4.73956e-01	-1.89582e-01	4.95710e-01	1.06224e-03	2.14500e-01
-4.98393e-04	-2.17497e-05	5.47354e-06	-9.39831e-06	-4.74103e-01	-1.89641e-01	4.96229e-01	9.34070e-04	2.14500e-01
-4.10221e-04	-1.78869e-05	4.56595e-06	-9.63687e-06	-4.73758e-01	-1.89503e-01	4.96720e-01	8.12668e-04	2.14500e-01
-3.17384e-04	-1.38751e-05	3.38619e-06	-1.00119e-05	-4.74076e-01	-1.89630e-01	4.97186e-01	6.97362e-04	2.14500e-01
-2.34874e-04	-1.01699e-05	2.90228e-06	-1.04841e-05	-4.73920e-01	-1.89568e-01	4.97631e-01	5.87457e-04	2.14500e-01
-1.31941e-04	-5.83331e-06	1.14431e-06	-1.11497e-05	-4.73898e-01	-1.89559e-01	4.98055e-01	4.82242e-04	2.14500e-01
-9.56176e-05	-3.96780e-06	1.87701e-06	-1.19696e-05	-4.74762e-01	-1.89905e-01	4.98464e-01	3.80981e-04	2.14500e-01
-2.00429e-05	-9.08616e-07	8.31848e-08	-1.26570e-05	-4.73574e-01	-1.89428e-01	4.98860e-01	2.82918e-04	2.14500e-01
-1.31403e-04	-5.55814e-06	2.15358e-06	-1.37478e-05	-4.78033e-01	-1.91213e-01	4.99245e-01	1.87274e-04	2.14500e-01
-4.84776e-04	-1.93589e-05	1.25627e-05	-1.39076e-05	-4.78095e-01	-1.91238e-01	4.99624e-01	9.32497e-05	2.14500e-01
-4.89718e-04	-3.10963e-05	-3.37684e-05	-1.04432e-05	-4.83167e-01	-1.93266e-01	5.00000e-01	0.00000e+00	2.14500e-01
