"Density"	"Momentum:0"	"Momentum:1"	"Momentum:2"	"StagnationEnergy"	"Pressure"	"Points:0"	"Points:1"	"Points:2"
2.02359e-02	-7.58356e-04	1.06352e-03	-5.70802e-04	-4.47381e-01	-1.78973e-01	-4.89393e-01	0.00000e+00	-1.78750e-01
1.63433e-03	1.46485e-04	7.90329e-05	-1.73423e-04	-7.70277e-01	-3.08118e-01	-4.89340e-01	2.24937e-03	-1.78750e-01
6.10662e-03	1.84492e-04	3.04694e-04	-2.39660e-04	-6.62765e-01	-2.65112e-01	-4.89179e-01	4.49359e-03	-1.78750e-01
1.18864e-02	2.09692e-04	5.99816e-04	-2.35657e-04	-7.36969e-01	-2.94795e-01	-4.88909e-01	6.72741e-03	-1.78750e-01
1.23984e-02	2.54434e-04	6.11890e-04	-1.97670e-04	-7.37149e-01	-2.94867e-01	-4.88532e-01	8.94555e-03	-1.78750e-01
1.31712e-02	2.50059e-04	6.46981e-04	-1.76327e-04	-7.71044e-01	-3.08425e-01	-4.88048e-01	1.11429e-02	-1.78750e-01
1.30413e-02	2.68950e-04	6.28560e-04	-1.26884e-04	-8.14338e-01	-3.25743e-01	-4.87461e-01	1.33148e-02	-1.78750e-01
1.18096e-02	2.43240e-04	5.64158e-04	-8.75845e-05	-8.12361e-01	-3.24951e-01	-4.86772e-01	1.54568e-02	-1.78750e-01
1.02093e-02	2.13749e-04	4.82822e-04	-3.60920e-05	-8.34994e-01	-3.34003e-01	-4.85986e-01	1.75651e-02	-1.78750e-01
8.12244e-03	1.67508e-04	3.83118e-04	8.83284e-06	-8.23884e-01	-3.29558e-01	-4.85153e-01	1.95360e-02	-1.78750e-01
6.14247e-03	1.15928e-04	2.94028e-04	4.59489e-05	-8.13538e-01	-3.25419e-01	-4.84316e-01	2.13165e-02	-1.78750e-01
4.41638e-03	7.29676e-05	2.16864e-04	7.70364e-05	-8.03395e-01	-3.21360e-01	-4.83473e-01	2.29577e-02	-1.78750e-01
3.04234e-03	3.48738e-05	1.58622e-04	9.36049e-05	-7.85052e-01	-3.14023e-01	-4.82620e-01	2.44938e-02	-1.78750e-01
2.15337e-03	1.40331e-05	1.19588e-04	1.00269e-04	-7.75762e-01	-3.10307e-01	-4.81755e-01	2.59485e-02	-1.78750e-01
1.53701e-03	1.55315e-06	9.17592e-05	9.34581e-05	-7.63428e-01	-3.05373e-01	-4.80874e-01	2.73395e-02	-1.78750e-01
1.06019e-03	-4.78623e-06	6.81814e-05	7.92133e-05	-7.56169e-01	-3.02470e-01	-4.79976e-01	2.86801e-02	-1.78750e-01
5.46022e-04	-1.16825e-05	4.23648e-05	6.25985e-05	-7.50945e-01	-3.00380e-01	-4.79056e-01	2.99807e-02	-1.78750e-01
-2.90304e-05	-2.15215e-05	1.45686e-05	4.69247e-05	-7.45952e-01	-2.98361e-01	-4.78112e-01	3.12496e-02	-1.78750e-01
-5.17111e-04	-3.01020e-05	-9.00292e-06	3.44284e-05	-7.43363e-01	-2.97345e-01	-4.77142e-01	3.24935e-02	-1.78750e-01
-8.06130e-04	-3.44194e-05	-2.35309e-05	2.45379e-05	-7.40656e-01	-2.96262e-01	-4.76143e-01	3.37178e-02	-1.78750e-01
-8.53225e-04	-3.28711e-05	-2.75122e-05	1.66315e-05	-7.39158e-01	-2.95663e-01	-4.75112e-01	3.49268e-02	-1.78750e-01
-7.29053e-04	-2.68694e-05	-2.43205e-05	1.04397e-05	-7.38795e-01	-2.95518e-01	-4.74048e-01	3.61243e-02	-1.78750e-01
-5.26755e-04	-1.90701e-05	-1.77287e-05	5.79081e-06	-7.38704e-01	-2.95481e-01	-4.72948e-01	3.73133e-02	-1.78750e-01
-3.09709e-04	-1.10987e-05	-1.04511e-05	2.57859e-06	-7.39578e-01	-2.95831e-01	-4.71809e-01	3.84961e-02	-1.78750e-01
-1.07338e-04	-3.60645e-06	-3.84137e-06	1.29315e-07	-7.40457e-01	-2.96183e-01	-4.70629e-01	3.96749e-02	-1.78750e-01
1.14263e-04	4.62246e-06	3.24524e-06	-1.82719e-06	-7.41700e-01	-2.96680e-01	-4.69407e-01	4.08512e-02	-1.78750e-01
3.93096e-04	1.51135e-05	1.18817e-05	-3.48009e-06	-7.43382e-01	-2.97353e-01	-4.68140e-01	4.20265e-02	-1.78750e-01
7.33015e-04	2.82568e-05	2.18644e-05	-5.38424e-06	-7.45727e-01	-2.98291e-01	-4.66827e-01	4.32016e-02	-1.78750e-01
1.07860e-03	4.20749e-05	3.12969e-05	-8.17825e-06	-7.49165e-01	-2.99667e-01	-4.65464e-01	4.43775e-02	-1.78750e-01
1.34364e-03	5.30841e-05	3.78053e-05	-1.12604e-05	-7.53319e-01	-3.01328e-01	-4.64052e-01	4.55547e-02	-1.78750e-01
1.46440e-03	5.84825e-05	4.00054e-05	-1.29366e-05	-7.57752e-01	-3.03102e-01	-4.62587e-01	4.67336e-02	-1.78750e-01
1.40574e-03	5.66456e-05	3.73502e-05	-1.24929e-05	-7.61719e-01	-3.04688e-01	-4.61067e-01	4.79145e-02	-1.78750e-01
1.20477e-03	4.88178e-05	3.13079e-05	-1.03598e-05	-7.64736e-01	-3.05895e-01	-4.59493e-01	4.90975e-02	-1.78750e-01
9.69896e-04	3.92220e-05	2.50481e-05	-6.48050e-06	-7.67004e-01	-3.06802e-01	-4.57861e-01	5.02826e-02	-1.78750e-01
7.88154e-04	3.13759e-05	2.08725e-05	-1.37202e-06	-7.68801e-01	-3.07521e-01	-4.56171e-01	5.14697e-02	-1.78750e-01
6.47436e-04	2.51729e-05	1.79111e-05	2.64479e-06	-7.70243e-01	-3.08097e-01	-4.54420e-01	5.26585e-02	-1.78750e-01
5.27574e-04	2.01169e-05	1.51308e-05	4.81433e-06	-7.71551e-01	-3.08621e-01	-4.52608e-01	5.38488e-02	-1.78750e-01
5.00754e-04	1.89078e-05	1.46156e-05	6.58328e-06	-7.73086e-01	-3.09235e-01	-4.50733e-01	5.50401e-02	-1.78750e-01
5.85538e-04	2.22774e-05	1.67835e-05	7.49745e-06	-7.75003e-01	-3.10001e-01	-4.48794e-01	5.62321e-02	-1.78750e-01
6.56290e-04	2.55428e-05	1.78022e-05	6.20706e-06	-7.77351e-01	-3.10941e-01	-4.46789e-01	5.74243e-02	-1.78750e-01
6.27056e-04	2.50982e-05	1.57388e-05	4.19662e-06	-7.79736e-01	-3.11895e-01	-4.44718e-01	5.86161e-02	-1.78750e-01
6.04584e-04	2.47459e-05	1.41041e-05	3.57037e-06	-7.81620e-01	-3.12648e-01	-4.42580e-01	5.98070e-02	-1.78750e-01
6.88579e-04	2.84130e-05	1.55235e-05	3.29536e-06	-7.84064e-01	-3.13626e-01	-4.40373e-01	6.09963e-02	-1.78750e-01
7.66588e-04	3.18050e-05	1.68215e-05	1.78262e-06	-7.87660e-01	-3.15064e-01	-4.38097e-01	6.21833e-02	-1.78750e-01
7.54140e-04	3.15695e-05	1.58620e-05	-4.55669e-07	-7.90927e-01	-3.16371e-01	-4.35750e-01	6.33674e-02	-1.78750e-01
7.74340e-04	3.25804e-05	1.58117e-05	-1.18421e-06	-7.94008e-01	-3.17603e-01	-4.33332e-01	6.45479e-02	-1.78750e-01
8.66525e-04	3.64514e-05	1.75647e-05	1.48320e-07	-7.98201e-01	-3.19281e-01	-4.30842e-01	6.57240e-02	-1.78750e-01
9.35072e-04	3.94052e-05	1.86547e-05	1.75347e-06	-8.02997e-01	-3.21199e-01	-4.28280e-01	6.68950e-02	-1.78750e-01
9.32426e-04	3.95141e-05	1.79611e-05	2.44493e-06	-8.07899e-01	-3.23160e-01	-4.25644e-01	6.80601e-02	-1.78750e-01
8.26665e-04	3.50807e-05	1.56879e-05	3.68048e-06	-8.13264e-01	-3.25306e-01	-4.22934e-01	6.92186e-02	-1.78750e-01
6.19406e-04	2.60282e-05	1.23034e-05	6.61882e-06	-8.18087e-01	-3.27235e-01	-4.20149e-01	7.03696e-02	-1.78750e-01
4.36771e-04	1.79923e-05	9.55818e-06	9.43165e-06	-8.21722e-01	-3.28689e-01	-4.17290e-01	7.15124e-02	-1.78750e-01
3.26338e-04	1.32304e-05	7.70364e-06	1.01204e-05	-8.25463e-01	-3.30185e-01	-4.14355e-01	7.26462e-02	-1.78750e-01
1.65478e-04	6.43422e-06	4.66903e-06	8.86805e-06	-8.29403e-01	-3.31762e-01	-4.11344e-01	7.37701e-02	-1.78750e-01
-6.28031e-05	-3.31630e-06	6.78106e-07	7.19205e-06	-8.32416e-01	-3.32966e-01	-4.08256e-01	7.48834e-02	-1.78750e-01
-2.34289e-04	-1.07268e-05	-2.01997e-06	6.44603e-06	-8.35086e-01	-3.34034e-01	-4.05092e-01	7.59852e-02	-1.78750e-01
-3.48209e-04	-1.57259e-05	-3.52367e-06	6.71873e-06	-8.38367e-01	-3.35346e-01	-4.01852e-01	7.70747e-02	-1.78750e-01
-4.93407e-04	-2.20718e-05	-5.50055e-06	6.33732e-06	-8.41648e-01	-3.36659e-01	-3.98534e-01	7.81512e-02	-1.78750e-01
-6.35720e-04	-2.82686e-05	-7.47238e-06	4.79345e-06	-8.44587e-01	-3.37834e-01	-3.95139e-01	7.92139e-02	-1.78750e-01
-7.21498e-04	-3.19778e-05	-8.67549e-06	3.03043e-06	-8.47837e-01	-3.39135e-01	-3.91667e-01	8.02619e-02	-1.78750e-01
-8.02630e-04	-3.54670e-05	-9.86980e-06	5.60267e-07	-8.51284e-01	-3.40513e-01	-3.88117e-01	8.12946e-02	-1.78750e-01
-9.06365e-04	-3.99307e-05	-1.14337e-05	-2.95948e-06	-8.54092e-01	-3.41636e-01	-3.84490e-01	8.23110e-02	-1.78750e-01
-9.75689e-04	-4.29401e-05	-1.23465e-05	-5.55008e-06	-8.56663e-01	-3.42665e-01	-3.80786e-01	8.33104e-02	-1.78750e-01
-1.00100e-03	-4.41299e-05	-1.22551e-05	-5.99955e-06	-8.59944e-01	-3.43977e-01	-3.77005e-01	8.42922e-02	-1.78750e-01
-1.05534e-03	-4.66410e-05	-1.23309e-05	-5.60964e-06	-8.63708e-01	-3.45483e-01	-3.73146e-01	8.52555e-02	-1.78750e-01
-1.17613e-03	-5.21279e-05	-1.29750e-05	-4.81682e-06	-8.66937e-01	-3.46774e-01	-3.69211e-01	8.61997e-02	-1.78750e-01
-1.31110e-03	-5.82733e-05	-1.35790e-05	-3.08867e-06	-8.68866e-01	-3.47546e-01	-3.65199e-01	8.71240e-02	-1.78750e-01
-1.40537e-03	-6.26084e-05	-1.36969e-05	-1.49114e-06	-8.70119e-01	-3.48047e-01	-3.61110e-01	8.80276e-02	-1.78750e-01
-1.47595e-03	-6.58638e-05	-1.36396e-05	-8.94155e-07	-8.71487e-01	-3.48594e-01	-3.56946e-01	8.89101e-02	-1.78750e-01
-1.54739e-03	-6.91123e-05	-1.37673e-05	-1.11318e-06	-8.72627e-01	-3.49050e-01	-3.52706e-01	8.97706e-02	-1.78750e-01
-1.61672e-03	-7.22304e-05	-1.40395e-05	-2.76120e-06	-8.73430e-01	-3.49371e-01	-3.48390e-01	9.06085e-02	-1.78750e-01
-1.67575e-03	-7.48675e-05	-1.43263e-05	-5.82242e-06	-8.73888e-01	-3.49555e-01	-3.43999e-01	9.14233e-02	-1.78750e-01
-1.70594e-03	-7.62436e-05	-1.42173e-05	-7.86169e-06	-8.73740e-01	-3.49495e-01	-3.39534e-01	9.22142e-02	-1.78750e-01
-1.71491e-03	-7.67387e-05	-1.35243e-05	-7.12663e-06	-8.73621e-01	-3.49448e-01	-3.34995e-01	9.29808e-02	-1.78750e-01
-1.77035e-03	-7.93422e-05	-1.29682e-05	-4.71388e-06	-8.74030e-01	-3.49611e-01	-3.30382e-01	9.37224e-02	-1.78750e-01
-1.90038e-03	-8.52874e-05	-1.28857e-05	-2.34900e-06	-8.74261e-01	-3.49703e-01	-3.25697e-01	9.44385e-02	-1.78750e-01
-2.03914e-03	-9.16145e-05	-1.28387e-05	-9.19725e-08	-8.73771e-01	-3.49507e-01	-3.20939e-01	9.51285e-02	-1.78750e-01
-2.14502e-03	-9.64715e-05	-1.24381e-05	2.59752e-06	-8.72814e-01	-3.49125e-01	-3.16110e-01	9.57921e-02	-1.78750e-01
-2.24539e-03	-1.01072e-04	-1.19841e-05	5.32243e-06	-8.71438e-01	-3.48574e-01	-3.11210e-01	9.64287e-02	-1.78750e-01
-2.33954e-03	-1.05384e-04	-1.14712e-05	7.73384e-06	-8.69524e-01	-3.47809e-01	-3.06240e-01	9.70378e-02	-1.78750e-01
-2.39626e-03	-1.08001e-04	-1.07735e-05	1.01835e-05	-8.67445e-01	-3.46977e-01	-3.01200e-01	9.76191e-02	-1.78750e-01
-2.42927e-03	-1.09536e-04	-1.00185e-05	1.19085e-05	-8.65386e-01	-3.46153e-01	-2.96092e-01	9.81721e-02	-1.78750e-01
-2.46286e-03	-1.11070e-04	-9.47953e-06	1.15805e-05	-8.62685e-01	-3.45073e-01	-2.90916e-01	9.86964e-02	-1.78750e-01
-2.47529e-03	-1.11637e-04	-8.97591e-06	1.00702e-05	-8.59338e-01	-3.43734e-01	-2.85673e-01	9.91918e-02	-1.78750e-01
-2.45383e-03	-1.10682e-04	-8.25545e-06	9.37696e-06	-8.56174e-01	-3.42469e-01	-2.80364e-01	9.96578e-02	-1.78750e-01
-2.43169e-03	-1.09702e-04	-7.46738e-06	9.78035e-06	-8.53321e-01	-3.41327e-01	-2.74990e-01	1.00094e-01	-1.78750e-01
-2.43688e-03	-1.09952e-04	-6.74710e-06	1.05142e-05	-8.50523e-01	-3.40208e-01	-2.69553e-01	1.00501e-01	-1.78750e-01
-2.47582e-03	-1.11724e-04	-6.09549e-06	1.16499e-05	-8.47489e-01	-3.38995e-01	-2.64051e-01	1.00877e-01	-1.78750e-01
-2.54706e-03	-1.14950e-04	-5.48649e-06	1.34535e-05	-8.44038e-01	-3.37614e-01	-2.58488e-01	1.01223e-01	-1.78750e-01
-2.62236e-03	-1.18358e-04	-4.82644e-06	1.54699e-05	-8.40222e-01	-3.36088e-01	-2.52864e-01	1.01539e-01	-1.78750e-01
-2.64843e-03	-1.19539e-04	-4.05148e-06	1.75219e-05	-8.36221e-01	-3.34487e-01	-2.47180e-01	1.01824e-01	-1.78750e-01
-2.60681e-03	-1.17662e-04	-3.16749e-06	1.95213e-05	-8.32918e-01	-3.33166e-01	-2.41437e-01	1.02078e-01	-1.78750e-01
-2.55973e-03	-1.15532e-04	-2.39166e-06	2.05234e-05	-8.30630e-01	-3.32251e-01	-2.35636e-01	1.02301e-01	-1.78750e-01
-2.55624e-03	-1.15360e-04	-1.84643e-06	1.98800e-05	-8.28321e-01	-3.31327e-01	-2.29779e-01	1.02493e-01	-1.78750e-01
-2.57055e-03	-1.15990e-04	-1.37217e-06	1.84066e-05	-8.25603e-01	-3.30240e-01	-2.23866e-01	1.02655e-01	-1.78750e-01
-2.59143e-03	-1.16915e-04	-8.62840e-07	1.76667e-05	-8.23051e-01	-3.29219e-01	-2.17900e-01	1.02785e-01	-1.78750e-01
-2.64669e-03	-1.19392e-04	-3.11237e-07	1.80907e-05	-8.20558e-01	-3.28222e-01	-2.11880e-01	1.02884e-01	-1.78750e-01
-2.70721e-03	-1.22103e-04	2.87539e-07	1.88807e-05	-8.17251e-01	-3.26899e-01	-2.05808e-01	1.02952e-01	-1.78750e-01
-2.70648e-03	-1.22049e-04	9.47266e-07	2.00749e-05	-8.13117e-01	-3.25246e-01	-1.99686e-01	1.02989e-01	-1.78750e-01
-2.66129e-03	-1.19989e-04	1.64827e-06	2.20751e-05	-8.09285e-01	-3.23713e-01	-1.93515e-01	1.02995e-01	-1.78750e-01
-2.65268e-03	-1.19576e-04	2.28353e-06	2.37754e-05	-8.05995e-01	-3.22397e-01	-1.87296e-01	1.02970e-01	-1.78750e-01
-2.67873e-03	-1.20724e-04	2.82599e-06	2.37681e-05	-8.02066e-01	-3.20825e-01	-1.81031e-01	1.02915e-01	-1.78750e-01
-2.65397e-03	-1.19582e-04	3.24753e-06	2.22260e-05	-7.97132e-01	-3.18852e-01	-1.74721e-01	1.02829e-01	-1.78750e-01
-2.58995e-03	-1.16671e-04	3.59975e-06	2.06114e-05	-7.92556e-01	-3.17021e-01	-1.68367e-01	1.02713e-01	-1.78750e-01
-2.58776e-03	-1.16545e-04	4.07243e-06	2.04749e-05	-7.88957e-01	-3.15582e-01	-1.61970e-01	1.02567e-01	-1.78750e-01
-2.65666e-03	-1.19616e-04	4.73047e-06	2.21402e-05	-7.85181e-01	-3.14071e-01	-1.55533e-01	1.02391e-01	-1.78750e-01
-2.71866e-03	-1.22374e-04	5.40550e-06	2.39891e-05	-7.80888e-01	-3.12354e-01	-1.49056e-01	1.02186e-01	-1.78750e-01
-2.76141e-03	-1.24265e-04	5.98805e-06	2.42041e-05	-7.76559e-01	-3.10623e-01	-1.42541e-01	1.01951e-01	-1.78750e-01
-2.82657e-03	-1.27166e-04	6.53225e-06	2.25954e-05	-7.71591e-01	-3.08635e-01	-1.35990e-01	1.01687e-01	-1.78750e-01
-2.90539e-03	-1.30683e-04	7.05315e-06	1.96918e-05	-7.65571e-01	-3.06227e-01	-1.29403e-01	1.01394e-01	-1.78750e-01
-2.96764e-03	-1.33455e-04	7.53016e-06	1.59610e-05	-7.59132e-01	-3.03652e-01	-1.22783e-01	1.01073e-01	-1.78750e-01
-3.00370e-03	-1.35049e-04	7.93709e-06	1.17423e-05	-7.52353e-01	-3.00940e-01	-1.16131e-01	1.00724e-01	-1.78750e-01
-3.00660e-03	-1.35150e-04	8.28793e-06	7.63889e-06	-7.45081e-01	-2.98031e-01	-1.09449e-01	1.00347e-01	-1.78750e-01
-2.99225e-03	-1.34472e-04	8.65776e-06	5.34969e-06	-7.38051e-01	-2.95219e-01	-1.02737e-01	9.99426e-02	-1.78750e-01
-3.01123e-03	-1.35286e-04	9.18448e-06	4.80668e-06	-7.31227e-01	-2.92489e-01	-9.59986e-02	9.95115e-02	-1.78750e-01
-3.06669e-03	-1.37744e-04	9.74110e-06	2.98953e-06	-7.23429e-01	-2.89370e-01	-8.92339e-02	9.90541e-02	-1.78750e-01
-3.09016e-03	-1.38767e-04	1.01658e-05	-6.16505e-07	-7.14556e-01	-2.85821e-01	-8.24450e-02	9.85706e-02	-1.78750e-01
-3.02847e-03	-1.35961e-04	1.03597e-05	-3.81031e-06	-7.05368e-01	-2.82146e-01	-7.56333e-02	9.80615e-02	-1.78750e-01
-2.90995e-03	-1.30608e-04	1.03094e-05	-6.47212e-06	-6.96598e-01	-2.78638e-01	-6.88006e-02	9.75274e-02	-1.78750e-01
-2.83033e-03	-1.27002e-04	1.03692e-05	-9.10593e-06	-6.88730e-01	-2.75491e-01	-6.19484e-02	9.69687e-02	-1.78750e-01
-2.85455e-03	-1.28055e-04	1.08163e-05	-1.06725e-05	-6.81119e-01	-2.72446e-01	-5.50783e-02	9.63858e-02	-1.78750e-01
-2.91540e-03	-1.30744e-04	1.14678e-05	-1.11342e-05	-6.72678e-01	-2.69070e-01	-4.81920e-02	9.57794e-02	-1.78750e-01
-2.88778e-03	-1.29467e-04	1.17528e-05	-1.21177e-05	-6.63210e-01	-2.65283e-01	-4.12911e-02	9.51498e-02	-1.78750e-01
-2.75235e-03	-1.23362e-04	1.15243e-05	-1.39526e-05	-6.53546e-01	-2.61417e-01	-3.43773e-02	9.44976e-02	-1.78750e-01
-2.58565e-03	-1.15858e-04	1.11361e-05	-1.52236e-05	-6.44407e-01	-2.57762e-01	-2.74521e-02	9.38234e-02	-1.78750e-01
-2.43251e-03	-1.08966e-04	1.07633e-05	-1.56459e-05	-6.35908e-01	-2.54362e-01	-2.05172e-02	9.31277e-02	-1.78750e-01
-2.28782e-03	-1.02455e-04	1.03929e-05	-1.60842e-05	-6.28380e-01	-2.51351e-01	-1.35743e-02	9.24111e-02	-1.78750e-01
-2.17127e-03	-9.72077e-05	1.01196e-05	-1.66141e-05	-6.21990e-01	-2.48795e-01	-6.62509e-03	9.16741e-02	-1.78750e-01
-2.10310e-03	-9.41278e-05	1.00496e-05	-1.74722e-05	-6.16078e-01	-2.46431e-01	3.28875e-04	9.09172e-02	-1.78750e-01
-2.03920e-03	-9.12454e-05	9.93833e-06	-1.94369e-05	-6.09899e-01	-2.43959e-01	7.28589e-03	9.01410e-02	-1.78750e-01
-1.93862e-03	-8.67250e-05	9.61740e-06	-2.15228e-05	-6.03711e-01	-2.41484e-01	1.42443e-02	8.93462e-02	-1.78750e-01
-1.85070e-03	-8.27674e-05	9.38817e-06	-2.13963e-05	-5.98110e-01	-2.39243e-01	2.12024e-02	8.85332e-02	-1.78750e-01
-1.82955e-03	-8.17888e-05	9.55076e-06	-1.92044e-05	-5.92627e-01	-2.37050e-01	2.81586e-02	8.77028e-02	-1.78750e-01
-1.82588e-03	-8.15960e-05	9.76643e-06	-1.77010e-05	-5.86703e-01	-2.34680e-01	3.51111e-02	8.68553e-02	-1.78750e-01
-1.76742e-03	-7.89604e-05	9.63604e-06	-1.77623e-05	-5.80838e-01	-2.32334e-01	4.20584e-02	8.59915e-02	-1.78750e-01
-1.65442e-03	-7.38911e-05	9.18284e-06	-1.78165e-05	-5.75584e-01	-2.30233e-01	4.89987e-02	8.51119e-02	-1.78750e-01
-1.52930e-03	-6.82843e-05	8.63178e-06	-1.75594e-05	-5.71131e-01	-2.28452e-01	5.59304e-02	8.42171e-02	-1.78750e-01
-1.42282e-03	-6.35131e-05	8.16085e-06	-1.78020e-05	-5.67543e-01	-2.27017e-01	6.28519e-02	8.33077e-02	-1.78750e-01
-1.34730e-03	-6.01244e-05	7.85681e-06	-1.77551e-05	-5.64556e-01	-2.25822e-01	6.97614e-02	8.23843e-02	-1.78750e-01
-1.29689e-03	-5.78549e-05	7.71021e-06	-1.60457e-05	-5.61836e-01	-2.24734e-01	7.66574e-02	8.14475e-02	-1.78750e-01
-1.25421e-03	-5.59292e-05	7.61179e-06	-1.33159e-05	-5.59249e-01	-2.23699e-01	8.35382e-02	8.04979e-02	-1.78750e-01
-1.21021e-03	-5.39480e-05	7.48161e-06	-1.14623e-05	-5.56858e-01	-2.22743e-01	9.04021e-02	7.95360e-02	-1.78750e-01
-1.17333e-03	-5.22878e-05	7.36550e-06	-1.08695e-05	-5.54878e-01	-2.21951e-01	9.72475e-02	7.85624e-02	-1.78750e-01
-1.14619e-03	-5.10619e-05	7.30952e-06	-1.04995e-05	-5.53165e-01	-2.21266e-01	1.04073e-01	7.75777e-02	-1.78750e-01
-1.09752e-03	-4.88794e-05	7.09560e-06	-1.01268e-05	-5.51394e-01	-2.20557e-01	1.10876e-01	7.65826e-02	-1.78750e-01
-1.00548e-03	-4.47687e-05	6.57905e-06	-1.02709e-05	-5.49803e-01	-2.19921e-01	1.17656e-01	7.55775e-02	-1.78750e-01
-9.04893e-04	-4.02806e-05	5.98430e-06	-1.05083e-05	-5.48785e-01	-2.19514e-01	1.24412e-01	7.45631e-02	-1.78750e-01
-8.48172e-04	-3.77443e-05	5.68395e-06	-9.90040e-06	-5.48218e-01	-2.19287e-01	1.31140e-01	7.35400e-02	-1.78750e-01
-8.41716e-04	-3.74438e-05	5.72646e-06	-8.53841e-06	-5.47708e-01	-2.19083e-01	1.37841e-01	7.25086e-02	-1.78750e-01
-8.52478e-04	-3.79097e-05	5.88231e-06	-7.24931e-06	-5.47119e-01	-2.18847e-01	1.44511e-01	7.14696e-02	-1.78750e-01
-8.56462e-04	-3.80746e-05	5.98696e-06	-6.29148e-06	-5.46630e-01	-2.18652e-01	1.51151e-01	7.04236e-02	-1.78750e-01
-8.55611e-04	-3.80253e-05	6.05275e-06	-5.37073e-06	-5.46332e-01	-2.18532e-01	1.57758e-01	6.93710e-02	-1.78750e-01
-8.60329e-04	-3.82233e-05	6.15796e-06	-4.59441e-06	-5.46152e-01	-2.18460e-01	1.64330e-01	6.83125e-02	-1.78750e-01
-8.73843e-04	-3.88125e-05	6.32338e-06	-4.34200e-06	-5.46059e-01	-2.18423e-01	1.70866e-01	6.72486e-02	-1.78750e-01
-8.97250e-04	-3.98411e-05	6.55939e-06	-4.49996e-06	-5.46051e-01	-2.18420e-01	1.77365e-01	6.61798e-02	-1.78750e-01
-9.32650e-04	-4.14015e-05	6.88725e-06	-4.50586e-06	-5.46108e-01	-2.18443e-01	1.83825e-01	6.51068e-02	-1.78750e-01
-9.78351e-04	-4.34175e-05	7.29970e-06	-4.02083e-06	-5.46194e-01	-2.18477e-01	1.90244e-01	6.40300e-02	-1.78750e-01
-1.02674e-03	-4.55515e-05	7.73857e-06	-3.29240e-06	-5.46277e-01	-2.18511e-01	1.96622e-01	6.29499e-02	-1.78750e-01
-1.06959e-03	-4.74393e-05	8.13982e-06	-2.82241e-06	-5.46401e-01	-2.18560e-01	2.02956e-01	6.18672e-02	-1.78750e-01
-1.10984e-03	-4.92110e-05	8.52385e-06	-2.74766e-06	-5.46618e-01	-2.18647e-01	2.09246e-01	6.07822e-02	-1.78750e-01
-1.15437e-03	-5.11718e-05	8.94410e-06	-2.68935e-06	-5.46885e-01	-2.18754e-01	2.15489e-01	5.96957e-02	-1.78750e-01
-1.20008e-03	-5.31836e-05	9.37951e-06	-2.27041e-06	-5.47104e-01	-2.18841e-01	2.21685e-01	5.86080e-02	-1.78750e-01
-1.23509e-03	-5.47204e-05	9.73695e-06	-1.51114e-06	-5.47242e-01	-2.18896e-01	2.27832e-01	5.75196e-02	-1.78750e-01
-1.25249e-03	-5.54758e-05	9.96031e-06	-6.53957e-07	-5.47319e-01	-2.18927e-01	2.33929e-01	5.64312e-02	-1.78750e-01
-1.25733e-03	-5.56745e-05	1.00843e-05	1.66622e-07	-5.47353e-01	-2.18941e-01	2.39973e-01	5.53431e-02	-1.78750e-01
-1.25765e-03	-5.56736e-05	1.01704e-05	1.01874e-06	-5.47377e-01	-2.18950e-01	2.45965e-01	5.42560e-02	-1.78750e-01
-1.25729e-03	-5.56428e-05	1.02477e-05	1.94188e-06	-5.47452e-01	-2.18980e-01	2.51903e-01	5.31702e-02	-1.78750e-01
-1.25798e-03	-5.56593e-05	1.03283e-05	2.65727e-06	-5.47631e-01	-2.19052e-01	2.57785e-01	5.20863e-02	-1.78750e-01
-1.26467e-03	-5.59423e-05	1.04545e-05	2.74299e-06	-5.47878e-01	-2.19151e-01	2.63610e-01	5.10047e-02	-1.78750e-01
-1.27865e-03	-5.65475e-05	1.06403e-05	2.22553e-06	-5.48112e-01	-2.19244e-01	2.69377e-01	4.99260e-02	-1.78750e-01
-1.29519e-03	-5.72649e-05	1.08507e-05	1.73715e-06	-5.48283e-01	-2.19313e-01	2.75085e-01	4.88506e-02	-1.78750e-01
-1.30734e-03	-5.77874e-05	1.10300e-05	1.83192e-06	-5.48395e-01	-2.19358e-01	2.80733e-01	4.77789e-02	-1.78750e-01
-1.31404e-03	-5.80687e-05	1.11652e-05	2.40940e-06	-5.48487e-01	-2.19394e-01	2.86319e-01	4.67115e-02	-1.78750e-01
-1.32485e-03	-5.85310e-05	1.13351e-05	3.04673e-06	-5.48554e-01	-2.19421e-01	2.91842e-01	4.56488e-02	-1.78750e-01
-1.35098e-03	-5.96703e-05	1.16378e-05	3.55832e-06	-5.48531e-01	-2.19412e-01	2.97302e-01	4.45913e-02	-1.78750e-01
-1.39204e-03	-6.14683e-05	1.20706e-05	4.06735e-06	-5.48354e-01	-2.19341e-01	3.02696e-01	4.35394e-02	-1.78750e-01
-1.43362e-03	-6.32886e-05	1.25106e-05	4.82064e-06	-5.48005e-01	-2.19201e-01	3.08025e-01	4.24935e-02	-1.78750e-01
-1.45988e-03	-6.44325e-05	1.28167e-05	5.76511e-06	-5.47581e-01	-2.19032e-01	3.13287e-01	4.14541e-02	-1.78750e-01
-1.47740e-03	-6.51908e-05	1.30455e-05	6.23434e-06	-5.47232e-01	-2.18892e-01	3.18481e-01	4.04217e-02	-1.78750e-01
-1.50783e-03	-6.65197e-05	1.33830e-05	5.65450e-06	-5.46831e-01	-2.18732e-01	3.23606e-01	3.93966e-02	-1.78750e-01
-1.55903e-03	-6.87632e-05	1.39132e-05	4.32533e-06	-5.46174e-01	-2.18469e-01	3.28661e-01	3.83792e-02	-1.78750e-01
-1.62420e-03	-7.16203e-05	1.45799e-05	2.86887e-06	-5.45304e-01	-2.18121e-01	3.33646e-01	3.73701e-02	-1.78750e-01
-1.69820e-03	-7.48657e-05	1.53305e-05	1.66929e-06	-5.44263e-01	-2.17704e-01	3.38559e-01	3.63695e-02	-1.78750e-01
-1.77052e-03	-7.80360e-05	1.60707e-05	1.00375e-06	-5.43018e-01	-2.17206e-01	3.43399e-01	3.53780e-02	-1.78750e-01
-1.82855e-03	-8.05755e-05	1.66844e-05	8.10658e-07	-5.41660e-01	-2.16663e-01	3.48167e-01	3.43959e-02	-1.78750e-01
-1.86502e-03	-8.21635e-05	1.71088e-05	7.39488e-07	-5.40236e-01	-2.16094e-01	3.52860e-01	3.34235e-02	-1.78750e-01
-1.87364e-03	-8.25244e-05	1.72787e-05	7.31285e-07	-5.38726e-01	-2.15490e-01	3.57479e-01	3.24613e-02	-1.78750e-01
-1.86090e-03	-8.19456e-05	1.72466e-05	8.52988e-07	-5.37343e-01	-2.14937e-01	3.62023e-01	3.15097e-02	-1.78750e-01
-1.85281e-03	-8.15711e-05	1.72572e-05	1.07631e-06	-5.36187e-01	-2.14474e-01	3.66490e-01	3.05690e-02	-1.78750e-01
-1.86635e-03	-8.21485e-05	1.74707e-05	1.72169e-06	-5.34979e-01	-2.13991e-01	3.70881e-01	2.96396e-02	-1.78750e-01
-1.88168e-03	-8.28049e-05	1.77015e-05	3.16699e-06	-5.33596e-01	-2.13438e-01	3.75195e-01	2.87218e-02	-1.78750e-01
-1.87732e-03	-8.25953e-05	1.77429e-05	5.08773e-06	-5.32204e-01	-2.12881e-01	3.79431e-01	2.78159e-02	-1.78750e-01
-1.85312e-03	-8.15118e-05	1.76015e-05	6.63686e-06	-5.30935e-01	-2.12373e-01	3.83589e-01	2.69224e-02	-1.78750e-01
-1.83057e-03	-8.05018e-05	1.74695e-05	7.29234e-06	-5.29756e-01	-2.11902e-01	3.87668e-01	2.60415e-02	-1.78750e-01
-1.82317e-03	-8.01599e-05	1.74749e-05	7.29308e-06	-5.28531e-01	-2.11412e-01	3.91667e-01	2.51736e-02	-1.78750e-01
-1.82746e-03	-8.03319e-05	1.75928e-05	7.14773e-06	-5.27095e-01	-2.10837e-01	3.95588e-01	2.43188e-02	-1.78750e-01
-1.83398e-03	-8.06015e-05	1.77333e-05	7.15024e-06	-5.25397e-01	-2.10158e-01	3.99428e-01	2.34777e-02	-1.78750e-01
-1.83931e-03	-8.08199e-05	1.78571e-05	7.39900e-06	-5.23538e-01	-2.09414e-01	4.03189e-01	2.26504e-02	-1.78750e-01
-1.83922e-03	-8.07979e-05	1.79362e-05	7.58627e-06	-5.21667e-01	-2.08666e-01	4.06868e-01	2.18371e-02	-1.78750e-01
-1.82650e-03	-8.02215e-05	1.78910e-05	7.23101e-06	-5.19934e-01	-2.07973e-01	4.10468e-01	2.10383e-02	-1.78750e-01
-1.80518e-03	-7.92682e-05	1.77597e-05	6.34055e-06	-5.18371e-01	-2.07347e-01	4.13986e-01	2.02540e-02	-1.78750e-01
-1.79203e-03	-7.86742e-05	1.77037e-05	5.15402e-06	-5.16854e-01	-2.06741e-01	4.17424e-01	1.94846e-02	-1.78750e-01
-1.79459e-03	-7.87724e-05	1.77921e-05	3.55876e-06	-5.15345e-01	-2.06137e-01	4.20780e-01	1.87302e-02	-1.78750e-01
-1.80980e-03	-7.94278e-05	1.79973e-05	1.68574e-06	-5.13880e-01	-2.05551e-01	4.24056e-01	1.79912e-02	-1.78750e-01
-1.83938e-03	-8.07115e-05	1.83535e-05	6.23539e-07	-5.12320e-01	-2.04927e-01	4.27250e-01	1.72676e-02	-1.78750e-01
-1.87636e-03	-8.23156e-05	1.88045e-05	1.29014e-06	-5.10505e-01	-2.04201e-01	4.30364e-01	1.65597e-02	-1.78750e-01
-1.89417e-03	-8.30844e-05	1.90385e-05	2.91453e-06	-5.08503e-01	-2.03400e-01	4.33396e-01	1.58676e-02	-1.78750e-01
-1.87976e-03	-8.24403e-05	1.89465e-05	3.85592e-06	-5.06598e-01	-2.02638e-01	4.36348e-01	1.51915e-02	-1.78750e-01
-1.85649e-03	-8.13982e-05	1.88047e-05	3.71792e-06	-5.04917e-01	-2.01966e-01	4.39219e-01	1.45315e-02	-1.78750e-01
-1.84814e-03	-8.10126e-05	1.88041e-05	3.32478e-06	-5.03256e-01	-2.01302e-01	4.42011e-01	1.38877e-02	-1.78750e-01
-1.85954e-03	-8.15046e-05	1.89535e-05	3.11292e-06	-5.01516e-01	-2.00606e-01	4.44722e-01	1.32603e-02	-1.78750e-01
-1.88733e-03	-8.27170e-05	1.92600e-05	2.82473e-06	-4.99717e-01	-1.99886e-01	4.47353e-01	1.26494e-02	-1.78750e-01
-1.89685e-03	-8.31119e-05	1.94543e-05	2.30696e-06	-4.97826e-01	-1.99129e-01	4.49906e-01	1.20549e-02	-1.78750e-01
-1.85267e-03	-8.11524e-05	1.91025e-05	1.88089e-06	-4.96040e-01	-1.98415e-01	4.52379e-01	1.14770e-02	-1.78750e-01
-1.79193e-03	-7.84807e-05	1.85232e-05	1.84512e-06	-4.94510e-01	-1.97803e-01	4.54775e-01	1.09157e-02	-1.78750e-01
-1.77551e-03	-7.77566e-05	1.83743e-05	1.81245e-06	-4.92970e-01	-1.97187e-01	4.57093e-01	1.03710e-02	-1.78750e-01
-1.78712e-03	-7.82522e-05	1.85490e-05	1.13585e-06	-4.91317e-01	-1.96526e-01	4.59334e-01	9.84299e-03	-1.78750e-01
-1.78020e-03	-7.79380e-05	1.85226e-05	3.47954e-08	-4.89768e-01	-1.95907e-01	4.61498e-01	9.33155e-03	-1.78750e-01
-1.76213e-03	-7.71403e-05	1.83624e-05	-8.05930e-07	-4.88363e-01	-1.95344e-01	4.63587e-01	8.83668e-03	-1.78750e-01
-1.75889e-03	-7.69897e-05	1.83664e-05	-1.26373e-06	-4.86874e-01	-1.94749e-01	4.65601e-01	8.35833e-03	-1.78750e-01
-1.75705e-03	-7.69011e-05	1.83802e-05	-1.53015e-06	-4.85237e-01	-1.94094e-01	4.67541e-01	7.89643e-03	-1.78750e-01
-1.72913e-03	-7.56682e-05	1.81343e-05	-1.84791e-06	-4.83795e-01	-1.93517e-01	4.69408e-01	7.45087e-03	-1.78750e-01
-1.68856e-03	-7.38773e-05	1.77734e-05	-2.56203e-06	-4.82714e-01	-1.93085e-01	4.71203e-01	7.02155e-03	-1.78750e-01
-1.66662e-03	-7.29074e-05	1.75837e-05	-3.65487e-06	-4.81629e-01	-1.92651e-01	4.72927e-01	6.60834e-03	-1.78750e-01
-1.65462e-03	-7.23753e-05	1.74873e-05	-4.63599e-06	-4.80336e-01	-1.92134e-01	4.74580e-01	6.21107e-03	-1.78750e-01
-1.62128e-03	-7.09055e-05	1.71819e-05	-5.17920e-06	-4.79000e-01	-1.91599e-01	4.76165e-01	5.82958e-03	-1.78750e-01
-1.56593e-03	-6.84784e-05	1.66217e-05	-5.43503e-06	-4.77743e-01	-1.91096e-01	4.77682e-01	5.46366e-03	-1.78750e-01
-1.51448e-03	-6.62226e-05	1.61010e-05	-5.78736e-06	-4.76609e-01	-1.90643e-01	4.79133e-01	5.11312e-03	-1.78750e-01
-1.47594e-03	-6.45277e-05	1.57303e-05	-6.46260e-06	-4.75629e-01	-1.90251e-01	4.80519e-01	4.77770e-03	-1.78750e-01
-1.43417e-03	-6.26933e-05	1.53183e-05	-7.35296e-06	-4.74843e-01	-1.89937e-01	4.81841e-01	4.45716e-03	-1.78750e-01
-1.38474e-03	-6.05232e-05	1.48291e-05	-8.21722e-06	-4.74255e-01	-1.89702e-01	4.83101e-01	4.15121e-03	-1.78750e-01
-1.34142e-03	-5.86248e-05	1.43856e-05	-8.91742e-06	-4.73785e-01	-1.89513e-01	4.84300e-01	3.85955e-03	-1.78750e-01
-1.31424e-03	-5.74407e-05	1.40791e-05	-9.50496e-06	-4.73331e-01	-1.89332e-01	4.85440e-01	3.58188e-03	-1.78750e-01
-1.30445e-03	-5.70164e-05	1.39590e-05	-9.90965e-06	-4.72859e-01	-1.89143e-01	4.86523e-01	3.31783e-03	-1.78750e-01
-1.30596e-03	-5.70792e-05	1.39878e-05	-9.99153e-06	-4.72402e-01	-1.88960e-01	4.87549e-01	3.06706e-03	-1.78750e-01
-1.30873e-03	-5.71965e-05	1.40324e-05	-9.89054e-06	-4.71961e-01	-1.88784e-01	4.88522e-01	2.82918e-03	-1.78750e-01
-1.31156e-03	-5.73163e-05	1.40801e-05	-9.86699e-06	-4.71570e-01	-1.88628e-01	4.89443e-01	2.60378e-03	-1.78750e-01
-1.31759e-03	-5.75682e-05	1.41922e-05	-1.00029e-05	-4.71168e-01	-1.88467e-01	4.90313e-01	2.39044e-03	-1.78750e-01
-1.32825e-03	-5.80261e-05	1.43376e-05	-1.02481e-05	-4.70725e-01	-1.88290e-01	4.91135e-01	2.18871e-03	-1.78750e-01
-1.34240e-03	-5.86423e-05	1.44986e-05	-1.05773e-05	-4.70207e-01	-1.88082e-01	4.91911e-01	1.99812e-03	-1.78750e-01
-1.35203e-03	-5.90647e-05	1.45967e-05	-1.10132e-05	-4.69561e-01	-1.87824e-01	4.92643e-01	1.81818e-03	-1.78750e-01
-1.34953e-03	-5.89630e-05	1.45386e-05	-1.15737e-05	-4.68986e-01	-1.87594e-01	4.93333e-01	1.64838e-03	-1.78750e-01
-1.32963e-03	-5.80739e-05	1.44031e-05	-1.22590e-05	-4.68346e-01	-1.87338e-01	4.93983e-01	1.48820e-03	-1.78750e-01
-1.29644e-03	-5.66368e-05	1.39941e-05	-1.30218e-05	-4.67819e-01	-1.87127e-01	4.94596e-01	1.33707e-03	-1.78750e-01
-1.25428e-03	-5.47619e-05	1.36721e-05	-1.37913e-05	-4.67338e-01	-1.86935e-01	4.95175e-01	1.19442e-03	-1.78750e-01
-1.20165e-03	-5.24791e-05	1.30369e-05	-1.45239e-05	-4.66753e-01	-1.86701e-01	4.95721e-01	1.05967e-03	-1.78750e-01
-1.14342e-03	-4.99171e-05	1.24823e-05	-1.52145e-05	-4.66491e-01	-1.86596e-01	4.96237e-01	9.32181e-04	-1.78750e-01
-1.07325e-03	-4.68410e-05	1.17676e-05	-1.58564e-05	-4.65806e-01	-1.86322e-01	4.96726e-01	8.11331e-04	-1.78750e-01
-9.88847e-04	-4.31907e-05	1.07074e-05	-1.64538e-05	-4.65691e-01	-1.86276e-01	4.97190e-01	6.96458e-04	-1.78750e-01
-8.98796e-04	-3.91679e-05	1.00942e-05	-1.70024e-05	-4.65166e-01	-1.86066e-01	4.97633e-01	5.86883e-04	-1.78750e-01
-7.72787e-04	-3.37992e-05	8.18378e-06	-1.75940e-05	-4.64809e-01	-1.85923e-01	4.98057e-01	4.81906e-04	-1.78750e-01
-6.79744e-04	-2.94911e-05	8.16211e-06	-1.81834e-05	-4.65216e-01	-1.86086e-01	4.98465e-01	3.80807e-04	-1.78750e-01
-5.26594e-04	-2.30077e-05	5.67278e-06	-1.85915e-05	-4.64040e-01	-1.85616e-01	4.98860e-01	2.82843e-04	-1.78750e-01
-5.00495e-04	-2.16811e-05	6.14284e-06	-1.92333e-05	-4.67599e-01	-1.87039e-01	4.99246e-01	1.87251e-04	-1.78750e-01
-6.37123e-04	-2.62790e-05	1.31410e-05	-1.83586e-05	-4.67536e-01	-1.87014e-01	4.99624e-01	9.32463e-05	-1.78750e-01
-4.67103e-04	-2.87648e-05	-2.86069e-05	-1.31106e-05	-4.72231e-01	-1.88892e-01	5.00000e-01	0.00000e+00	-1.78750e-01
