"Density"	"Momentum:0"	"Momentum:1"	"Momentum:2"	"StagnationEnergy"	"Pressure"	"Points:0"	"Points:1"	"Points:2"
2.17215e-02	-7.12436e-04	1.22864e-03	8.23894e-04	-6.32765e-01	-2.53131e-01	-4.93190e-01	0.00000e+00	1.18250e-01
3.57807e-03	2.59957e-04	1.90291e-04	2.68597e-04	-9.69800e-01	-3.87930e-01	-4.93137e-01	2.24937e-03	1.18250e-01
9.24059e-03	3.26586e-04	4.93487e-04	3.52493e-04	-8.71345e-01	-3.48548e-01	-4.92976e-01	4.49364e-03	1.18250e-01
1.61240e-02	3.76464e-04	8.64526e-04	3.61417e-04	-9.76718e-01	-3.90700e-01	-4.92708e-01	6.72758e-03	1.18250e-01
1.77550e-02	4.49983e-04	9.30025e-04	3.32221e-04	-1.01491e+00	-4.05979e-01	-4.92332e-01	8.94597e-03	1.18250e-01
1.98609e-02	4.81436e-04	1.02831e-03	3.29132e-04	-1.09893e+00	-4.39585e-01	-4.91850e-01	1.11438e-02	1.18250e-01
2.11585e-02	5.45236e-04	1.07043e-03	2.96660e-04	-1.20101e+00	-4.80419e-01	-4.91265e-01	1.33162e-02	1.18250e-01
2.14686e-02	5.71181e-04	1.06415e-03	2.81781e-04	-1.26373e+00	-5.05508e-01	-4.90578e-01	1.54590e-02	1.18250e-01
2.15207e-02	6.00904e-04	1.04062e-03	2.54409e-04	-1.35712e+00	-5.42863e-01	-4.89795e-01	1.75683e-02	1.18250e-01
2.10020e-02	6.14048e-04	9.89586e-04	2.34028e-04	-1.41370e+00	-5.65492e-01	-4.88965e-01	1.95403e-02	1.18250e-01
2.02843e-02	6.13945e-04	9.33559e-04	2.15569e-04	-1.46420e+00	-5.85691e-01	-4.88131e-01	2.13218e-02	1.18250e-01
1.94051e-02	6.09271e-04	8.70804e-04	1.95159e-04	-1.50635e+00	-6.02552e-01	-4.87290e-01	2.29641e-02	1.18250e-01
1.83757e-02	5.92416e-04	8.06259e-04	1.79481e-04	-1.53115e+00	-6.12471e-01	-4.86440e-01	2.45013e-02	1.18250e-01
1.73267e-02	5.73444e-04	7.42659e-04	1.60439e-04	-1.55600e+00	-6.22409e-01	-4.85578e-01	2.59573e-02	1.18250e-01
1.61773e-02	5.46364e-04	6.78667e-04	1.43320e-04	-1.56864e+00	-6.27465e-01	-4.84700e-01	2.73497e-02	1.18250e-01
1.49925e-02	5.15136e-04	6.16182e-04	1.24411e-04	-1.57798e+00	-6.31200e-01	-4.83804e-01	2.86919e-02	1.18250e-01
1.37867e-02	4.80018e-04	5.56085e-04	1.04590e-04	-1.58230e+00	-6.32930e-01	-4.82886e-01	2.99943e-02	1.18250e-01
1.25384e-02	4.40406e-04	4.97609e-04	8.40303e-05	-1.58100e+00	-6.32409e-01	-4.81945e-01	3.12652e-02	1.18250e-01
1.12789e-02	3.97851e-04	4.41822e-04	6.19352e-05	-1.57767e+00	-6.31073e-01	-4.80977e-01	3.25112e-02	1.18250e-01
9.99743e-03	3.52389e-04	3.88104e-04	3.91515e-05	-1.57057e+00	-6.28232e-01	-4.79980e-01	3.37378e-02	1.18250e-01
8.72740e-03	3.05237e-04	3.37846e-04	1.52840e-05	-1.56142e+00	-6.24574e-01	-4.78951e-01	3.49494e-02	1.18250e-01
7.51374e-03	2.58245e-04	2.92623e-04	-9.85636e-06	-1.55116e+00	-6.20468e-01	-4.77889e-01	3.61497e-02	1.18250e-01
6.42036e-03	2.14137e-04	2.54461e-04	-3.55721e-05	-1.53951e+00	-6.15808e-01	-4.76790e-01	3.73416e-02	1.18250e-01
5.53867e-03	1.77167e-04	2.25765e-04	-6.00965e-05	-1.52788e+00	-6.11156e-01	-4.75652e-01	3.85276e-02	1.18250e-01
4.91167e-03	1.50362e-04	2.06405e-04	-8.01195e-05	-1.51627e+00	-6.06511e-01	-4.74474e-01	3.97098e-02	1.18250e-01
4.51039e-03	1.33811e-04	1.93780e-04	-9.29297e-05	-1.50577e+00	-6.02310e-01	-4.73252e-01	4.08897e-02	1.18250e-01
4.21309e-03	1.23550e-04	1.82596e-04	-9.74381e-05	-1.49708e+00	-5.98834e-01	-4.71986e-01	4.20687e-02	1.18250e-01
3.87034e-03	1.13774e-04	1.67590e-04	-9.44232e-05	-1.49037e+00	-5.96149e-01	-4.70673e-01	4.32478e-02	1.18250e-01
3.39889e-03	1.00475e-04	1.46732e-04	-8.62890e-05	-1.48580e+00	-5.94323e-01	-4.69311e-01	4.44278e-02	1.18250e-01
2.79474e-03	8.26412e-05	1.20851e-04	-7.55706e-05	-1.48296e+00	-5.93187e-01	-4.67898e-01	4.56093e-02	1.18250e-01
2.13133e-03	6.24361e-05	9.31347e-05	-6.40397e-05	-1.48163e+00	-5.92652e-01	-4.66432e-01	4.67928e-02	1.18250e-01
1.50662e-03	4.33620e-05	6.70669e-05	-5.21254e-05	-1.48151e+00	-5.92604e-01	-4.64912e-01	4.79783e-02	1.18250e-01
9.83760e-04	2.77520e-05	4.47445e-05	-3.95657e-05	-1.48230e+00	-5.92919e-01	-4.63337e-01	4.91661e-02	1.18250e-01
5.73126e-04	1.60120e-05	2.64309e-05	-2.62425e-05	-1.48377e+00	-5.93507e-01	-4.61704e-01	5.03562e-02	1.18250e-01
2.51878e-04	7.42365e-06	1.11329e-05	-1.18270e-05	-1.48562e+00	-5.94248e-01	-4.60012e-01	5.15483e-02	1.18250e-01
-2.88643e-05	2.40240e-07	-2.91127e-06	4.39917e-06	-1.48776e+00	-5.95104e-01	-4.58259e-01	5.27424e-02	1.18250e-01
-3.49578e-04	-8.77669e-06	-1.79957e-05	2.25329e-05	-1.49004e+00	-5.96015e-01	-4.56445e-01	5.39380e-02	1.18250e-01
-7.60582e-04	-2.19844e-05	-3.49611e-05	4.12144e-05	-1.49203e+00	-5.96810e-01	-4.54567e-01	5.51348e-02	1.18250e-01
-1.23374e-03	-3.85967e-05	-5.23433e-05	5.87744e-05	-1.49335e+00	-5.97340e-01	-4.52625e-01	5.63325e-02	1.18250e-01
-1.71973e-03	-5.66606e-05	-6.85832e-05	7.48171e-05	-1.49370e+00	-5.97480e-01	-4.50618e-01	5.75303e-02	1.18250e-01
-2.20412e-03	-7.53278e-05	-8.36282e-05	8.93942e-05	-1.49304e+00	-5.97214e-01	-4.48543e-01	5.87279e-02	1.18250e-01
-2.66764e-03	-9.37915e-05	-9.69329e-05	1.01633e-04	-1.49148e+00	-5.96590e-01	-4.46401e-01	5.99246e-02	1.18250e-01
-3.04024e-03	-1.09568e-04	-1.05905e-04	1.09734e-04	-1.48845e+00	-5.95377e-01	-4.44190e-01	6.11198e-02	1.18250e-01
-3.28113e-03	-1.21037e-04	-1.09296e-04	1.12540e-04	-1.48333e+00	-5.93331e-01	-4.41909e-01	6.23129e-02	1.18250e-01
-3.42941e-03	-1.29405e-04	-1.08755e-04	1.09245e-04	-1.47670e+00	-5.90678e-01	-4.39557e-01	6.35031e-02	1.18250e-01
-3.54095e-03	-1.37299e-04	-1.04886e-04	9.77400e-05	-1.46894e+00	-5.87575e-01	-4.37134e-01	6.46897e-02	1.18250e-01
-3.62685e-03	-1.45927e-04	-9.61435e-05	7.39902e-05	-1.45936e+00	-5.83743e-01	-4.34639e-01	6.58720e-02	1.18250e-01
-3.70371e-03	-1.55524e-04	-8.35318e-05	3.66865e-05	-1.44705e+00	-5.78819e-01	-4.32070e-01	6.70492e-02	1.18250e-01
-3.85526e-03	-1.68886e-04	-7.02402e-05	-9.12749e-06	-1.43094e+00	-5.72376e-01	-4.29427e-01	6.82206e-02	1.18250e-01
-4.04963e-03	-1.84077e-04	-5.67497e-05	-5.84696e-05	-1.41096e+00	-5.64381e-01	-4.26711e-01	6.93853e-02	1.18250e-01
-4.07605e-03	-1.90977e-04	-4.14335e-05	-1.05393e-04	-1.38805e+00	-5.55219e-01	-4.23919e-01	7.05426e-02	1.18250e-01
-3.84149e-03	-1.84967e-04	-2.43713e-05	-1.45158e-04	-1.36400e+00	-5.45598e-01	-4.21052e-01	7.16917e-02	1.18250e-01
-3.38737e-03	-1.67854e-04	-6.82895e-06	-1.74975e-04	-1.34219e+00	-5.36873e-01	-4.18108e-01	7.28318e-02	1.18250e-01
-2.88823e-03	-1.46417e-04	5.38222e-06	-1.85340e-04	-1.32268e+00	-5.29066e-01	-4.15089e-01	7.39620e-02	1.18250e-01
-2.38218e-03	-1.22226e-04	1.06951e-05	-1.74064e-04	-1.30217e+00	-5.20865e-01	-4.11993e-01	7.50816e-02	1.18250e-01
-1.80224e-03	-9.43080e-05	1.52055e-05	-1.58848e-04	-1.28193e+00	-5.12770e-01	-4.08820e-01	7.61897e-02	1.18250e-01
-1.34985e-03	-7.37359e-05	2.22425e-05	-1.60241e-04	-1.26568e+00	-5.06268e-01	-4.05569e-01	7.72856e-02	1.18250e-01
-1.28680e-03	-7.14425e-05	2.65896e-05	-1.74192e-04	-1.25320e+00	-5.01274e-01	-4.02242e-01	7.83683e-02	1.18250e-01
-1.32237e-03	-7.36406e-05	3.00766e-05	-1.89262e-04	-1.23819e+00	-4.95269e-01	-3.98836e-01	7.94372e-02	1.18250e-01
-1.07785e-03	-6.38135e-05	3.90011e-05	-2.14050e-04	-1.21609e+00	-4.86428e-01	-3.95353e-01	8.04914e-02	1.18250e-01
-8.47291e-04	-5.56475e-05	5.16025e-05	-2.55868e-04	-1.19152e+00	-4.76593e-01	-3.91792e-01	8.15302e-02	1.18250e-01
-8.10554e-04	-5.60488e-05	6.20576e-05	-3.01854e-04	-1.16591e+00	-4.66339e-01	-3.88154e-01	8.25527e-02	1.18250e-01
-6.48352e-04	-4.98498e-05	7.09418e-05	-3.38640e-04	-1.14003e+00	-4.55975e-01	-3.84438e-01	8.35582e-02	1.18250e-01
-3.92433e-04	-3.86575e-05	7.81460e-05	-3.65436e-04	-1.11811e+00	-4.47171e-01	-3.80644e-01	8.45459e-02	1.18250e-01
-2.68918e-04	-3.31113e-05	8.28684e-05	-3.88205e-04	-1.09497e+00	-4.37869e-01	-3.76772e-01	8.55152e-02	1.18250e-01
6.02201e-05	-1.84967e-05	9.05326e-05	-4.14731e-04	-1.06375e+00	-4.26101e-01	-3.72824e-01	8.64652e-02	1.18250e-01
7.47358e-04	1.24587e-05	1.00722e-04	-4.37922e-04	-1.03022e+00	-4.12143e-01	-3.68798e-01	8.73952e-02	1.18250e-01
1.37536e-03	4.19002e-05	1.04940e-04	-4.40382e-04	-9.99577e-01	-3.99861e-01	-3.64696e-01	8.83046e-02	1.18250e-01
1.83171e-03	6.47562e-05	1.01601e-04	-4.18219e-04	-9.70076e-01	-3.88051e-01	-3.60516e-01	8.91927e-02	1.18250e-01
2.34555e-03	9.04854e-05	9.63936e-05	-3.84478e-04	-9.44439e-01	-3.77790e-01	-3.56261e-01	9.00587e-02	1.18250e-01
2.87154e-03	1.16219e-04	9.29765e-05	-3.55853e-04	-9.26499e-01	-3.70610e-01	-3.51930e-01	9.09021e-02	1.18250e-01
3.37024e-03	1.40345e-04	9.04235e-05	-3.34481e-04	-9.13624e-01	-3.65458e-01	-3.47524e-01	9.17222e-02	1.18250e-01
3.89536e-03	1.65796e-04	8.64488e-05	-3.06426e-04	-9.04292e-01	-3.61723e-01	-3.43043e-01	9.25183e-02	1.18250e-01
4.11102e-03	1.77384e-04	7.86430e-05	-2.67900e-04	-8.99899e-01	-3.59965e-01	-3.38487e-01	9.32900e-02	1.18250e-01
3.72515e-03	1.61454e-04	6.80392e-05	-2.36913e-04	-8.96679e-01	-3.58676e-01	-3.33858e-01	9.40366e-02	1.18250e-01
3.14138e-03	1.36002e-04	5.95011e-05	-2.24641e-04	-8.89264e-01	-3.55710e-01	-3.29155e-01	9.47577e-02	1.18250e-01
2.96956e-03	1.28916e-04	5.50422e-05	-2.16602e-04	-8.76212e-01	-3.50489e-01	-3.24380e-01	9.54525e-02	1.18250e-01
3.19989e-03	1.40187e-04	5.12729e-05	-1.96870e-04	-8.61960e-01	-3.44788e-01	-3.19533e-01	9.61208e-02	1.18250e-01
3.34028e-03	1.47467e-04	4.57694e-05	-1.69647e-04	-8.52780e-01	-3.41115e-01	-3.14614e-01	9.67619e-02	1.18250e-01
3.24142e-03	1.43756e-04	3.97529e-05	-1.44577e-04	-8.49074e-01	-3.39632e-01	-3.09625e-01	9.73754e-02	1.18250e-01
3.07167e-03	1.36709e-04	3.39910e-05	-1.21955e-04	-8.47344e-01	-3.38940e-01	-3.04566e-01	9.79610e-02	1.18250e-01
2.77681e-03	1.23949e-04	2.77107e-05	-9.87750e-05	-8.45476e-01	-3.38192e-01	-2.99439e-01	9.85181e-02	1.18250e-01
2.23449e-03	9.99212e-05	2.07383e-05	-7.69661e-05	-8.42253e-01	-3.36903e-01	-2.94243e-01	9.90465e-02	1.18250e-01
1.84453e-03	8.25946e-05	1.61009e-05	-5.96825e-05	-8.35111e-01	-3.34046e-01	-2.88980e-01	9.95457e-02	1.18250e-01
1.92790e-03	8.66177e-05	1.36071e-05	-4.46517e-05	-8.26283e-01	-3.30514e-01	-2.83651e-01	1.00016e-01	1.18250e-01
1.91992e-03	8.64682e-05	1.08932e-05	-2.99295e-05	-8.23100e-01	-3.29241e-01	-2.78256e-01	1.00456e-01	1.18250e-01
1.40991e-03	6.35175e-05	7.62080e-06	-2.18297e-05	-8.21064e-01	-3.28426e-01	-2.72797e-01	1.00866e-01	1.18250e-01
9.47354e-04	4.26311e-05	5.78012e-06	-2.19410e-05	-8.13516e-01	-3.25407e-01	-2.67274e-01	1.01245e-01	1.18250e-01
9.78134e-04	4.40372e-05	5.64561e-06	-2.15849e-05	-8.06796e-01	-3.22719e-01	-2.61689e-01	1.01595e-01	1.18250e-01
1.16791e-03	5.26732e-05	5.06843e-06	-1.58048e-05	-8.04124e-01	-3.21650e-01	-2.56043e-01	1.01913e-01	1.18250e-01
1.18237e-03	5.33719e-05	4.05040e-06	-9.76932e-06	-8.02656e-01	-3.21063e-01	-2.50336e-01	1.02201e-01	1.18250e-01
1.05546e-03	4.76466e-05	3.34518e-06	-8.89445e-06	-8.02075e-01	-3.20831e-01	-2.44570e-01	1.02458e-01	1.18250e-01
7.67013e-04	3.46127e-05	2.64004e-06	-1.12889e-05	-8.01597e-01	-3.20639e-01	-2.38746e-01	1.02684e-01	1.18250e-01
2.81692e-04	1.26902e-05	1.65608e-06	-1.09197e-05	-8.00053e-01	-3.20021e-01	-2.32865e-01	1.02878e-01	1.18250e-01
-1.57248e-04	-7.12907e-06	8.13819e-07	-6.89860e-06	-7.95582e-01	-3.18233e-01	-2.26929e-01	1.03042e-01	1.18250e-01
-2.20801e-04	-9.98691e-06	4.56330e-07	-3.21393e-06	-7.87757e-01	-3.15103e-01	-2.20938e-01	1.03174e-01	1.18250e-01
7.00889e-05	3.15874e-06	5.34261e-07	-1.69675e-06	-7.81561e-01	-3.12624e-01	-2.14894e-01	1.03275e-01	1.18250e-01
3.83759e-04	1.73255e-05	6.26352e-07	-6.20398e-07	-7.79432e-01	-3.11773e-01	-2.08797e-01	1.03344e-01	1.18250e-01
4.65207e-04	2.10032e-05	1.81051e-07	1.95237e-06	-7.79814e-01	-3.11926e-01	-2.02651e-01	1.03383e-01	1.18250e-01
2.61478e-04	1.18026e-05	-2.66708e-07	7.56023e-06	-7.81585e-01	-3.12634e-01	-1.96454e-01	1.03391e-01	1.18250e-01
-1.24555e-04	-5.62653e-06	-8.45043e-07	1.58928e-05	-7.80479e-01	-3.12191e-01	-1.90210e-01	1.03367e-01	1.18250e-01
-4.81711e-04	-2.17488e-05	-1.07133e-06	2.20531e-05	-7.74790e-01	-3.09916e-01	-1.83919e-01	1.03313e-01	1.18250e-01
-6.27766e-04	-2.83377e-05	-8.48373e-07	2.33354e-05	-7.67627e-01	-3.07050e-01	-1.77582e-01	1.03228e-01	1.18250e-01
-5.63850e-04	-2.54564e-05	-8.82736e-07	2.36256e-05	-7.61361e-01	-3.04544e-01	-1.71202e-01	1.03113e-01	1.18250e-01
-4.49782e-04	-2.03129e-05	-8.78468e-07	2.58390e-05	-7.56512e-01	-3.02604e-01	-1.64779e-01	1.02968e-01	1.18250e-01
-3.61288e-04	-1.63278e-05	-1.00084e-06	2.74287e-05	-7.50931e-01	-3.00372e-01	-1.58315e-01	1.02792e-01	1.18250e-01
-2.27347e-04	-1.02919e-05	-1.06193e-06	2.64976e-05	-7.45358e-01	-2.98143e-01	-1.51811e-01	1.02587e-01	1.18250e-01
-1.13748e-04	-5.16943e-06	-9.97882e-07	2.29139e-05	-7.42574e-01	-2.97029e-01	-1.45269e-01	1.02352e-01	1.18250e-01
-1.78891e-04	-8.08851e-06	-4.22409e-07	1.66033e-05	-7.41198e-01	-2.96479e-01	-1.38690e-01	1.02088e-01	1.18250e-01
-3.76408e-04	-1.69677e-05	3.26812e-07	1.19604e-05	-7.39065e-01	-2.95626e-01	-1.32076e-01	1.01795e-01	1.18250e-01
-5.63768e-04	-2.54059e-05	6.43502e-07	1.48474e-05	-7.36856e-01	-2.94742e-01	-1.25428e-01	1.01473e-01	1.18250e-01
-7.69745e-04	-3.46792e-05	1.04786e-06	1.95635e-05	-7.34521e-01	-2.93808e-01	-1.18748e-01	1.01124e-01	1.18250e-01
-1.02560e-03	-4.61605e-05	2.18901e-06	1.53978e-05	-7.28648e-01	-2.91459e-01	-1.12038e-01	1.00746e-01	1.18250e-01
-1.12826e-03	-5.07433e-05	2.98565e-06	6.95792e-06	-7.18433e-01	-2.87373e-01	-1.05298e-01	1.00341e-01	1.18250e-01
-9.16786e-04	-4.12218e-05	2.54404e-06	7.79600e-06	-7.08982e-01	-2.83592e-01	-9.85306e-02	9.99095e-02	1.18250e-01
-6.11061e-04	-2.75061e-05	1.23076e-06	1.87230e-05	-7.03736e-01	-2.81494e-01	-9.17372e-02	9.94510e-02	1.18250e-01
-5.39648e-04	-2.43215e-05	6.82764e-07	2.98180e-05	-7.00643e-01	-2.80257e-01	-8.49194e-02	9.89663e-02	1.18250e-01
-6.49941e-04	-2.92945e-05	8.30311e-07	3.74315e-05	-6.95465e-01	-2.78185e-01	-7.80788e-02	9.84559e-02	1.18250e-01
-5.98030e-04	-2.69757e-05	5.37328e-07	4.45596e-05	-6.87709e-01	-2.75083e-01	-7.12170e-02	9.79203e-02	1.18250e-01
-3.05733e-04	-1.38688e-05	-6.39171e-07	4.96380e-05	-6.81826e-01	-2.72729e-01	-6.43355e-02	9.73600e-02	1.18250e-01
-9.69836e-05	-4.49322e-06	-1.27003e-06	4.83299e-05	-6.79934e-01	-2.71969e-01	-5.74361e-02	9.67754e-02	1.18250e-01
-1.94607e-04	-8.85944e-06	-6.85672e-07	4.45676e-05	-6.78996e-01	-2.71596e-01	-5.05204e-02	9.61670e-02	1.18250e-01
-4.72152e-04	-2.13105e-05	4.32961e-07	4.76094e-05	-6.76090e-01	-2.70435e-01	-4.35899e-02	9.55355e-02	1.18250e-01
-7.15651e-04	-3.22366e-05	1.38851e-06	5.62802e-05	-6.69354e-01	-2.67741e-01	-3.66464e-02	9.48812e-02	1.18250e-01
-8.21166e-04	-3.69701e-05	1.83463e-06	6.05434e-05	-6.59551e-01	-2.63819e-01	-2.96914e-02	9.42047e-02	1.18250e-01
-8.52858e-04	-3.83703e-05	2.20858e-06	5.86431e-05	-6.51058e-01	-2.60422e-01	-2.27267e-02	9.35067e-02	1.18250e-01
-9.76844e-04	-4.39020e-05	3.01394e-06	5.67065e-05	-6.44942e-01	-2.57976e-01	-1.57539e-02	9.27876e-02	1.18250e-01
-1.21815e-03	-5.46873e-05	4.34994e-06	5.63745e-05	-6.38144e-01	-2.55257e-01	-8.77470e-03	9.20479e-02	1.18250e-01
-1.37865e-03	-6.18419e-05	5.41251e-06	5.44491e-05	-6.28917e-01	-2.51566e-01	-1.79071e-03	9.12883e-02	1.18250e-01
-1.33260e-03	-5.97474e-05	5.50404e-06	4.90438e-05	-6.19004e-01	-2.47601e-01	5.19637e-03	9.05094e-02	1.18250e-01
-1.24182e-03	-5.56486e-05	5.39597e-06	4.32748e-05	-6.11480e-01	-2.44591e-01	1.21849e-02	8.97116e-02	1.18250e-01
-1.31298e-03	-5.88017e-05	6.01855e-06	4.20208e-05	-6.05538e-01	-2.42214e-01	1.91731e-02	8.88956e-02	1.18250e-01
-1.48784e-03	-6.66047e-05	7.06455e-06	4.47704e-05	-5.98182e-01	-2.39272e-01	2.61595e-02	8.80620e-02	1.18250e-01
-1.54720e-03	-6.92363e-05	7.56636e-06	4.57687e-05	-5.89463e-01	-2.35784e-01	3.31422e-02	8.72114e-02	1.18250e-01
-1.43581e-03	-6.42287e-05	7.21032e-06	4.25343e-05	-5.81098e-01	-2.32439e-01	4.01196e-02	8.63443e-02	1.18250e-01
-1.29252e-03	-5.78011e-05	6.63895e-06	3.90308e-05	-5.74168e-01	-2.29667e-01	4.70901e-02	8.54613e-02	1.18250e-01
-1.25611e-03	-5.61558e-05	6.58983e-06	3.81911e-05	-5.68845e-01	-2.27537e-01	5.40520e-02	8.45630e-02	1.18250e-01
-1.30524e-03	-5.83331e-05	6.99915e-06	3.90769e-05	-5.63913e-01	-2.25564e-01	6.10036e-02	8.36501e-02	1.18250e-01
-1.25244e-03	-5.59588e-05	6.83049e-06	4.08118e-05	-5.58156e-01	-2.23262e-01	6.79433e-02	8.27230e-02	1.18250e-01
-9.71500e-04	-4.34203e-05	5.20156e-06	4.30349e-05	-5.53214e-01	-2.21285e-01	7.48693e-02	8.17825e-02	1.18250e-01
-6.37928e-04	-2.85341e-05	3.25886e-06	4.33742e-05	-5.51648e-01	-2.20659e-01	8.17801e-02	8.08290e-02	1.18250e-01
-5.52043e-04	-2.46874e-05	2.86412e-06	3.88748e-05	-5.52168e-01	-2.20866e-01	8.86740e-02	7.98632e-02	1.18250e-01
-7.49899e-04	-3.34733e-05	4.33475e-06	3.05519e-05	-5.51578e-01	-2.20631e-01	9.55493e-02	7.88857e-02	1.18250e-01
-9.85483e-04	-4.39390e-05	6.04714e-06	2.40101e-05	-5.49043e-01	-2.19617e-01	1.02404e-01	7.78971e-02	1.18250e-01
-1.06262e-03	-4.73577e-05	6.66252e-06	2.25405e-05	-5.46009e-01	-2.18403e-01	1.09238e-01	7.68979e-02	1.18250e-01
-1.01682e-03	-4.53056e-05	6.45021e-06	2.31812e-05	-5.43765e-01	-2.17505e-01	1.16048e-01	7.58887e-02	1.18250e-01
-9.66616e-04	-4.30563e-05	6.21579e-06	2.26020e-05	-5.42004e-01	-2.16801e-01	1.22832e-01	7.48701e-02	1.18250e-01
-9.31040e-04	-4.14577e-05	6.07992e-06	2.18143e-05	-5.40114e-01	-2.16045e-01	1.29590e-01	7.38427e-02	1.18250e-01
-8.61182e-04	-3.83398e-05	5.67188e-06	2.27175e-05	-5.38486e-01	-2.15394e-01	1.36320e-01	7.28071e-02	1.18250e-01
-7.61155e-04	-3.38846e-05	5.02738e-06	2.45944e-05	-5.37799e-01	-2.15119e-01	1.43020e-01	7.17638e-02	1.18250e-01
-6.89916e-04	-3.07094e-05	4.58352e-06	2.52627e-05	-5.37917e-01	-2.15166e-01	1.49689e-01	7.07133e-02	1.18250e-01
-6.71299e-04	-2.98692e-05	4.53383e-06	2.34359e-05	-5.38125e-01	-2.15250e-01	1.56325e-01	6.96564e-02	1.18250e-01
-6.76723e-04	-3.00935e-05	4.67742e-06	1.98188e-05	-5.38188e-01	-2.15275e-01	1.62926e-01	6.85934e-02	1.18250e-01
-6.86700e-04	-3.05218e-05	4.84202e-06	1.66512e-05	-5.38367e-01	-2.15347e-01	1.69491e-01	6.75250e-02	1.18250e-01
-7.08790e-04	-3.14920e-05	5.06928e-06	1.53240e-05	-5.38725e-01	-2.15490e-01	1.76018e-01	6.64518e-02	1.18250e-01
-7.41285e-04	-3.29248e-05	5.36825e-06	1.46743e-05	-5.39075e-01	-2.15629e-01	1.82506e-01	6.53742e-02	1.18250e-01
-7.62616e-04	-3.38593e-05	5.60036e-06	1.30540e-05	-5.39236e-01	-2.15694e-01	1.88954e-01	6.42928e-02	1.18250e-01
-7.65189e-04	-3.39600e-05	5.69911e-06	1.07254e-05	-5.39273e-01	-2.15709e-01	1.95360e-01	6.32082e-02	1.18250e-01
-7.75408e-04	-3.44009e-05	5.84934e-06	8.76646e-06	-5.39476e-01	-2.15790e-01	2.01722e-01	6.21208e-02	1.18250e-01
-8.13105e-04	-3.60609e-05	6.20504e-06	7.64876e-06	-5.39746e-01	-2.15898e-01	2.08039e-01	6.10312e-02	1.18250e-01
-8.56653e-04	-3.79823e-05	6.59480e-06	7.36931e-06	-5.39848e-01	-2.15939e-01	2.14310e-01	5.99400e-02	1.18250e-01
-8.89711e-04	-3.94373e-05	6.90972e-06	7.44295e-06	-5.40036e-01	-2.16014e-01	2.20533e-01	5.88477e-02	1.18250e-01
-9.31261e-04	-4.12670e-05	7.30025e-06	7.30108e-06	-5.40301e-01	-2.16120e-01	2.26707e-01	5.77547e-02	1.18250e-01
-9.84590e-04	-4.36182e-05	7.78526e-06	7.25273e-06	-5.40271e-01	-2.16108e-01	2.32830e-01	5.66616e-02	1.18250e-01
-1.02567e-03	-4.54266e-05	8.17236e-06	7.63332e-06	-5.40083e-01	-2.16033e-01	2.38902e-01	5.55688e-02	1.18250e-01
-1.05113e-03	-4.65421e-05	8.44256e-06	7.57021e-06	-5.40096e-01	-2.16038e-01	2.44920e-01	5.44770e-02	1.18250e-01
-1.08054e-03	-4.78301e-05	8.75786e-06	6.50728e-06	-5.40265e-01	-2.16106e-01	2.50884e-01	5.33865e-02	1.18250e-01
-1.12152e-03	-4.96296e-05	9.16732e-06	5.54861e-06	-5.40479e-01	-2.16191e-01	2.56792e-01	5.22979e-02	1.18250e-01
-1.17337e-03	-5.19105e-05	9.66282e-06	5.61040e-06	-5.40750e-01	-2.16300e-01	2.62643e-01	5.12117e-02	1.18250e-01
-1.23608e-03	-5.46716e-05	1.02510e-05	5.88419e-06	-5.40949e-01	-2.16379e-01	2.68435e-01	5.01283e-02	1.18250e-01
-1.29655e-03	-5.73307e-05	1.08330e-05	5.31645e-06	-5.40946e-01	-2.16378e-01	2.74168e-01	4.90482e-02	1.18250e-01
-1.33880e-03	-5.91827e-05	1.12717e-05	4.09534e-06	-5.40913e-01	-2.16365e-01	2.79841e-01	4.79719e-02	1.18250e-01
-1.36667e-03	-6.03985e-05	1.15910e-05	3.02358e-06	-5.41036e-01	-2.16414e-01	2.85451e-01	4.68999e-02	1.18250e-01
-1.39515e-03	-6.16415e-05	1.19139e-05	2.62705e-06	-5.41231e-01	-2.16492e-01	2.90999e-01	4.58326e-02	1.18250e-01
-1.42885e-03	-6.31152e-05	1.22810e-05	2.94861e-06	-5.41359e-01	-2.16543e-01	2.96482e-01	4.47705e-02	1.18250e-01
-1.46940e-03	-6.48909e-05	1.27081e-05	3.40927e-06	-5.41449e-01	-2.16579e-01	3.01901e-01	4.37140e-02	1.18250e-01
-1.52101e-03	-6.71537e-05	1.32366e-05	3.26000e-06	-5.41521e-01	-2.16608e-01	3.07253e-01	4.26636e-02	1.18250e-01
-1.58241e-03	-6.98479e-05	1.38558e-05	2.34260e-06	-5.41495e-01	-2.16597e-01	3.12538e-01	4.16197e-02	1.18250e-01
-1.65086e-03	-7.28500e-05	1.45515e-05	9.29285e-07	-5.41330e-01	-2.16531e-01	3.17754e-01	4.05827e-02	1.18250e-01
-1.72476e-03	-7.60921e-05	1.52972e-05	-7.13183e-07	-5.41007e-01	-2.16402e-01	3.22902e-01	3.95532e-02	1.18250e-01
-1.79314e-03	-7.90887e-05	1.60044e-05	-2.20831e-06	-5.40501e-01	-2.16200e-01	3.27979e-01	3.85314e-02	1.18250e-01
-1.84554e-03	-8.13798e-05	1.65706e-05	-3.14116e-06	-5.39904e-01	-2.15961e-01	3.32986e-01	3.75179e-02	1.18250e-01
-1.88453e-03	-8.30780e-05	1.70223e-05	-3.76950e-06	-5.39215e-01	-2.15685e-01	3.37920e-01	3.65130e-02	1.18250e-01
-1.90671e-03	-8.40374e-05	1.73131e-05	-5.20634e-06	-5.38314e-01	-2.15325e-01	3.42782e-01	3.55172e-02	1.18250e-01
-1.90102e-03	-8.37670e-05	1.73568e-05	-8.10565e-06	-5.37418e-01	-2.14966e-01	3.47570e-01	3.45308e-02	1.18250e-01
-1.87479e-03	-8.25888e-05	1.72240e-05	-1.14660e-05	-5.36692e-01	-2.14676e-01	3.52284e-01	3.35542e-02	1.18250e-01
-1.84096e-03	-8.10802e-05	1.70017e-05	-1.34274e-05	-5.35933e-01	-2.14372e-01	3.56923e-01	3.25878e-02	1.18250e-01
-1.81102e-03	-7.97432e-05	1.68118e-05	-1.30404e-05	-5.35220e-01	-2.14087e-01	3.61486e-01	3.16321e-02	1.18250e-01
-1.80269e-03	-7.93585e-05	1.68179e-05	-1.09301e-05	-5.34596e-01	-2.13838e-01	3.65973e-01	3.06873e-02	1.18250e-01
-1.82197e-03	-8.01895e-05	1.70813e-05	-8.53547e-06	-5.33714e-01	-2.13485e-01	3.70383e-01	2.97538e-02	1.18250e-01
-1.84182e-03	-8.10458e-05	1.73484e-05	-6.97251e-06	-5.32546e-01	-2.13018e-01	3.74716e-01	2.88321e-02	1.18250e-01
-1.84582e-03	-8.12066e-05	1.74580e-05	-6.54237e-06	-5.31331e-01	-2.12532e-01	3.78970e-01	2.79223e-02	1.18250e-01
-1.84664e-03	-8.12242e-05	1.75508e-05	-6.63077e-06	-5.30036e-01	-2.12014e-01	3.83146e-01	2.70249e-02	1.18250e-01
-1.85753e-03	-8.16835e-05	1.77456e-05	-6.33415e-06	-5.28628e-01	-2.11450e-01	3.87242e-01	2.61402e-02	1.18250e-01
-1.86949e-03	-8.21920e-05	1.79396e-05	-5.25116e-06	-5.27294e-01	-2.10917e-01	3.91259e-01	2.52685e-02	1.18250e-01
-1.87882e-03	-8.25874e-05	1.80970e-05	-4.09659e-06	-5.26095e-01	-2.10437e-01	3.95196e-01	2.44101e-02	1.18250e-01
-1.90025e-03	-8.35144e-05	1.83730e-05	-4.45318e-06	-5.24769e-01	-2.09907e-01	3.99053e-01	2.35653e-02	1.18250e-01
-1.92714e-03	-8.46788e-05	1.87117e-05	-6.51624e-06	-5.23097e-01	-2.09238e-01	4.02830e-01	2.27345e-02	1.18250e-01
-1.92409e-03	-8.45228e-05	1.87801e-05	-8.39997e-06	-5.21348e-01	-2.08538e-01	4.06525e-01	2.19177e-02	1.18250e-01
-1.89606e-03	-8.32698e-05	1.86054e-05	-9.32114e-06	-5.19833e-01	-2.07932e-01	4.10140e-01	2.11154e-02	1.18250e-01
-1.89200e-03	-8.30760e-05	1.86347e-05	-1.04711e-05	-5.18304e-01	-2.07321e-01	4.13674e-01	2.03278e-02	1.18250e-01
-1.92301e-03	-8.44239e-05	1.89997e-05	-1.19895e-05	-5.16508e-01	-2.06603e-01	4.17126e-01	1.95551e-02	1.18250e-01
-1.95629e-03	-8.58689e-05	1.93995e-05	-1.26331e-05	-5.14655e-01	-2.05861e-01	4.20496e-01	1.87976e-02	1.18250e-01
-1.97889e-03	-8.68409e-05	1.97132e-05	-1.20334e-05	-5.12912e-01	-2.05164e-01	4.23786e-01	1.80554e-02	1.18250e-01
-1.99674e-03	-8.76053e-05	1.99730e-05	-1.08056e-05	-5.11096e-01	-2.04438e-01	4.26994e-01	1.73287e-02	1.18250e-01
-2.00487e-03	-8.79487e-05	2.01134e-05	-9.46479e-06	-5.09181e-01	-2.03672e-01	4.30120e-01	1.66178e-02	1.18250e-01
-2.00404e-03	-8.78989e-05	2.01636e-05	-8.35814e-06	-5.07287e-01	-2.02914e-01	4.33165e-01	1.59228e-02	1.18250e-01
-1.98500e-03	-8.70487e-05	2.00381e-05	-8.12833e-06	-5.05315e-01	-2.02125e-01	4.36130e-01	1.52439e-02	1.18250e-01
-1.91732e-03	-8.40633e-05	1.94301e-05	-9.44446e-06	-5.03467e-01	-2.01386e-01	4.39013e-01	1.45811e-02	1.18250e-01
-1.81620e-03	-7.96096e-05	1.84912e-05	-1.16698e-05	-5.02138e-01	-2.00855e-01	4.41815e-01	1.39347e-02	1.18250e-01
-1.74289e-03	-7.63823e-05	1.78048e-05	-1.27004e-05	-5.01089e-01	-2.00435e-01	4.44538e-01	1.33047e-02	1.18250e-01
-1.72269e-03	-7.54924e-05	1.76186e-05	-1.18956e-05	-4.99896e-01	-1.99958e-01	4.47180e-01	1.26912e-02	1.18250e-01
-1.73438e-03	-7.59950e-05	1.77788e-05	-1.13510e-05	-4.98486e-01	-1.99394e-01	4.49743e-01	1.20943e-02	1.18250e-01
-1.74685e-03	-7.65240e-05	1.79816e-05	-1.22534e-05	-4.96896e-01	-1.98758e-01	4.52227e-01	1.15140e-02	1.18250e-01
-1.73172e-03	-7.58456e-05	1.78929e-05	-1.32655e-05	-4.95261e-01	-1.98104e-01	4.54632e-01	1.09504e-02	1.18250e-01
-1.68097e-03	-7.36118e-05	1.74157e-05	-1.36165e-05	-4.93873e-01	-1.97549e-01	4.56959e-01	1.04036e-02	1.18250e-01
-1.62077e-03	-7.09618e-05	1.68484e-05	-1.40257e-05	-4.92873e-01	-1.97149e-01	4.59209e-01	9.87340e-03	1.18250e-01
-1.58365e-03	-6.93256e-05	1.65103e-05	-1.46035e-05	-4.92036e-01	-1.96814e-01	4.61382e-01	9.35992e-03	1.18250e-01
-1.57180e-03	-6.88013e-05	1.64091e-05	-1.46399e-05	-4.91139e-01	-1.96455e-01	4.63479e-01	8.86309e-03	1.18250e-01
-1.56398e-03	-6.84523e-05	1.63559e-05	-1.41697e-05	-4.90272e-01	-1.96108e-01	4.65501e-01	8.38286e-03	1.18250e-01
-1.54754e-03	-6.77209e-05	1.62342e-05	-1.43846e-05	-4.89487e-01	-1.95794e-01	4.67448e-01	7.91915e-03	1.18250e-01
-1.52698e-03	-6.68064e-05	1.60790e-05	-1.58682e-05	-4.88711e-01	-1.95484e-01	4.69322e-01	7.47187e-03	1.18250e-01
-1.51821e-03	-6.64112e-05	1.60339e-05	-1.69999e-05	-4.87929e-01	-1.95171e-01	4.71124e-01	7.04091e-03	1.18250e-01
-1.53306e-03	-6.70606e-05	1.61918e-05	-1.62589e-05	-4.87050e-01	-1.94819e-01	4.72854e-01	6.62613e-03	1.18250e-01
-1.56097e-03	-6.82755e-05	1.65115e-05	-1.48354e-05	-4.85977e-01	-1.94390e-01	4.74514e-01	6.22737e-03	1.18250e-01
-1.57361e-03	-6.88097e-05	1.67230e-05	-1.43557e-05	-4.84758e-01	-1.93902e-01	4.76105e-01	5.84447e-03	1.18250e-01
-1.55635e-03	-6.80486e-05	1.65652e-05	-1.44838e-05	-4.83520e-01	-1.93408e-01	4.77627e-01	5.47722e-03	1.18250e-01
-1.52402e-03	-6.66368e-05	1.62139e-05	-1.43566e-05	-4.82373e-01	-1.92949e-01	4.79083e-01	5.12542e-03	1.18250e-01
-1.48328e-03	-6.48461e-05	1.58185e-05	-1.37073e-05	-4.81396e-01	-1.92558e-01	4.80474e-01	4.78881e-03	1.18250e-01
-1.41629e-03	-6.19055e-05	1.51546e-05	-1.26148e-05	-4.80641e-01	-1.92256e-01	4.81801e-01	4.46716e-03	1.18250e-01
-1.32473e-03	-5.78946e-05	1.42091e-05	-1.15450e-05	-4.80079e-01	-1.92031e-01	4.83065e-01	4.16016e-03	1.18250e-01
-1.23846e-03	-5.41224e-05	1.32917e-05	-1.10906e-05	-4.79646e-01	-1.91858e-01	4.84268e-01	3.86754e-03	1.18250e-01
-1.18126e-03	-5.16205e-05	1.26873e-05	-1.14560e-05	-4.79337e-01	-1.91734e-01	4.85412e-01	3.58896e-03	1.18250e-01
-1.16040e-03	-5.06992e-05	1.25036e-05	-1.23817e-05	-4.79140e-01	-1.91656e-01	4.86497e-01	3.32407e-03	1.18250e-01
-1.16192e-03	-5.07590e-05	1.25461e-05	-1.33258e-05	-4.78869e-01	-1.91547e-01	4.87527e-01	3.07253e-03	1.18250e-01
-1.16098e-03	-5.07142e-05	1.25519e-05	-1.38731e-05	-4.78492e-01	-1.91396e-01	4.88503e-01	2.83394e-03	1.18250e-01
-1.16404e-03	-5.08360e-05	1.26324e-05	-1.37811e-05	-4.78206e-01	-1.91282e-01	4.89426e-01	2.60789e-03	1.18250e-01
-1.19538e-03	-5.22120e-05	1.29426e-05	-1.31231e-05	-4.77790e-01	-1.91116e-01	4.90299e-01	2.39396e-03	1.18250e-01
-1.23462e-03	-5.39539e-05	1.32531e-05	-1.24480e-05	-4.77226e-01	-1.90890e-01	4.91123e-01	2.19169e-03	1.18250e-01
-1.25281e-03	-5.47376e-05	1.34948e-05	-1.20596e-05	-4.76732e-01	-1.90692e-01	4.91901e-01	2.00063e-03	1.18250e-01
-1.25265e-03	-5.47165e-05	1.35504e-05	-1.17293e-05	-4.76196e-01	-1.90478e-01	4.92635e-01	1.82026e-03	1.18250e-01
-1.23299e-03	-5.38694e-05	1.32909e-05	-1.13067e-05	-4.75743e-01	-1.90297e-01	4.93326e-01	1.65009e-03	1.18250e-01
-1.19490e-03	-5.21643e-05	1.30457e-05	-1.06769e-05	-4.75323e-01	-1.90129e-01	4.93978e-01	1.48957e-03	1.18250e-01
-1.16310e-03	-5.07713e-05	1.27182e-05	-9.73166e-06	-4.75029e-01	-1.90011e-01	4.94592e-01	1.33816e-03	1.18250e-01
-1.13637e-03	-4.95877e-05	1.24937e-05	-8.71686e-06	-4.74683e-01	-1.89873e-01	4.95171e-01	1.19527e-03	1.18250e-01
-1.08799e-03	-4.75087e-05	1.18318e-05	-7.83798e-06	-4.74208e-01	-1.89683e-01	4.95718e-01	1.06031e-03	1.18250e-01
-1.02083e-03	-4.45530e-05	1.11943e-05	-6.87629e-06	-4.74107e-01	-1.89642e-01	4.96235e-01	9.32652e-04	1.18250e-01
-9.37871e-04	-4.09239e-05	1.03185e-05	-5.71679e-06	-4.73553e-01	-1.89421e-01	4.96724e-01	8.11664e-04	1.18250e-01
-8.43169e-04	-3.68276e-05	9.13060e-06	-4.54510e-06	-4.73653e-01	-1.89461e-01	4.97189e-01	6.96683e-04	1.18250e-01
-7.43451e-04	-3.23725e-05	8.45333e-06	-3.45213e-06	-4.73290e-01	-1.89316e-01	4.97632e-01	5.87026e-04	1.18250e-01
-6.10296e-04	-2.66961e-05	6.44824e-06	-2.64243e-06	-4.73166e-01	-1.89266e-01	4.98056e-01	4.81990e-04	1.18250e-01
-5.20195e-04	-2.24893e-05	6.56790e-06	-2.17370e-06	-4.73796e-01	-1.89518e-01	4.98465e-01	3.80850e-04	1.18250e-01
-3.74708e-04	-1.63700e-05	4.04309e-06	-1.81342e-06	-4.72751e-01	-1.89100e-01	4.98860e-01	2.82862e-04	1.18250e-01
-3.74980e-04	-1.61783e-05	4.86644e-06	-2.40191e-06	-4.76735e-01	-1.90694e-01	4.99246e-01	1.87257e-04	1.18250e-01
-5.68113e-04	-2.31539e-05	1.28402e-05	-3.72267e-06	-4.76805e-01	-1.90722e-01	4.99624e-01	9.32472e-05	1.18250e-01
-4.76993e-04	-2.96788e-05	-3.04440e-05	-3.25469e-06	-4.81728e-01	-1.92691e-01	5.00000e-01	0.00000e+00	1.18250e-01
