"Density"	"Momentum:0"	"Momentum:1"	"Momentum:2"	"StagnationEnergy"	"Pressure"	"Points:0"	"Points:1"	"Points:2"
1.79156e-02	-6.05085e-04	9.01785e-04	5.92262e-04	-2.13841e-01	-8.55536e-02	-5.12135e-01	0.00000e+00	-1.65000e-02
6.80717e-04	1.17846e-04	2.88014e-05	1.71594e-04	-4.89845e-01	-1.95951e-01	-5.12083e-01	2.24940e-03	-1.65000e-02
5.39089e-03	1.34968e-04	2.59921e-04	1.99790e-04	-3.89234e-01	-1.55698e-01	-5.11926e-01	4.49388e-03	-1.65000e-02
1.23172e-02	1.79918e-04	6.00074e-04	2.24141e-04	-4.58709e-01	-1.83491e-01	-5.11662e-01	6.72842e-03	-1.65000e-02
1.47598e-02	2.53708e-04	7.06144e-04	2.11106e-04	-4.73743e-01	-1.89505e-01	-5.11293e-01	8.94798e-03	-1.65000e-02
1.76371e-02	2.90896e-04	8.39265e-04	2.07995e-04	-5.34032e-01	-2.13622e-01	-5.10820e-01	1.11477e-02	-1.65000e-02
1.98819e-02	3.64046e-04	9.29720e-04	1.84242e-04	-6.17905e-01	-2.47172e-01	-5.10245e-01	1.33230e-02	-1.65000e-02
2.11769e-02	4.07522e-04	9.77194e-04	1.68769e-04	-6.73045e-01	-2.69229e-01	-5.09571e-01	1.54696e-02	-1.65000e-02
2.21732e-02	4.58446e-04	1.00507e-03	1.45473e-04	-7.62591e-01	-3.05047e-01	-5.08801e-01	1.75838e-02	-1.65000e-02
2.25733e-02	4.97419e-04	1.00444e-03	1.26845e-04	-8.24801e-01	-3.29932e-01	-5.07985e-01	1.95610e-02	-1.65000e-02
2.27121e-02	5.25739e-04	9.93686e-04	1.12114e-04	-8.85143e-01	-3.54068e-01	-5.07164e-01	2.13475e-02	-1.65000e-02
2.26324e-02	5.51446e-04	9.71529e-04	9.77613e-05	-9.41593e-01	-3.76648e-01	-5.06338e-01	2.29951e-02	-1.65000e-02
2.24126e-02	5.67955e-04	9.45786e-04	8.86117e-05	-9.84313e-01	-3.93736e-01	-5.05501e-01	2.45380e-02	-1.65000e-02
2.21146e-02	5.83089e-04	9.15884e-04	7.92437e-05	-1.02957e+00	-4.11838e-01	-5.04652e-01	2.60003e-02	-1.65000e-02
2.17194e-02	5.92519e-04	8.83350e-04	7.29581e-05	-1.06538e+00	-4.26164e-01	-5.03787e-01	2.73997e-02	-1.65000e-02
2.13019e-02	5.99969e-04	8.50335e-04	6.77513e-05	-1.09956e+00	-4.39835e-01	-5.02902e-01	2.87497e-02	-1.65000e-02
2.08336e-02	6.04502e-04	8.15868e-04	6.36824e-05	-1.13067e+00	-4.52277e-01	-5.01997e-01	3.00608e-02	-1.65000e-02
2.03436e-02	6.06574e-04	7.81439e-04	6.11748e-05	-1.15730e+00	-4.62930e-01	-5.01066e-01	3.13414e-02	-1.65000e-02
1.98238e-02	6.06447e-04	7.46490e-04	5.92568e-05	-1.18287e+00	-4.73157e-01	-5.00109e-01	3.25981e-02	-1.65000e-02
1.92966e-02	6.04724e-04	7.11985e-04	5.83862e-05	-1.20517e+00	-4.82077e-01	-4.99121e-01	3.38364e-02	-1.65000e-02
1.87489e-02	6.00972e-04	6.77525e-04	5.81631e-05	-1.22528e+00	-4.90122e-01	-4.98102e-01	3.50608e-02	-1.65000e-02
1.81941e-02	5.95768e-04	6.43550e-04	5.84761e-05	-1.24376e+00	-4.97514e-01	-4.97047e-01	3.62748e-02	-1.65000e-02
1.76436e-02	5.89503e-04	6.10510e-04	5.95014e-05	-1.25977e+00	-5.03918e-01	-4.95955e-01	3.74815e-02	-1.65000e-02
1.70896e-02	5.81974e-04	5.78146e-04	6.08824e-05	-1.27439e+00	-5.09763e-01	-4.94824e-01	3.86834e-02	-1.65000e-02
1.65328e-02	5.73239e-04	5.46507e-04	6.25946e-05	-1.28708e+00	-5.14840e-01	-4.93650e-01	3.98825e-02	-1.65000e-02
1.59876e-02	5.63814e-04	5.16113e-04	6.43917e-05	-1.29817e+00	-5.19275e-01	-4.92433e-01	4.10803e-02	-1.65000e-02
1.54515e-02	5.53668e-04	4.86891e-04	6.61253e-05	-1.30783e+00	-5.23140e-01	-4.91169e-01	4.22782e-02	-1.65000e-02
1.49294e-02	5.43062e-04	4.58958e-04	6.78211e-05	-1.31594e+00	-5.26384e-01	-4.89858e-01	4.34771e-02	-1.65000e-02
1.44287e-02	5.32327e-04	4.32525e-04	6.95277e-05	-1.32285e+00	-5.29145e-01	-4.88496e-01	4.46779e-02	-1.65000e-02
1.39476e-02	5.21487e-04	4.07476e-04	7.13189e-05	-1.32850e+00	-5.31406e-01	-4.87082e-01	4.58810e-02	-1.65000e-02
1.34872e-02	5.10624e-04	3.83842e-04	7.31345e-05	-1.33303e+00	-5.33220e-01	-4.85614e-01	4.70870e-02	-1.65000e-02
1.30416e-02	4.99575e-04	3.61429e-04	7.47595e-05	-1.33656e+00	-5.34631e-01	-4.84091e-01	4.82958e-02	-1.65000e-02
1.26152e-02	4.88568e-04	3.40330e-04	7.60145e-05	-1.33915e+00	-5.35664e-01	-4.82510e-01	4.95077e-02	-1.65000e-02
1.22192e-02	4.78074e-04	3.20823e-04	7.68546e-05	-1.34097e+00	-5.36394e-01	-4.80871e-01	5.07226e-02	-1.65000e-02
1.18564e-02	4.68291e-04	3.02911e-04	7.73751e-05	-1.34216e+00	-5.36870e-01	-4.79170e-01	5.19403e-02	-1.65000e-02
1.15304e-02	4.59453e-04	2.86578e-04	7.78006e-05	-1.34287e+00	-5.37152e-01	-4.77408e-01	5.31606e-02	-1.65000e-02
1.12453e-02	4.51815e-04	2.71798e-04	7.84217e-05	-1.34325e+00	-5.37305e-01	-4.75583e-01	5.43830e-02	-1.65000e-02
1.09917e-02	4.45099e-04	2.58221e-04	7.94329e-05	-1.34343e+00	-5.37378e-01	-4.73692e-01	5.56072e-02	-1.65000e-02
1.07660e-02	4.39228e-04	2.45652e-04	8.09651e-05	-1.34356e+00	-5.37429e-01	-4.71736e-01	5.68328e-02	-1.65000e-02
1.05583e-02	4.33859e-04	2.33762e-04	8.29833e-05	-1.34376e+00	-5.37508e-01	-4.69712e-01	5.80591e-02	-1.65000e-02
1.03782e-02	4.29431e-04	2.22713e-04	8.55845e-05	-1.34417e+00	-5.37673e-01	-4.67620e-01	5.92856e-02	-1.65000e-02
1.02249e-02	4.25920e-04	2.12446e-04	8.88594e-05	-1.34492e+00	-5.37973e-01	-4.65458e-01	6.05116e-02	-1.65000e-02
1.00938e-02	4.23178e-04	2.02792e-04	9.28946e-05	-1.34608e+00	-5.38435e-01	-4.63226e-01	6.17365e-02	-1.65000e-02
9.98536e-03	4.21256e-04	1.93697e-04	9.78163e-05	-1.34769e+00	-5.39079e-01	-4.60921e-01	6.29596e-02	-1.65000e-02
9.88747e-03	4.19651e-04	1.84901e-04	1.03577e-04	-1.34977e+00	-5.39913e-01	-4.58545e-01	6.41802e-02	-1.65000e-02
9.78992e-03	4.17921e-04	1.76233e-04	1.10038e-04	-1.35228e+00	-5.40916e-01	-4.56095e-01	6.53974e-02	-1.65000e-02
9.68157e-03	4.15585e-04	1.67517e-04	1.16925e-04	-1.35511e+00	-5.42047e-01	-4.53570e-01	6.66105e-02	-1.65000e-02
9.55232e-03	4.12190e-04	1.58639e-04	1.23863e-04	-1.35820e+00	-5.43285e-01	-4.50971e-01	6.78188e-02	-1.65000e-02
9.39576e-03	4.07428e-04	1.49590e-04	1.30497e-04	-1.36146e+00	-5.44589e-01	-4.48296e-01	6.90214e-02	-1.65000e-02
9.21220e-03	4.01299e-04	1.40449e-04	1.36572e-04	-1.36480e+00	-5.45923e-01	-4.45545e-01	7.02175e-02	-1.65000e-02
9.00324e-03	3.93854e-04	1.31321e-04	1.41927e-04	-1.36809e+00	-5.47238e-01	-4.42717e-01	7.14062e-02	-1.65000e-02
8.77100e-03	3.85193e-04	1.22267e-04	1.46523e-04	-1.37110e+00	-5.48445e-01	-4.39811e-01	7.25868e-02	-1.65000e-02
8.51160e-03	3.75139e-04	1.13291e-04	1.49948e-04	-1.37377e+00	-5.49513e-01	-4.36828e-01	7.37584e-02	-1.65000e-02
8.26056e-03	3.65191e-04	1.05087e-04	1.51906e-04	-1.37575e+00	-5.50304e-01	-4.33766e-01	7.49201e-02	-1.65000e-02
8.08940e-03	3.58513e-04	9.85930e-05	1.53236e-04	-1.37713e+00	-5.50855e-01	-4.30626e-01	7.60712e-02	-1.65000e-02
8.03348e-03	3.56775e-04	9.39318e-05	1.56118e-04	-1.37889e+00	-5.51561e-01	-4.27407e-01	7.72107e-02	-1.65000e-02
8.07832e-03	3.59594e-04	9.01295e-05	1.63574e-04	-1.38177e+00	-5.52712e-01	-4.24108e-01	7.83379e-02	-1.65000e-02
8.22518e-03	3.67245e-04	8.64134e-05	1.78765e-04	-1.38662e+00	-5.54651e-01	-4.20730e-01	7.94518e-02	-1.65000e-02
8.42487e-03	3.77529e-04	8.21119e-05	2.02584e-04	-1.39486e+00	-5.57950e-01	-4.17273e-01	8.05517e-02	-1.65000e-02
8.48556e-03	3.81812e-04	7.53817e-05	2.30752e-04	-1.40784e+00	-5.63142e-01	-4.13736e-01	8.16368e-02	-1.65000e-02
8.32344e-03	3.75956e-04	6.67586e-05	2.55180e-04	-1.42100e+00	-5.68403e-01	-4.10119e-01	8.27062e-02	-1.65000e-02
8.26430e-03	3.74110e-04	6.09774e-05	2.71075e-04	-1.42578e+00	-5.70319e-01	-4.06422e-01	8.37591e-02	-1.65000e-02
8.59359e-03	3.89206e-04	6.01694e-05	2.86297e-04	-1.42385e+00	-5.69545e-01	-4.02645e-01	8.47947e-02	-1.65000e-02
9.11582e-03	4.13169e-04	5.99452e-05	3.14419e-04	-1.41937e+00	-5.67755e-01	-3.98789e-01	8.58123e-02	-1.65000e-02
9.56659e-03	4.34537e-04	5.63066e-05	3.54556e-04	-1.41398e+00	-5.65597e-01	-3.94854e-01	8.68111e-02	-1.65000e-02
9.64099e-03	4.39136e-04	4.86516e-05	3.95687e-04	-1.41854e+00	-5.67424e-01	-3.90839e-01	8.77903e-02	-1.65000e-02
9.14859e-03	4.18278e-04	3.62913e-05	4.34336e-04	-1.42864e+00	-5.71463e-01	-3.86745e-01	8.87491e-02	-1.65000e-02
8.60361e-03	3.94872e-04	2.41355e-05	4.75719e-04	-1.42028e+00	-5.68121e-01	-3.82572e-01	8.96869e-02	-1.65000e-02
8.53806e-03	3.92403e-04	1.79610e-05	5.06421e-04	-1.38935e+00	-5.55751e-01	-3.78321e-01	9.06029e-02	-1.65000e-02
8.90493e-03	4.08219e-04	2.01463e-05	5.03054e-04	-1.34408e+00	-5.37642e-01	-3.73991e-01	9.14965e-02	-1.65000e-02
9.48468e-03	4.33240e-04	2.56792e-05	4.81214e-04	-1.29012e+00	-5.16057e-01	-3.69584e-01	9.23670e-02	-1.65000e-02
9.73268e-03	4.43787e-04	2.69473e-05	4.69230e-04	-1.23852e+00	-4.95415e-01	-3.65099e-01	9.32137e-02	-1.65000e-02
9.24726e-03	4.21525e-04	2.30037e-05	4.47045e-04	-1.18984e+00	-4.75942e-01	-3.60538e-01	9.40360e-02	-1.65000e-02
8.58838e-03	3.90873e-04	2.19347e-05	3.91344e-04	-1.13851e+00	-4.55412e-01	-3.55900e-01	9.48332e-02	-1.65000e-02
8.03073e-03	3.64503e-04	2.39107e-05	3.23620e-04	-1.08936e+00	-4.35750e-01	-3.51187e-01	9.56049e-02	-1.65000e-02
7.03028e-03	3.18723e-04	2.11594e-05	2.63807e-04	-1.04304e+00	-4.17222e-01	-3.46398e-01	9.63503e-02	-1.65000e-02
5.90595e-03	2.67641e-04	1.67513e-05	2.15314e-04	-9.99588e-01	-3.99839e-01	-3.41535e-01	9.70691e-02	-1.65000e-02
5.45919e-03	2.46937e-04	1.72068e-05	1.72137e-04	-9.61565e-01	-3.84630e-01	-3.36598e-01	9.77606e-02	-1.65000e-02
5.30900e-03	2.39483e-04	2.04220e-05	1.22335e-04	-9.27334e-01	-3.70936e-01	-3.31588e-01	9.84244e-02	-1.65000e-02
4.78594e-03	2.15470e-04	2.08242e-05	6.79922e-05	-8.96555e-01	-3.58624e-01	-3.26505e-01	9.90600e-02	-1.65000e-02
4.01223e-03	1.80450e-04	1.84149e-05	3.16018e-05	-8.75341e-01	-3.50138e-01	-3.21351e-01	9.96669e-02	-1.65000e-02
3.36975e-03	1.51492e-04	1.55913e-05	1.85917e-05	-8.60366e-01	-3.44148e-01	-3.16126e-01	1.00245e-01	-1.65000e-02
3.01117e-03	1.35372e-04	1.35829e-05	9.78029e-06	-8.42693e-01	-3.37078e-01	-3.10831e-01	1.00793e-01	-1.65000e-02
2.90053e-03	1.30353e-04	1.32613e-05	-2.87149e-06	-8.22509e-01	-3.29005e-01	-3.05467e-01	1.01312e-01	-1.65000e-02
2.90838e-03	1.30714e-04	1.29925e-05	-1.15040e-05	-8.03722e-01	-3.21490e-01	-3.00036e-01	1.01800e-01	-1.65000e-02
2.96433e-03	1.33274e-04	1.24827e-05	-1.45264e-05	-7.91994e-01	-3.16799e-01	-2.94537e-01	1.02258e-01	-1.65000e-02
3.05337e-03	1.37366e-04	1.14817e-05	-1.16031e-05	-7.87096e-01	-3.14840e-01	-2.88971e-01	1.02685e-01	-1.65000e-02
3.21261e-03	1.44653e-04	1.00145e-05	1.81896e-06	-7.83202e-01	-3.13282e-01	-2.83341e-01	1.03082e-01	-1.65000e-02
3.43728e-03	1.54860e-04	8.84497e-06	1.45066e-05	-7.80997e-01	-3.12400e-01	-2.77647e-01	1.03447e-01	-1.65000e-02
3.60434e-03	1.62383e-04	8.81772e-06	9.62692e-06	-7.81871e-01	-3.12750e-01	-2.71889e-01	1.03780e-01	-1.65000e-02
3.74342e-03	1.68635e-04	8.93572e-06	-1.78967e-06	-7.81412e-01	-3.12567e-01	-2.66070e-01	1.04082e-01	-1.65000e-02
3.89479e-03	1.75486e-04	8.10492e-06	-2.82248e-06	-7.79606e-01	-3.11844e-01	-2.60190e-01	1.04352e-01	-1.65000e-02
3.94170e-03	1.77619e-04	7.15107e-06	-2.77201e-06	-7.81450e-01	-3.12581e-01	-2.54250e-01	1.04591e-01	-1.65000e-02
3.87130e-03	1.74444e-04	6.54009e-06	-7.83582e-06	-7.85046e-01	-3.14020e-01	-2.48252e-01	1.04797e-01	-1.65000e-02
3.72682e-03	1.67946e-04	5.31626e-06	-7.10471e-06	-7.87226e-01	-3.14892e-01	-2.42196e-01	1.04971e-01	-1.65000e-02
3.45465e-03	1.55698e-04	3.49974e-06	1.71123e-06	-7.90996e-01	-3.16400e-01	-2.36085e-01	1.05114e-01	-1.65000e-02
3.19010e-03	1.43781e-04	2.00440e-06	1.06811e-05	-7.93133e-01	-3.17255e-01	-2.29919e-01	1.05224e-01	-1.65000e-02
3.17479e-03	1.43087e-04	9.13966e-07	1.46345e-05	-7.89149e-01	-3.15661e-01	-2.23700e-01	1.05303e-01	-1.65000e-02
3.28379e-03	1.47988e-04	1.68157e-07	1.62563e-05	-7.84838e-01	-3.13936e-01	-2.17428e-01	1.05349e-01	-1.65000e-02
3.22570e-03	1.45355e-04	-7.70014e-07	1.95484e-05	-7.84024e-01	-3.13611e-01	-2.11106e-01	1.05364e-01	-1.65000e-02
3.11648e-03	1.40416e-04	-1.27775e-06	1.80205e-05	-7.83006e-01	-3.13204e-01	-2.04734e-01	1.05347e-01	-1.65000e-02
3.20899e-03	1.44571e-04	-1.37199e-06	5.85271e-06	-7.79541e-01	-3.11818e-01	-1.98314e-01	1.05298e-01	-1.65000e-02
3.37677e-03	1.52117e-04	-1.59566e-06	-8.56199e-06	-7.77541e-01	-3.11018e-01	-1.91848e-01	1.05218e-01	-1.65000e-02
3.36560e-03	1.51601e-04	-1.92637e-06	-1.60311e-05	-7.79483e-01	-3.11794e-01	-1.85336e-01	1.05106e-01	-1.65000e-02
3.29744e-03	1.48514e-04	-2.42267e-06	-1.81629e-05	-7.80725e-01	-3.12291e-01	-1.78781e-01	1.04964e-01	-1.65000e-02
3.32084e-03	1.49550e-04	-2.96975e-06	-2.00209e-05	-7.79316e-01	-3.11728e-01	-1.72184e-01	1.04791e-01	-1.65000e-02
3.19610e-03	1.43913e-04	-3.38615e-06	-2.43947e-05	-7.78252e-01	-3.11302e-01	-1.65545e-01	1.04587e-01	-1.65000e-02
2.77937e-03	1.25143e-04	-3.05607e-06	-3.32035e-05	-7.75898e-01	-3.10361e-01	-1.58868e-01	1.04353e-01	-1.65000e-02
2.34308e-03	1.05511e-04	-2.31228e-06	-4.60187e-05	-7.69522e-01	-3.07810e-01	-1.52152e-01	1.04089e-01	-1.65000e-02
2.11105e-03	9.50740e-05	-1.90705e-06	-5.77748e-05	-7.61266e-01	-3.04508e-01	-1.45400e-01	1.03795e-01	-1.65000e-02
1.98710e-03	8.94958e-05	-1.82463e-06	-6.39868e-05	-7.52696e-01	-3.01080e-01	-1.38614e-01	1.03472e-01	-1.65000e-02
1.82008e-03	8.19704e-05	-1.85476e-06	-6.67853e-05	-7.44382e-01	-2.97754e-01	-1.31794e-01	1.03120e-01	-1.65000e-02
1.62461e-03	7.31732e-05	-1.65533e-06	-6.84430e-05	-7.36599e-01	-2.94641e-01	-1.24943e-01	1.02739e-01	-1.65000e-02
1.56028e-03	7.02659e-05	-1.86532e-06	-6.84885e-05	-7.28239e-01	-2.91297e-01	-1.18062e-01	1.02330e-01	-1.65000e-02
1.69045e-03	7.60948e-05	-2.65399e-06	-6.83216e-05	-7.20765e-01	-2.88307e-01	-1.11152e-01	1.01894e-01	-1.65000e-02
1.87326e-03	8.42897e-05	-3.53797e-06	-6.85484e-05	-7.15086e-01	-2.86036e-01	-1.04216e-01	1.01430e-01	-1.65000e-02
1.92190e-03	8.64487e-05	-4.12597e-06	-6.75195e-05	-7.10536e-01	-2.84216e-01	-9.72543e-02	1.00940e-01	-1.65000e-02
1.69195e-03	7.61029e-05	-3.72642e-06	-6.74949e-05	-7.07639e-01	-2.83057e-01	-9.02692e-02	1.00422e-01	-1.65000e-02
1.25805e-03	5.66208e-05	-2.38457e-06	-7.09865e-05	-7.02399e-01	-2.80961e-01	-8.32622e-02	9.98795e-02	-1.65000e-02
8.75638e-04	3.94591e-05	-1.11048e-06	-7.53084e-05	-6.92693e-01	-2.77079e-01	-7.62350e-02	9.93111e-02	-1.65000e-02
5.53624e-04	2.50124e-05	5.74248e-10	-7.87851e-05	-6.83197e-01	-2.73281e-01	-6.91892e-02	9.87178e-02	-1.65000e-02
2.53516e-04	1.15623e-05	1.18655e-06	-8.08320e-05	-6.72235e-01	-2.68899e-01	-6.21265e-02	9.81001e-02	-1.65000e-02
2.09143e-04	9.55678e-06	1.11648e-06	-7.92640e-05	-6.57016e-01	-2.62813e-01	-5.50485e-02	9.74585e-02	-1.65000e-02
4.76694e-04	2.15432e-05	-1.10401e-07	-7.65911e-05	-6.43679e-01	-2.57474e-01	-4.79571e-02	9.67937e-02	-1.65000e-02
7.60252e-04	3.42371e-05	-1.49436e-06	-7.83565e-05	-6.35302e-01	-2.54123e-01	-4.08538e-02	9.61060e-02	-1.65000e-02
7.82236e-04	3.52112e-05	-1.74686e-06	-8.12448e-05	-6.29543e-01	-2.51819e-01	-3.37403e-02	9.53961e-02	-1.65000e-02
4.77934e-04	2.15693e-05	-5.59174e-07	-7.44234e-05	-6.23803e-01	-2.49524e-01	-2.66184e-02	9.46646e-02	-1.65000e-02
1.58801e-05	8.42903e-07	1.15992e-06	-5.73182e-05	-6.14896e-01	-2.46000e-01	-1.94897e-02	9.39120e-02	-1.65000e-02
-2.68714e-04	-1.19169e-05	2.27643e-06	-4.28478e-05	-6.02511e-01	-2.41003e-01	-1.23561e-02	9.31389e-02	-1.65000e-02
-2.35162e-04	-1.04297e-05	1.96422e-06	-3.81725e-05	-5.90646e-01	-2.36257e-01	-5.21906e-03	9.23459e-02	-1.65000e-02
-8.09635e-05	-3.53074e-06	1.19188e-06	-3.69504e-05	-5.81798e-01	-2.32716e-01	1.91956e-03	9.15336e-02	-1.65000e-02
1.32166e-05	6.63298e-07	5.46818e-07	-3.16557e-05	-5.74139e-01	-2.29671e-01	9.05806e-03	9.07025e-02	-1.65000e-02
5.13172e-06	2.85216e-07	4.37375e-07	-2.24151e-05	-5.67102e-01	-2.26860e-01	1.61947e-02	8.98534e-02	-1.65000e-02
-1.41759e-04	-6.28495e-06	1.16343e-06	-1.74217e-05	-5.61494e-01	-2.24597e-01	2.33279e-02	8.89867e-02	-1.65000e-02
-3.62574e-04	-1.61334e-05	2.48805e-06	-2.26872e-05	-5.55596e-01	-2.22238e-01	3.04558e-02	8.81030e-02	-1.65000e-02
-3.91735e-04	-1.74146e-05	2.80682e-06	-3.08443e-05	-5.47787e-01	-2.19114e-01	3.75767e-02	8.72031e-02	-1.65000e-02
-1.12457e-04	-4.94922e-06	1.18778e-06	-3.16292e-05	-5.40185e-01	-2.16072e-01	4.46890e-02	8.62874e-02	-1.65000e-02
2.22984e-04	1.00060e-05	-8.80688e-07	-2.61247e-05	-5.35614e-01	-2.14246e-01	5.17908e-02	8.53567e-02	-1.65000e-02
3.76375e-04	1.68276e-05	-1.95593e-06	-1.92131e-05	-5.33108e-01	-2.13243e-01	5.88806e-02	8.44115e-02	-1.65000e-02
4.11405e-04	1.83693e-05	-2.32183e-06	-1.03794e-05	-5.30970e-01	-2.12388e-01	6.59566e-02	8.34523e-02	-1.65000e-02
4.56134e-04	2.03429e-05	-2.74710e-06	-1.17296e-06	-5.29836e-01	-2.11935e-01	7.30171e-02	8.24799e-02	-1.65000e-02
4.65856e-04	2.07629e-05	-2.90245e-06	2.13700e-06	-5.30450e-01	-2.12180e-01	8.00604e-02	8.14949e-02	-1.65000e-02
3.49833e-04	1.55938e-05	-2.16621e-06	-8.97223e-07	-5.31808e-01	-2.12723e-01	8.70849e-02	8.04977e-02	-1.65000e-02
1.46421e-04	6.53228e-06	-8.68321e-07	-3.61708e-06	-5.32134e-01	-2.12854e-01	9.40888e-02	7.94891e-02	-1.65000e-02
-4.29716e-05	-1.90405e-06	3.43832e-07	-2.78249e-06	-5.31331e-01	-2.12532e-01	1.01071e-01	7.84696e-02	-1.65000e-02
-1.65564e-04	-7.36463e-06	1.12978e-06	-1.34739e-06	-5.30530e-01	-2.12212e-01	1.08028e-01	7.74399e-02	-1.65000e-02
-2.07412e-04	-9.22174e-06	1.44354e-06	-2.67331e-06	-5.30233e-01	-2.12093e-01	1.14961e-01	7.64005e-02	-1.65000e-02
-2.08449e-04	-9.26120e-06	1.49355e-06	-6.72773e-06	-5.30836e-01	-2.12334e-01	1.21866e-01	7.53520e-02	-1.65000e-02
-2.58333e-04	-1.14701e-05	1.89780e-06	-1.09021e-05	-5.32219e-01	-2.12887e-01	1.28742e-01	7.42950e-02	-1.65000e-02
-3.53089e-04	-1.56791e-05	2.58059e-06	-1.27038e-05	-5.32938e-01	-2.13175e-01	1.35588e-01	7.32302e-02	-1.65000e-02
-3.83214e-04	-1.70161e-05	2.80344e-06	-1.18572e-05	-5.32897e-01	-2.13159e-01	1.42402e-01	7.21579e-02	-1.65000e-02
-3.41672e-04	-1.51656e-05	2.53526e-06	-1.10620e-05	-5.33543e-01	-2.13417e-01	1.49182e-01	7.10790e-02	-1.65000e-02
-3.63081e-04	-1.61110e-05	2.72251e-06	-1.36085e-05	-5.34666e-01	-2.13866e-01	1.55927e-01	6.99939e-02	-1.65000e-02
-4.82410e-04	-2.13998e-05	3.65376e-06	-1.86147e-05	-5.34239e-01	-2.13695e-01	1.62635e-01	6.89032e-02	-1.65000e-02
-5.62365e-04	-2.49404e-05	4.29531e-06	-2.11692e-05	-5.31906e-01	-2.12762e-01	1.69305e-01	6.78074e-02	-1.65000e-02
-5.39937e-04	-2.39432e-05	4.13759e-06	-1.91139e-05	-5.30323e-01	-2.12129e-01	1.75935e-01	6.67072e-02	-1.65000e-02
-5.14048e-04	-2.27921e-05	3.95613e-06	-1.52061e-05	-5.30551e-01	-2.12220e-01	1.82523e-01	6.56030e-02	-1.65000e-02
-5.38629e-04	-2.38840e-05	4.13197e-06	-1.22280e-05	-5.30813e-01	-2.12325e-01	1.89069e-01	6.44955e-02	-1.65000e-02
-5.82645e-04	-2.58319e-05	4.49181e-06	-1.09588e-05	-5.30901e-01	-2.12360e-01	1.95570e-01	6.33851e-02	-1.65000e-02
-6.30113e-04	-2.79246e-05	4.92489e-06	-1.13953e-05	-5.30907e-01	-2.12363e-01	2.02025e-01	6.22725e-02	-1.65000e-02
-6.29130e-04	-2.78720e-05	4.96859e-06	-1.26887e-05	-5.29958e-01	-2.11983e-01	2.08433e-01	6.11581e-02	-1.65000e-02
-5.43379e-04	-2.40663e-05	4.32867e-06	-1.38204e-05	-5.29273e-01	-2.11709e-01	2.14792e-01	6.00425e-02	-1.65000e-02
-4.65115e-04	-2.05904e-05	3.75849e-06	-1.42923e-05	-5.30167e-01	-2.12067e-01	2.21101e-01	5.89263e-02	-1.65000e-02
-4.77121e-04	-2.11190e-05	3.87082e-06	-1.40188e-05	-5.31537e-01	-2.12614e-01	2.27358e-01	5.78098e-02	-1.65000e-02
-5.31951e-04	-2.35442e-05	4.32483e-06	-1.35534e-05	-5.32564e-01	-2.13025e-01	2.33562e-01	5.66938e-02	-1.65000e-02
-5.78588e-04	-2.56047e-05	4.72351e-06	-1.33751e-05	-5.33596e-01	-2.13438e-01	2.39711e-01	5.55786e-02	-1.65000e-02
-6.37360e-04	-2.81988e-05	5.23980e-06	-1.33923e-05	-5.34686e-01	-2.13874e-01	2.45805e-01	5.44648e-02	-1.65000e-02
-7.08719e-04	-3.13498e-05	5.85915e-06	-1.35618e-05	-5.35494e-01	-2.14197e-01	2.51842e-01	5.33529e-02	-1.65000e-02
-7.51836e-04	-3.32499e-05	6.25394e-06	-1.38741e-05	-5.36139e-01	-2.14455e-01	2.57821e-01	5.22434e-02	-1.65000e-02
-7.51201e-04	-3.32132e-05	6.29387e-06	-1.39727e-05	-5.36938e-01	-2.14775e-01	2.63740e-01	5.11367e-02	-1.65000e-02
-7.31515e-04	-3.23357e-05	6.16635e-06	-1.34774e-05	-5.37765e-01	-2.15106e-01	2.69598e-01	5.00335e-02	-1.65000e-02
-7.26455e-04	-3.21049e-05	6.16082e-06	-1.23176e-05	-5.38539e-01	-2.15415e-01	2.75394e-01	4.89340e-02	-1.65000e-02
-7.57382e-04	-3.34638e-05	6.46372e-06	-1.07569e-05	-5.39240e-01	-2.15696e-01	2.81127e-01	4.78390e-02	-1.65000e-02
-8.14296e-04	-3.59712e-05	6.98704e-06	-9.24714e-06	-5.39661e-01	-2.15864e-01	2.86796e-01	4.67487e-02	-1.65000e-02
-8.70027e-04	-3.84256e-05	7.50332e-06	-8.14874e-06	-5.39908e-01	-2.15963e-01	2.92399e-01	4.56637e-02	-1.65000e-02
-9.17450e-04	-4.05118e-05	7.95470e-06	-7.48940e-06	-5.40214e-01	-2.16085e-01	2.97935e-01	4.45844e-02	-1.65000e-02
-9.58718e-04	-4.23244e-05	8.36185e-06	-6.92359e-06	-5.40505e-01	-2.16202e-01	3.03404e-01	4.35114e-02	-1.65000e-02
-9.86002e-04	-4.35189e-05	8.64961e-06	-5.98208e-06	-5.40770e-01	-2.16308e-01	3.08803e-01	4.24450e-02	-1.65000e-02
-1.00299e-03	-4.42588e-05	8.84852e-06	-4.62690e-06	-5.41097e-01	-2.16438e-01	3.14134e-01	4.13857e-02	-1.65000e-02
-1.03064e-03	-4.54689e-05	9.14172e-06	-3.52155e-06	-5.41369e-01	-2.16547e-01	3.19393e-01	4.03339e-02	-1.65000e-02
-1.07467e-03	-4.74008e-05	9.58626e-06	-3.36162e-06	-5.41477e-01	-2.16590e-01	3.24581e-01	3.92901e-02	-1.65000e-02
-1.12010e-03	-4.93922e-05	1.00512e-05	-4.12686e-06	-5.41502e-01	-2.16601e-01	3.29696e-01	3.82547e-02	-1.65000e-02
-1.15786e-03	-5.10451e-05	1.04497e-05	-5.04468e-06	-5.41575e-01	-2.16630e-01	3.34737e-01	3.72281e-02	-1.65000e-02
-1.20083e-03	-5.29270e-05	1.08983e-05	-5.04892e-06	-5.41692e-01	-2.16676e-01	3.39704e-01	3.62108e-02	-1.65000e-02
-1.26376e-03	-5.56884e-05	1.15280e-05	-3.64213e-06	-5.41683e-01	-2.16673e-01	3.44596e-01	3.52032e-02	-1.65000e-02
-1.34106e-03	-5.90827e-05	1.22922e-05	-1.75175e-06	-5.41431e-01	-2.16572e-01	3.49412e-01	3.42055e-02	-1.65000e-02
-1.41314e-03	-6.22443e-05	1.30202e-05	-1.00202e-06	-5.40965e-01	-2.16385e-01	3.54151e-01	3.32184e-02	-1.65000e-02
-1.46921e-03	-6.46978e-05	1.36121e-05	-1.72661e-06	-5.40391e-01	-2.16156e-01	3.58813e-01	3.22420e-02	-1.65000e-02
-1.50984e-03	-6.64712e-05	1.40652e-05	-2.60577e-06	-5.39751e-01	-2.15900e-01	3.63397e-01	3.12769e-02	-1.65000e-02
-1.54059e-03	-6.78098e-05	1.44226e-05	-2.51158e-06	-5.39036e-01	-2.15614e-01	3.67902e-01	3.03233e-02	-1.65000e-02
-1.56825e-03	-6.90119e-05	1.47543e-05	-1.73414e-06	-5.38304e-01	-2.15321e-01	3.72327e-01	2.93817e-02	-1.65000e-02
-1.59427e-03	-7.01408e-05	1.50728e-05	-1.19231e-06	-5.37562e-01	-2.15024e-01	3.76673e-01	2.84525e-02	-1.65000e-02
-1.61747e-03	-7.11473e-05	1.53585e-05	-1.16195e-06	-5.36848e-01	-2.14739e-01	3.80938e-01	2.75358e-02	-1.65000e-02
-1.64692e-03	-7.24282e-05	1.57052e-05	-1.10587e-06	-5.36199e-01	-2.14479e-01	3.85122e-01	2.66321e-02	-1.65000e-02
-1.68561e-03	-7.41142e-05	1.61452e-05	-5.38560e-07	-5.35374e-01	-2.14149e-01	3.89225e-01	2.57418e-02	-1.65000e-02
-1.71500e-03	-7.53903e-05	1.65002e-05	3.37786e-07	-5.34198e-01	-2.13678e-01	3.93246e-01	2.48650e-02	-1.65000e-02
-1.71806e-03	-7.55085e-05	1.66057e-05	1.02290e-06	-5.32856e-01	-2.13142e-01	3.97185e-01	2.40022e-02	-1.65000e-02
-1.70506e-03	-7.49196e-05	1.65591e-05	1.47122e-06	-5.31554e-01	-2.12621e-01	4.01042e-01	2.31536e-02	-1.65000e-02
-1.70113e-03	-7.47297e-05	1.65981e-05	2.02208e-06	-5.30347e-01	-2.12138e-01	4.04816e-01	2.23195e-02	-1.65000e-02
-1.71777e-03	-7.54468e-05	1.68236e-05	2.69607e-06	-5.29189e-01	-2.11675e-01	4.08507e-01	2.15001e-02	-1.65000e-02
-1.74839e-03	-7.67793e-05	1.71796e-05	3.18541e-06	-5.28029e-01	-2.11211e-01	4.12115e-01	2.06958e-02	-1.65000e-02
-1.78461e-03	-7.83552e-05	1.75995e-05	3.50329e-06	-5.26845e-01	-2.10737e-01	4.15640e-01	1.99068e-02	-1.65000e-02
-1.82629e-03	-8.01699e-05	1.80784e-05	4.05181e-06	-5.25542e-01	-2.10216e-01	4.19082e-01	1.91332e-02	-1.65000e-02
-1.86716e-03	-8.19481e-05	1.85534e-05	5.03683e-06	-5.24022e-01	-2.09608e-01	4.22440e-01	1.83754e-02	-1.65000e-02
-1.88828e-03	-8.28561e-05	1.88470e-05	6.06740e-06	-5.22432e-01	-2.08972e-01	4.25715e-01	1.76335e-02	-1.65000e-02
-1.88798e-03	-8.28257e-05	1.89206e-05	6.38688e-06	-5.20981e-01	-2.08392e-01	4.28906e-01	1.69077e-02	-1.65000e-02
-1.88763e-03	-8.27965e-05	1.89774e-05	5.72845e-06	-5.19536e-01	-2.07814e-01	4.32015e-01	1.61981e-02	-1.65000e-02
-1.89275e-03	-8.30100e-05	1.90771e-05	4.84499e-06	-5.17873e-01	-2.07148e-01	4.35040e-01	1.55050e-02	-1.65000e-02
-1.88913e-03	-8.28341e-05	1.91139e-05	4.82345e-06	-5.16190e-01	-2.06475e-01	4.37983e-01	1.48285e-02	-1.65000e-02
-1.87384e-03	-8.21477e-05	1.90293e-05	5.82069e-06	-5.14703e-01	-2.05880e-01	4.40843e-01	1.41687e-02	-1.65000e-02
-1.86311e-03	-8.16629e-05	1.89813e-05	6.68293e-06	-5.13331e-01	-2.05332e-01	4.43621e-01	1.35257e-02	-1.65000e-02
-1.86547e-03	-8.17520e-05	1.90675e-05	6.37540e-06	-5.11912e-01	-2.04764e-01	4.46317e-01	1.28997e-02	-1.65000e-02
-1.87084e-03	-8.19750e-05	1.91755e-05	5.50570e-06	-5.10349e-01	-2.04139e-01	4.48932e-01	1.22906e-02	-1.65000e-02
-1.87909e-03	-8.23258e-05	1.93055e-05	5.22799e-06	-5.08682e-01	-2.03472e-01	4.51465e-01	1.16985e-02	-1.65000e-02
-1.89719e-03	-8.31069e-05	1.95411e-05	5.62830e-06	-5.06957e-01	-2.02782e-01	4.53919e-01	1.11236e-02	-1.65000e-02
-1.91385e-03	-8.38229e-05	1.97713e-05	6.33603e-06	-5.05242e-01	-2.02096e-01	4.56292e-01	1.05657e-02	-1.65000e-02
-1.92304e-03	-8.42108e-05	1.99294e-05	7.28574e-06	-5.03652e-01	-2.01460e-01	4.58586e-01	1.00250e-02	-1.65000e-02
-1.94730e-03	-8.52607e-05	2.02327e-05	8.43418e-06	-5.02053e-01	-2.00821e-01	4.60802e-01	9.50131e-03	-1.65000e-02
-1.98663e-03	-8.69698e-05	2.06951e-05	9.60718e-06	-5.00280e-01	-2.00111e-01	4.62940e-01	8.99470e-03	-1.65000e-02
-2.00388e-03	-8.77074e-05	2.09490e-05	1.05111e-05	-4.98558e-01	-1.99422e-01	4.65001e-01	8.50509e-03	-1.65000e-02
-1.98919e-03	-8.70489e-05	2.08606e-05	1.09722e-05	-4.97101e-01	-1.98840e-01	4.66986e-01	8.03240e-03	-1.65000e-02
-1.97452e-03	-8.64020e-05	2.07266e-05	1.12949e-05	-4.95757e-01	-1.98302e-01	4.68896e-01	7.57654e-03	-1.65000e-02
-1.97789e-03	-8.65458e-05	2.07782e-05	1.17984e-05	-4.94312e-01	-1.97724e-01	4.70731e-01	7.13738e-03	-1.65000e-02
-1.97572e-03	-8.64370e-05	2.08124e-05	1.22595e-05	-4.92840e-01	-1.97135e-01	4.72494e-01	6.71480e-03	-1.65000e-02
-1.94867e-03	-8.52353e-05	2.06040e-05	1.22211e-05	-4.91476e-01	-1.96589e-01	4.74184e-01	6.30863e-03	-1.65000e-02
-1.90443e-03	-8.32875e-05	2.01887e-05	1.15096e-05	-4.90121e-01	-1.96047e-01	4.75804e-01	5.91869e-03	-1.65000e-02
-1.84571e-03	-8.07158e-05	1.95806e-05	1.02364e-05	-4.88731e-01	-1.95492e-01	4.77354e-01	5.54479e-03	-1.65000e-02
-1.76957e-03	-7.73818e-05	1.87905e-05	8.50516e-06	-4.87476e-01	-1.94989e-01	4.78835e-01	5.18671e-03	-1.65000e-02
-1.68536e-03	-7.36883e-05	1.79428e-05	6.36867e-06	-4.86448e-01	-1.94578e-01	4.80250e-01	4.84419e-03	-1.65000e-02
-1.60709e-03	-7.02571e-05	1.71465e-05	3.93178e-06	-4.85600e-01	-1.94239e-01	4.81599e-01	4.51699e-03	-1.65000e-02
-1.53917e-03	-6.72851e-05	1.64328e-05	1.46963e-06	-4.84842e-01	-1.93936e-01	4.82885e-01	4.20480e-03	-1.65000e-02
-1.48091e-03	-6.47324e-05	1.58338e-05	-6.09602e-07	-4.84112e-01	-1.93644e-01	4.84107e-01	3.90733e-03	-1.65000e-02
-1.42741e-03	-6.23807e-05	1.53165e-05	-2.10946e-06	-4.83384e-01	-1.93353e-01	4.85269e-01	3.62424e-03	-1.65000e-02
-1.37501e-03	-6.00835e-05	1.47829e-05	-3.16172e-06	-4.82673e-01	-1.93069e-01	4.86372e-01	3.35518e-03	-1.65000e-02
-1.32576e-03	-5.79346e-05	1.42408e-05	-3.98831e-06	-4.82021e-01	-1.92808e-01	4.87418e-01	3.09979e-03	-1.65000e-02
-1.27785e-03	-5.58469e-05	1.37026e-05	-4.68626e-06	-4.81440e-01	-1.92575e-01	4.88408e-01	2.85766e-03	-1.65000e-02
-1.22620e-03	-5.35886e-05	1.31530e-05	-5.21650e-06	-4.80994e-01	-1.92397e-01	4.89344e-01	2.62838e-03	-1.65000e-02
-1.16898e-03	-5.10747e-05	1.25921e-05	-5.56492e-06	-4.80638e-01	-1.92255e-01	4.90228e-01	2.41150e-03	-1.65000e-02
-1.11308e-03	-4.86229e-05	1.20291e-05	-5.82171e-06	-4.80365e-01	-1.92146e-01	4.91063e-01	2.20658e-03	-1.65000e-02
-1.06505e-03	-4.65190e-05	1.15327e-05	-6.07719e-06	-4.80134e-01	-1.92053e-01	4.91851e-01	2.01313e-03	-1.65000e-02
-1.02348e-03	-4.46998e-05	1.10978e-05	-6.36193e-06	-4.79847e-01	-1.91939e-01	4.92593e-01	1.83064e-03	-1.65000e-02
-9.86904e-04	-4.31085e-05	1.06757e-05	-6.67851e-06	-4.79666e-01	-1.91866e-01	4.93292e-01	1.65859e-03	-1.65000e-02
-9.52199e-04	-4.15727e-05	1.03807e-05	-7.02325e-06	-4.79369e-01	-1.91747e-01	4.93950e-01	1.49643e-03	-1.65000e-02
-9.20342e-04	-4.02054e-05	9.93796e-06	-7.39024e-06	-4.79130e-01	-1.91651e-01	4.94570e-01	1.34359e-03	-1.65000e-02
-8.86660e-04	-3.87058e-05	9.68860e-06	-7.72834e-06	-4.78882e-01	-1.91552e-01	4.95154e-01	1.19949e-03	-1.65000e-02
-8.41247e-04	-3.67482e-05	9.09134e-06	-7.97199e-06	-4.78469e-01	-1.91387e-01	4.95705e-01	1.06350e-03	-1.65000e-02
-7.87172e-04	-3.43675e-05	8.58207e-06	-8.11732e-06	-4.78421e-01	-1.91368e-01	4.96225e-01	9.34998e-04	-1.65000e-02
-7.17623e-04	-3.13200e-05	7.86857e-06	-8.20004e-06	-4.77862e-01	-1.91144e-01	4.96718e-01	8.13326e-04	-1.65000e-02
-6.34723e-04	-2.77424e-05	6.79578e-06	-8.27464e-06	-4.77978e-01	-1.91191e-01	4.97185e-01	6.97806e-04	-1.65000e-02
-5.51803e-04	-2.40132e-05	6.33185e-06	-8.32495e-06	-4.77613e-01	-1.91045e-01	4.97629e-01	5.87740e-04	-1.65000e-02
-4.37733e-04	-1.91860e-05	4.46995e-06	-8.45313e-06	-4.77454e-01	-1.90981e-01	4.98055e-01	4.82408e-04	-1.65000e-02
-3.75612e-04	-1.61759e-05	4.99560e-06	-8.64511e-06	-4.78175e-01	-1.91270e-01	4.98464e-01	3.81067e-04	-1.65000e-02
-2.59448e-04	-1.13461e-05	2.75295e-06	-8.86169e-06	-4.77014e-01	-1.90806e-01	4.98860e-01	2.82955e-04	-1.65000e-02
-3.17035e-04	-1.36272e-05	4.32089e-06	-9.55491e-06	-4.81446e-01	-1.92578e-01	4.99245e-01	1.87285e-04	-1.65000e-02
-5.88185e-04	-2.38511e-05	1.37802e-05	-9.29500e-06	-4.81438e-01	-1.92575e-01	4.99624e-01	9.32514e-05	-1.65000e-02
-5.01169e-04	-3.17106e-05	-3.41153e-05	-5.91918e-06	-4.86323e-01	-1.94528e-01	5.00000e-01	0.00000e+00	-1.65000e-02
