"Density"	"Momentum:0"	"Momentum:1"	"Momentum:2"	"StagnationEnergy"	"Pressure"	"Points:0"	"Points:1"	"Points:2"
2.71059e-02	-1.16144e-03	1.21800e-03	6.08309e-06	-8.76796e-01	-3.50739e-01	-4.85000e-01	0.00000e+00	-8.25000e-02
4.85193e-04	3.70944e-05	2.00713e-05	1.06424e-05	-1.39215e+00	-5.56861e-01	-4.84946e-01	2.24936e-03	-8.25000e-02
5.50435e-03	3.97891e-05	2.45009e-04	1.44543e-05	-1.24493e+00	-4.97973e-01	-4.84784e-01	4.49353e-03	-8.25000e-02
1.37791e-02	6.55033e-05	6.17072e-04	1.66515e-05	-1.34873e+00	-5.39499e-01	-4.84514e-01	6.72720e-03	-8.25000e-02
1.53242e-02	1.50994e-04	6.73117e-04	1.77310e-05	-1.37023e+00	-5.48098e-01	-4.84135e-01	8.94506e-03	-8.25000e-02
1.67476e-02	1.63933e-04	7.35791e-04	1.85393e-05	-1.42722e+00	-5.70897e-01	-4.83649e-01	1.11420e-02	-8.25000e-02
1.70303e-02	2.24190e-04	7.32864e-04	1.89722e-05	-1.51359e+00	-6.05442e-01	-4.83059e-01	1.33132e-02	-8.25000e-02
1.57850e-02	2.28628e-04	6.72551e-04	1.87224e-05	-1.53083e+00	-6.12339e-01	-4.82367e-01	1.54542e-02	-8.25000e-02
1.40489e-02	2.33409e-04	5.87535e-04	1.75965e-05	-1.58196e+00	-6.32789e-01	-4.81578e-01	1.75614e-02	-8.25000e-02
1.16381e-02	2.15917e-04	4.77136e-04	1.57126e-05	-1.58586e+00	-6.34348e-01	-4.80741e-01	1.95310e-02	-8.25000e-02
9.17082e-03	1.81056e-04	3.70856e-04	1.31425e-05	-1.58144e+00	-6.32582e-01	-4.79901e-01	2.13102e-02	-8.25000e-02
6.82534e-03	1.47721e-04	2.69297e-04	1.01007e-05	-1.57570e+00	-6.30282e-01	-4.79055e-01	2.29503e-02	-8.25000e-02
4.62805e-03	1.03911e-04	1.80488e-04	6.91704e-06	-1.55264e+00	-6.21056e-01	-4.78199e-01	2.44850e-02	-8.25000e-02
2.83878e-03	6.82813e-05	1.07974e-04	3.84426e-06	-1.53866e+00	-6.15467e-01	-4.77331e-01	2.59382e-02	-8.25000e-02
1.38676e-03	3.44854e-05	5.20111e-05	1.40593e-06	-1.51820e+00	-6.07281e-01	-4.76447e-01	2.73275e-02	-8.25000e-02
3.61637e-04	8.86398e-06	1.36564e-05	-1.52738e-08	-1.50206e+00	-6.00823e-01	-4.75545e-01	2.86663e-02	-8.25000e-02
-2.88927e-04	-8.42134e-06	-9.95071e-06	-1.74195e-07	-1.48907e+00	-5.95627e-01	-4.74623e-01	2.99649e-02	-8.25000e-02
-7.06800e-04	-2.11267e-05	-2.38830e-05	1.89683e-06	-1.47712e+00	-5.90846e-01	-4.73676e-01	3.12315e-02	-8.25000e-02
-9.97697e-04	-3.02000e-05	-3.33319e-05	6.83771e-06	-1.46994e+00	-5.87977e-01	-4.72704e-01	3.24729e-02	-8.25000e-02
-1.29172e-03	-3.90861e-05	-4.30846e-05	1.26013e-05	-1.46367e+00	-5.85466e-01	-4.71703e-01	3.36945e-02	-8.25000e-02
-1.53853e-03	-4.63621e-05	-5.14293e-05	1.60698e-05	-1.45859e+00	-5.83434e-01	-4.70670e-01	3.49006e-02	-8.25000e-02
-1.61294e-03	-4.84837e-05	-5.40167e-05	1.70012e-05	-1.45497e+00	-5.81988e-01	-4.69604e-01	3.60949e-02	-8.25000e-02
-1.49721e-03	-4.55240e-05	-4.96813e-05	1.66764e-05	-1.45188e+00	-5.80750e-01	-4.68502e-01	3.72804e-02	-8.25000e-02
-1.27256e-03	-3.95378e-05	-4.14362e-05	1.43763e-05	-1.45059e+00	-5.80235e-01	-4.67361e-01	3.84596e-02	-8.25000e-02
-1.00716e-03	-3.20956e-05	-3.20032e-05	9.30872e-06	-1.44963e+00	-5.79853e-01	-4.66181e-01	3.96344e-02	-8.25000e-02
-6.72122e-04	-2.19061e-05	-2.08553e-05	3.80395e-06	-1.44936e+00	-5.79745e-01	-4.64958e-01	4.08067e-02	-8.25000e-02
-2.76805e-04	-9.09869e-06	-8.50926e-06	1.28023e-06	-1.44997e+00	-5.79987e-01	-4.63690e-01	4.19775e-02	-8.25000e-02
1.27176e-04	4.51507e-06	3.53066e-06	2.24278e-06	-1.45140e+00	-5.80559e-01	-4.62376e-01	4.31481e-02	-8.25000e-02
4.87628e-04	1.69296e-05	1.39628e-05	4.93737e-06	-1.45419e+00	-5.81676e-01	-4.61013e-01	4.43192e-02	-8.25000e-02
7.73101e-04	2.68927e-05	2.20706e-05	8.91264e-06	-1.45777e+00	-5.83110e-01	-4.59601e-01	4.54914e-02	-8.25000e-02
1.04070e-03	3.66531e-05	2.91512e-05	1.38023e-05	-1.46208e+00	-5.84831e-01	-4.58136e-01	4.66651e-02	-8.25000e-02
1.37210e-03	4.93199e-05	3.71489e-05	1.74891e-05	-1.46703e+00	-5.86813e-01	-4.56618e-01	4.78407e-02	-8.25000e-02
1.66368e-03	6.06663e-05	4.38731e-05	1.93158e-05	-1.47247e+00	-5.88988e-01	-4.55044e-01	4.90181e-02	-8.25000e-02
1.72592e-03	6.33097e-05	4.49886e-05	2.03824e-05	-1.47833e+00	-5.91333e-01	-4.53414e-01	5.01974e-02	-8.25000e-02
1.63780e-03	6.04042e-05	4.22311e-05	1.99681e-05	-1.48388e+00	-5.93551e-01	-4.51725e-01	5.13786e-02	-8.25000e-02
1.67430e-03	6.25546e-05	4.19962e-05	1.74384e-05	-1.48922e+00	-5.95689e-01	-4.49977e-01	5.25614e-02	-8.25000e-02
1.86370e-03	7.06249e-05	4.52299e-05	1.54895e-05	-1.49494e+00	-5.97976e-01	-4.48167e-01	5.37454e-02	-8.25000e-02
1.92539e-03	7.36439e-05	4.56461e-05	1.61287e-05	-1.50079e+00	-6.00318e-01	-4.46295e-01	5.49305e-02	-8.25000e-02
1.70663e-03	6.56550e-05	3.98435e-05	1.68150e-05	-1.50637e+00	-6.02549e-01	-4.44359e-01	5.61160e-02	-8.25000e-02
1.47267e-03	5.71137e-05	3.36132e-05	1.43240e-05	-1.51117e+00	-6.04468e-01	-4.42358e-01	5.73016e-02	-8.25000e-02
1.57253e-03	6.16592e-05	3.47228e-05	9.57789e-06	-1.51666e+00	-6.06667e-01	-4.40292e-01	5.84868e-02	-8.25000e-02
1.81894e-03	7.19102e-05	3.90994e-05	-5.01776e-07	-1.52238e+00	-6.08954e-01	-4.38158e-01	5.96708e-02	-8.25000e-02
1.71959e-03	6.84529e-05	3.60850e-05	-1.72823e-05	-1.52798e+00	-6.11191e-01	-4.35956e-01	6.08532e-02	-8.25000e-02
1.14036e-03	4.54285e-05	2.38732e-05	-2.89027e-05	-1.53624e+00	-6.14498e-01	-4.33685e-01	6.20333e-02	-8.25000e-02
5.13276e-04	2.02236e-05	1.12100e-05	-1.23760e-05	-1.54067e+00	-6.16267e-01	-4.31344e-01	6.32104e-02	-8.25000e-02
-3.29764e-04	-1.36881e-05	-5.77353e-06	4.41704e-05	-1.53841e+00	-6.15364e-01	-4.28932e-01	6.43838e-02	-8.25000e-02
-2.58798e-03	-1.06412e-04	-4.73523e-05	1.56291e-04	-1.53372e+00	-6.13487e-01	-4.26449e-01	6.55528e-02	-8.25000e-02
-5.95629e-03	-2.46123e-04	-1.06201e-04	3.37610e-04	-1.51117e+00	-6.04460e-01	-4.23893e-01	6.67166e-02	-8.25000e-02
-7.86230e-03	-3.26686e-04	-1.35938e-04	5.39847e-04	-1.46268e+00	-5.85062e-01	-4.21265e-01	6.78745e-02	-8.25000e-02
-6.93627e-03	-2.90033e-04	-1.15492e-04	6.64852e-04	-1.40399e+00	-5.61579e-01	-4.18563e-01	6.90257e-02	-8.25000e-02
-4.19735e-03	-1.76421e-04	-6.75630e-05	6.83231e-04	-1.34545e+00	-5.38154e-01	-4.15787e-01	7.01695e-02	-8.25000e-02
-1.42008e-03	-6.02188e-05	-2.14761e-05	6.51080e-04	-1.30325e+00	-5.21241e-01	-4.12936e-01	7.13049e-02	-8.25000e-02
2.12015e-04	7.93226e-06	5.99474e-06	6.09957e-04	-1.28232e+00	-5.13278e-01	-4.10010e-01	7.24314e-02	-8.25000e-02
8.55600e-04	3.51677e-05	1.59367e-05	5.65830e-04	-1.26134e+00	-5.04611e-01	-4.07009e-01	7.35480e-02	-8.25000e-02
9.60952e-04	4.00089e-05	1.65681e-05	5.28208e-04	-1.23651e+00	-4.94664e-01	-4.03932e-01	7.46540e-02	-8.25000e-02
8.25219e-04	3.44460e-05	1.40423e-05	5.12295e-04	-1.21085e+00	-4.84405e-01	-4.00778e-01	7.57485e-02	-8.25000e-02
9.74545e-04	4.07826e-05	1.63639e-05	5.18167e-04	-1.17966e+00	-4.71921e-01	-3.97549e-01	7.68308e-02	-8.25000e-02
1.37833e-03	5.80653e-05	2.20799e-05	5.26821e-04	-1.14713e+00	-4.58892e-01	-3.94243e-01	7.79001e-02	-8.25000e-02
1.61131e-03	6.82822e-05	2.46536e-05	5.17536e-04	-1.11639e+00	-4.46591e-01	-3.90860e-01	7.89556e-02	-8.25000e-02
1.77217e-03	7.56475e-05	2.54132e-05	4.92096e-04	-1.08655e+00	-4.34648e-01	-3.87400e-01	7.99964e-02	-8.25000e-02
2.08766e-03	8.95995e-05	2.83748e-05	4.63858e-04	-1.05422e+00	-4.21709e-01	-3.83864e-01	8.10219e-02	-8.25000e-02
2.67147e-03	1.15337e-04	3.39766e-05	4.42000e-04	-1.01495e+00	-4.05996e-01	-3.80250e-01	8.20313e-02	-8.25000e-02
3.42419e-03	1.48345e-04	4.17542e-05	4.33715e-04	-9.79042e-01	-3.91629e-01	-3.76560e-01	8.30238e-02	-8.25000e-02
3.47013e-03	1.50603e-04	4.13851e-05	4.28346e-04	-9.56735e-01	-3.82706e-01	-3.72793e-01	8.39986e-02	-8.25000e-02
2.88483e-03	1.25489e-04	3.33500e-05	4.06923e-04	-9.33675e-01	-3.73482e-01	-3.68949e-01	8.49551e-02	-8.25000e-02
3.01910e-03	1.31783e-04	3.31029e-05	3.66730e-04	-9.02885e-01	-3.61164e-01	-3.65029e-01	8.58925e-02	-8.25000e-02
3.70886e-03	1.62344e-04	3.87863e-05	3.14064e-04	-8.81628e-01	-3.52658e-01	-3.61033e-01	8.68101e-02	-8.25000e-02
3.84452e-03	1.68694e-04	3.84263e-05	2.60118e-04	-8.70687e-01	-3.48280e-01	-3.56961e-01	8.77072e-02	-8.25000e-02
3.77995e-03	1.66254e-04	3.59938e-05	2.18761e-04	-8.57280e-01	-3.42916e-01	-3.52813e-01	8.85831e-02	-8.25000e-02
3.98752e-03	1.75811e-04	3.59125e-05	1.87626e-04	-8.47892e-01	-3.39160e-01	-3.48590e-01	8.94372e-02	-8.25000e-02
3.86456e-03	1.70570e-04	3.39321e-05	1.61206e-04	-8.48103e-01	-3.39244e-01	-3.44292e-01	9.02689e-02	-8.25000e-02
3.48856e-03	1.54265e-04	2.91254e-05	1.33883e-04	-8.47974e-01	-3.39192e-01	-3.39919e-01	9.10774e-02	-8.25000e-02
3.38751e-03	1.50033e-04	2.69969e-05	9.93539e-05	-8.46174e-01	-3.38471e-01	-3.35473e-01	9.18623e-02	-8.25000e-02
3.32089e-03	1.47308e-04	2.51741e-05	6.89533e-05	-8.46133e-01	-3.38455e-01	-3.30952e-01	9.26229e-02	-8.25000e-02
2.95908e-03	1.31439e-04	2.13447e-05	5.54471e-05	-8.46154e-01	-3.38463e-01	-3.26359e-01	9.33587e-02	-8.25000e-02
2.31706e-03	1.03042e-04	1.59571e-05	4.81259e-05	-8.47148e-01	-3.38861e-01	-3.21694e-01	9.40691e-02	-8.25000e-02
1.75320e-03	7.80203e-05	1.17340e-05	3.41011e-05	-8.46351e-01	-3.38541e-01	-3.16957e-01	9.47536e-02	-8.25000e-02
1.65837e-03	7.38730e-05	1.06070e-05	1.68653e-05	-8.40601e-01	-3.36241e-01	-3.12148e-01	9.54118e-02	-8.25000e-02
1.77020e-03	7.89511e-05	1.06183e-05	1.06673e-05	-8.35367e-01	-3.34147e-01	-3.07269e-01	9.60431e-02	-8.25000e-02
1.50331e-03	6.71166e-05	8.48806e-06	2.06592e-05	-8.34540e-01	-3.33817e-01	-3.02321e-01	9.66471e-02	-8.25000e-02
1.01543e-03	4.53689e-05	5.45777e-06	3.27270e-05	-8.34563e-01	-3.33826e-01	-2.97303e-01	9.72234e-02	-8.25000e-02
7.56592e-04	3.38072e-05	4.06699e-06	3.49892e-05	-8.33344e-01	-3.33338e-01	-2.92218e-01	9.77716e-02	-8.25000e-02
5.76478e-04	2.57751e-05	2.96909e-06	2.94192e-05	-8.31017e-01	-3.32407e-01	-2.87065e-01	9.82913e-02	-8.25000e-02
2.59643e-04	1.16010e-05	1.44291e-06	1.91441e-05	-8.26039e-01	-3.30416e-01	-2.81845e-01	9.87821e-02	-8.25000e-02
1.31154e-04	5.85660e-06	7.86588e-07	7.95073e-06	-8.19068e-01	-3.27627e-01	-2.76560e-01	9.92438e-02	-8.25000e-02
4.16933e-04	1.86748e-05	1.85075e-06	-3.23508e-06	-8.15967e-01	-3.26387e-01	-2.71211e-01	9.96761e-02	-8.25000e-02
7.52348e-04	3.37435e-05	2.77882e-06	-1.94969e-05	-8.18501e-01	-3.27401e-01	-2.65797e-01	1.00079e-01	-8.25000e-02
8.56466e-04	3.84290e-05	2.97443e-06	-3.54382e-05	-8.20256e-01	-3.28103e-01	-2.60321e-01	1.00451e-01	-8.25000e-02
8.06046e-04	3.61872e-05	2.50964e-06	-3.73116e-05	-8.19902e-01	-3.27962e-01	-2.54784e-01	1.00794e-01	-8.25000e-02
5.55043e-04	2.49265e-05	1.61480e-06	-2.78520e-05	-8.21450e-01	-3.28580e-01	-2.49185e-01	1.01106e-01	-8.25000e-02
1.78532e-04	8.01025e-06	6.93767e-07	-1.98833e-05	-8.21251e-01	-3.28501e-01	-2.43527e-01	1.01388e-01	-8.25000e-02
8.13551e-05	3.64905e-06	3.65977e-07	-1.85240e-05	-8.18385e-01	-3.27355e-01	-2.37811e-01	1.01639e-01	-8.25000e-02
3.29858e-04	1.48266e-05	7.44565e-07	-2.16338e-05	-8.19092e-01	-3.27637e-01	-2.32037e-01	1.01859e-01	-8.25000e-02
5.19089e-04	2.33411e-05	9.50899e-07	-2.20491e-05	-8.22677e-01	-3.29071e-01	-2.26207e-01	1.02048e-01	-8.25000e-02
3.83893e-04	1.72653e-05	6.15599e-07	-1.46285e-05	-8.25513e-01	-3.30206e-01	-2.20322e-01	1.02207e-01	-8.25000e-02
1.14833e-04	5.16287e-06	2.93771e-07	-6.11276e-06	-8.26055e-01	-3.30422e-01	-2.14383e-01	1.02335e-01	-8.25000e-02
8.70276e-05	3.91336e-06	2.39050e-07	-3.37160e-06	-8.24447e-01	-3.29779e-01	-2.08391e-01	1.02431e-01	-8.25000e-02
3.04953e-04	1.37207e-05	3.19074e-07	-1.34421e-06	-8.24744e-01	-3.29898e-01	-2.02348e-01	1.02497e-01	-8.25000e-02
4.19253e-04	1.88655e-05	3.09198e-07	4.35913e-06	-8.26475e-01	-3.30590e-01	-1.96255e-01	1.02533e-01	-8.25000e-02
3.12756e-04	1.40743e-05	1.77316e-07	8.63221e-06	-8.26336e-01	-3.30535e-01	-1.90113e-01	1.02537e-01	-8.25000e-02
6.61384e-05	2.97740e-06	1.65672e-07	7.99455e-06	-8.26594e-01	-3.30638e-01	-1.83924e-01	1.02511e-01	-8.25000e-02
-3.24089e-04	-1.45809e-05	3.55955e-07	4.85544e-06	-8.26501e-01	-3.30600e-01	-1.77689e-01	1.02455e-01	-8.25000e-02
-7.16636e-04	-3.22415e-05	7.02199e-07	-1.49728e-06	-8.22201e-01	-3.28880e-01	-1.71408e-01	1.02368e-01	-8.25000e-02
-8.22493e-04	-3.70000e-05	9.71041e-07	-1.31685e-05	-8.15229e-01	-3.26091e-01	-1.65085e-01	1.02251e-01	-8.25000e-02
-5.69099e-04	-2.55942e-05	9.23908e-07	-2.49949e-05	-8.09106e-01	-3.23642e-01	-1.58719e-01	1.02104e-01	-8.25000e-02
-1.97664e-04	-8.88302e-06	5.30272e-07	-3.27967e-05	-8.05939e-01	-3.22374e-01	-1.52312e-01	1.01927e-01	-8.25000e-02
1.37446e-05	6.25658e-07	1.99037e-07	-4.04630e-05	-8.04979e-01	-3.22015e-01	-1.45867e-01	1.01721e-01	-8.25000e-02
4.59704e-05	2.07507e-06	1.27065e-07	-4.69353e-05	-8.02637e-01	-3.21064e-01	-1.39383e-01	1.01486e-01	-8.25000e-02
-1.61234e-05	-7.18656e-07	1.77450e-07	-4.58160e-05	-7.99952e-01	-3.19955e-01	-1.32864e-01	1.01222e-01	-8.25000e-02
-1.90539e-04	-8.55630e-06	5.84805e-07	-4.04272e-05	-7.98580e-01	-3.19430e-01	-1.26309e-01	1.00930e-01	-8.25000e-02
-4.31521e-04	-1.93839e-05	1.17288e-06	-3.94355e-05	-7.94767e-01	-3.17906e-01	-1.19722e-01	1.00609e-01	-8.25000e-02
-6.30582e-04	-2.83274e-05	1.66831e-06	-4.36575e-05	-7.88153e-01	-3.15260e-01	-1.13102e-01	1.00260e-01	-8.25000e-02
-7.90429e-04	-3.54984e-05	2.25150e-06	-4.75283e-05	-7.80789e-01	-3.12315e-01	-1.06452e-01	9.98841e-02	-8.25000e-02
-9.18127e-04	-4.12267e-05	2.71529e-06	-4.76549e-05	-7.72910e-01	-3.09163e-01	-9.97736e-02	9.94809e-02	-8.25000e-02
-9.97054e-04	-4.47568e-05	3.15619e-06	-4.80053e-05	-7.65486e-01	-3.06194e-01	-9.30677e-02	9.90509e-02	-8.25000e-02
-1.09390e-03	-4.90954e-05	3.58093e-06	-5.43694e-05	-7.57018e-01	-3.02806e-01	-8.63362e-02	9.85947e-02	-8.25000e-02
-1.23098e-03	-5.52377e-05	4.16169e-06	-6.41026e-05	-7.46176e-01	-2.98469e-01	-7.95806e-02	9.81126e-02	-8.25000e-02
-1.30553e-03	-5.85658e-05	4.63959e-06	-6.78330e-05	-7.35031e-01	-2.94011e-01	-7.28025e-02	9.76051e-02	-8.25000e-02
-1.30584e-03	-5.85637e-05	4.83668e-06	-6.17818e-05	-7.25240e-01	-2.90095e-01	-6.60035e-02	9.70727e-02	-8.25000e-02
-1.41974e-03	-6.36558e-05	5.44846e-06	-5.24025e-05	-7.16470e-01	-2.86587e-01	-5.91851e-02	9.65158e-02	-8.25000e-02
-1.72173e-03	-7.71783e-05	6.80834e-06	-4.72228e-05	-7.05676e-01	-2.82270e-01	-5.23490e-02	9.59349e-02	-8.25000e-02
-1.96216e-03	-8.79331e-05	8.01060e-06	-4.76133e-05	-6.91758e-01	-2.76702e-01	-4.54969e-02	9.53306e-02	-8.25000e-02
-1.97591e-03	-8.85225e-05	8.35733e-06	-5.22925e-05	-6.78677e-01	-2.71470e-01	-3.86302e-02	9.47034e-02	-8.25000e-02
-1.95677e-03	-8.76383e-05	8.55411e-06	-5.80621e-05	-6.67768e-01	-2.67106e-01	-3.17507e-02	9.40537e-02	-8.25000e-02
-2.03187e-03	-9.09789e-05	9.11307e-06	-6.03873e-05	-6.55800e-01	-2.62319e-01	-2.48599e-02	9.33821e-02	-8.25000e-02
-1.99933e-03	-8.94924e-05	9.25677e-06	-5.99329e-05	-6.41097e-01	-2.56437e-01	-1.79596e-02	9.26891e-02	-8.25000e-02
-1.69837e-03	-7.59981e-05	8.08249e-06	-5.99710e-05	-6.25884e-01	-2.50353e-01	-1.10513e-02	9.19754e-02	-8.25000e-02
-1.29948e-03	-5.81273e-05	6.38351e-06	-5.88329e-05	-6.13435e-01	-2.45373e-01	-4.13674e-03	9.12413e-02	-8.25000e-02
-1.07883e-03	-4.82437e-05	5.42246e-06	-5.60386e-05	-6.03694e-01	-2.41477e-01	2.78247e-03	9.04876e-02	-8.25000e-02
-1.08020e-03	-4.82950e-05	5.51806e-06	-5.64630e-05	-5.95131e-01	-2.38051e-01	9.70468e-03	8.97147e-02	-8.25000e-02
-1.12057e-03	-5.00782e-05	5.91027e-06	-6.15445e-05	-5.87451e-01	-2.34979e-01	1.66282e-02	8.89232e-02	-8.25000e-02
-1.05323e-03	-4.70551e-05	5.66998e-06	-6.71982e-05	-5.80277e-01	-2.32110e-01	2.35515e-02	8.81138e-02	-8.25000e-02
-9.48001e-04	-4.23413e-05	5.20595e-06	-6.95104e-05	-5.73690e-01	-2.29475e-01	3.04727e-02	8.72869e-02	-8.25000e-02
-9.57951e-04	-4.27775e-05	5.32628e-06	-6.77780e-05	-5.67245e-01	-2.26897e-01	3.73903e-02	8.64432e-02	-8.25000e-02
-1.02040e-03	-4.55516e-05	5.78936e-06	-6.46387e-05	-5.59752e-01	-2.23900e-01	4.43027e-02	8.55832e-02	-8.25000e-02
-9.39523e-04	-4.19274e-05	5.43848e-06	-6.27589e-05	-5.52859e-01	-2.21142e-01	5.12081e-02	8.47075e-02	-8.25000e-02
-7.41787e-04	-3.30908e-05	4.38851e-06	-6.21440e-05	-5.48966e-01	-2.19585e-01	5.81049e-02	8.38168e-02	-8.25000e-02
-6.10454e-04	-2.72251e-05	3.66340e-06	-6.21693e-05	-5.46871e-01	-2.18747e-01	6.49915e-02	8.29115e-02	-8.25000e-02
-5.64337e-04	-2.51614e-05	3.43826e-06	-6.15432e-05	-5.44434e-01	-2.17772e-01	7.18662e-02	8.19923e-02	-8.25000e-02
-4.98896e-04	-2.22335e-05	3.11294e-06	-5.73134e-05	-5.41554e-01	-2.16620e-01	7.87273e-02	8.10598e-02	-8.25000e-02
-4.19109e-04	-1.86746e-05	2.63747e-06	-4.96152e-05	-5.39045e-01	-2.15617e-01	8.55733e-02	8.01146e-02	-8.25000e-02
-4.03913e-04	-1.79924e-05	2.57804e-06	-4.28238e-05	-5.37077e-01	-2.14830e-01	9.24025e-02	7.91571e-02	-8.25000e-02
-4.33670e-04	-1.93138e-05	2.79640e-06	-3.89664e-05	-5.35023e-01	-2.14008e-01	9.92133e-02	7.81881e-02	-8.25000e-02
-4.21672e-04	-1.87749e-05	2.75014e-06	-3.55589e-05	-5.33198e-01	-2.13278e-01	1.06004e-01	7.72081e-02	-8.25000e-02
-3.61516e-04	-1.60913e-05	2.39279e-06	-3.12582e-05	-5.32552e-01	-2.13020e-01	1.12773e-01	7.62176e-02	-8.25000e-02
-3.18885e-04	-1.41904e-05	2.13351e-06	-2.72197e-05	-5.32758e-01	-2.13103e-01	1.19519e-01	7.52174e-02	-8.25000e-02
-3.22299e-04	-1.43380e-05	2.18479e-06	-2.32127e-05	-5.32982e-01	-2.13192e-01	1.26240e-01	7.42078e-02	-8.25000e-02
-3.63819e-04	-1.61810e-05	2.49256e-06	-1.79250e-05	-5.33210e-01	-2.13283e-01	1.32934e-01	7.31895e-02	-8.25000e-02
-4.35989e-04	-1.93860e-05	3.01788e-06	-1.23587e-05	-5.33445e-01	-2.13378e-01	1.39601e-01	7.21631e-02	-8.25000e-02
-4.87706e-04	-2.16801e-05	3.41070e-06	-9.16114e-06	-5.33215e-01	-2.13286e-01	1.46238e-01	7.11291e-02	-8.25000e-02
-4.61158e-04	-2.04956e-05	3.25282e-06	-9.07757e-06	-5.32868e-01	-2.13147e-01	1.52843e-01	7.00881e-02	-8.25000e-02
-3.97573e-04	-1.76645e-05	2.83646e-06	-9.92361e-06	-5.33229e-01	-2.13292e-01	1.59416e-01	6.90407e-02	-8.25000e-02
-3.91196e-04	-1.73763e-05	2.82115e-06	-9.55113e-06	-5.33964e-01	-2.13586e-01	1.65955e-01	6.79873e-02	-8.25000e-02
-4.58415e-04	-2.03569e-05	3.33792e-06	-8.51204e-06	-5.34407e-01	-2.13763e-01	1.72458e-01	6.69286e-02	-8.25000e-02
-5.40592e-04	-2.39994e-05	3.97636e-06	-8.57074e-06	-5.34543e-01	-2.13817e-01	1.78924e-01	6.58651e-02	-8.25000e-02
-5.92930e-04	-2.63163e-05	4.40164e-06	-9.99786e-06	-5.34656e-01	-2.13862e-01	1.85351e-01	6.47973e-02	-8.25000e-02
-6.18204e-04	-2.74307e-05	4.63263e-06	-1.17685e-05	-5.35072e-01	-2.14028e-01	1.91738e-01	6.37257e-02	-8.25000e-02
-6.37211e-04	-2.82665e-05	4.82026e-06	-1.31223e-05	-5.35792e-01	-2.14317e-01	1.98083e-01	6.26510e-02	-8.25000e-02
-6.52111e-04	-2.89197e-05	4.97800e-06	-1.39498e-05	-5.36584e-01	-2.14633e-01	2.04385e-01	6.15736e-02	-8.25000e-02
-6.53341e-04	-2.89657e-05	5.03660e-06	-1.44592e-05	-5.37480e-01	-2.14992e-01	2.10643e-01	6.04940e-02	-8.25000e-02
-6.50346e-04	-2.88261e-05	5.05297e-06	-1.45725e-05	-5.38562e-01	-2.15424e-01	2.16854e-01	5.94128e-02	-8.25000e-02
-6.69569e-04	-2.96714e-05	5.24051e-06	-1.36855e-05	-5.39708e-01	-2.15883e-01	2.23019e-01	5.83305e-02	-8.25000e-02
-7.20616e-04	-3.19258e-05	5.68330e-06	-1.17054e-05	-5.40676e-01	-2.16270e-01	2.29134e-01	5.72476e-02	-8.25000e-02
-7.88018e-04	-3.49026e-05	6.26714e-06	-9.48030e-06	-5.41370e-01	-2.16548e-01	2.35200e-01	5.61645e-02	-8.25000e-02
-8.54771e-04	-3.78491e-05	6.85391e-06	-7.68462e-06	-5.41928e-01	-2.16771e-01	2.41214e-01	5.50819e-02	-8.25000e-02
-9.07185e-04	-4.01598e-05	7.33037e-06	-6.35412e-06	-5.42379e-01	-2.16951e-01	2.47175e-01	5.40002e-02	-8.25000e-02
-9.31884e-04	-4.12433e-05	7.58363e-06	-5.27567e-06	-5.42691e-01	-2.17076e-01	2.53082e-01	5.29198e-02	-8.25000e-02
-9.35370e-04	-4.13871e-05	7.66907e-06	-3.94892e-06	-5.43044e-01	-2.17217e-01	2.58935e-01	5.18413e-02	-8.25000e-02
-9.45447e-04	-4.18215e-05	7.81371e-06	-2.00946e-06	-5.43438e-01	-2.17375e-01	2.64730e-01	5.07651e-02	-8.25000e-02
-9.71550e-04	-4.29652e-05	8.08777e-06	-1.48979e-07	-5.43638e-01	-2.17455e-01	2.70468e-01	4.96918e-02	-8.25000e-02
-9.98187e-04	-4.41326e-05	8.36527e-06	6.53388e-07	-5.43692e-01	-2.17476e-01	2.76147e-01	4.86218e-02	-8.25000e-02
-1.01700e-03	-4.49536e-05	8.57891e-06	7.53320e-07	-5.43760e-01	-2.17503e-01	2.81766e-01	4.75555e-02	-8.25000e-02
-1.03531e-03	-4.57518e-05	8.79217e-06	1.35203e-06	-5.43860e-01	-2.17544e-01	2.87323e-01	4.64935e-02	-8.25000e-02
-1.05760e-03	-4.67251e-05	9.04175e-06	2.76991e-06	-5.44040e-01	-2.17616e-01	2.92819e-01	4.54361e-02	-8.25000e-02
-1.07991e-03	-4.76995e-05	9.29120e-06	4.20121e-06	-5.44337e-01	-2.17734e-01	2.98250e-01	4.43839e-02	-8.25000e-02
-1.09854e-03	-4.85113e-05	9.50902e-06	4.90091e-06	-5.44677e-01	-2.17871e-01	3.03618e-01	4.33372e-02	-8.25000e-02
-1.11768e-03	-4.93451e-05	9.73308e-06	4.93126e-06	-5.44975e-01	-2.17990e-01	3.08919e-01	4.22966e-02	-8.25000e-02
-1.14493e-03	-5.05360e-05	1.00311e-05	4.66621e-06	-5.45140e-01	-2.18055e-01	3.14154e-01	4.12625e-02	-8.25000e-02
-1.18252e-03	-5.21825e-05	1.04244e-05	4.13919e-06	-5.45142e-01	-2.18056e-01	3.19322e-01	4.02352e-02	-8.25000e-02
-1.22463e-03	-5.40273e-05	1.08611e-05	3.34128e-06	-5.45052e-01	-2.18020e-01	3.24421e-01	3.92152e-02	-8.25000e-02
-1.26549e-03	-5.58165e-05	1.12912e-05	2.65497e-06	-5.44881e-01	-2.17952e-01	3.29451e-01	3.82030e-02	-8.25000e-02
-1.30132e-03	-5.73832e-05	1.16773e-05	2.40224e-06	-5.44643e-01	-2.17857e-01	3.34410e-01	3.71990e-02	-8.25000e-02
-1.33779e-03	-5.89782e-05	1.20692e-05	2.44881e-06	-5.44436e-01	-2.17774e-01	3.39298e-01	3.62034e-02	-8.25000e-02
-1.38588e-03	-6.10847e-05	1.25687e-05	2.56689e-06	-5.44189e-01	-2.17675e-01	3.44114e-01	3.52169e-02	-8.25000e-02
-1.43946e-03	-6.34326e-05	1.31236e-05	2.76902e-06	-5.43728e-01	-2.17490e-01	3.48858e-01	3.42397e-02	-8.25000e-02
-1.48145e-03	-6.52673e-05	1.35801e-05	3.16373e-06	-5.43185e-01	-2.17273e-01	3.53527e-01	3.32722e-02	-8.25000e-02
-1.50933e-03	-6.64812e-05	1.39060e-05	3.81815e-06	-5.42699e-01	-2.17079e-01	3.58123e-01	3.23149e-02	-8.25000e-02
-1.53260e-03	-6.74914e-05	1.41900e-05	4.68105e-06	-5.42104e-01	-2.16841e-01	3.62644e-01	3.13681e-02	-8.25000e-02
-1.55286e-03	-6.83670e-05	1.44560e-05	5.60322e-06	-5.41322e-01	-2.16528e-01	3.67089e-01	3.04321e-02	-8.25000e-02
-1.56795e-03	-6.90147e-05	1.46751e-05	6.46168e-06	-5.40391e-01	-2.16156e-01	3.71458e-01	2.95073e-02	-8.25000e-02
-1.57751e-03	-6.94207e-05	1.48348e-05	7.00515e-06	-5.39357e-01	-2.15742e-01	3.75750e-01	2.85941e-02	-8.25000e-02
-1.59124e-03	-7.00081e-05	1.50411e-05	7.06934e-06	-5.38381e-01	-2.15352e-01	3.79964e-01	2.76928e-02	-8.25000e-02
-1.62215e-03	-7.13519e-05	1.54099e-05	7.19974e-06	-5.37387e-01	-2.14954e-01	3.84101e-01	2.68037e-02	-8.25000e-02
-1.67059e-03	-7.34650e-05	1.59492e-05	8.21089e-06	-5.36227e-01	-2.14490e-01	3.88160e-01	2.59272e-02	-8.25000e-02
-1.72713e-03	-7.59346e-05	1.65663e-05	1.00067e-05	-5.35023e-01	-2.14008e-01	3.92140e-01	2.50636e-02	-8.25000e-02
-1.77591e-03	-7.80651e-05	1.70996e-05	1.18713e-05	-5.33839e-01	-2.13535e-01	3.96041e-01	2.42132e-02	-8.25000e-02
-1.80177e-03	-7.91866e-05	1.74190e-05	1.33314e-05	-5.32743e-01	-2.13097e-01	3.99862e-01	2.33762e-02	-8.25000e-02
-1.81701e-03	-7.98383e-05	1.76484e-05	1.39313e-05	-5.31788e-01	-2.12715e-01	4.03604e-01	2.25530e-02	-8.25000e-02
-1.84477e-03	-8.10408e-05	1.79953e-05	1.35389e-05	-5.30601e-01	-2.12240e-01	4.07265e-01	2.17438e-02	-8.25000e-02
-1.87147e-03	-8.21967e-05	1.83310e-05	1.27557e-05	-5.29021e-01	-2.11608e-01	4.10847e-01	2.09489e-02	-8.25000e-02
-1.88155e-03	-8.26226e-05	1.85063e-05	1.20584e-05	-5.27466e-01	-2.10986e-01	4.14348e-01	2.01685e-02	-8.25000e-02
-1.89844e-03	-8.33490e-05	1.87395e-05	1.13936e-05	-5.25954e-01	-2.10381e-01	4.17769e-01	1.94029e-02	-8.25000e-02
-1.93252e-03	-8.48313e-05	1.91376e-05	1.07912e-05	-5.24185e-01	-2.09673e-01	4.21109e-01	1.86523e-02	-8.25000e-02
-1.95398e-03	-8.57573e-05	1.94215e-05	1.04677e-05	-5.22277e-01	-2.08910e-01	4.24368e-01	1.79169e-02	-8.25000e-02
-1.93897e-03	-8.50806e-05	1.93528e-05	1.04670e-05	-5.20361e-01	-2.08144e-01	4.27547e-01	1.71968e-02	-8.25000e-02
-1.89123e-03	-8.29651e-05	1.89663e-05	1.05028e-05	-5.18510e-01	-2.07403e-01	4.30646e-01	1.64924e-02	-8.25000e-02
-1.82876e-03	-8.02069e-05	1.84166e-05	1.04383e-05	-5.16957e-01	-2.06782e-01	4.33663e-01	1.58036e-02	-8.25000e-02
-1.77841e-03	-7.79893e-05	1.79506e-05	1.08100e-05	-5.15663e-01	-2.06265e-01	4.36601e-01	1.51308e-02	-8.25000e-02
-1.75704e-03	-7.70439e-05	1.77697e-05	1.18391e-05	-5.14312e-01	-2.05724e-01	4.39459e-01	1.44740e-02	-8.25000e-02
-1.76073e-03	-7.71928e-05	1.78645e-05	1.25446e-05	-5.12834e-01	-2.05133e-01	4.42236e-01	1.38334e-02	-8.25000e-02
-1.76851e-03	-7.75150e-05	1.80240e-05	1.20867e-05	-5.11401e-01	-2.04560e-01	4.44935e-01	1.32090e-02	-8.25000e-02
-1.76802e-03	-7.74761e-05	1.80945e-05	1.12497e-05	-5.10044e-01	-2.04017e-01	4.47554e-01	1.26009e-02	-8.25000e-02
-1.76478e-03	-7.73231e-05	1.81073e-05	1.12319e-05	-5.08606e-01	-2.03442e-01	4.50094e-01	1.20093e-02	-8.25000e-02
-1.75445e-03	-7.68617e-05	1.80387e-05	1.19766e-05	-5.07011e-01	-2.02804e-01	4.52556e-01	1.14341e-02	-8.25000e-02
-1.71582e-03	-7.51580e-05	1.76915e-05	1.28213e-05	-5.05456e-01	-2.02182e-01	4.54941e-01	1.08755e-02	-8.25000e-02
-1.64852e-03	-7.21991e-05	1.70429e-05	1.34935e-05	-5.04156e-01	-2.01662e-01	4.57248e-01	1.03334e-02	-8.25000e-02
-1.58925e-03	-6.95941e-05	1.64701e-05	1.37365e-05	-5.03057e-01	-2.01222e-01	4.59478e-01	9.80778e-03	-8.25000e-02
-1.57348e-03	-6.88928e-05	1.63518e-05	1.32171e-05	-5.01929e-01	-2.00771e-01	4.61633e-01	9.29871e-03	-8.25000e-02
-1.58809e-03	-6.95213e-05	1.65496e-05	1.20497e-05	-5.00676e-01	-2.00270e-01	4.63712e-01	8.80611e-03	-8.25000e-02
-1.58603e-03	-6.94212e-05	1.65708e-05	1.07134e-05	-4.99449e-01	-1.99779e-01	4.65717e-01	8.32994e-03	-8.25000e-02
-1.54030e-03	-6.74122e-05	1.61243e-05	9.67269e-06	-4.98406e-01	-1.99362e-01	4.67648e-01	7.87012e-03	-8.25000e-02
-1.46325e-03	-6.40337e-05	1.53439e-05	9.16635e-06	-4.97611e-01	-1.99044e-01	4.69507e-01	7.42656e-03	-8.25000e-02
-1.39179e-03	-6.08982e-05	1.46293e-05	9.03103e-06	-4.97035e-01	-1.98813e-01	4.71294e-01	6.99914e-03	-8.25000e-02
-1.35808e-03	-5.94149e-05	1.43100e-05	8.83062e-06	-4.96482e-01	-1.98592e-01	4.73010e-01	6.58774e-03	-8.25000e-02
-1.36629e-03	-5.97698e-05	1.44135e-05	8.49663e-06	-4.95763e-01	-1.98305e-01	4.74657e-01	6.19219e-03	-8.25000e-02
-1.39686e-03	-6.11024e-05	1.47557e-05	8.50530e-06	-4.94878e-01	-1.97951e-01	4.76235e-01	5.81233e-03	-8.25000e-02
-1.42711e-03	-6.24194e-05	1.51000e-05	9.07867e-06	-4.93898e-01	-1.97559e-01	4.77746e-01	5.44797e-03	-8.25000e-02
-1.43902e-03	-6.29336e-05	1.52544e-05	9.74418e-06	-4.92893e-01	-1.97157e-01	4.79191e-01	5.09888e-03	-8.25000e-02
-1.42627e-03	-6.23676e-05	1.51540e-05	9.97730e-06	-4.91978e-01	-1.96790e-01	4.80571e-01	4.76483e-03	-8.25000e-02
-1.39408e-03	-6.09531e-05	1.48406e-05	9.76688e-06	-4.91219e-01	-1.96487e-01	4.81888e-01	4.44558e-03	-8.25000e-02
-1.35470e-03	-5.92286e-05	1.44328e-05	9.48349e-06	-4.90564e-01	-1.96225e-01	4.83143e-01	4.14084e-03	-8.25000e-02
-1.31856e-03	-5.76459e-05	1.40579e-05	9.39882e-06	-4.89950e-01	-1.95979e-01	4.84337e-01	3.85031e-03	-8.25000e-02
-1.28780e-03	-5.62940e-05	1.37581e-05	9.46463e-06	-4.89323e-01	-1.95729e-01	4.85473e-01	3.57368e-03	-8.25000e-02
-1.24889e-03	-5.45837e-05	1.33827e-05	9.55620e-06	-4.88701e-01	-1.95480e-01	4.86552e-01	3.31060e-03	-8.25000e-02
-1.18981e-03	-5.19910e-05	1.27910e-05	9.67298e-06	-4.88147e-01	-1.95258e-01	4.87575e-01	3.06073e-03	-8.25000e-02
-1.11615e-03	-4.87651e-05	1.20298e-05	9.73782e-06	-4.87641e-01	-1.95056e-01	4.88544e-01	2.82367e-03	-8.25000e-02
-1.04115e-03	-4.54889e-05	1.12181e-05	9.71272e-06	-4.87176e-01	-1.94870e-01	4.89462e-01	2.59902e-03	-8.25000e-02
-9.69604e-04	-4.23684e-05	1.04252e-05	9.77079e-06	-4.86718e-01	-1.94687e-01	4.90329e-01	2.38636e-03	-8.25000e-02
-9.01206e-04	-3.93862e-05	9.66303e-06	1.00066e-05	-4.86354e-01	-1.94541e-01	4.91149e-01	2.18525e-03	-8.25000e-02
-8.36299e-04	-3.65432e-05	8.99261e-06	1.02729e-05	-4.86110e-01	-1.94444e-01	4.91923e-01	1.99521e-03	-8.25000e-02
-7.73504e-04	-3.37844e-05	8.37828e-06	1.03712e-05	-4.85895e-01	-1.94358e-01	4.92653e-01	1.81577e-03	-8.25000e-02
-7.13260e-04	-3.11477e-05	7.74747e-06	1.01859e-05	-4.85820e-01	-1.94328e-01	4.93341e-01	1.64641e-03	-8.25000e-02
-6.52383e-04	-2.84664e-05	7.17881e-06	9.71922e-06	-4.85657e-01	-1.94262e-01	4.93990e-01	1.48661e-03	-8.25000e-02
-5.90014e-04	-2.57669e-05	6.40352e-06	9.11232e-06	-4.85591e-01	-1.94236e-01	4.94601e-01	1.33581e-03	-8.25000e-02
-5.22655e-04	-2.28029e-05	5.76298e-06	8.58840e-06	-4.85575e-01	-1.94230e-01	4.95179e-01	1.19344e-03	-8.25000e-02
-4.45939e-04	-1.94788e-05	4.82404e-06	8.28928e-06	-4.85471e-01	-1.94188e-01	4.95723e-01	1.05892e-03	-8.25000e-02
-3.69291e-04	-1.61100e-05	4.07910e-06	8.20160e-06	-4.85739e-01	-1.94295e-01	4.96239e-01	9.31636e-04	-8.25000e-02
-2.92580e-04	-1.27444e-05	3.30922e-06	8.24519e-06	-4.85535e-01	-1.94214e-01	4.96727e-01	8.10945e-04	-8.25000e-02
-2.20114e-04	-9.61131e-06	2.39480e-06	8.31295e-06	-4.85917e-01	-1.94366e-01	4.97191e-01	6.96197e-04	-8.25000e-02
-1.63963e-04	-7.05819e-06	2.19293e-06	8.24905e-06	-4.85777e-01	-1.94311e-01	4.97633e-01	5.86717e-04	-8.25000e-02
-9.33464e-05	-4.12124e-06	8.32816e-07	8.11391e-06	-4.85759e-01	-1.94303e-01	4.98057e-01	4.81809e-04	-8.25000e-02
-8.35282e-05	-3.42984e-06	1.78613e-06	7.85261e-06	-4.86479e-01	-1.94592e-01	4.98465e-01	3.80757e-04	-8.25000e-02
-3.32824e-05	-1.47279e-06	2.83399e-07	7.28643e-06	-4.85404e-01	-1.94161e-01	4.98860e-01	2.82821e-04	-8.25000e-02
-1.52329e-04	-6.46338e-06	2.41562e-06	7.09158e-06	-4.89453e-01	-1.95781e-01	4.99246e-01	1.87244e-04	-8.25000e-02
-4.87863e-04	-1.96197e-05	1.20884e-05	6.85446e-06	-4.89481e-01	-1.95792e-01	4.99624e-01	9.32453e-05	-8.25000e-02
-5.20456e-04	-3.16208e-05	-3.01506e-05	4.80183e-06	-4.94346e-01	-1.97738e-01	5.00000e-01	0.00000e+00	-8.25000e-02
