"Density"	"Momentum:0"	"Momentum:1"	"Momentum:2"	"StagnationEnergy"	"Pressure"	"Points:0"	"Points:1"	"Points:2"
1.67467e-02	-4.46829e-04	9.16244e-04	7.29987e-04	-2.40548e-01	-9.62380e-02	-5.08817e-01	0.00000e+00	-1.21000e-01
1.84751e-03	1.92188e-04	9.21895e-05	2.24263e-04	-4.78151e-01	-1.91271e-01	-5.08764e-01	2.24939e-03	-1.21000e-01
6.33183e-03	2.17210e-04	3.27319e-04	2.56422e-04	-3.95299e-01	-1.58127e-01	-5.08606e-01	4.49384e-03	-1.21000e-01
1.21680e-02	2.64630e-04	6.33186e-04	2.77867e-04	-4.67405e-01	-1.86971e-01	-5.08342e-01	6.72827e-03	-1.21000e-01
1.38413e-02	3.28818e-04	7.04524e-04	2.61633e-04	-4.86117e-01	-1.94456e-01	-5.07972e-01	8.94764e-03	-1.21000e-01
1.60900e-02	3.61887e-04	8.11367e-04	2.62369e-04	-5.46064e-01	-2.18436e-01	-5.07498e-01	1.11470e-02	-1.21000e-01
1.77574e-02	4.24523e-04	8.76982e-04	2.40711e-04	-6.23043e-01	-2.49229e-01	-5.06921e-01	1.33218e-02	-1.21000e-01
1.86593e-02	4.59917e-04	9.05197e-04	2.31247e-04	-6.74160e-01	-2.69676e-01	-5.06244e-01	1.54678e-02	-1.21000e-01
1.93562e-02	5.01570e-04	9.18336e-04	2.12878e-04	-7.54711e-01	-3.01896e-01	-5.05472e-01	1.75811e-02	-1.21000e-01
1.95644e-02	5.32223e-04	9.06680e-04	2.00355e-04	-8.09148e-01	-3.23671e-01	-5.04653e-01	1.95575e-02	-1.21000e-01
1.95613e-02	5.53460e-04	8.86797e-04	1.91163e-04	-8.62215e-01	-3.44898e-01	-5.03831e-01	2.13431e-02	-1.21000e-01
1.94026e-02	5.72710e-04	8.58481e-04	1.82171e-04	-9.10351e-01	-3.64152e-01	-5.03002e-01	2.29898e-02	-1.21000e-01
1.90910e-02	5.82977e-04	8.25569e-04	1.78539e-04	-9.46156e-01	-3.78473e-01	-5.02163e-01	2.45317e-02	-1.21000e-01
1.87143e-02	5.91773e-04	7.89411e-04	1.74149e-04	-9.83621e-01	-3.93459e-01	-5.01311e-01	2.59929e-02	-1.21000e-01
1.82714e-02	5.96010e-04	7.51755e-04	1.73491e-04	-1.01201e+00	-4.04816e-01	-5.00444e-01	2.73911e-02	-1.21000e-01
1.77838e-02	5.97690e-04	7.12811e-04	1.73666e-04	-1.03873e+00	-4.15503e-01	-4.99557e-01	2.87397e-02	-1.21000e-01
1.72688e-02	5.97152e-04	6.73456e-04	1.75362e-04	-1.06199e+00	-4.24807e-01	-4.98650e-01	3.00493e-02	-1.21000e-01
1.66999e-02	5.93305e-04	6.32894e-04	1.78636e-04	-1.08094e+00	-4.32387e-01	-4.97717e-01	3.13282e-02	-1.21000e-01
1.61216e-02	5.87871e-04	5.92751e-04	1.82839e-04	-1.09847e+00	-4.39396e-01	-4.96758e-01	3.25830e-02	-1.21000e-01
1.55121e-02	5.80186e-04	5.52210e-04	1.88384e-04	-1.11257e+00	-4.45038e-01	-4.95769e-01	3.38193e-02	-1.21000e-01
1.48837e-02	5.70522e-04	5.11899e-04	1.94899e-04	-1.12437e+00	-4.49758e-01	-4.94748e-01	3.50414e-02	-1.21000e-01
1.42500e-02	5.59559e-04	4.72245e-04	2.02478e-04	-1.13418e+00	-4.53681e-01	-4.93692e-01	3.62530e-02	-1.21000e-01
1.35965e-02	5.46736e-04	4.32789e-04	2.11063e-04	-1.14139e+00	-4.56562e-01	-4.92599e-01	3.74572e-02	-1.21000e-01
1.29447e-02	5.32855e-04	3.94344e-04	2.20529e-04	-1.14691e+00	-4.58772e-01	-4.91466e-01	3.86563e-02	-1.21000e-01
1.22863e-02	5.17672e-04	3.56609e-04	2.30843e-04	-1.15030e+00	-4.60126e-01	-4.90292e-01	3.98524e-02	-1.21000e-01
1.16282e-02	5.01417e-04	3.19906e-04	2.41825e-04	-1.15191e+00	-4.60772e-01	-4.89074e-01	4.10470e-02	-1.21000e-01
1.09812e-02	4.84629e-04	2.84513e-04	2.53680e-04	-1.15189e+00	-4.60761e-01	-4.87810e-01	4.22416e-02	-1.21000e-01
1.03483e-02	4.67522e-04	2.50436e-04	2.66595e-04	-1.15017e+00	-4.60073e-01	-4.86498e-01	4.34371e-02	-1.21000e-01
9.72962e-03	4.50169e-04	2.17659e-04	2.80627e-04	-1.14707e+00	-4.58834e-01	-4.85136e-01	4.46342e-02	-1.21000e-01
9.12186e-03	4.32510e-04	1.86005e-04	2.95833e-04	-1.14258e+00	-4.57038e-01	-4.83722e-01	4.58336e-02	-1.21000e-01
8.52866e-03	4.14757e-04	1.55538e-04	3.12334e-04	-1.13689e+00	-4.54761e-01	-4.82255e-01	4.70355e-02	-1.21000e-01
7.95160e-03	3.97057e-04	1.26209e-04	3.30256e-04	-1.13013e+00	-4.52061e-01	-4.80732e-01	4.82403e-02	-1.21000e-01
7.39148e-03	3.79528e-04	9.79422e-05	3.49795e-04	-1.12245e+00	-4.48986e-01	-4.79153e-01	4.94480e-02	-1.21000e-01
6.84765e-03	3.62198e-04	7.06535e-05	3.71056e-04	-1.11404e+00	-4.45623e-01	-4.77514e-01	5.06585e-02	-1.21000e-01
6.31883e-03	3.45065e-04	4.42304e-05	3.94210e-04	-1.10509e+00	-4.42045e-01	-4.75815e-01	5.18717e-02	-1.21000e-01
5.79991e-03	3.27921e-04	1.85454e-05	4.19187e-04	-1.09581e+00	-4.38333e-01	-4.74055e-01	5.30874e-02	-1.21000e-01
5.28715e-03	3.10620e-04	-6.50462e-06	4.45944e-04	-1.08644e+00	-4.34587e-01	-4.72231e-01	5.43051e-02	-1.21000e-01
4.77264e-03	2.92710e-04	-3.09124e-05	4.73860e-04	-1.07727e+00	-4.30921e-01	-4.70343e-01	5.55245e-02	-1.21000e-01
4.25238e-03	2.73818e-04	-5.44014e-05	5.01844e-04	-1.06855e+00	-4.27435e-01	-4.68389e-01	5.67452e-02	-1.21000e-01
3.72491e-03	2.53682e-04	-7.65769e-05	5.28585e-04	-1.06071e+00	-4.24305e-01	-4.66368e-01	5.79665e-02	-1.21000e-01
3.19805e-03	2.32339e-04	-9.66445e-05	5.52146e-04	-1.05398e+00	-4.21613e-01	-4.64279e-01	5.91879e-02	-1.21000e-01
2.69740e-03	2.10978e-04	-1.14037e-04	5.72370e-04	-1.04858e+00	-4.19461e-01	-4.62121e-01	6.04088e-02	-1.21000e-01
2.23530e-03	1.90479e-04	-1.29010e-04	5.90764e-04	-1.04508e+00	-4.18067e-01	-4.59892e-01	6.16285e-02	-1.21000e-01
1.82784e-03	1.71762e-04	-1.41582e-04	6.08086e-04	-1.04285e+00	-4.17187e-01	-4.57592e-01	6.28463e-02	-1.21000e-01
1.48709e-03	1.55247e-04	-1.51284e-04	6.22167e-04	-1.04156e+00	-4.16681e-01	-4.55220e-01	6.40615e-02	-1.21000e-01
1.21232e-03	1.40769e-04	-1.57786e-04	6.30931e-04	-1.04124e+00	-4.16569e-01	-4.52775e-01	6.52734e-02	-1.21000e-01
1.03725e-03	1.29618e-04	-1.59991e-04	6.32747e-04	-1.04110e+00	-4.16527e-01	-4.50255e-01	6.64811e-02	-1.21000e-01
1.09514e-03	1.27201e-04	-1.54479e-04	6.24318e-04	-1.03957e+00	-4.15905e-01	-4.47662e-01	6.76840e-02	-1.21000e-01
1.45243e-03	1.36046e-04	-1.39109e-04	6.02310e-04	-1.03538e+00	-4.14207e-01	-4.44992e-01	6.88811e-02	-1.21000e-01
1.70698e-03	1.40253e-04	-1.24527e-04	5.73806e-04	-1.03604e+00	-4.14460e-01	-4.42247e-01	7.00717e-02	-1.21000e-01
1.38017e-03	1.19978e-04	-1.21281e-04	5.49690e-04	-1.04318e+00	-4.17318e-01	-4.39425e-01	7.12549e-02	-1.21000e-01
1.02736e-03	9.85048e-05	-1.17334e-04	5.20241e-04	-1.04044e+00	-4.16235e-01	-4.36527e-01	7.24300e-02	-1.21000e-01
1.31360e-03	1.04460e-04	-1.00530e-04	4.80124e-04	-1.02759e+00	-4.11074e-01	-4.33550e-01	7.35961e-02	-1.21000e-01
1.67828e-03	1.14677e-04	-8.38149e-05	4.48304e-04	-1.01861e+00	-4.07471e-01	-4.30496e-01	7.47523e-02	-1.21000e-01
1.77062e-03	1.13917e-04	-7.32790e-05	4.15351e-04	-1.01341e+00	-4.05388e-01	-4.27364e-01	7.58978e-02	-1.21000e-01
1.77399e-03	1.08077e-04	-5.99629e-05	3.65900e-04	-1.01303e+00	-4.05231e-01	-4.24152e-01	7.70318e-02	-1.21000e-01
1.56078e-03	9.34841e-05	-5.10557e-05	3.18166e-04	-1.01623e+00	-4.06506e-01	-4.20862e-01	7.81535e-02	-1.21000e-01
1.09395e-03	6.91492e-05	-4.91251e-05	2.86662e-04	-1.01421e+00	-4.05701e-01	-4.17493e-01	7.92620e-02	-1.21000e-01
8.47738e-04	5.45071e-05	-4.30474e-05	2.50844e-04	-1.00178e+00	-4.00730e-01	-4.14045e-01	8.03565e-02	-1.21000e-01
8.57643e-04	5.12638e-05	-3.28796e-05	2.05324e-04	-9.84640e-01	-3.93867e-01	-4.10517e-01	8.14361e-02	-1.21000e-01
5.96021e-04	3.73263e-05	-3.00067e-05	1.79799e-04	-9.75555e-01	-3.90234e-01	-4.06910e-01	8.25002e-02	-1.21000e-01
1.47533e-04	1.64800e-05	-3.37800e-05	1.76490e-04	-9.70586e-01	-3.88278e-01	-4.03223e-01	8.35477e-02	-1.21000e-01
-8.61741e-05	4.96618e-06	-3.38058e-05	1.65508e-04	-9.60852e-01	-3.84274e-01	-3.99457e-01	8.45781e-02	-1.21000e-01
-8.16421e-05	3.19657e-06	-2.73973e-05	1.35289e-04	-9.46948e-01	-3.78732e-01	-3.95612e-01	8.55905e-02	-1.21000e-01
-3.63148e-05	3.06835e-06	-1.92855e-05	1.00982e-04	-9.33796e-01	-3.73460e-01	-3.91688e-01	8.65840e-02	-1.21000e-01
-5.79453e-05	5.65290e-07	-1.38341e-05	7.57100e-05	-9.24850e-01	-3.69920e-01	-3.87685e-01	8.75581e-02	-1.21000e-01
1.31718e-04	8.13367e-06	-8.46942e-06	5.91440e-05	-9.12017e-01	-3.64812e-01	-3.83603e-01	8.85119e-02	-1.21000e-01
9.43338e-04	4.38556e-05	1.73164e-06	4.53628e-05	-8.97916e-01	-3.59167e-01	-3.79442e-01	8.94447e-02	-1.21000e-01
1.56079e-03	7.09644e-05	9.60741e-06	3.40155e-05	-8.98806e-01	-3.59523e-01	-3.75203e-01	9.03559e-02	-1.21000e-01
1.06689e-03	4.84290e-05	6.59827e-06	2.22128e-05	-9.04696e-01	-3.61879e-01	-3.70887e-01	9.12446e-02	-1.21000e-01
2.30140e-04	1.04996e-05	1.07430e-06	9.71311e-06	-8.98186e-01	-3.59275e-01	-3.66493e-01	9.21104e-02	-1.21000e-01
-9.58930e-05	-4.11368e-06	-1.83074e-06	1.03244e-05	-8.89322e-01	-3.55729e-01	-3.62022e-01	9.29524e-02	-1.21000e-01
-1.76522e-04	-7.40881e-06	-4.36024e-06	2.41360e-05	-8.85530e-01	-3.54211e-01	-3.57475e-01	9.37701e-02	-1.21000e-01
-1.46246e-04	-5.85923e-06	-5.37218e-06	3.09937e-05	-8.80599e-01	-3.52238e-01	-3.52851e-01	9.45629e-02	-1.21000e-01
-3.40150e-05	-9.96821e-07	-3.59132e-06	2.43805e-05	-8.78915e-01	-3.51562e-01	-3.48153e-01	9.53302e-02	-1.21000e-01
-1.74285e-04	-7.63302e-06	-2.57838e-06	1.31563e-05	-8.81716e-01	-3.52686e-01	-3.43379e-01	9.60714e-02	-1.21000e-01
-5.01181e-04	-2.25700e-05	-3.21453e-06	3.33283e-06	-8.82242e-01	-3.52897e-01	-3.38531e-01	9.67859e-02	-1.21000e-01
-7.80117e-04	-3.51946e-05	-4.38714e-06	3.57701e-08	-8.80485e-01	-3.52194e-01	-3.33610e-01	9.74734e-02	-1.21000e-01
-1.00720e-03	-4.54388e-05	-5.44433e-06	3.86569e-07	-8.75924e-01	-3.50369e-01	-3.28616e-01	9.81332e-02	-1.21000e-01
-9.86627e-04	-4.46260e-05	-4.16545e-06	-6.23785e-06	-8.67980e-01	-3.47191e-01	-3.23550e-01	9.87649e-02	-1.21000e-01
-5.90478e-04	-2.69772e-05	3.62260e-08	-1.99866e-05	-8.62348e-01	-3.44939e-01	-3.18412e-01	9.93681e-02	-1.21000e-01
-2.19715e-04	-1.03876e-05	3.40642e-06	-3.30894e-05	-8.62112e-01	-3.44844e-01	-3.13205e-01	9.99424e-02	-1.21000e-01
-2.67296e-04	-1.26048e-05	4.25273e-06	-4.15410e-05	-8.63779e-01	-3.45510e-01	-3.07927e-01	1.00487e-01	-1.21000e-01
-6.36602e-04	-2.92301e-05	2.71607e-06	-4.32489e-05	-8.62622e-01	-3.45048e-01	-3.02581e-01	1.01002e-01	-1.21000e-01
-1.01267e-03	-4.61336e-05	9.76888e-07	-3.95059e-05	-8.57545e-01	-3.43017e-01	-2.97167e-01	1.01488e-01	-1.21000e-01
-1.04666e-03	-4.76082e-05	7.26433e-07	-3.70393e-05	-8.49774e-01	-3.39909e-01	-2.91686e-01	1.01942e-01	-1.21000e-01
-7.06695e-04	-3.22060e-05	1.75405e-06	-3.57517e-05	-8.45954e-01	-3.38381e-01	-2.86140e-01	1.02367e-01	-1.21000e-01
-5.21263e-04	-2.37707e-05	1.92602e-06	-3.02244e-05	-8.49413e-01	-3.39765e-01	-2.80528e-01	1.02760e-01	-1.21000e-01
-7.65023e-04	-3.46913e-05	3.17879e-07	-2.11307e-05	-8.50346e-01	-3.40138e-01	-2.74853e-01	1.03122e-01	-1.21000e-01
-9.94467e-04	-4.49851e-05	-1.01363e-06	-1.24687e-05	-8.46389e-01	-3.38555e-01	-2.69115e-01	1.03453e-01	-1.21000e-01
-1.00647e-03	-4.54865e-05	-1.43003e-06	-5.93661e-06	-8.44656e-01	-3.37862e-01	-2.63315e-01	1.03753e-01	-1.21000e-01
-1.05363e-03	-4.75896e-05	-1.75036e-06	-1.65748e-06	-8.44658e-01	-3.37863e-01	-2.57455e-01	1.04020e-01	-1.21000e-01
-1.20096e-03	-5.42265e-05	-2.04696e-06	2.36478e-06	-8.43550e-01	-3.37419e-01	-2.51536e-01	1.04257e-01	-1.21000e-01
-1.28908e-03	-5.81904e-05	-2.22786e-06	7.31710e-06	-8.41617e-01	-3.36646e-01	-2.45558e-01	1.04461e-01	-1.21000e-01
-1.27257e-03	-5.74374e-05	-2.08930e-06	9.15724e-06	-8.39157e-01	-3.35662e-01	-2.39524e-01	1.04633e-01	-1.21000e-01
-1.29113e-03	-5.82797e-05	-1.44050e-06	4.75975e-06	-8.36752e-01	-3.34700e-01	-2.33433e-01	1.04774e-01	-1.21000e-01
-1.41628e-03	-6.39298e-05	-7.72541e-07	-5.62175e-07	-8.34653e-01	-3.33860e-01	-2.27289e-01	1.04883e-01	-1.21000e-01
-1.48929e-03	-6.72165e-05	-3.17023e-07	-1.93186e-06	-8.32225e-01	-3.32889e-01	-2.21091e-01	1.04960e-01	-1.21000e-01
-1.38284e-03	-6.24005e-05	-3.35455e-08	-1.40496e-06	-8.30223e-01	-3.32089e-01	-2.14841e-01	1.05005e-01	-1.21000e-01
-1.24635e-03	-5.62306e-05	3.06700e-07	-1.77712e-06	-8.30543e-01	-3.32217e-01	-2.08541e-01	1.05018e-01	-1.21000e-01
-1.25801e-03	-5.67439e-05	8.04195e-07	-4.37790e-06	-8.31609e-01	-3.32643e-01	-2.02191e-01	1.05000e-01	-1.21000e-01
-1.36456e-03	-6.15326e-05	1.39476e-06	-9.32426e-06	-8.30062e-01	-3.32024e-01	-1.95794e-01	1.04950e-01	-1.21000e-01
-1.45421e-03	-6.55551e-05	1.99418e-06	-1.32647e-05	-8.26519e-01	-3.30607e-01	-1.89351e-01	1.04870e-01	-1.21000e-01
-1.52946e-03	-6.89297e-05	2.28470e-06	-1.28769e-05	-8.22888e-01	-3.29155e-01	-1.82862e-01	1.04757e-01	-1.21000e-01
-1.56116e-03	-7.03426e-05	2.44522e-06	-1.01147e-05	-8.19502e-01	-3.27800e-01	-1.76330e-01	1.04614e-01	-1.21000e-01
-1.52301e-03	-6.86081e-05	2.53988e-06	-8.12701e-06	-8.17917e-01	-3.27166e-01	-1.69756e-01	1.04441e-01	-1.21000e-01
-1.53816e-03	-6.92732e-05	2.79699e-06	-6.85619e-06	-8.17901e-01	-3.27160e-01	-1.63141e-01	1.04237e-01	-1.21000e-01
-1.63561e-03	-7.36469e-05	3.12324e-06	-5.18261e-06	-8.15656e-01	-3.26262e-01	-1.56487e-01	1.04002e-01	-1.21000e-01
-1.61473e-03	-7.26895e-05	3.28960e-06	-2.71499e-06	-8.11437e-01	-3.24574e-01	-1.49796e-01	1.03738e-01	-1.21000e-01
-1.42817e-03	-6.42751e-05	3.12683e-06	-7.67746e-07	-8.09062e-01	-3.23624e-01	-1.43068e-01	1.03445e-01	-1.21000e-01
-1.37486e-03	-6.18555e-05	3.29578e-06	-2.04969e-06	-8.09494e-01	-3.23797e-01	-1.36306e-01	1.03122e-01	-1.21000e-01
-1.67013e-03	-7.51076e-05	4.48468e-06	-6.82168e-06	-8.09244e-01	-3.23697e-01	-1.29511e-01	1.02770e-01	-1.21000e-01
-2.06865e-03	-9.29910e-05	6.06764e-06	-1.28262e-05	-8.03381e-01	-3.21352e-01	-1.22684e-01	1.02390e-01	-1.21000e-01
-2.22826e-03	-1.00122e-04	7.10503e-06	-1.88574e-05	-7.94522e-01	-3.17808e-01	-1.15828e-01	1.01982e-01	-1.21000e-01
-2.23028e-03	-1.00159e-04	7.78001e-06	-2.56903e-05	-7.88176e-01	-3.15269e-01	-1.08943e-01	1.01547e-01	-1.21000e-01
-2.31167e-03	-1.03760e-04	8.68655e-06	-3.37914e-05	-7.81598e-01	-3.12638e-01	-1.02032e-01	1.01084e-01	-1.21000e-01
-2.44331e-03	-1.09624e-04	9.65445e-06	-4.07971e-05	-7.72069e-01	-3.08827e-01	-9.50952e-02	1.00594e-01	-1.21000e-01
-2.52204e-03	-1.13107e-04	1.04598e-05	-4.50378e-05	-7.61041e-01	-3.04415e-01	-8.81353e-02	1.00078e-01	-1.21000e-01
-2.54551e-03	-1.14112e-04	1.10030e-05	-4.86103e-05	-7.48190e-01	-2.99275e-01	-8.11538e-02	9.95365e-02	-1.21000e-01
-2.56852e-03	-1.15099e-04	1.14984e-05	-5.22419e-05	-7.35256e-01	-2.94101e-01	-7.41521e-02	9.89695e-02	-1.21000e-01
-2.64973e-03	-1.18700e-04	1.21711e-05	-5.34130e-05	-7.23985e-01	-2.89593e-01	-6.71319e-02	9.83777e-02	-1.21000e-01
-2.71618e-03	-1.21647e-04	1.26884e-05	-5.20614e-05	-7.11520e-01	-2.84607e-01	-6.00949e-02	9.77617e-02	-1.21000e-01
-2.64665e-03	-1.18495e-04	1.26768e-05	-5.09275e-05	-6.97941e-01	-2.79175e-01	-5.30428e-02	9.71218e-02	-1.21000e-01
-2.51100e-03	-1.12376e-04	1.24127e-05	-5.12020e-05	-6.85865e-01	-2.74345e-01	-4.59772e-02	9.64588e-02	-1.21000e-01
-2.38628e-03	-1.06751e-04	1.21634e-05	-5.22494e-05	-6.74124e-01	-2.69648e-01	-3.88999e-02	9.57731e-02	-1.21000e-01
-2.20016e-03	-9.83799e-05	1.15824e-05	-5.36979e-05	-6.63223e-01	-2.65288e-01	-3.18125e-02	9.50653e-02	-1.21000e-01
-2.03431e-03	-9.09140e-05	1.11277e-05	-5.64381e-05	-6.55922e-01	-2.62368e-01	-2.47167e-02	9.43360e-02	-1.21000e-01
-2.07332e-03	-9.26204e-05	1.16210e-05	-6.11143e-05	-6.49601e-01	-2.59839e-01	-1.76142e-02	9.35856e-02	-1.21000e-01
-2.18418e-03	-9.75370e-05	1.25053e-05	-6.60785e-05	-6.39981e-01	-2.55991e-01	-1.05067e-02	9.28149e-02	-1.21000e-01
-2.08065e-03	-9.28718e-05	1.22269e-05	-6.87578e-05	-6.28247e-01	-2.51298e-01	-3.39595e-03	9.20244e-02	-1.21000e-01
-1.80010e-03	-8.02981e-05	1.09740e-05	-6.90424e-05	-6.17974e-01	-2.47188e-01	3.71639e-03	9.12146e-02	-1.21000e-01
-1.59833e-03	-7.12614e-05	1.00088e-05	-6.72997e-05	-6.09793e-01	-2.43916e-01	1.08286e-02	9.03862e-02	-1.21000e-01
-1.54641e-03	-6.89329e-05	9.75383e-06	-6.33262e-05	-6.02350e-01	-2.40939e-01	1.79390e-02	8.95398e-02	-1.21000e-01
-1.48857e-03	-6.63387e-05	9.48404e-06	-5.94332e-05	-5.94952e-01	-2.37980e-01	2.50458e-02	8.86759e-02	-1.21000e-01
-1.33210e-03	-5.93366e-05	8.68747e-06	-5.95317e-05	-5.88613e-01	-2.35444e-01	3.21473e-02	8.77951e-02	-1.21000e-01
-1.16924e-03	-5.20403e-05	7.92921e-06	-6.39548e-05	-5.84177e-01	-2.33670e-01	3.92419e-02	8.68982e-02	-1.21000e-01
-1.09466e-03	-4.86883e-05	7.65012e-06	-6.77594e-05	-5.79452e-01	-2.31780e-01	4.63279e-02	8.59856e-02	-1.21000e-01
-1.05637e-03	-4.69748e-05	7.43647e-06	-6.51721e-05	-5.72639e-01	-2.29054e-01	5.34034e-02	8.50579e-02	-1.21000e-01
-9.82532e-04	-4.36884e-05	6.91574e-06	-5.69847e-05	-5.65603e-01	-2.26240e-01	6.04669e-02	8.41159e-02	-1.21000e-01
-8.93942e-04	-3.97433e-05	6.31771e-06	-5.00079e-05	-5.60172e-01	-2.24068e-01	6.75167e-02	8.31600e-02	-1.21000e-01
-8.31063e-04	-3.69398e-05	5.91631e-06	-4.71960e-05	-5.56106e-01	-2.22441e-01	7.45509e-02	8.21909e-02	-1.21000e-01
-8.07217e-04	-3.58766e-05	5.75654e-06	-4.44332e-05	-5.52957e-01	-2.21182e-01	8.15681e-02	8.12092e-02	-1.21000e-01
-8.22989e-04	-3.65805e-05	5.83703e-06	-3.92067e-05	-5.50319e-01	-2.20127e-01	8.85665e-02	8.02155e-02	-1.21000e-01
-8.40241e-04	-3.73497e-05	5.93285e-06	-3.45244e-05	-5.47625e-01	-2.19049e-01	9.55443e-02	7.92104e-02	-1.21000e-01
-8.14531e-04	-3.62002e-05	5.78888e-06	-3.27595e-05	-5.45133e-01	-2.18053e-01	1.02500e-01	7.81945e-02	-1.21000e-01
-7.74051e-04	-3.43911e-05	5.56114e-06	-3.21364e-05	-5.43370e-01	-2.17347e-01	1.09432e-01	7.71684e-02	-1.21000e-01
-7.80968e-04	-3.46939e-05	5.63413e-06	-3.00577e-05	-5.42097e-01	-2.16838e-01	1.16338e-01	7.61326e-02	-1.21000e-01
-8.22308e-04	-3.65302e-05	5.92826e-06	-2.63796e-05	-5.40773e-01	-2.16309e-01	1.23218e-01	7.50878e-02	-1.21000e-01
-8.30323e-04	-3.68847e-05	5.99099e-06	-2.30639e-05	-5.39524e-01	-2.15809e-01	1.30069e-01	7.40346e-02	-1.21000e-01
-8.04453e-04	-3.57294e-05	5.83927e-06	-2.11248e-05	-5.38985e-01	-2.15593e-01	1.36889e-01	7.29735e-02	-1.21000e-01
-8.05870e-04	-3.57869e-05	5.88046e-06	-1.92331e-05	-5.38957e-01	-2.15582e-01	1.43677e-01	7.19051e-02	-1.21000e-01
-8.24205e-04	-3.65959e-05	6.04338e-06	-1.69247e-05	-5.38489e-01	-2.15395e-01	1.50432e-01	7.08300e-02	-1.21000e-01
-7.78939e-04	-3.45770e-05	5.76496e-06	-1.57404e-05	-5.37624e-01	-2.15049e-01	1.57152e-01	6.97487e-02	-1.21000e-01
-6.73808e-04	-2.98992e-05	5.05259e-06	-1.58311e-05	-5.37535e-01	-2.15014e-01	1.63835e-01	6.86619e-02	-1.21000e-01
-6.15362e-04	-2.72968e-05	4.66694e-06	-1.53378e-05	-5.38373e-01	-2.15349e-01	1.70480e-01	6.75701e-02	-1.21000e-01
-6.57343e-04	-2.91571e-05	4.99454e-06	-1.33460e-05	-5.39059e-01	-2.15623e-01	1.77085e-01	6.64738e-02	-1.21000e-01
-7.47646e-04	-3.31604e-05	5.69169e-06	-1.06625e-05	-5.39293e-01	-2.15717e-01	1.83649e-01	6.53736e-02	-1.21000e-01
-8.22915e-04	-3.64940e-05	6.29200e-06	-8.56732e-06	-5.39522e-01	-2.15809e-01	1.90170e-01	6.42701e-02	-1.21000e-01
-8.63724e-04	-3.82964e-05	6.64536e-06	-7.96192e-06	-5.39896e-01	-2.15958e-01	1.96647e-01	6.31638e-02	-1.21000e-01
-8.78585e-04	-3.89458e-05	6.81424e-06	-8.38509e-06	-5.40456e-01	-2.16182e-01	2.03078e-01	6.20552e-02	-1.21000e-01
-8.88091e-04	-3.93577e-05	6.94131e-06	-8.17538e-06	-5.41198e-01	-2.16479e-01	2.09462e-01	6.09449e-02	-1.21000e-01
-9.05633e-04	-4.01268e-05	7.12457e-06	-6.64938e-06	-5.41916e-01	-2.16766e-01	2.15797e-01	5.98334e-02	-1.21000e-01
-9.31939e-04	-4.12844e-05	7.37600e-06	-4.88438e-06	-5.42552e-01	-2.17020e-01	2.22082e-01	5.87212e-02	-1.21000e-01
-9.66968e-04	-4.28262e-05	7.70834e-06	-3.90884e-06	-5.43189e-01	-2.17275e-01	2.28316e-01	5.76088e-02	-1.21000e-01
-1.00893e-03	-4.46733e-05	8.10434e-06	-3.44338e-06	-5.43742e-01	-2.17497e-01	2.34496e-01	5.64969e-02	-1.21000e-01
-1.05203e-03	-4.65709e-05	8.51166e-06	-2.61883e-06	-5.44150e-01	-2.17660e-01	2.40623e-01	5.53858e-02	-1.21000e-01
-1.09486e-03	-4.84556e-05	8.91767e-06	-1.09797e-06	-5.44480e-01	-2.17792e-01	2.46694e-01	5.42761e-02	-1.21000e-01
-1.13675e-03	-5.02984e-05	9.31841e-06	7.35891e-07	-5.44703e-01	-2.17881e-01	2.52709e-01	5.31682e-02	-1.21000e-01
-1.16950e-03	-5.17359e-05	9.64864e-06	2.19868e-06	-5.44816e-01	-2.17926e-01	2.58665e-01	5.20628e-02	-1.21000e-01
-1.18751e-03	-5.25201e-05	9.86359e-06	2.78149e-06	-5.44929e-01	-2.17971e-01	2.64562e-01	5.09602e-02	-1.21000e-01
-1.20073e-03	-5.30916e-05	1.00444e-05	2.35622e-06	-5.45104e-01	-2.18041e-01	2.70398e-01	4.98610e-02	-1.21000e-01
-1.23029e-03	-5.43840e-05	1.03672e-05	1.23801e-06	-5.45309e-01	-2.18123e-01	2.76172e-01	4.87656e-02	-1.21000e-01
-1.28211e-03	-5.66601e-05	1.08806e-05	1.40117e-07	-5.45417e-01	-2.18166e-01	2.81884e-01	4.76746e-02	-1.21000e-01
-1.33599e-03	-5.90270e-05	1.14119e-05	-2.86732e-07	-5.45337e-01	-2.18134e-01	2.87531e-01	4.65883e-02	-1.21000e-01
-1.36982e-03	-6.05074e-05	1.17748e-05	4.58361e-08	-5.45161e-01	-2.18064e-01	2.93113e-01	4.55073e-02	-1.21000e-01
-1.38797e-03	-6.12939e-05	1.20073e-05	7.14136e-07	-5.44956e-01	-2.17982e-01	2.98629e-01	4.44321e-02	-1.21000e-01
-1.41254e-03	-6.23640e-05	1.22974e-05	1.30431e-06	-5.44652e-01	-2.17860e-01	3.04077e-01	4.33630e-02	-1.21000e-01
-1.45629e-03	-6.42801e-05	1.27540e-05	2.04199e-06	-5.44292e-01	-2.17716e-01	3.09457e-01	4.23005e-02	-1.21000e-01
-1.51837e-03	-6.70051e-05	1.33739e-05	3.54120e-06	-5.43965e-01	-2.17585e-01	3.14767e-01	4.12451e-02	-1.21000e-01
-1.58787e-03	-7.00571e-05	1.40615e-05	5.75322e-06	-5.43569e-01	-2.17427e-01	3.20007e-01	4.01972e-02	-1.21000e-01
-1.64574e-03	-7.25939e-05	1.46556e-05	8.01738e-06	-5.43040e-01	-2.17215e-01	3.25175e-01	3.91573e-02	-1.21000e-01
-1.68277e-03	-7.42100e-05	1.50700e-05	1.00298e-05	-5.42509e-01	-2.17003e-01	3.30271e-01	3.81257e-02	-1.21000e-01
-1.71054e-03	-7.54181e-05	1.54016e-05	1.19291e-05	-5.41990e-01	-2.16795e-01	3.35294e-01	3.71030e-02	-1.21000e-01
-1.73903e-03	-7.66573e-05	1.57410e-05	1.39708e-05	-5.41318e-01	-2.16527e-01	3.40243e-01	3.60894e-02	-1.21000e-01
-1.75874e-03	-7.75075e-05	1.60076e-05	1.64956e-05	-5.40540e-01	-2.16215e-01	3.45117e-01	3.50855e-02	-1.21000e-01
-1.76087e-03	-7.75834e-05	1.61138e-05	1.94059e-05	-5.39836e-01	-2.15934e-01	3.49915e-01	3.40915e-02	-1.21000e-01
-1.75479e-03	-7.72998e-05	1.61343e-05	2.17256e-05	-5.39163e-01	-2.15665e-01	3.54636e-01	3.31080e-02	-1.21000e-01
-1.74835e-03	-7.69995e-05	1.61541e-05	2.24586e-05	-5.38414e-01	-2.15365e-01	3.59281e-01	3.21353e-02	-1.21000e-01
-1.74668e-03	-7.69085e-05	1.62211e-05	2.19603e-05	-5.37631e-01	-2.15052e-01	3.63848e-01	3.11737e-02	-1.21000e-01
-1.75827e-03	-7.73990e-05	1.64231e-05	2.15300e-05	-5.36790e-01	-2.14715e-01	3.68336e-01	3.02237e-02	-1.21000e-01
-1.78542e-03	-7.85729e-05	1.67758e-05	2.18165e-05	-5.35735e-01	-2.14293e-01	3.72745e-01	2.92855e-02	-1.21000e-01
-1.81139e-03	-7.96985e-05	1.71021e-05	2.24760e-05	-5.34481e-01	-2.13792e-01	3.77075e-01	2.83597e-02	-1.21000e-01
-1.82239e-03	-8.01663e-05	1.72806e-05	2.33381e-05	-5.33249e-01	-2.13299e-01	3.81324e-01	2.74464e-02	-1.21000e-01
-1.82479e-03	-8.02532e-05	1.73907e-05	2.45938e-05	-5.32150e-01	-2.12859e-01	3.85493e-01	2.65460e-02	-1.21000e-01
-1.83299e-03	-8.05950e-05	1.75552e-05	2.58340e-05	-5.31015e-01	-2.12405e-01	3.89581e-01	2.56589e-02	-1.21000e-01
-1.85041e-03	-8.13454e-05	1.77926e-05	2.62292e-05	-5.29669e-01	-2.11867e-01	3.93588e-01	2.47854e-02	-1.21000e-01
-1.87096e-03	-8.22326e-05	1.80636e-05	2.56775e-05	-5.28205e-01	-2.11281e-01	3.97512e-01	2.39257e-02	-1.21000e-01
-1.88437e-03	-8.28028e-05	1.82798e-05	2.46872e-05	-5.26728e-01	-2.10691e-01	4.01355e-01	2.30802e-02	-1.21000e-01
-1.88464e-03	-8.27976e-05	1.83609e-05	2.36443e-05	-5.25173e-01	-2.10069e-01	4.05115e-01	2.22492e-02	-1.21000e-01
-1.87730e-03	-8.24581e-05	1.83659e-05	2.28188e-05	-5.23506e-01	-2.09402e-01	4.08793e-01	2.14328e-02	-1.21000e-01
-1.87579e-03	-8.23745e-05	1.84277e-05	2.25580e-05	-5.21722e-01	-2.08688e-01	4.12388e-01	2.06314e-02	-1.21000e-01
-1.88100e-03	-8.25890e-05	1.85428e-05	2.28143e-05	-5.19826e-01	-2.07930e-01	4.15900e-01	1.98452e-02	-1.21000e-01
-1.87867e-03	-8.24686e-05	1.85996e-05	2.28818e-05	-5.18018e-01	-2.07206e-01	4.19329e-01	1.90745e-02	-1.21000e-01
-1.85944e-03	-8.16047e-05	1.84967e-05	2.21488e-05	-5.16526e-01	-2.06609e-01	4.22675e-01	1.83194e-02	-1.21000e-01
-1.83705e-03	-8.06046e-05	1.83515e-05	2.08453e-05	-5.15235e-01	-2.06093e-01	4.25939e-01	1.75801e-02	-1.21000e-01
-1.82901e-03	-8.02366e-05	1.83376e-05	1.97035e-05	-5.13843e-01	-2.05537e-01	4.29119e-01	1.68569e-02	-1.21000e-01
-1.82867e-03	-8.02074e-05	1.83974e-05	1.93938e-05	-5.12253e-01	-2.04900e-01	4.32216e-01	1.61499e-02	-1.21000e-01
-1.81774e-03	-7.97155e-05	1.83419e-05	2.01234e-05	-5.10593e-01	-2.04236e-01	4.35231e-01	1.54593e-02	-1.21000e-01
-1.78871e-03	-7.84321e-05	1.80928e-05	2.14175e-05	-5.09022e-01	-2.03608e-01	4.38163e-01	1.47852e-02	-1.21000e-01
-1.75261e-03	-7.68373e-05	1.77796e-05	2.26170e-05	-5.07623e-01	-2.03049e-01	4.41013e-01	1.41278e-02	-1.21000e-01
-1.72103e-03	-7.54353e-05	1.75341e-05	2.32942e-05	-5.06370e-01	-2.02547e-01	4.43781e-01	1.34871e-02	-1.21000e-01
-1.69326e-03	-7.42008e-05	1.73265e-05	2.31875e-05	-5.05107e-01	-2.02042e-01	4.46468e-01	1.28632e-02	-1.21000e-01
-1.65725e-03	-7.26108e-05	1.70082e-05	2.23108e-05	-5.03708e-01	-2.01482e-01	4.49074e-01	1.22562e-02	-1.21000e-01
-1.59590e-03	-6.99150e-05	1.64125e-05	2.10803e-05	-5.02276e-01	-2.00910e-01	4.51599e-01	1.16662e-02	-1.21000e-01
-1.50803e-03	-6.60588e-05	1.55372e-05	2.00142e-05	-5.01063e-01	-2.00424e-01	4.54044e-01	1.10933e-02	-1.21000e-01
-1.42155e-03	-6.22587e-05	1.46968e-05	1.93718e-05	-5.00169e-01	-2.00067e-01	4.56409e-01	1.05373e-02	-1.21000e-01
-1.37139e-03	-6.00481e-05	1.42365e-05	1.89581e-05	-4.99396e-01	-1.99758e-01	4.58695e-01	9.99845e-03	-1.21000e-01
-1.36228e-03	-5.96427e-05	1.41685e-05	1.83515e-05	-4.98479e-01	-1.99391e-01	4.60903e-01	9.47657e-03	-1.21000e-01
-1.37215e-03	-6.00745e-05	1.42730e-05	1.74721e-05	-4.97347e-01	-1.98938e-01	4.63034e-01	8.97167e-03	-1.21000e-01
-1.38215e-03	-6.05085e-05	1.43920e-05	1.66209e-05	-4.96102e-01	-1.98440e-01	4.65088e-01	8.48370e-03	-1.21000e-01
-1.38311e-03	-6.05375e-05	1.44584e-05	1.59879e-05	-4.94852e-01	-1.97940e-01	4.67067e-01	8.01258e-03	-1.21000e-01
-1.36404e-03	-5.96873e-05	1.43237e-05	1.54899e-05	-4.93611e-01	-1.97444e-01	4.68970e-01	7.55822e-03	-1.21000e-01
-1.32344e-03	-5.79007e-05	1.39377e-05	1.50630e-05	-4.92494e-01	-1.96997e-01	4.70800e-01	7.12050e-03	-1.21000e-01
-1.28849e-03	-5.63679e-05	1.35862e-05	1.48496e-05	-4.91598e-01	-1.96638e-01	4.72557e-01	6.69928e-03	-1.21000e-01
-1.28245e-03	-5.61028e-05	1.35268e-05	1.50637e-05	-4.90758e-01	-1.96303e-01	4.74242e-01	6.29441e-03	-1.21000e-01
-1.28668e-03	-5.62805e-05	1.36003e-05	1.57825e-05	-4.89891e-01	-1.95956e-01	4.75856e-01	5.90570e-03	-1.21000e-01
-1.27700e-03	-5.58465e-05	1.35431e-05	1.68088e-05	-4.89074e-01	-1.95629e-01	4.77402e-01	5.53297e-03	-1.21000e-01
-1.25644e-03	-5.49421e-05	1.33464e-05	1.77754e-05	-4.88303e-01	-1.95321e-01	4.78879e-01	5.17598e-03	-1.21000e-01
-1.23493e-03	-5.40005e-05	1.31220e-05	1.84320e-05	-4.87597e-01	-1.95038e-01	4.80289e-01	4.83450e-03	-1.21000e-01
-1.21444e-03	-5.31004e-05	1.29206e-05	1.87036e-05	-4.87011e-01	-1.94804e-01	4.81635e-01	4.50826e-03	-1.21000e-01
-1.20054e-03	-5.24857e-05	1.28018e-05	1.87136e-05	-4.86509e-01	-1.94603e-01	4.82916e-01	4.19699e-03	-1.21000e-01
-1.20025e-03	-5.24676e-05	1.28208e-05	1.87333e-05	-4.86029e-01	-1.94411e-01	4.84135e-01	3.90036e-03	-1.21000e-01
-1.21245e-03	-5.29974e-05	1.29657e-05	1.89724e-05	-4.85511e-01	-1.94204e-01	4.85294e-01	3.61806e-03	-1.21000e-01
-1.22618e-03	-5.35983e-05	1.31082e-05	1.93532e-05	-4.84959e-01	-1.93983e-01	4.86394e-01	3.34974e-03	-1.21000e-01
-1.23639e-03	-5.40415e-05	1.32317e-05	1.97794e-05	-4.84426e-01	-1.93770e-01	4.87437e-01	3.09502e-03	-1.21000e-01
-1.24398e-03	-5.43619e-05	1.33590e-05	2.03605e-05	-4.83894e-01	-1.93557e-01	4.88424e-01	2.85351e-03	-1.21000e-01
-1.24421e-03	-5.43667e-05	1.33822e-05	2.11639e-05	-4.83360e-01	-1.93343e-01	4.89358e-01	2.62479e-03	-1.21000e-01
-1.23222e-03	-5.38435e-05	1.32508e-05	2.20677e-05	-4.82769e-01	-1.93107e-01	4.90241e-01	2.40843e-03	-1.21000e-01
-1.21410e-03	-5.30549e-05	1.30430e-05	2.28719e-05	-4.82189e-01	-1.92875e-01	4.91074e-01	2.20398e-03	-1.21000e-01
-1.19647e-03	-5.22806e-05	1.28696e-05	2.34373e-05	-4.81634e-01	-1.92653e-01	4.91860e-01	2.01094e-03	-1.21000e-01
-1.17558e-03	-5.13624e-05	1.26660e-05	2.37693e-05	-4.81021e-01	-1.92408e-01	4.92600e-01	1.82883e-03	-1.21000e-01
-1.14572e-03	-5.00640e-05	1.23199e-05	2.39733e-05	-4.80522e-01	-1.92208e-01	4.93298e-01	1.65710e-03	-1.21000e-01
-1.10266e-03	-4.81624e-05	1.19373e-05	2.41798e-05	-4.79949e-01	-1.91979e-01	4.93955e-01	1.49523e-03	-1.21000e-01
-1.05085e-03	-4.59186e-05	1.12981e-05	2.44440e-05	-4.79518e-01	-1.91807e-01	4.94574e-01	1.34264e-03	-1.21000e-01
-9.94136e-04	-4.34066e-05	1.08259e-05	2.47398e-05	-4.79153e-01	-1.91661e-01	4.95157e-01	1.19875e-03	-1.21000e-01
-9.29435e-04	-4.06028e-05	1.00353e-05	2.50210e-05	-4.78682e-01	-1.91472e-01	4.95707e-01	1.06294e-03	-1.21000e-01
-8.63638e-04	-3.77075e-05	9.40958e-06	2.53239e-05	-4.78593e-01	-1.91437e-01	4.96227e-01	9.34588e-04	-1.21000e-01
-7.88889e-04	-3.44315e-05	8.64526e-06	2.57101e-05	-4.78004e-01	-1.91201e-01	4.96719e-01	8.13035e-04	-1.21000e-01
-7.05542e-04	-3.08313e-05	7.58004e-06	2.62311e-05	-4.78091e-01	-1.91236e-01	4.97185e-01	6.97609e-04	-1.21000e-01
-6.22986e-04	-2.71198e-05	7.11263e-06	2.68227e-05	-4.77659e-01	-1.91063e-01	4.97630e-01	5.87615e-04	-1.21000e-01
-5.10970e-04	-2.23844e-05	5.26513e-06	2.75862e-05	-4.77451e-01	-1.90980e-01	4.98055e-01	4.82334e-04	-1.21000e-01
-4.50968e-04	-1.94736e-05	5.78595e-06	2.83446e-05	-4.78037e-01	-1.91214e-01	4.98464e-01	3.81029e-04	-1.21000e-01
-3.39242e-04	-1.48447e-05	3.56280e-06	2.87421e-05	-4.76790e-01	-1.90716e-01	4.98860e-01	2.82939e-04	-1.21000e-01
-4.00641e-04	-1.72957e-05	5.15843e-06	2.95507e-05	-4.80987e-01	-1.92394e-01	4.99245e-01	1.87280e-04	-1.21000e-01
-6.71292e-04	-2.75830e-05	1.42703e-05	2.75449e-05	-4.80755e-01	-1.92301e-01	4.99624e-01	9.32506e-05	-1.21000e-01
-5.93709e-04	-3.54705e-05	-3.19666e-05	1.76531e-05	-4.85293e-01	-1.94116e-01	5.00000e-01	0.00000e+00	-1.21000e-01
