"Density"	"Momentum:0"	"Momentum:1"	"Momentum:2"	"StagnationEnergy"	"Pressure"	"Points:0"	"Points:1"	"Points:2"
1.91721e-02	-4.97530e-04	1.13533e-03	8.48446e-04	-4.72435e-01	-1.88998e-01	-5.00000e-01	0.00000e+00	0.00000e+00
3.52822e-03	2.60273e-04	1.96858e-04	2.40197e-04	-7.25968e-01	-2.90397e-01	-4.99947e-01	2.24938e-03	0.00000e+00
8.78002e-03	3.01461e-04	4.93079e-04	2.90677e-04	-6.47470e-01	-2.58998e-01	-4.99788e-01	4.49373e-03	0.00000e+00
1.46488e-02	3.53745e-04	8.22538e-04	2.96666e-04	-7.40500e-01	-2.96212e-01	-4.99521e-01	6.72789e-03	0.00000e+00
1.60347e-02	4.14745e-04	8.80693e-04	2.71710e-04	-7.72035e-01	-3.08827e-01	-4.99148e-01	8.94671e-03	0.00000e+00
1.80875e-02	4.49242e-04	9.81455e-04	2.65784e-04	-8.52229e-01	-3.40905e-01	-4.98669e-01	1.11452e-02	0.00000e+00
1.94135e-02	5.08615e-04	1.03053e-03	2.38159e-04	-9.41141e-01	-3.76471e-01	-4.98087e-01	1.33187e-02	0.00000e+00
1.99805e-02	5.39499e-04	1.03965e-03	2.24505e-04	-1.00559e+00	-4.02248e-01	-4.97406e-01	1.54629e-02	0.00000e+00
2.03579e-02	5.75081e-04	1.03436e-03	2.01130e-04	-1.09558e+00	-4.38246e-01	-4.96627e-01	1.75740e-02	0.00000e+00
2.02460e-02	5.97534e-04	1.00337e-03	1.85048e-04	-1.15592e+00	-4.62384e-01	-4.95802e-01	1.95479e-02	0.00000e+00
1.99788e-02	6.10356e-04	9.67522e-04	1.70896e-04	-1.21380e+00	-4.85533e-01	-4.94973e-01	2.13312e-02	0.00000e+00
1.95422e-02	6.18982e-04	9.23379e-04	1.56632e-04	-1.26306e+00	-5.05235e-01	-4.94137e-01	2.29754e-02	0.00000e+00
1.89956e-02	6.18891e-04	8.77276e-04	1.47163e-04	-1.29950e+00	-5.19812e-01	-4.93292e-01	2.45147e-02	0.00000e+00
1.84060e-02	6.16691e-04	8.30003e-04	1.35810e-04	-1.33558e+00	-5.34243e-01	-4.92435e-01	2.59730e-02	0.00000e+00
1.77209e-02	6.08102e-04	7.80814e-04	1.27268e-04	-1.36144e+00	-5.44587e-01	-4.91561e-01	2.73679e-02	0.00000e+00
1.70080e-02	5.96558e-04	7.32173e-04	1.18168e-04	-1.38483e+00	-5.53943e-01	-4.90669e-01	2.87129e-02	0.00000e+00
1.62590e-02	5.81690e-04	6.83873e-04	1.09543e-04	-1.40344e+00	-5.61386e-01	-4.89756e-01	3.00185e-02	0.00000e+00
1.54640e-02	5.63046e-04	6.35702e-04	1.01186e-04	-1.41721e+00	-5.66892e-01	-4.88819e-01	3.12928e-02	0.00000e+00
1.46591e-02	5.42012e-04	5.89238e-04	9.21924e-05	-1.42875e+00	-5.71510e-01	-4.87855e-01	3.25427e-02	0.00000e+00
1.38251e-02	5.17970e-04	5.43754e-04	8.26667e-05	-1.43629e+00	-5.74523e-01	-4.86861e-01	3.37735e-02	0.00000e+00
1.29900e-02	4.91776e-04	5.00630e-04	7.20887e-05	-1.44113e+00	-5.76460e-01	-4.85836e-01	3.49897e-02	0.00000e+00
1.21550e-02	4.63966e-04	4.59640e-04	6.08153e-05	-1.44337e+00	-5.77353e-01	-4.84776e-01	3.61949e-02	0.00000e+00
1.13226e-02	4.34926e-04	4.20692e-04	4.93883e-05	-1.44274e+00	-5.77102e-01	-4.83680e-01	3.73921e-02	0.00000e+00
1.04757e-02	4.04071e-04	3.83157e-04	3.75364e-05	-1.44030e+00	-5.76124e-01	-4.82544e-01	3.85838e-02	0.00000e+00
9.59781e-03	3.70720e-04	3.46585e-04	2.46960e-05	-1.43586e+00	-5.74349e-01	-4.81368e-01	3.97721e-02	0.00000e+00
8.70096e-03	3.35100e-04	3.11787e-04	9.85834e-06	-1.43001e+00	-5.72008e-01	-4.80148e-01	4.09584e-02	0.00000e+00
7.82449e-03	2.98805e-04	2.80221e-04	-7.21908e-06	-1.42295e+00	-5.69184e-01	-4.78883e-01	4.21442e-02	0.00000e+00
7.03757e-03	2.64939e-04	2.53920e-04	-2.56324e-05	-1.41493e+00	-5.65976e-01	-4.77570e-01	4.33304e-02	0.00000e+00
6.38697e-03	2.36148e-04	2.33524e-04	-4.34612e-05	-1.40656e+00	-5.62629e-01	-4.76208e-01	4.45179e-02	0.00000e+00
5.87078e-03	2.13308e-04	2.17678e-04	-5.83820e-05	-1.39828e+00	-5.59317e-01	-4.74795e-01	4.57072e-02	0.00000e+00
5.43727e-03	1.95006e-04	2.03646e-04	-6.86769e-05	-1.39075e+00	-5.56303e-01	-4.73328e-01	4.68987e-02	0.00000e+00
5.00267e-03	1.78132e-04	1.88172e-04	-7.35974e-05	-1.38438e+00	-5.53756e-01	-4.71807e-01	4.80926e-02	0.00000e+00
4.50255e-03	1.59890e-04	1.69310e-04	-7.34979e-05	-1.37937e+00	-5.51751e-01	-4.70230e-01	4.92891e-02	0.00000e+00
3.91299e-03	1.38886e-04	1.46784e-04	-6.94883e-05	-1.37574e+00	-5.50299e-01	-4.68595e-01	5.04880e-02	0.00000e+00
3.25818e-03	1.15630e-04	1.21940e-04	-6.29633e-05	-1.37334e+00	-5.49337e-01	-4.66900e-01	5.16893e-02	0.00000e+00
2.59479e-03	9.20239e-05	9.70215e-05	-5.51077e-05	-1.37202e+00	-5.48809e-01	-4.65144e-01	5.28928e-02	0.00000e+00
1.98699e-03	7.03959e-05	7.43143e-05	-4.67107e-05	-1.37161e+00	-5.48646e-01	-4.63325e-01	5.40980e-02	0.00000e+00
1.47485e-03	5.22847e-05	5.50750e-05	-3.80850e-05	-1.37192e+00	-5.48769e-01	-4.61443e-01	5.53047e-02	0.00000e+00
1.06929e-03	3.81837e-05	3.94789e-05	-2.93486e-05	-1.37277e+00	-5.49110e-01	-4.59496e-01	5.65123e-02	0.00000e+00
7.57507e-04	2.76010e-05	2.70432e-05	-2.06894e-05	-1.37402e+00	-5.49610e-01	-4.57483e-01	5.77204e-02	0.00000e+00
5.12701e-04	1.93999e-05	1.70425e-05	-1.22521e-05	-1.37566e+00	-5.50263e-01	-4.55402e-01	5.89284e-02	0.00000e+00
3.08110e-04	1.25056e-05	8.68952e-06	-3.97813e-06	-1.37755e+00	-5.51019e-01	-4.53253e-01	6.01356e-02	0.00000e+00
1.32168e-04	6.62134e-06	1.34924e-06	4.22862e-06	-1.37932e+00	-5.51730e-01	-4.51034e-01	6.13415e-02	0.00000e+00
3.99069e-06	2.66876e-06	-4.73503e-06	1.25033e-05	-1.38068e+00	-5.52282e-01	-4.48745e-01	6.25454e-02	0.00000e+00
-4.90960e-05	1.79916e-06	-8.93306e-06	2.10529e-05	-1.38170e+00	-5.52679e-01	-4.46384e-01	6.37464e-02	0.00000e+00
-2.86732e-05	3.99954e-06	-1.14516e-05	3.00133e-05	-1.38292e+00	-5.53162e-01	-4.43951e-01	6.49440e-02	0.00000e+00
3.47033e-05	8.02634e-06	-1.31788e-05	3.91556e-05	-1.38509e+00	-5.54047e-01	-4.41446e-01	6.61374e-02	0.00000e+00
1.20248e-04	1.28430e-05	-1.42983e-05	4.76079e-05	-1.38873e+00	-5.55496e-01	-4.38866e-01	6.73258e-02	0.00000e+00
2.36591e-04	1.85417e-05	-1.39764e-05	5.38819e-05	-1.39365e+00	-5.57462e-01	-4.36212e-01	6.85084e-02	0.00000e+00
3.97938e-04	2.56641e-05	-1.16744e-05	5.66415e-05	-1.39932e+00	-5.59728e-01	-4.33483e-01	6.96844e-02	0.00000e+00
5.94349e-04	3.37834e-05	-7.51622e-06	5.50085e-05	-1.40513e+00	-5.62055e-01	-4.30678e-01	7.08530e-02	0.00000e+00
7.92096e-04	4.14748e-05	-2.16194e-06	4.93890e-05	-1.41047e+00	-5.64189e-01	-4.27797e-01	7.20134e-02	0.00000e+00
9.36721e-04	4.66619e-05	2.70489e-06	4.16409e-05	-1.41573e+00	-5.66295e-01	-4.24839e-01	7.31648e-02	0.00000e+00
1.00135e-03	4.84498e-05	5.93876e-06	3.40732e-05	-1.42121e+00	-5.68483e-01	-4.21805e-01	7.43064e-02	0.00000e+00
1.04157e-03	4.94840e-05	8.00227e-06	2.83924e-05	-1.42680e+00	-5.70719e-01	-4.18693e-01	7.54372e-02	0.00000e+00
1.13030e-03	5.30270e-05	9.93592e-06	2.53740e-05	-1.43372e+00	-5.73489e-01	-4.15503e-01	7.65566e-02	0.00000e+00
1.26975e-03	5.90385e-05	1.20453e-05	2.32205e-05	-1.44290e+00	-5.77160e-01	-4.12235e-01	7.76637e-02	0.00000e+00
1.36780e-03	6.30080e-05	1.41053e-05	1.87802e-05	-1.45430e+00	-5.81720e-01	-4.08890e-01	7.87577e-02	0.00000e+00
1.27234e-03	5.82786e-05	1.35990e-05	1.43928e-05	-1.46680e+00	-5.86722e-01	-4.05465e-01	7.98378e-02	0.00000e+00
9.24598e-04	4.27580e-05	8.11713e-06	1.63221e-05	-1.47852e+00	-5.91410e-01	-4.01963e-01	8.09031e-02	0.00000e+00
4.99194e-04	2.41997e-05	2.66839e-07	2.44583e-05	-1.48915e+00	-5.95662e-01	-3.98382e-01	8.19528e-02	0.00000e+00
1.17160e-04	7.61178e-06	-7.00133e-06	3.46164e-05	-1.49945e+00	-5.99782e-01	-3.94723e-01	8.29863e-02	0.00000e+00
-3.20013e-04	-1.15828e-05	-1.43979e-05	4.39412e-05	-1.50820e+00	-6.03280e-01	-3.90985e-01	8.40026e-02	0.00000e+00
-8.77923e-04	-3.65277e-05	-2.18601e-05	4.99051e-05	-1.51325e+00	-6.05300e-01	-3.87169e-01	8.50011e-02	0.00000e+00
-1.49486e-03	-6.44052e-05	-2.86167e-05	5.38159e-05	-1.51466e+00	-6.05863e-01	-3.83274e-01	8.59809e-02	0.00000e+00
-2.10634e-03	-9.16675e-05	-3.65092e-05	6.42809e-05	-1.50597e+00	-6.02388e-01	-3.79302e-01	8.69414e-02	0.00000e+00
-2.52259e-03	-1.09678e-04	-4.41258e-05	8.41208e-05	-1.47789e+00	-5.91153e-01	-3.75251e-01	8.78818e-02	0.00000e+00
-2.71026e-03	-1.17675e-04	-4.81809e-05	1.01915e-04	-1.43410e+00	-5.73639e-01	-3.71124e-01	8.88014e-02	0.00000e+00
-2.74591e-03	-1.18799e-04	-5.09748e-05	1.24309e-04	-1.37782e+00	-5.51126e-01	-3.66919e-01	8.96995e-02	0.00000e+00
-2.23702e-03	-9.40653e-05	-5.53484e-05	1.71565e-04	-1.30481e+00	-5.21921e-01	-3.62637e-01	9.05755e-02	0.00000e+00
-1.29512e-03	-5.01145e-05	-5.52864e-05	2.16943e-04	-1.22919e+00	-4.91668e-01	-3.58278e-01	9.14286e-02	0.00000e+00
-8.62525e-04	-3.12572e-05	-4.95256e-05	2.15931e-04	-1.16485e+00	-4.65929e-01	-3.53844e-01	9.22583e-02	0.00000e+00
-7.43743e-04	-2.74167e-05	-4.15841e-05	1.87289e-04	-1.09718e+00	-4.38862e-01	-3.49334e-01	9.30638e-02	0.00000e+00
1.20252e-04	1.03371e-05	-2.85471e-05	1.60300e-04	-1.02507e+00	-4.10071e-01	-3.44749e-01	9.38447e-02	0.00000e+00
1.46935e-03	6.97303e-05	-9.85598e-06	1.18724e-04	-9.61180e-01	-3.84475e-01	-3.40089e-01	9.46003e-02	0.00000e+00
2.65569e-03	1.21804e-04	7.59069e-06	6.79346e-05	-9.02716e-01	-3.61088e-01	-3.35355e-01	9.53301e-02	0.00000e+00
3.65127e-03	1.66058e-04	1.84637e-05	3.69074e-05	-8.52625e-01	-3.41052e-01	-3.30549e-01	9.60336e-02	0.00000e+00
4.34218e-03	1.96966e-04	2.41395e-05	2.05177e-05	-8.19141e-01	-3.27658e-01	-3.25669e-01	9.67102e-02	0.00000e+00
4.71888e-03	2.13366e-04	3.00630e-05	-6.28420e-06	-7.96290e-01	-3.18518e-01	-3.20718e-01	9.73595e-02	0.00000e+00
5.08295e-03	2.29239e-04	3.59364e-05	-4.11566e-05	-7.77595e-01	-3.11040e-01	-3.15695e-01	9.79810e-02	0.00000e+00
5.51559e-03	2.48574e-04	3.94607e-05	-6.44493e-05	-7.63607e-01	-3.05445e-01	-3.10602e-01	9.85742e-02	0.00000e+00
5.78014e-03	2.60498e-04	4.03421e-05	-7.37225e-05	-7.55265e-01	-3.02108e-01	-3.05440e-01	9.91388e-02	0.00000e+00
5.80228e-03	2.61608e-04	3.84379e-05	-7.47704e-05	-7.50917e-01	-3.00370e-01	-3.00208e-01	9.96744e-02	0.00000e+00
5.67921e-03	2.56229e-04	3.48678e-05	-7.09335e-05	-7.48044e-01	-2.99220e-01	-2.94909e-01	1.00181e-01	0.00000e+00
5.56875e-03	2.51371e-04	3.17537e-05	-6.72423e-05	-7.44993e-01	-2.98000e-01	-2.89543e-01	1.00657e-01	0.00000e+00
5.47714e-03	2.47322e-04	2.91452e-05	-6.45820e-05	-7.41815e-01	-2.96728e-01	-2.84111e-01	1.01104e-01	0.00000e+00
5.30506e-03	2.39681e-04	2.54451e-05	-5.41335e-05	-7.39512e-01	-2.95807e-01	-2.78613e-01	1.01520e-01	0.00000e+00
5.14536e-03	2.32678e-04	2.03760e-05	-3.33572e-05	-7.38322e-01	-2.95331e-01	-2.73052e-01	1.01905e-01	0.00000e+00
5.16911e-03	2.33901e-04	1.65836e-05	-1.69801e-05	-7.40036e-01	-2.96017e-01	-2.67428e-01	1.02260e-01	0.00000e+00
5.21227e-03	2.35836e-04	1.52970e-05	-1.64654e-05	-7.45350e-01	-2.98142e-01	-2.61741e-01	1.02584e-01	0.00000e+00
5.10675e-03	2.31017e-04	1.41067e-05	-2.18515e-05	-7.50125e-01	-3.00052e-01	-2.55994e-01	1.02877e-01	0.00000e+00
5.01361e-03	2.26792e-04	1.23015e-05	-2.05456e-05	-7.52374e-01	-3.00952e-01	-2.50187e-01	1.03139e-01	0.00000e+00
5.03228e-03	2.27638e-04	1.02795e-05	-1.39950e-05	-7.51941e-01	-3.00779e-01	-2.44322e-01	1.03369e-01	0.00000e+00
5.05259e-03	2.28542e-04	8.41161e-06	-8.98928e-06	-7.51335e-01	-3.00536e-01	-2.38399e-01	1.03568e-01	0.00000e+00
4.97233e-03	2.24873e-04	6.99851e-06	-9.05413e-06	-7.54702e-01	-3.01883e-01	-2.32419e-01	1.03735e-01	0.00000e+00
4.81687e-03	2.17793e-04	5.99584e-06	-1.26151e-05	-7.58502e-01	-3.03403e-01	-2.26385e-01	1.03871e-01	0.00000e+00
4.64826e-03	2.10129e-04	4.64893e-06	-1.29583e-05	-7.59259e-01	-3.03706e-01	-2.20297e-01	1.03976e-01	0.00000e+00
4.48374e-03	2.02653e-04	3.11007e-06	-8.61895e-06	-7.58543e-01	-3.03419e-01	-2.14157e-01	1.04048e-01	0.00000e+00
4.40056e-03	1.98850e-04	1.93422e-06	-7.89349e-06	-7.56487e-01	-3.02597e-01	-2.07965e-01	1.04090e-01	0.00000e+00
4.36724e-03	1.97298e-04	1.53215e-06	-1.67294e-05	-7.57503e-01	-3.03003e-01	-2.01723e-01	1.04100e-01	0.00000e+00
4.19947e-03	1.89683e-04	1.93286e-06	-3.07137e-05	-7.62265e-01	-3.04908e-01	-1.95433e-01	1.04079e-01	0.00000e+00
4.03224e-03	1.82102e-04	1.81747e-06	-3.93633e-05	-7.61090e-01	-3.04438e-01	-1.89096e-01	1.04027e-01	0.00000e+00
4.02539e-03	1.81755e-04	7.22682e-07	-3.91533e-05	-7.55952e-01	-3.02383e-01	-1.82713e-01	1.03944e-01	0.00000e+00
3.90379e-03	1.76230e-04	-2.26948e-08	-4.04773e-05	-7.55074e-01	-3.02031e-01	-1.76285e-01	1.03830e-01	0.00000e+00
3.52913e-03	1.59304e-04	1.05428e-07	-4.85020e-05	-7.53096e-01	-3.01240e-01	-1.69815e-01	1.03685e-01	0.00000e+00
3.16469e-03	1.42843e-04	5.72894e-08	-5.50751e-05	-7.46825e-01	-2.98731e-01	-1.63302e-01	1.03511e-01	0.00000e+00
2.86385e-03	1.29257e-04	-4.08475e-08	-5.86482e-05	-7.42309e-01	-2.96925e-01	-1.56750e-01	1.03306e-01	0.00000e+00
2.50800e-03	1.13203e-04	1.88657e-07	-6.36575e-05	-7.37962e-01	-2.95186e-01	-1.50160e-01	1.03071e-01	0.00000e+00
2.22792e-03	1.00567e-04	2.72246e-07	-6.58643e-05	-7.28937e-01	-2.91576e-01	-1.43532e-01	1.02807e-01	0.00000e+00
2.16231e-03	9.75819e-05	-3.47291e-07	-6.26323e-05	-7.18791e-01	-2.87517e-01	-1.36868e-01	1.02514e-01	0.00000e+00
2.18259e-03	9.84733e-05	-9.11653e-07	-6.21914e-05	-7.11369e-01	-2.84549e-01	-1.30170e-01	1.02192e-01	0.00000e+00
2.16759e-03	9.77886e-05	-1.13636e-06	-6.75131e-05	-7.05466e-01	-2.82188e-01	-1.23440e-01	1.01842e-01	0.00000e+00
2.16928e-03	9.78502e-05	-1.47448e-06	-7.07510e-05	-6.99057e-01	-2.79624e-01	-1.16679e-01	1.01463e-01	0.00000e+00
2.23026e-03	1.00560e-04	-2.28277e-06	-6.87612e-05	-6.92508e-01	-2.77004e-01	-1.09888e-01	1.01057e-01	0.00000e+00
2.24716e-03	1.01284e-04	-2.95001e-06	-6.76296e-05	-6.88469e-01	-2.75389e-01	-1.03070e-01	1.00623e-01	0.00000e+00
2.13969e-03	9.64382e-05	-2.89348e-06	-6.89699e-05	-6.85355e-01	-2.74143e-01	-9.62251e-02	1.00163e-01	0.00000e+00
1.98128e-03	8.92841e-05	-2.94649e-06	-6.92626e-05	-6.79877e-01	-2.71952e-01	-8.93556e-02	9.96758e-02	0.00000e+00
1.81188e-03	8.16619e-05	-2.60186e-06	-7.09217e-05	-6.74181e-01	-2.69674e-01	-8.24630e-02	9.91631e-02	0.00000e+00
1.64091e-03	7.39633e-05	-2.34058e-06	-7.48660e-05	-6.69076e-01	-2.67632e-01	-7.55489e-02	9.86248e-02	0.00000e+00
1.52438e-03	6.87125e-05	-2.23373e-06	-7.40596e-05	-6.62871e-01	-2.65150e-01	-6.86151e-02	9.80616e-02	0.00000e+00
1.49424e-03	6.73060e-05	-2.82466e-06	-6.48721e-05	-6.54692e-01	-2.61878e-01	-6.16630e-02	9.74738e-02	0.00000e+00
1.45308e-03	6.53930e-05	-3.46714e-06	-5.23292e-05	-6.46066e-01	-2.58427e-01	-5.46944e-02	9.68621e-02	0.00000e+00
1.30771e-03	5.88207e-05	-3.48021e-06	-4.29588e-05	-6.37724e-01	-2.55091e-01	-4.77109e-02	9.62270e-02	0.00000e+00
1.12553e-03	5.06046e-05	-3.25228e-06	-3.83207e-05	-6.28233e-01	-2.51294e-01	-4.07142e-02	9.55689e-02	0.00000e+00
9.72142e-04	4.36992e-05	-2.91941e-06	-3.46344e-05	-6.19024e-01	-2.47610e-01	-3.37059e-02	9.48884e-02	0.00000e+00
7.81161e-04	3.51111e-05	-2.39502e-06	-2.91998e-05	-6.11180e-01	-2.44473e-01	-2.66877e-02	9.41861e-02	0.00000e+00
5.11587e-04	2.30083e-05	-1.44766e-06	-2.40466e-05	-6.03936e-01	-2.41575e-01	-1.96613e-02	9.34625e-02	0.00000e+00
2.51651e-04	1.13432e-05	-4.83800e-07	-2.00410e-05	-5.97609e-01	-2.39044e-01	-1.26283e-02	9.27182e-02	0.00000e+00
6.84425e-05	3.12420e-06	2.20314e-07	-1.34927e-05	-5.91247e-01	-2.36499e-01	-5.59053e-03	9.19538e-02	0.00000e+00
-2.29275e-05	-1.00324e-06	3.14883e-07	-2.87660e-06	-5.83202e-01	-2.33281e-01	1.45046e-03	9.11698e-02	0.00000e+00
-3.98484e-05	-1.78969e-06	1.39784e-07	7.38453e-06	-5.74865e-01	-2.29946e-01	8.49295e-03	9.03668e-02	0.00000e+00
-1.12193e-04	-5.05126e-06	2.90995e-07	1.36288e-05	-5.68558e-01	-2.27423e-01	1.55352e-02	8.95454e-02	0.00000e+00
-3.31051e-04	-1.48325e-05	1.47593e-06	1.71308e-05	-5.62940e-01	-2.25176e-01	2.25756e-02	8.87062e-02	0.00000e+00
-5.24121e-04	-2.34636e-05	2.49803e-06	1.93775e-05	-5.55397e-01	-2.22158e-01	2.96124e-02	8.78498e-02	0.00000e+00
-4.68086e-04	-2.09471e-05	2.29788e-06	1.88279e-05	-5.47268e-01	-2.18907e-01	3.66440e-02	8.69767e-02	0.00000e+00
-1.67489e-04	-7.51178e-06	6.93462e-07	1.54646e-05	-5.40859e-01	-2.16343e-01	4.36686e-02	8.60876e-02	0.00000e+00
1.92906e-04	8.58284e-06	-1.33236e-06	1.31373e-05	-5.37592e-01	-2.15037e-01	5.06846e-02	8.51831e-02	0.00000e+00
4.52023e-04	2.01459e-05	-2.85187e-06	1.39100e-05	-5.36788e-01	-2.14716e-01	5.76902e-02	8.42638e-02	0.00000e+00
5.56654e-04	2.47978e-05	-3.58944e-06	1.55349e-05	-5.36286e-01	-2.14515e-01	6.46838e-02	8.33302e-02	0.00000e+00
4.85746e-04	2.16287e-05	-3.20165e-06	1.65694e-05	-5.36237e-01	-2.14495e-01	7.16638e-02	8.23830e-02	0.00000e+00
2.47874e-04	1.10129e-05	-1.80428e-06	1.73408e-05	-5.36241e-01	-2.14497e-01	7.86284e-02	8.14227e-02	0.00000e+00
-2.92678e-05	-1.34232e-06	-8.50845e-08	1.60834e-05	-5.34914e-01	-2.13964e-01	8.55760e-02	8.04500e-02	0.00000e+00
-2.14703e-04	-9.58936e-06	1.20394e-06	1.09108e-05	-5.33231e-01	-2.13292e-01	9.25050e-02	7.94654e-02	0.00000e+00
-3.41283e-04	-1.52015e-05	2.20101e-06	3.76403e-06	-5.32435e-01	-2.12974e-01	9.94136e-02	7.84696e-02	0.00000e+00
-4.64557e-04	-2.06707e-05	3.14230e-06	-1.83437e-06	-5.31354e-01	-2.12541e-01	1.06300e-01	7.74631e-02	0.00000e+00
-5.02461e-04	-2.23532e-05	3.42318e-06	-5.27223e-06	-5.28874e-01	-2.11549e-01	1.13163e-01	7.64465e-02	0.00000e+00
-3.92476e-04	-1.74457e-05	2.76852e-06	-9.19556e-06	-5.26811e-01	-2.10724e-01	1.20001e-01	7.54205e-02	0.00000e+00
-2.42439e-04	-1.07435e-05	1.92443e-06	-1.52092e-05	-5.27105e-01	-2.10842e-01	1.26812e-01	7.43855e-02	0.00000e+00
-1.90056e-04	-8.39838e-06	1.65938e-06	-2.09119e-05	-5.28942e-01	-2.11576e-01	1.33595e-01	7.33422e-02	0.00000e+00
-2.32183e-04	-1.02695e-05	1.96031e-06	-2.26031e-05	-5.30608e-01	-2.12243e-01	1.40347e-01	7.22911e-02	0.00000e+00
-2.98106e-04	-1.32075e-05	2.37213e-06	-2.01458e-05	-5.31431e-01	-2.12572e-01	1.47068e-01	7.12329e-02	0.00000e+00
-3.72734e-04	-1.65267e-05	2.88070e-06	-1.71006e-05	-5.31482e-01	-2.12593e-01	1.53756e-01	7.01680e-02	0.00000e+00
-4.60956e-04	-2.04458e-05	3.51332e-06	-1.49233e-05	-5.30620e-01	-2.12248e-01	1.60408e-01	6.90971e-02	0.00000e+00
-5.26499e-04	-2.33570e-05	3.98558e-06	-1.23851e-05	-5.29227e-01	-2.11690e-01	1.67025e-01	6.80206e-02	0.00000e+00
-5.46231e-04	-2.42313e-05	4.13924e-06	-1.06978e-05	-5.28485e-01	-2.11394e-01	1.73604e-01	6.69393e-02	0.00000e+00
-5.49726e-04	-2.43794e-05	4.20488e-06	-1.15143e-05	-5.28672e-01	-2.11468e-01	1.80143e-01	6.58536e-02	0.00000e+00
-5.56145e-04	-2.46571e-05	4.29396e-06	-1.26810e-05	-5.28925e-01	-2.11570e-01	1.86641e-01	6.47640e-02	0.00000e+00
-5.63913e-04	-2.49957e-05	4.38610e-06	-1.19057e-05	-5.28950e-01	-2.11580e-01	1.93097e-01	6.36711e-02	0.00000e+00
-5.91557e-04	-2.62170e-05	4.62275e-06	-1.01596e-05	-5.29025e-01	-2.11610e-01	1.99509e-01	6.25755e-02	0.00000e+00
-6.25391e-04	-2.77120e-05	4.91193e-06	-8.76826e-06	-5.28726e-01	-2.11490e-01	2.05876e-01	6.14776e-02	0.00000e+00
-5.94639e-04	-2.63465e-05	4.68544e-06	-7.33152e-06	-5.27988e-01	-2.11195e-01	2.12196e-01	6.03781e-02	0.00000e+00
-4.94469e-04	-2.19029e-05	3.92554e-06	-5.64907e-06	-5.28151e-01	-2.11260e-01	2.18468e-01	5.92774e-02	0.00000e+00
-4.17591e-04	-1.84916e-05	3.34806e-06	-4.56469e-06	-5.29682e-01	-2.11873e-01	2.24691e-01	5.81760e-02	0.00000e+00
-4.13430e-04	-1.83042e-05	3.33181e-06	-4.45402e-06	-5.31391e-01	-2.12556e-01	2.30862e-01	5.70745e-02	0.00000e+00
-4.44707e-04	-1.96864e-05	3.59766e-06	-4.76144e-06	-5.32653e-01	-2.13061e-01	2.36981e-01	5.59734e-02	0.00000e+00
-4.92549e-04	-2.17993e-05	4.01106e-06	-5.02171e-06	-5.33739e-01	-2.13496e-01	2.43047e-01	5.48732e-02	0.00000e+00
-5.64698e-04	-2.49863e-05	4.63187e-06	-4.98810e-06	-5.34506e-01	-2.13802e-01	2.49057e-01	5.37743e-02	0.00000e+00
-6.37449e-04	-2.82002e-05	5.25576e-06	-4.45662e-06	-5.34908e-01	-2.13963e-01	2.55012e-01	5.26773e-02	0.00000e+00
-6.91738e-04	-3.05966e-05	5.73104e-06	-3.61235e-06	-5.35519e-01	-2.14208e-01	2.60908e-01	5.15827e-02	0.00000e+00
-7.43057e-04	-3.28592e-05	6.19516e-06	-3.10306e-06	-5.36345e-01	-2.14538e-01	2.66746e-01	5.04910e-02	0.00000e+00
-7.88224e-04	-3.48479e-05	6.61720e-06	-3.58259e-06	-5.36876e-01	-2.14750e-01	2.72525e-01	4.94026e-02	0.00000e+00
-8.09379e-04	-3.57729e-05	6.84872e-06	-4.92750e-06	-5.37347e-01	-2.14939e-01	2.78241e-01	4.83180e-02	0.00000e+00
-8.23380e-04	-3.63815e-05	7.01997e-06	-6.04402e-06	-5.38086e-01	-2.15234e-01	2.83896e-01	4.72376e-02	0.00000e+00
-8.51091e-04	-3.75971e-05	7.30174e-06	-6.17299e-06	-5.38762e-01	-2.15504e-01	2.89487e-01	4.61621e-02	0.00000e+00
-8.81376e-04	-3.89260e-05	7.60718e-06	-5.79686e-06	-5.39212e-01	-2.15685e-01	2.95014e-01	4.50917e-02	0.00000e+00
-9.10379e-04	-4.01979e-05	7.90322e-06	-5.68971e-06	-5.39645e-01	-2.15858e-01	3.00474e-01	4.40271e-02	0.00000e+00
-9.54373e-04	-4.21308e-05	8.33393e-06	-6.01513e-06	-5.40073e-01	-2.16029e-01	3.05868e-01	4.29685e-02	0.00000e+00
-1.01539e-03	-4.48142e-05	8.91793e-06	-6.61925e-06	-5.40400e-01	-2.16160e-01	3.11195e-01	4.19165e-02	0.00000e+00
-1.07672e-03	-4.75095e-05	9.51263e-06	-7.32777e-06	-5.40681e-01	-2.16272e-01	3.16452e-01	4.08715e-02	0.00000e+00
-1.12544e-03	-4.96477e-05	1.00024e-05	-7.60863e-06	-5.40989e-01	-2.16395e-01	3.21640e-01	3.98340e-02	0.00000e+00
-1.16110e-03	-5.12093e-05	1.03746e-05	-6.76520e-06	-5.41256e-01	-2.16502e-01	3.26757e-01	3.88043e-02	0.00000e+00
-1.18626e-03	-5.23080e-05	1.06532e-05	-4.96315e-06	-5.41377e-01	-2.16550e-01	3.31802e-01	3.77829e-02	0.00000e+00
-1.21174e-03	-5.34208e-05	1.09359e-05	-3.23216e-06	-5.41358e-01	-2.16543e-01	3.36775e-01	3.67702e-02	0.00000e+00
-1.25042e-03	-5.51134e-05	1.13463e-05	-2.25571e-06	-5.41268e-01	-2.16507e-01	3.41675e-01	3.57666e-02	0.00000e+00
-1.30167e-03	-5.73586e-05	1.18771e-05	-1.99075e-06	-5.41126e-01	-2.16450e-01	3.46500e-01	3.47726e-02	0.00000e+00
-1.35243e-03	-5.95826e-05	1.24019e-05	-1.98510e-06	-5.40961e-01	-2.16384e-01	3.51251e-01	3.37884e-02	0.00000e+00
-1.39486e-03	-6.14385e-05	1.28558e-05	-1.57836e-06	-5.40761e-01	-2.16304e-01	3.55926e-01	3.28146e-02	0.00000e+00
-1.43159e-03	-6.30423e-05	1.32599e-05	-5.50040e-07	-5.40432e-01	-2.16172e-01	3.60525e-01	3.18514e-02	0.00000e+00
-1.46793e-03	-6.46279e-05	1.36661e-05	4.24668e-07	-5.39936e-01	-2.15974e-01	3.65047e-01	3.08993e-02	0.00000e+00
-1.50339e-03	-6.61740e-05	1.40680e-05	5.16819e-07	-5.39280e-01	-2.15711e-01	3.69491e-01	2.99587e-02	0.00000e+00
-1.53191e-03	-6.74145e-05	1.44032e-05	-3.10132e-07	-5.38543e-01	-2.15417e-01	3.73856e-01	2.90298e-02	0.00000e+00
-1.55698e-03	-6.85019e-05	1.47126e-05	-1.23934e-06	-5.37871e-01	-2.15148e-01	3.78144e-01	2.81130e-02	0.00000e+00
-1.59160e-03	-7.00087e-05	1.51156e-05	-1.39283e-06	-5.37184e-01	-2.14873e-01	3.82352e-01	2.72087e-02	0.00000e+00
-1.63488e-03	-7.18981e-05	1.55947e-05	-6.26474e-07	-5.36314e-01	-2.14525e-01	3.86480e-01	2.63171e-02	0.00000e+00
-1.67239e-03	-7.35327e-05	1.60213e-05	6.00537e-07	-5.35270e-01	-2.14107e-01	3.90528e-01	2.54387e-02	0.00000e+00
-1.69086e-03	-7.43297e-05	1.62674e-05	1.76961e-06	-5.34166e-01	-2.13666e-01	3.94495e-01	2.45737e-02	0.00000e+00
-1.69105e-03	-7.43218e-05	1.63422e-05	2.45307e-06	-5.33104e-01	-2.13241e-01	3.98382e-01	2.37225e-02	0.00000e+00
-1.68659e-03	-7.41105e-05	1.63679e-05	2.42230e-06	-5.32027e-01	-2.12810e-01	4.02187e-01	2.28852e-02	0.00000e+00
-1.69097e-03	-7.42885e-05	1.64763e-05	1.94031e-06	-5.30772e-01	-2.12308e-01	4.05911e-01	2.20622e-02	0.00000e+00
-1.70074e-03	-7.46998e-05	1.66511e-05	1.54005e-06	-5.29319e-01	-2.11727e-01	4.09553e-01	2.12538e-02	0.00000e+00
-1.70299e-03	-7.47821e-05	1.67481e-05	1.45760e-06	-5.27812e-01	-2.11124e-01	4.13113e-01	2.04602e-02	0.00000e+00
-1.69912e-03	-7.45996e-05	1.67660e-05	1.41624e-06	-5.26430e-01	-2.10571e-01	4.16591e-01	1.96816e-02	0.00000e+00
-1.70279e-03	-7.47474e-05	1.68617e-05	7.90997e-07	-5.25152e-01	-2.10060e-01	4.19987e-01	1.89183e-02	0.00000e+00
-1.71280e-03	-7.51689e-05	1.70397e-05	-4.04804e-07	-5.23905e-01	-2.09561e-01	4.23302e-01	1.81705e-02	0.00000e+00
-1.72645e-03	-7.57508e-05	1.72518e-05	-9.60771e-07	-5.22764e-01	-2.09105e-01	4.26534e-01	1.74383e-02	0.00000e+00
-1.75584e-03	-7.70261e-05	1.76071e-05	-2.24093e-07	-5.21637e-01	-2.08654e-01	4.29684e-01	1.67221e-02	0.00000e+00
-1.79737e-03	-7.88378e-05	1.80670e-05	8.14750e-07	-5.20343e-01	-2.08136e-01	4.32752e-01	1.60218e-02	0.00000e+00
-1.82827e-03	-8.01828e-05	1.84236e-05	1.20204e-06	-5.18952e-01	-2.07580e-01	4.35738e-01	1.53378e-02	0.00000e+00
-1.84519e-03	-8.09104e-05	1.86576e-05	1.02550e-06	-5.17536e-01	-2.07014e-01	4.38642e-01	1.46701e-02	0.00000e+00
-1.86544e-03	-8.17823e-05	1.89303e-05	6.75386e-07	-5.15981e-01	-2.06392e-01	4.41466e-01	1.40189e-02	0.00000e+00
-1.89547e-03	-8.30841e-05	1.93003e-05	3.37336e-07	-5.14287e-01	-2.05714e-01	4.44208e-01	1.33842e-02	0.00000e+00
-1.92810e-03	-8.45016e-05	1.96870e-05	-9.84946e-08	-5.12586e-01	-2.05034e-01	4.46870e-01	1.27662e-02	0.00000e+00
-1.94744e-03	-8.53381e-05	1.99315e-05	-9.47713e-07	-5.10838e-01	-2.04334e-01	4.49451e-01	1.21649e-02	0.00000e+00
-1.92881e-03	-8.45082e-05	1.97985e-05	-2.08354e-06	-5.09075e-01	-2.03629e-01	4.51953e-01	1.15804e-02	0.00000e+00
-1.87272e-03	-8.20352e-05	1.92897e-05	-2.89040e-06	-5.07531e-01	-2.03011e-01	4.54375e-01	1.10127e-02	0.00000e+00
-1.82112e-03	-7.97625e-05	1.88104e-05	-3.23057e-06	-5.06136e-01	-2.02454e-01	4.56719e-01	1.04619e-02	0.00000e+00
-1.79640e-03	-7.86708e-05	1.85923e-05	-3.51444e-06	-5.04614e-01	-2.01845e-01	4.58985e-01	9.92792e-03	0.00000e+00
-1.77873e-03	-7.78883e-05	1.84462e-05	-3.77817e-06	-5.02995e-01	-2.01197e-01	4.61173e-01	9.41078e-03	0.00000e+00
-1.75060e-03	-7.66481e-05	1.81912e-05	-3.67693e-06	-5.01471e-01	-2.00588e-01	4.63285e-01	8.91043e-03	0.00000e+00
-1.70911e-03	-7.48222e-05	1.77978e-05	-3.27791e-06	-5.00125e-01	-2.00049e-01	4.65321e-01	8.42683e-03	0.00000e+00
-1.66052e-03	-7.26809e-05	1.73516e-05	-2.84742e-06	-4.98941e-01	-1.99576e-01	4.67282e-01	7.95989e-03	0.00000e+00
-1.61928e-03	-7.08623e-05	1.69767e-05	-2.29590e-06	-4.97782e-01	-1.99112e-01	4.69169e-01	7.50952e-03	0.00000e+00
-1.59225e-03	-6.96717e-05	1.67263e-05	-1.60548e-06	-4.96518e-01	-1.98607e-01	4.70983e-01	7.07561e-03	0.00000e+00
-1.56971e-03	-6.86742e-05	1.65365e-05	-1.08529e-06	-4.95180e-01	-1.98072e-01	4.72724e-01	6.65802e-03	0.00000e+00
-1.54101e-03	-6.74048e-05	1.62914e-05	-9.38199e-07	-4.93859e-01	-1.97543e-01	4.74395e-01	6.25660e-03	0.00000e+00
-1.50641e-03	-6.58848e-05	1.59529e-05	-1.03539e-06	-4.92594e-01	-1.97037e-01	4.75996e-01	5.87117e-03	0.00000e+00
-1.47281e-03	-6.44141e-05	1.56014e-05	-1.09167e-06	-4.91424e-01	-1.96569e-01	4.77529e-01	5.50153e-03	0.00000e+00
-1.44432e-03	-6.31638e-05	1.53179e-05	-8.83826e-07	-4.90386e-01	-1.96154e-01	4.78994e-01	5.14746e-03	0.00000e+00
-1.42594e-03	-6.23530e-05	1.51508e-05	-3.58614e-07	-4.89486e-01	-1.95794e-01	4.80394e-01	4.80873e-03	0.00000e+00
-1.42339e-03	-6.22355e-05	1.51476e-05	4.21390e-07	-4.88676e-01	-1.95470e-01	4.81728e-01	4.48508e-03	0.00000e+00
-1.43286e-03	-6.26464e-05	1.52630e-05	1.32870e-06	-4.87891e-01	-1.95156e-01	4.83000e-01	4.17622e-03	0.00000e+00
-1.44602e-03	-6.32187e-05	1.54156e-05	2.35759e-06	-4.87132e-01	-1.94852e-01	4.84210e-01	3.88185e-03	0.00000e+00
-1.46251e-03	-6.39358e-05	1.56066e-05	3.54610e-06	-4.86370e-01	-1.94547e-01	4.85360e-01	3.60165e-03	0.00000e+00
-1.48286e-03	-6.48209e-05	1.58413e-05	4.89162e-06	-4.85562e-01	-1.94224e-01	4.86452e-01	3.33526e-03	0.00000e+00
-1.50012e-03	-6.55717e-05	1.60418e-05	6.25025e-06	-4.84718e-01	-1.93887e-01	4.87488e-01	3.08233e-03	0.00000e+00
-1.50378e-03	-6.57241e-05	1.61106e-05	7.33826e-06	-4.83866e-01	-1.93546e-01	4.88469e-01	2.84247e-03	0.00000e+00
-1.49077e-03	-6.51481e-05	1.60024e-05	7.98183e-06	-4.83074e-01	-1.93229e-01	4.89397e-01	2.61526e-03	0.00000e+00
-1.46502e-03	-6.40179e-05	1.57450e-05	8.24962e-06	-4.82303e-01	-1.92921e-01	4.90274e-01	2.40027e-03	0.00000e+00
-1.43480e-03	-6.26976e-05	1.54194e-05	8.31540e-06	-4.81568e-01	-1.92627e-01	4.91102e-01	2.19705e-03	0.00000e+00
-1.40389e-03	-6.13432e-05	1.51021e-05	8.31769e-06	-4.80877e-01	-1.92350e-01	4.91883e-01	2.00512e-03	0.00000e+00
-1.36802e-03	-5.97720e-05	1.47332e-05	8.33710e-06	-4.80171e-01	-1.92068e-01	4.92620e-01	1.82400e-03	0.00000e+00
-1.32707e-03	-5.79893e-05	1.42653e-05	8.36131e-06	-4.79600e-01	-1.91839e-01	4.93314e-01	1.65315e-03	0.00000e+00
-1.28027e-03	-5.59262e-05	1.38363e-05	8.33271e-06	-4.78996e-01	-1.91598e-01	4.93968e-01	1.49204e-03	0.00000e+00
-1.23123e-03	-5.37985e-05	1.32461e-05	8.27402e-06	-4.78498e-01	-1.91399e-01	4.94584e-01	1.34011e-03	0.00000e+00
-1.17882e-03	-5.14785e-05	1.28034e-05	8.25324e-06	-4.78058e-01	-1.91223e-01	4.95165e-01	1.19679e-03	0.00000e+00
-1.11997e-03	-4.89229e-05	1.21060e-05	8.31790e-06	-4.77499e-01	-1.90999e-01	4.95713e-01	1.06146e-03	0.00000e+00
-1.05659e-03	-4.61374e-05	1.14908e-05	8.47086e-06	-4.77274e-01	-1.90909e-01	4.96231e-01	9.33496e-04	0.00000e+00
-9.83987e-04	-4.29511e-05	1.07651e-05	8.68639e-06	-4.76633e-01	-1.90653e-01	4.96722e-01	8.12262e-04	0.00000e+00
-8.98290e-04	-3.92443e-05	9.69083e-06	8.98027e-06	-4.76545e-01	-1.90618e-01	4.97187e-01	6.97087e-04	0.00000e+00
-8.13230e-04	-3.54284e-05	9.17610e-06	9.27836e-06	-4.76104e-01	-1.90441e-01	4.97631e-01	5.87283e-04	0.00000e+00
-6.95649e-04	-3.04294e-05	7.35108e-06	9.66882e-06	-4.75725e-01	-1.90290e-01	4.98056e-01	4.82140e-04	0.00000e+00
-6.23488e-04	-2.70115e-05	7.64345e-06	1.00182e-05	-4.76251e-01	-1.90500e-01	4.98464e-01	3.80928e-04	0.00000e+00
-4.97944e-04	-2.17439e-05	5.41297e-06	1.01994e-05	-4.74964e-01	-1.89985e-01	4.98860e-01	2.82895e-04	0.00000e+00
-5.19744e-04	-2.24913e-05	6.47443e-06	1.07605e-05	-4.78809e-01	-1.91523e-01	4.99245e-01	1.87267e-04	0.00000e+00
-7.16201e-04	-2.95282e-05	1.48218e-05	1.02984e-05	-4.78516e-01	-1.91406e-01	4.99624e-01	9.32487e-05	0.00000e+00
-5.20312e-04	-3.23434e-05	-3.30870e-05	6.62767e-06	-4.83069e-01	-1.93227e-01	5.00000e-01	0.00000e+00	0.00000e+00
