"Density"	"Momentum:0"	"Momentum:1"	"Momentum:2"	"StagnationEnergy"	"Pressure"	"Points:0"	"Points:1"	"Points:2"
1.70869e-02	-5.60254e-04	8.60097e-04	-5.99233e-04	-1.59690e-01	-6.38924e-02	-5.12135e-01	0.00000e+00	1.81500e-01
5.91550e-04	1.30798e-04	2.36974e-05	-2.00610e-04	-4.23020e-01	-1.69228e-01	-5.12083e-01	2.24940e-03	1.81500e-01
5.05817e-03	1.50145e-04	2.41673e-04	-2.34563e-04	-3.26138e-01	-1.30460e-01	-5.11926e-01	4.49388e-03	1.81500e-01
1.15965e-02	1.94531e-04	5.61390e-04	-2.62318e-04	-3.92423e-01	-1.56977e-01	-5.11662e-01	6.72842e-03	1.81500e-01
1.38102e-02	2.64329e-04	6.55580e-04	-2.52532e-04	-4.04083e-01	-1.61641e-01	-5.11293e-01	8.94798e-03	1.81500e-01
1.64699e-02	2.99219e-04	7.77117e-04	-2.52379e-04	-4.58378e-01	-1.83360e-01	-5.10820e-01	1.11477e-02	1.81500e-01
1.85398e-02	3.68152e-04	8.58670e-04	-2.32908e-04	-5.34367e-01	-2.13757e-01	-5.10245e-01	1.33230e-02	1.81500e-01
1.96946e-02	4.08178e-04	8.98895e-04	-2.21135e-04	-5.82000e-01	-2.32811e-01	-5.09571e-01	1.54696e-02	1.81500e-01
2.05615e-02	4.54813e-04	9.20459e-04	-2.02052e-04	-6.62114e-01	-2.64856e-01	-5.08801e-01	1.75838e-02	1.81500e-01
2.08533e-02	4.89718e-04	9.14708e-04	-1.87501e-04	-7.15691e-01	-2.86287e-01	-5.07985e-01	1.95610e-02	1.81500e-01
2.08940e-02	5.14191e-04	8.99454e-04	-1.76791e-04	-7.67567e-01	-3.07037e-01	-5.07164e-01	2.13475e-02	1.81500e-01
2.07241e-02	5.35974e-04	8.73399e-04	-1.66418e-04	-8.15743e-01	-3.26308e-01	-5.06338e-01	2.29951e-02	1.81500e-01
2.04156e-02	5.48766e-04	8.43863e-04	-1.61326e-04	-8.50668e-01	-3.40277e-01	-5.05501e-01	2.45380e-02	1.81500e-01
2.00319e-02	5.60074e-04	8.10493e-04	-1.56102e-04	-8.88019e-01	-3.55217e-01	-5.04652e-01	2.60003e-02	1.81500e-01
1.95501e-02	5.65714e-04	7.74505e-04	-1.54071e-04	-9.16175e-01	-3.66479e-01	-5.03787e-01	2.73997e-02	1.81500e-01
1.90438e-02	5.69275e-04	7.38046e-04	-1.53385e-04	-9.42666e-01	-3.77076e-01	-5.02902e-01	2.87497e-02	1.81500e-01
1.84857e-02	5.69864e-04	7.00186e-04	-1.54005e-04	-9.66060e-01	-3.86433e-01	-5.01997e-01	3.00608e-02	1.81500e-01
1.79012e-02	5.67865e-04	6.62228e-04	-1.56528e-04	-9.84998e-01	-3.94008e-01	-5.01066e-01	3.13414e-02	1.81500e-01
1.72847e-02	5.63546e-04	6.23764e-04	-1.59879e-04	-1.00275e+00	-4.01108e-01	-5.00109e-01	3.25981e-02	1.81500e-01
1.66537e-02	5.57426e-04	5.85509e-04	-1.64746e-04	-1.01716e+00	-4.06871e-01	-4.99121e-01	3.38364e-02	1.81500e-01
1.59981e-02	5.49104e-04	5.47237e-04	-1.70626e-04	-1.02926e+00	-4.11712e-01	-4.98102e-01	3.50608e-02	1.81500e-01
1.53300e-02	5.39121e-04	5.09311e-04	-1.77459e-04	-1.03952e+00	-4.15817e-01	-4.97047e-01	3.62748e-02	1.81500e-01
1.46593e-02	5.27833e-04	4.72130e-04	-1.85521e-04	-1.04714e+00	-4.18863e-01	-4.95955e-01	3.74815e-02	1.81500e-01
1.39816e-02	5.15123e-04	4.35579e-04	-1.94389e-04	-1.05314e+00	-4.21262e-01	-4.94824e-01	3.86834e-02	1.81500e-01
1.32969e-02	5.01054e-04	3.99635e-04	-2.04236e-04	-1.05698e+00	-4.22798e-01	-4.93650e-01	3.98825e-02	1.81500e-01
1.26159e-02	4.86056e-04	3.64664e-04	-2.15085e-04	-1.05898e+00	-4.23598e-01	-4.92433e-01	4.10803e-02	1.81500e-01
1.19331e-02	4.69973e-04	3.30497e-04	-2.26872e-04	-1.05927e+00	-4.23715e-01	-4.91169e-01	4.22782e-02	1.81500e-01
1.12492e-02	4.52889e-04	2.97149e-04	-2.39644e-04	-1.05772e+00	-4.23093e-01	-4.89858e-01	4.34771e-02	1.81500e-01
1.05693e-02	4.35016e-04	2.64794e-04	-2.53384e-04	-1.05460e+00	-4.21846e-01	-4.88496e-01	4.46779e-02	1.81500e-01
9.89271e-03	4.16398e-04	2.33379e-04	-2.68096e-04	-1.04984e+00	-4.19944e-01	-4.87082e-01	4.58810e-02	1.81500e-01
9.22321e-03	3.97216e-04	2.03013e-04	-2.83839e-04	-1.04359e+00	-4.17441e-01	-4.85614e-01	4.70870e-02	1.81500e-01
8.55839e-03	3.77417e-04	1.73622e-04	-3.00553e-04	-1.03595e+00	-4.14386e-01	-4.84091e-01	4.82958e-02	1.81500e-01
7.89863e-03	3.57076e-04	1.45192e-04	-3.18337e-04	-1.02702e+00	-4.10816e-01	-4.82510e-01	4.95077e-02	1.81500e-01
7.24548e-03	3.36287e-04	1.17743e-04	-3.37251e-04	-1.01698e+00	-4.06800e-01	-4.80871e-01	5.07226e-02	1.81500e-01
6.59366e-03	3.14849e-04	9.11820e-05	-3.57027e-04	-1.00598e+00	-4.02399e-01	-4.79170e-01	5.19403e-02	1.81500e-01
5.94169e-03	2.92666e-04	6.55760e-05	-3.77260e-04	-9.94250e-01	-3.97708e-01	-4.77408e-01	5.31606e-02	1.81500e-01
5.29489e-03	2.69910e-04	4.11614e-05	-3.97490e-04	-9.82063e-01	-3.92834e-01	-4.75583e-01	5.43830e-02	1.81500e-01
4.65606e-03	2.46620e-04	1.81999e-05	-4.16915e-04	-9.69800e-01	-3.87930e-01	-4.73692e-01	5.56072e-02	1.81500e-01
4.03626e-03	2.23139e-04	-2.80239e-06	-4.34465e-04	-9.57874e-01	-3.83161e-01	-4.71736e-01	5.68328e-02	1.81500e-01
3.44496e-03	1.99629e-04	-2.11554e-05	-4.48005e-04	-9.46744e-01	-3.78712e-01	-4.69712e-01	5.80591e-02	1.81500e-01
2.89028e-03	1.76474e-04	-3.66198e-05	-4.57027e-04	-9.37097e-01	-3.74856e-01	-4.67620e-01	5.92856e-02	1.81500e-01
2.38039e-03	1.54366e-04	-4.95129e-05	-4.63042e-04	-9.29294e-01	-3.71738e-01	-4.65458e-01	6.05116e-02	1.81500e-01
1.92740e-03	1.34222e-04	-6.02489e-05	-4.68052e-04	-9.23499e-01	-3.69425e-01	-4.63226e-01	6.17365e-02	1.81500e-01
1.52331e-03	1.15963e-04	-6.94617e-05	-4.72802e-04	-9.19806e-01	-3.67954e-01	-4.60921e-01	6.29596e-02	1.81500e-01
1.18595e-03	1.00382e-04	-7.68970e-05	-4.76196e-04	-9.17903e-01	-3.67202e-01	-4.58545e-01	6.41802e-02	1.81500e-01
1.04137e-03	9.24162e-05	-7.94021e-05	-4.75480e-04	-9.17001e-01	-3.66847e-01	-4.56095e-01	6.53974e-02	1.81500e-01
1.19918e-03	9.62150e-05	-7.39021e-05	-4.66867e-04	-9.16522e-01	-3.66647e-01	-4.53570e-01	6.66105e-02	1.81500e-01
1.53158e-03	1.06797e-04	-6.36080e-05	-4.51576e-04	-9.18840e-01	-3.67564e-01	-4.50971e-01	6.78188e-02	1.81500e-01
1.78279e-03	1.14030e-04	-5.46768e-05	-4.35491e-04	-9.25139e-01	-3.70079e-01	-4.48296e-01	6.90214e-02	1.81500e-01
1.92827e-03	1.17091e-04	-4.80100e-05	-4.18926e-04	-9.31402e-01	-3.72580e-01	-4.45545e-01	7.02175e-02	1.81500e-01
2.05568e-03	1.19383e-04	-4.12855e-05	-3.99733e-04	-9.36728e-01	-3.74708e-01	-4.42717e-01	7.14062e-02	1.81500e-01
2.22769e-03	1.23656e-04	-3.35883e-05	-3.77991e-04	-9.41262e-01	-3.76519e-01	-4.39811e-01	7.25868e-02	1.81500e-01
2.37485e-03	1.27004e-04	-2.62484e-05	-3.52886e-04	-9.45834e-01	-3.78345e-01	-4.36828e-01	7.37584e-02	1.81500e-01
2.05786e-03	1.10939e-04	-2.73454e-05	-3.31626e-04	-9.57948e-01	-3.83191e-01	-4.33766e-01	7.49201e-02	1.81500e-01
1.29994e-03	7.63129e-05	-3.60710e-05	-3.19599e-04	-9.70460e-01	-3.88201e-01	-4.30626e-01	7.60712e-02	1.81500e-01
1.08936e-03	6.49851e-05	-3.50058e-05	-2.98089e-04	-9.66666e-01	-3.86684e-01	-4.27407e-01	7.72107e-02	1.81500e-01
1.46243e-03	7.83861e-05	-2.32651e-05	-2.61805e-04	-9.59727e-01	-3.83901e-01	-4.24108e-01	7.83379e-02	1.81500e-01
1.26803e-03	6.76026e-05	-2.05960e-05	-2.34880e-04	-9.66779e-01	-3.86721e-01	-4.20730e-01	7.94518e-02	1.81500e-01
4.72073e-04	3.15162e-05	-2.85663e-05	-2.20829e-04	-9.74704e-01	-3.89903e-01	-4.17273e-01	8.05517e-02	1.81500e-01
9.28486e-06	9.93601e-06	-3.15203e-05	-2.02072e-04	-9.70447e-01	-3.89082e-01	-4.13736e-01	8.16368e-02	1.81500e-01
1.26347e-04	1.34539e-05	-2.56808e-05	-1.76285e-04	-9.58432e-01	-3.83423e-01	-4.10119e-01	8.27062e-02	1.81500e-01
2.90035e-04	1.90589e-05	-1.90742e-05	-1.51647e-04	-9.50543e-01	-3.80233e-01	-4.06422e-01	8.37591e-02	1.81500e-01
2.02193e-04	1.38783e-05	-1.61316e-05	-1.27831e-04	-9.49421e-01	-3.79785e-01	-4.02645e-01	8.47947e-02	1.81500e-01
1.81047e-04	1.16976e-05	-1.23008e-05	-1.03995e-04	-9.49564e-01	-3.79838e-01	-3.98789e-01	8.58123e-02	1.81500e-01
4.23405e-04	2.15244e-05	-6.72107e-06	-8.57812e-05	-9.50414e-01	-3.80169e-01	-3.94854e-01	8.68111e-02	1.81500e-01
4.79474e-04	2.35134e-05	-4.58341e-06	-7.46524e-05	-9.53152e-01	-3.81263e-01	-3.90839e-01	8.77903e-02	1.81500e-01
2.39131e-04	1.24811e-05	-5.79717e-06	-6.53901e-05	-9.54535e-01	-3.81818e-01	-3.86745e-01	8.87491e-02	1.81500e-01
7.61779e-05	4.91189e-06	-6.21845e-06	-5.76483e-05	-9.52319e-01	-3.80936e-01	-3.82572e-01	8.96869e-02	1.81500e-01
1.10616e-05	1.65881e-06	-5.43119e-06	-4.74696e-05	-9.47643e-01	-3.79099e-01	-3.78321e-01	9.06029e-02	1.81500e-01
-2.70308e-04	-1.12858e-05	-6.08680e-06	-3.20281e-05	-9.44372e-01	-3.77748e-01	-3.73991e-01	9.14965e-02	1.81500e-01
-7.79256e-04	-3.43175e-05	-8.72299e-06	-2.21247e-05	-9.42145e-01	-3.76858e-01	-3.69584e-01	9.23670e-02	1.81500e-01
-1.10615e-03	-4.90091e-05	-1.08058e-05	-1.98137e-05	-9.35208e-01	-3.74083e-01	-3.65099e-01	9.32137e-02	1.81500e-01
-1.00604e-03	-4.46387e-05	-9.43345e-06	-1.83206e-05	-9.26029e-01	-3.70411e-01	-3.60538e-01	9.40360e-02	1.81500e-01
-8.60250e-04	-3.81225e-05	-8.32973e-06	-2.17427e-05	-9.19934e-01	-3.67973e-01	-3.55900e-01	9.48332e-02	1.81500e-01
-1.03165e-03	-4.57248e-05	-9.96159e-06	-2.65878e-05	-9.16078e-01	-3.66431e-01	-3.51187e-01	9.56049e-02	1.81500e-01
-1.26941e-03	-5.65290e-05	-1.05479e-05	-2.22390e-05	-9.11996e-01	-3.64798e-01	-3.46398e-01	9.63503e-02	1.81500e-01
-1.17763e-03	-5.26043e-05	-8.63890e-06	-1.42872e-05	-9.07466e-01	-3.62986e-01	-3.41535e-01	9.70691e-02	1.81500e-01
-8.84117e-04	-3.96245e-05	-5.47986e-06	-5.20253e-06	-9.06170e-01	-3.62468e-01	-3.36598e-01	9.77606e-02	1.81500e-01
-8.82987e-04	-3.98066e-05	-3.58286e-06	1.02750e-05	-9.08429e-01	-3.63371e-01	-3.31588e-01	9.84244e-02	1.81500e-01
-1.32922e-03	-5.99645e-05	-4.78540e-06	2.22761e-05	-9.08618e-01	-3.63447e-01	-3.26505e-01	9.90600e-02	1.81500e-01
-1.86005e-03	-8.38324e-05	-6.99118e-06	2.39633e-05	-9.04576e-01	-3.61829e-01	-3.21351e-01	9.96669e-02	1.81500e-01
-2.14797e-03	-9.68021e-05	-7.72486e-06	2.47754e-05	-8.99004e-01	-3.59601e-01	-3.16126e-01	1.00245e-01	1.81500e-01
-2.23632e-03	-1.00853e-04	-6.93136e-06	3.05242e-05	-8.93571e-01	-3.57427e-01	-3.10831e-01	1.00793e-01	1.81500e-01
-2.24490e-03	-1.01307e-04	-5.77472e-06	3.73418e-05	-8.86701e-01	-3.54679e-01	-3.05467e-01	1.01312e-01	1.81500e-01
-2.18279e-03	-9.85403e-05	-4.69808e-06	4.19228e-05	-8.78126e-01	-3.51249e-01	-3.00036e-01	1.01800e-01	1.81500e-01
-2.13638e-03	-9.64760e-05	-3.67450e-06	4.55755e-05	-8.71125e-01	-3.48449e-01	-2.94537e-01	1.02258e-01	1.81500e-01
-2.16078e-03	-9.76048e-05	-2.75647e-06	5.08327e-05	-8.65434e-01	-3.46172e-01	-2.88971e-01	1.02685e-01	1.81500e-01
-2.09577e-03	-9.46839e-05	-1.79413e-06	5.50806e-05	-8.58836e-01	-3.43533e-01	-2.83341e-01	1.03082e-01	1.81500e-01
-1.89114e-03	-8.54388e-05	-9.76970e-07	5.26858e-05	-8.53100e-01	-3.41239e-01	-2.77647e-01	1.03447e-01	1.81500e-01
-1.74649e-03	-7.88730e-05	-8.09370e-07	4.55746e-05	-8.49588e-01	-3.39834e-01	-2.71889e-01	1.03780e-01	1.81500e-01
-1.70598e-03	-7.70214e-05	-5.99191e-07	4.19354e-05	-8.47056e-01	-3.38821e-01	-2.66070e-01	1.04082e-01	1.81500e-01
-1.63889e-03	-7.39906e-05	2.90474e-08	4.33132e-05	-8.44597e-01	-3.37838e-01	-2.60190e-01	1.04352e-01	1.81500e-01
-1.60104e-03	-7.22696e-05	4.36563e-07	4.32146e-05	-8.42208e-01	-3.36882e-01	-2.54250e-01	1.04591e-01	1.81500e-01
-1.74282e-03	-7.86356e-05	3.02793e-07	3.97463e-05	-8.39508e-01	-3.35802e-01	-2.48252e-01	1.04797e-01	1.81500e-01
-1.99135e-03	-8.98198e-05	2.89048e-07	3.88765e-05	-8.35696e-01	-3.34278e-01	-2.42196e-01	1.04971e-01	1.81500e-01
-2.11428e-03	-9.53503e-05	8.33999e-07	4.26495e-05	-8.30584e-01	-3.32232e-01	-2.36085e-01	1.05114e-01	1.81500e-01
-2.02804e-03	-9.14481e-05	1.51566e-06	4.58055e-05	-8.25240e-01	-3.30095e-01	-2.29919e-01	1.05224e-01	1.81500e-01
-1.89430e-03	-8.53991e-05	1.77777e-06	4.38885e-05	-8.20570e-01	-3.28227e-01	-2.23700e-01	1.05303e-01	1.81500e-01
-1.86656e-03	-8.41284e-05	1.87652e-06	3.89626e-05	-8.15732e-01	-3.26292e-01	-2.17428e-01	1.05349e-01	1.81500e-01
-1.94944e-03	-8.78446e-05	2.05804e-06	3.56325e-05	-8.10894e-01	-3.24357e-01	-2.11106e-01	1.05364e-01	1.81500e-01
-2.09162e-03	-9.42321e-05	2.42006e-06	3.42890e-05	-8.07213e-01	-3.22884e-01	-2.04734e-01	1.05347e-01	1.81500e-01
-2.18835e-03	-9.85710e-05	2.73831e-06	3.22868e-05	-8.02988e-01	-3.21194e-01	-1.98314e-01	1.05298e-01	1.81500e-01
-2.16167e-03	-9.73500e-05	2.99933e-06	2.92761e-05	-7.97771e-01	-3.19107e-01	-1.91848e-01	1.05218e-01	1.81500e-01
-2.12980e-03	-9.58961e-05	3.24621e-06	2.72534e-05	-7.93096e-01	-3.17238e-01	-1.85336e-01	1.05106e-01	1.81500e-01
-2.17710e-03	-9.80043e-05	3.69658e-06	2.73895e-05	-7.87284e-01	-3.14913e-01	-1.78781e-01	1.04964e-01	1.81500e-01
-2.18460e-03	-9.83172e-05	4.17484e-06	2.94483e-05	-7.80063e-01	-3.12024e-01	-1.72184e-01	1.04791e-01	1.81500e-01
-2.15137e-03	-9.67935e-05	4.63436e-06	3.15228e-05	-7.74232e-01	-3.09692e-01	-1.65545e-01	1.04587e-01	1.81500e-01
-2.19162e-03	-9.85810e-05	5.05402e-06	3.11276e-05	-7.68726e-01	-3.07489e-01	-1.58868e-01	1.04353e-01	1.81500e-01
-2.24250e-03	-1.00850e-04	5.39135e-06	2.84827e-05	-7.62385e-01	-3.04953e-01	-1.52152e-01	1.04089e-01	1.81500e-01
-2.23814e-03	-1.00630e-04	5.69376e-06	2.66185e-05	-7.57201e-01	-3.02879e-01	-1.45400e-01	1.03795e-01	1.81500e-01
-2.27616e-03	-1.02312e-04	6.16677e-06	2.74698e-05	-7.52829e-01	-3.01131e-01	-1.38614e-01	1.03472e-01	1.81500e-01
-2.40354e-03	-1.08009e-04	6.89771e-06	2.89387e-05	-7.47503e-01	-2.99000e-01	-1.31794e-01	1.03120e-01	1.81500e-01
-2.51134e-03	-1.12825e-04	7.54743e-06	2.85215e-05	-7.41084e-01	-2.96432e-01	-1.24943e-01	1.02739e-01	1.81500e-01
-2.50750e-03	-1.12624e-04	7.88354e-06	2.73433e-05	-7.34663e-01	-2.93864e-01	-1.18062e-01	1.02330e-01	1.81500e-01
-2.44661e-03	-1.09857e-04	8.07154e-06	2.60539e-05	-7.29445e-01	-2.91777e-01	-1.11152e-01	1.01894e-01	1.81500e-01
-2.43813e-03	-1.09451e-04	8.33286e-06	2.30759e-05	-7.24789e-01	-2.89915e-01	-1.04216e-01	1.01430e-01	1.81500e-01
-2.48235e-03	-1.11414e-04	8.70513e-06	1.94993e-05	-7.19579e-01	-2.87830e-01	-9.72543e-02	1.00940e-01	1.81500e-01
-2.49702e-03	-1.12042e-04	9.10017e-06	1.76896e-05	-7.14269e-01	-2.85706e-01	-9.02692e-02	1.00422e-01	1.81500e-01
-2.44917e-03	-1.09864e-04	9.25835e-06	1.64967e-05	-7.09051e-01	-2.83619e-01	-8.32622e-02	9.98795e-02	1.81500e-01
-2.36680e-03	-1.06146e-04	9.17684e-06	1.31188e-05	-7.03525e-01	-2.81409e-01	-7.62350e-02	9.93111e-02	1.81500e-01
-2.31403e-03	-1.03761e-04	9.14570e-06	6.55311e-06	-6.98304e-01	-2.79321e-01	-6.91892e-02	9.87178e-02	1.81500e-01
-2.37343e-03	-1.06407e-04	9.54745e-06	-1.04499e-06	-6.93946e-01	-2.77577e-01	-6.21265e-02	9.81001e-02	1.81500e-01
-2.52311e-03	-1.13091e-04	1.04212e-05	-5.09778e-06	-6.89082e-01	-2.75632e-01	-5.50485e-02	9.74585e-02	1.81500e-01
-2.60337e-03	-1.16649e-04	1.11469e-05	-4.33633e-06	-6.82670e-01	-2.73067e-01	-4.79571e-02	9.67937e-02	1.81500e-01
-2.54641e-03	-1.14057e-04	1.12966e-05	-3.48798e-06	-6.76054e-01	-2.70421e-01	-4.08538e-02	9.61060e-02	1.81500e-01
-2.47539e-03	-1.10846e-04	1.12565e-05	-5.52429e-06	-6.69941e-01	-2.67975e-01	-3.37403e-02	9.53961e-02	1.81500e-01
-2.48009e-03	-1.11028e-04	1.15367e-05	-7.42882e-06	-6.63107e-01	-2.65242e-01	-2.66184e-02	9.46646e-02	1.81500e-01
-2.51699e-03	-1.12645e-04	1.20233e-05	-6.63297e-06	-6.55610e-01	-2.62243e-01	-1.94897e-02	9.39120e-02	1.81500e-01
-2.53845e-03	-1.13565e-04	1.24879e-05	-4.07003e-06	-6.47930e-01	-2.59171e-01	-1.23561e-02	9.31389e-02	1.81500e-01
-2.51700e-03	-1.12563e-04	1.27492e-05	-1.43275e-07	-6.39070e-01	-2.55627e-01	-5.21906e-03	9.23459e-02	1.81500e-01
-2.44159e-03	-1.09147e-04	1.27295e-05	5.46775e-06	-6.29795e-01	-2.51917e-01	1.91956e-03	9.15336e-02	1.81500e-01
-2.37577e-03	-1.06161e-04	1.27495e-05	1.05027e-05	-6.21495e-01	-2.48597e-01	9.05806e-03	9.07025e-02	1.81500e-01
-2.36560e-03	-1.05672e-04	1.29716e-05	1.27456e-05	-6.12980e-01	-2.45191e-01	1.61947e-02	8.98534e-02	1.81500e-01
-2.32724e-03	-1.03922e-04	1.30461e-05	1.40140e-05	-6.03495e-01	-2.41397e-01	2.33279e-02	8.89867e-02	1.81500e-01
-2.16803e-03	-9.67780e-05	1.24223e-05	1.62796e-05	-5.93929e-01	-2.37571e-01	3.04558e-02	8.81030e-02	1.81500e-01
-1.91648e-03	-8.55182e-05	1.12158e-05	1.83074e-05	-5.85328e-01	-2.34130e-01	3.75767e-02	8.72031e-02	1.81500e-01
-1.68285e-03	-7.50672e-05	1.00401e-05	1.84791e-05	-5.78637e-01	-2.31454e-01	4.46890e-02	8.62874e-02	1.81500e-01
-1.55516e-03	-6.93530e-05	9.40837e-06	1.67398e-05	-5.73698e-01	-2.29479e-01	5.17908e-02	8.53567e-02	1.81500e-01
-1.51566e-03	-6.75754e-05	9.28373e-06	1.42715e-05	-5.69313e-01	-2.27724e-01	5.88806e-02	8.44115e-02	1.81500e-01
-1.46402e-03	-6.52551e-05	9.09521e-06	1.30858e-05	-5.65028e-01	-2.26010e-01	6.59566e-02	8.34523e-02	1.81500e-01
-1.35270e-03	-6.02727e-05	8.54839e-06	1.39720e-05	-5.61481e-01	-2.24592e-01	7.30171e-02	8.24799e-02	1.81500e-01
-1.24096e-03	-5.52749e-05	7.97138e-06	1.48357e-05	-5.59086e-01	-2.23634e-01	8.00604e-02	8.14949e-02	1.81500e-01
-1.19651e-03	-5.32808e-05	7.78363e-06	1.39544e-05	-5.57416e-01	-2.22966e-01	8.70849e-02	8.04977e-02	1.81500e-01
-1.19825e-03	-5.33446e-05	7.88606e-06	1.27515e-05	-5.55821e-01	-2.22328e-01	9.40888e-02	7.94891e-02	1.81500e-01
-1.18689e-03	-5.28245e-05	7.90433e-06	1.24212e-05	-5.54219e-01	-2.21687e-01	1.01071e-01	7.84696e-02	1.81500e-01
-1.15930e-03	-5.15830e-05	7.81077e-06	1.15086e-05	-5.52953e-01	-2.21181e-01	1.08028e-01	7.74399e-02	1.81500e-01
-1.15147e-03	-5.12228e-05	7.83207e-06	9.23398e-06	-5.51919e-01	-2.20767e-01	1.14961e-01	7.64005e-02	1.81500e-01
-1.16194e-03	-5.16771e-05	7.97707e-06	7.41866e-06	-5.50774e-01	-2.20309e-01	1.21866e-01	7.53520e-02	1.81500e-01
-1.15666e-03	-5.14282e-05	8.03245e-06	7.58497e-06	-5.49615e-01	-2.19846e-01	1.28742e-01	7.42950e-02	1.81500e-01
-1.12824e-03	-5.01491e-05	7.93260e-06	8.77376e-06	-5.48717e-01	-2.19486e-01	1.35588e-01	7.32302e-02	1.81500e-01
-1.10166e-03	-4.89528e-05	7.83620e-06	9.32909e-06	-5.48107e-01	-2.19242e-01	1.42402e-01	7.21579e-02	1.81500e-01
-1.08973e-03	-4.84099e-05	7.83069e-06	9.11140e-06	-5.47618e-01	-2.19047e-01	1.49182e-01	7.10790e-02	1.81500e-01
-1.08033e-03	-4.79796e-05	7.84066e-06	8.91304e-06	-5.47202e-01	-2.18880e-01	1.55927e-01	6.99939e-02	1.81500e-01
-1.06720e-03	-4.73837e-05	7.82321e-06	8.91000e-06	-5.46970e-01	-2.18788e-01	1.62635e-01	6.89032e-02	1.81500e-01
-1.06613e-03	-4.73238e-05	7.88972e-06	8.74086e-06	-5.46920e-01	-2.18768e-01	1.69305e-01	6.78074e-02	1.81500e-01
-1.09168e-03	-4.84458e-05	8.15127e-06	8.33040e-06	-5.46868e-01	-2.18747e-01	1.75935e-01	6.67072e-02	1.81500e-01
-1.13769e-03	-5.04751e-05	8.56773e-06	7.87912e-06	-5.46664e-01	-2.18665e-01	1.82523e-01	6.56030e-02	1.81500e-01
-1.18390e-03	-5.25124e-05	8.98913e-06	7.44064e-06	-5.46325e-01	-2.18530e-01	1.89069e-01	6.44955e-02	1.81500e-01
-1.21374e-03	-5.38233e-05	9.29076e-06	6.97013e-06	-5.45968e-01	-2.18387e-01	1.95570e-01	6.33851e-02	1.81500e-01
-1.22266e-03	-5.42054e-05	9.43454e-06	6.55991e-06	-5.45696e-01	-2.18278e-01	2.02025e-01	6.22725e-02	1.81500e-01
-1.21536e-03	-5.38685e-05	9.45440e-06	6.28929e-06	-5.45579e-01	-2.18231e-01	2.08433e-01	6.11581e-02	1.81500e-01
-1.20261e-03	-5.32901e-05	9.43055e-06	5.98048e-06	-5.45617e-01	-2.18246e-01	2.14792e-01	6.00425e-02	1.81500e-01
-1.19529e-03	-5.29527e-05	9.44634e-06	5.46606e-06	-5.45733e-01	-2.18293e-01	2.21101e-01	5.89263e-02	1.81500e-01
-1.19917e-03	-5.31110e-05	9.55215e-06	5.01182e-06	-5.45830e-01	-2.18331e-01	2.27358e-01	5.78098e-02	1.81500e-01
-1.21318e-03	-5.37178e-05	9.74061e-06	4.96363e-06	-5.45843e-01	-2.18337e-01	2.33562e-01	5.66938e-02	1.81500e-01
-1.23453e-03	-5.46490e-05	9.98830e-06	5.17452e-06	-5.45817e-01	-2.18326e-01	2.39711e-01	5.55786e-02	1.81500e-01
-1.26103e-03	-5.58082e-05	1.02771e-05	5.20448e-06	-5.45842e-01	-2.18336e-01	2.45805e-01	5.44648e-02	1.81500e-01
-1.29076e-03	-5.71104e-05	1.05933e-05	4.78814e-06	-5.45942e-01	-2.18376e-01	2.51842e-01	5.33529e-02	1.81500e-01
-1.31937e-03	-5.83622e-05	1.09029e-05	3.92504e-06	-5.46073e-01	-2.18429e-01	2.57821e-01	5.22434e-02	1.81500e-01
-1.34090e-03	-5.93007e-05	1.11549e-05	2.86036e-06	-5.46171e-01	-2.18468e-01	2.63740e-01	5.11367e-02	1.81500e-01
-1.35589e-03	-5.99495e-05	1.13540e-05	2.08001e-06	-5.46199e-01	-2.18479e-01	2.69598e-01	5.00335e-02	1.81500e-01
-1.37127e-03	-6.06147e-05	1.15624e-05	2.09683e-06	-5.46174e-01	-2.18469e-01	2.75394e-01	4.89340e-02	1.81500e-01
-1.39443e-03	-6.16221e-05	1.18420e-05	2.99014e-06	-5.46142e-01	-2.18456e-01	2.81127e-01	4.78390e-02	1.81500e-01
-1.42607e-03	-6.30045e-05	1.21936e-05	4.00388e-06	-5.46105e-01	-2.18442e-01	2.86796e-01	4.67487e-02	1.81500e-01
-1.45898e-03	-6.44419e-05	1.25583e-05	3.99621e-06	-5.46003e-01	-2.18401e-01	2.92399e-01	4.56637e-02	1.81500e-01
-1.48672e-03	-6.56514e-05	1.28779e-05	2.56601e-06	-5.45817e-01	-2.18326e-01	2.97935e-01	4.45844e-02	1.81500e-01
-1.51272e-03	-6.67846e-05	1.31787e-05	2.73694e-07	-5.45601e-01	-2.18240e-01	3.03404e-01	4.35114e-02	1.81500e-01
-1.54670e-03	-6.82704e-05	1.35471e-05	-2.12497e-06	-5.45352e-01	-2.18140e-01	3.08803e-01	4.24450e-02	1.81500e-01
-1.59107e-03	-7.02132e-05	1.40156e-05	-4.02819e-06	-5.45005e-01	-2.18001e-01	3.14134e-01	4.13857e-02	1.81500e-01
-1.64403e-03	-7.25321e-05	1.45736e-05	-5.04204e-06	-5.44530e-01	-2.17811e-01	3.19393e-01	4.03339e-02	1.81500e-01
-1.70392e-03	-7.51561e-05	1.51942e-05	-5.25811e-06	-5.43860e-01	-2.17543e-01	3.24581e-01	3.92901e-02	1.81500e-01
-1.76616e-03	-7.78840e-05	1.58348e-05	-5.23857e-06	-5.42952e-01	-2.17180e-01	3.29696e-01	3.82547e-02	1.81500e-01
-1.82095e-03	-8.02809e-05	1.64189e-05	-5.63645e-06	-5.41937e-01	-2.16774e-01	3.34737e-01	3.72281e-02	1.81500e-01
-1.86265e-03	-8.21000e-05	1.68895e-05	-6.75706e-06	-5.40909e-01	-2.16363e-01	3.39704e-01	3.62108e-02	1.81500e-01
-1.89318e-03	-8.34278e-05	1.72537e-05	-8.29013e-06	-5.39838e-01	-2.15934e-01	3.44596e-01	3.52032e-02	1.81500e-01
-1.92177e-03	-8.46687e-05	1.76046e-05	-9.68906e-06	-5.38765e-01	-2.15505e-01	3.49412e-01	3.42055e-02	1.81500e-01
-1.95476e-03	-8.61009e-05	1.80108e-05	-1.07508e-05	-5.37676e-01	-2.15070e-01	3.54151e-01	3.32184e-02	1.81500e-01
-1.98455e-03	-8.73915e-05	1.83861e-05	-1.17869e-05	-5.36423e-01	-2.14568e-01	3.58813e-01	3.22420e-02	1.81500e-01
-1.99534e-03	-8.78475e-05	1.85785e-05	-1.32159e-05	-5.35007e-01	-2.14002e-01	3.63397e-01	3.12769e-02	1.81500e-01
-1.98908e-03	-8.75520e-05	1.86142e-05	-1.46658e-05	-5.33583e-01	-2.13432e-01	3.67902e-01	3.03233e-02	1.81500e-01
-1.97925e-03	-8.70991e-05	1.86150e-05	-1.50903e-05	-5.32146e-01	-2.12858e-01	3.72327e-01	2.93817e-02	1.81500e-01
-1.97101e-03	-8.67187e-05	1.86214e-05	-1.42830e-05	-5.30624e-01	-2.12249e-01	3.76673e-01	2.84525e-02	1.81500e-01
-1.96376e-03	-8.63812e-05	1.86383e-05	-1.32461e-05	-5.29107e-01	-2.11642e-01	3.80938e-01	2.75358e-02	1.81500e-01
-1.95238e-03	-8.58625e-05	1.86160e-05	-1.27288e-05	-5.27612e-01	-2.11044e-01	3.85122e-01	2.66321e-02	1.81500e-01
-1.93208e-03	-8.49494e-05	1.85156e-05	-1.23485e-05	-5.26123e-01	-2.10448e-01	3.89225e-01	2.57418e-02	1.81500e-01
-1.91661e-03	-8.42497e-05	1.84557e-05	-1.16526e-05	-5.24682e-01	-2.09872e-01	3.93246e-01	2.48650e-02	1.81500e-01
-1.91652e-03	-8.42288e-05	1.85328e-05	-1.11095e-05	-5.23127e-01	-2.09250e-01	3.97185e-01	2.40022e-02	1.81500e-01
-1.92430e-03	-8.45535e-05	1.86858e-05	-1.14290e-05	-5.21440e-01	-2.08575e-01	4.01042e-01	2.31536e-02	1.81500e-01
-1.93803e-03	-8.51366e-05	1.89104e-05	-1.26594e-05	-5.19793e-01	-2.07916e-01	4.04816e-01	2.23195e-02	1.81500e-01
-1.94284e-03	-8.53300e-05	1.90380e-05	-1.43241e-05	-5.17932e-01	-2.07172e-01	4.08507e-01	2.15001e-02	1.81500e-01
-1.90832e-03	-8.38019e-05	1.87531e-05	-1.57672e-05	-5.16004e-01	-2.06401e-01	4.12115e-01	2.06958e-02	1.81500e-01
-1.86632e-03	-8.19414e-05	1.84108e-05	-1.62714e-05	-5.14659e-01	-2.05863e-01	4.15640e-01	1.99068e-02	1.81500e-01
-1.88135e-03	-8.25853e-05	1.86316e-05	-1.56487e-05	-5.13458e-01	-2.05382e-01	4.19082e-01	1.91332e-02	1.81500e-01
-1.92859e-03	-8.46405e-05	1.91814e-05	-1.47292e-05	-5.11748e-01	-2.04698e-01	4.22440e-01	1.83754e-02	1.81500e-01
-1.94783e-03	-8.54661e-05	1.94558e-05	-1.47843e-05	-5.09946e-01	-2.03978e-01	4.25715e-01	1.76335e-02	1.81500e-01
-1.95158e-03	-8.56189e-05	1.95429e-05	-1.62532e-05	-5.08287e-01	-2.03314e-01	4.28906e-01	1.69077e-02	1.81500e-01
-1.96118e-03	-8.60266e-05	1.96980e-05	-1.80301e-05	-5.06540e-01	-2.02615e-01	4.32015e-01	1.61981e-02	1.81500e-01
-1.95929e-03	-8.59225e-05	1.97711e-05	-1.86166e-05	-5.04836e-01	-2.01934e-01	4.35040e-01	1.55050e-02	1.81500e-01
-1.95266e-03	-8.56139e-05	1.97819e-05	-1.81712e-05	-5.03183e-01	-2.01273e-01	4.37983e-01	1.48285e-02	1.81500e-01
-1.95536e-03	-8.57229e-05	1.98505e-05	-1.83646e-05	-5.01261e-01	-2.00504e-01	4.40843e-01	1.41687e-02	1.81500e-01
-1.94209e-03	-8.51270e-05	1.97767e-05	-1.99170e-05	-4.99252e-01	-1.99700e-01	4.43621e-01	1.35257e-02	1.81500e-01
-1.90061e-03	-8.32917e-05	1.94271e-05	-2.14760e-05	-4.97600e-01	-1.99039e-01	4.46317e-01	1.28997e-02	1.81500e-01
-1.86608e-03	-8.17645e-05	1.91336e-05	-2.16672e-05	-4.96228e-01	-1.98490e-01	4.48932e-01	1.22906e-02	1.81500e-01
-1.86026e-03	-8.14971e-05	1.91274e-05	-2.09752e-05	-4.94844e-01	-1.97937e-01	4.51465e-01	1.16985e-02	1.81500e-01
-1.85553e-03	-8.12748e-05	1.91441e-05	-2.05683e-05	-4.93419e-01	-1.97367e-01	4.53919e-01	1.11236e-02	1.81500e-01
-1.82856e-03	-8.00803e-05	1.89204e-05	-2.06635e-05	-4.92048e-01	-1.96818e-01	4.56292e-01	1.05657e-02	1.81500e-01
-1.80080e-03	-7.88549e-05	1.86748e-05	-2.07835e-05	-4.90821e-01	-1.96328e-01	4.58586e-01	1.00250e-02	1.81500e-01
-1.80568e-03	-7.90624e-05	1.87517e-05	-2.05740e-05	-4.89623e-01	-1.95848e-01	4.60802e-01	9.50131e-03	1.81500e-01
-1.82795e-03	-8.00284e-05	1.90207e-05	-1.98641e-05	-4.88262e-01	-1.95304e-01	4.62940e-01	8.99470e-03	1.81500e-01
-1.82151e-03	-7.97286e-05	1.90300e-05	-1.86758e-05	-4.86903e-01	-1.94761e-01	4.65001e-01	8.50509e-03	1.81500e-01
-1.78033e-03	-7.79086e-05	1.86731e-05	-1.72481e-05	-4.85743e-01	-1.94296e-01	4.66986e-01	8.03240e-03	1.81500e-01
-1.72855e-03	-7.56381e-05	1.81487e-05	-1.56784e-05	-4.84625e-01	-1.93849e-01	4.68896e-01	7.57654e-03	1.81500e-01
-1.67642e-03	-7.33549e-05	1.76083e-05	-1.40440e-05	-4.83483e-01	-1.93393e-01	4.70731e-01	7.13738e-03	1.81500e-01
-1.63103e-03	-7.13523e-05	1.72019e-05	-1.27420e-05	-4.82469e-01	-1.92987e-01	4.72494e-01	6.71480e-03	1.81500e-01
-1.60168e-03	-7.00566e-05	1.69407e-05	-1.21064e-05	-4.81530e-01	-1.92611e-01	4.74184e-01	6.30863e-03	1.81500e-01
-1.57993e-03	-6.91020e-05	1.67232e-05	-1.20065e-05	-4.80712e-01	-1.92284e-01	4.75804e-01	5.91869e-03	1.81500e-01
-1.57495e-03	-6.88724e-05	1.67190e-05	-1.22096e-05	-4.80075e-01	-1.92029e-01	4.77354e-01	5.54479e-03	1.81500e-01
-1.61370e-03	-7.05626e-05	1.71494e-05	-1.24927e-05	-4.79257e-01	-1.91702e-01	4.78835e-01	5.18671e-03	1.81500e-01
-1.67367e-03	-7.31956e-05	1.77424e-05	-1.25640e-05	-4.78140e-01	-1.91255e-01	4.80250e-01	4.84419e-03	1.81500e-01
-1.70469e-03	-7.45440e-05	1.81044e-05	-1.24780e-05	-4.77041e-01	-1.90816e-01	4.81599e-01	4.51699e-03	1.81500e-01
-1.69974e-03	-7.43048e-05	1.81461e-05	-1.24195e-05	-4.76094e-01	-1.90437e-01	4.82885e-01	4.20480e-03	1.81500e-01
-1.69194e-03	-7.39540e-05	1.81031e-05	-1.23314e-05	-4.75209e-01	-1.90083e-01	4.84107e-01	3.90733e-03	1.81500e-01
-1.70777e-03	-7.46487e-05	1.82608e-05	-1.21773e-05	-4.74270e-01	-1.89707e-01	4.85269e-01	3.62424e-03	1.81500e-01
-1.74184e-03	-7.61407e-05	1.86140e-05	-1.20315e-05	-4.73241e-01	-1.89296e-01	4.86372e-01	3.35518e-03	1.81500e-01
-1.76250e-03	-7.70380e-05	1.88588e-05	-1.19383e-05	-4.72185e-01	-1.88873e-01	4.87418e-01	3.09979e-03	1.81500e-01
-1.75059e-03	-7.65012e-05	1.87973e-05	-1.16465e-05	-4.71178e-01	-1.88471e-01	4.88408e-01	2.85766e-03	1.81500e-01
-1.72756e-03	-7.54832e-05	1.85975e-05	-1.09017e-05	-4.70292e-01	-1.88116e-01	4.89344e-01	2.62838e-03	1.81500e-01
-1.71128e-03	-7.47679e-05	1.84368e-05	-1.00319e-05	-4.69387e-01	-1.87754e-01	4.90228e-01	2.41150e-03	1.81500e-01
-1.68639e-03	-7.36823e-05	1.81616e-05	-9.49168e-06	-4.68440e-01	-1.87375e-01	4.91063e-01	2.20658e-03	1.81500e-01
-1.64020e-03	-7.16611e-05	1.76762e-05	-9.21618e-06	-4.67549e-01	-1.87019e-01	4.91851e-01	2.01313e-03	1.81500e-01
-1.58420e-03	-6.92079e-05	1.70995e-05	-9.01048e-06	-4.66696e-01	-1.86678e-01	4.92593e-01	1.83064e-03	1.81500e-01
-1.52985e-03	-6.68365e-05	1.65003e-05	-8.85354e-06	-4.66006e-01	-1.86402e-01	4.93292e-01	1.65859e-03	1.81500e-01
-1.47167e-03	-6.42748e-05	1.59543e-05	-8.69985e-06	-4.65276e-01	-1.86110e-01	4.93950e-01	1.49643e-03	1.81500e-01
-1.41028e-03	-6.16051e-05	1.52421e-05	-8.46339e-06	-4.64695e-01	-1.85877e-01	4.94570e-01	1.34359e-03	1.81500e-01
-1.34733e-03	-5.88168e-05	1.47182e-05	-8.13892e-06	-4.64190e-01	-1.85675e-01	4.95154e-01	1.19949e-03	1.81500e-01
-1.27783e-03	-5.57959e-05	1.39057e-05	-7.77466e-06	-4.63587e-01	-1.85434e-01	4.95705e-01	1.06350e-03	1.81500e-01
-1.20530e-03	-5.26091e-05	1.31960e-05	-7.39739e-06	-4.63313e-01	-1.85325e-01	4.96225e-01	9.34998e-04	1.81500e-01
-1.12202e-03	-4.89630e-05	1.23290e-05	-7.03163e-06	-4.62594e-01	-1.85037e-01	4.96718e-01	8.13326e-04	1.81500e-01
-1.02667e-03	-4.48366e-05	1.11420e-05	-6.71296e-06	-4.62481e-01	-1.84992e-01	4.97185e-01	6.97806e-04	1.81500e-01
-9.26875e-04	-4.03825e-05	1.04459e-05	-6.44146e-06	-4.61940e-01	-1.84775e-01	4.97629e-01	5.87740e-04	1.81500e-01
-7.92432e-04	-3.46500e-05	8.42586e-06	-6.29135e-06	-4.61598e-01	-1.84639e-01	4.98055e-01	4.82408e-04	1.81500e-01
-6.95352e-04	-3.01535e-05	8.40877e-06	-6.26479e-06	-4.62028e-01	-1.84811e-01	4.98464e-01	3.81067e-04	1.81500e-01
-5.39075e-04	-2.35486e-05	5.82528e-06	-6.38873e-06	-4.60848e-01	-1.84339e-01	4.98860e-01	2.82955e-04	1.81500e-01
-5.18626e-04	-2.24575e-05	6.40164e-06	-7.00607e-06	-4.64544e-01	-1.85817e-01	4.99245e-01	1.87285e-04	1.81500e-01
-6.69028e-04	-2.76203e-05	1.36962e-05	-7.33875e-06	-4.64554e-01	-1.85821e-01	4.99624e-01	9.32514e-05	1.81500e-01
-5.04739e-04	-3.07036e-05	-2.93943e-05	-5.99124e-06	-4.69639e-01	-1.87855e-01	5.00000e-01	0.00000e+00	1.81500e-01
