"Density"	"Momentum:0"	"Momentum:1"	"Momentum:2"	"StagnationEnergy"	"Pressure"	"Points:0"	"Points:1"	"Points:2"
1.76352e-02	-6.91684e-04	8.19833e-04	-3.63195e-04	-8.99722e-02	-3.60034e-02	-5.14266e-01	0.00000e+00	1.87000e-01
-3.54064e-04	6.36590e-05	-1.94799e-05	-1.49054e-04	-3.82018e-01	-1.52792e-01	-5.14214e-01	2.24940e-03	1.87000e-01
4.20919e-03	7.65050e-05	1.89586e-04	-1.81615e-04	-2.72350e-01	-1.08944e-01	-5.14057e-01	4.49390e-03	1.87000e-01
1.15683e-02	1.12298e-04	5.27643e-04	-2.06206e-04	-3.33257e-01	-1.33309e-01	-5.13794e-01	6.72851e-03	1.87000e-01
1.44078e-02	1.88736e-04	6.46081e-04	-2.02176e-04	-3.41055e-01	-1.36429e-01	-5.13426e-01	8.94820e-03	1.87000e-01
1.75334e-02	2.27184e-04	7.83454e-04	-2.01724e-04	-3.91528e-01	-1.56619e-01	-5.12954e-01	1.11481e-02	1.87000e-01
1.99383e-02	3.04684e-04	8.75769e-04	-1.88448e-04	-4.69296e-01	-1.87727e-01	-5.12380e-01	1.33237e-02	1.87000e-01
2.12803e-02	3.51940e-04	9.23331e-04	-1.78974e-04	-5.15343e-01	-2.06147e-01	-5.11707e-01	1.54707e-02	1.87000e-01
2.22353e-02	4.06080e-04	9.48119e-04	-1.65275e-04	-5.96740e-01	-2.38706e-01	-5.10939e-01	1.75855e-02	1.87000e-01
2.25184e-02	4.47202e-04	9.42831e-04	-1.54387e-04	-6.50572e-01	-2.60239e-01	-5.10123e-01	1.95633e-02	1.87000e-01
2.25054e-02	4.75584e-04	9.26965e-04	-1.46500e-04	-7.01934e-01	-2.80784e-01	-5.09305e-01	2.13503e-02	1.87000e-01
2.22908e-02	5.01700e-04	9.00786e-04	-1.39258e-04	-7.50527e-01	-3.00220e-01	-5.08480e-01	2.29985e-02	1.87000e-01
2.18745e-02	5.16050e-04	8.69298e-04	-1.35386e-04	-7.84647e-01	-3.13868e-01	-5.07645e-01	2.45420e-02	1.87000e-01
2.14020e-02	5.29163e-04	8.34750e-04	-1.31821e-04	-8.21799e-01	-3.28729e-01	-5.06797e-01	2.60050e-02	1.87000e-01
2.08316e-02	5.35975e-04	7.97970e-04	-1.30423e-04	-8.49427e-01	-3.39780e-01	-5.05933e-01	2.74052e-02	1.87000e-01
2.02245e-02	5.39822e-04	7.60442e-04	-1.30075e-04	-8.75295e-01	-3.50127e-01	-5.05050e-01	2.87561e-02	1.87000e-01
1.95885e-02	5.41075e-04	7.22470e-04	-1.30761e-04	-8.98272e-01	-3.59317e-01	-5.04145e-01	3.00682e-02	1.87000e-01
1.88977e-02	5.38437e-04	6.83618e-04	-1.32654e-04	-9.16576e-01	-3.66639e-01	-5.03216e-01	3.13498e-02	1.87000e-01
1.82272e-02	5.34760e-04	6.46214e-04	-1.35535e-04	-9.33816e-01	-3.73534e-01	-5.02260e-01	3.26077e-02	1.87000e-01
1.75223e-02	5.28394e-04	6.08438e-04	-1.39384e-04	-9.47717e-01	-3.79095e-01	-5.01274e-01	3.38474e-02	1.87000e-01
1.67944e-02	5.19674e-04	5.70793e-04	-1.44017e-04	-9.59246e-01	-3.83706e-01	-5.00255e-01	3.50731e-02	1.87000e-01
1.60687e-02	5.09581e-04	5.34053e-04	-1.49498e-04	-9.69027e-01	-3.87618e-01	-4.99201e-01	3.62887e-02	1.87000e-01
1.53337e-02	4.97745e-04	4.97911e-04	-1.55896e-04	-9.76093e-01	-3.90444e-01	-4.98110e-01	3.74971e-02	1.87000e-01
1.46017e-02	4.84690e-04	4.62734e-04	-1.63097e-04	-9.81564e-01	-3.92632e-01	-4.96979e-01	3.87008e-02	1.87000e-01
1.38641e-02	4.70198e-04	4.28256e-04	-1.71197e-04	-9.84855e-01	-3.93948e-01	-4.95806e-01	3.99018e-02	1.87000e-01
1.31195e-02	4.54278e-04	3.94443e-04	-1.80081e-04	-9.86230e-01	-3.94498e-01	-4.94589e-01	4.11016e-02	1.87000e-01
1.23803e-02	4.37407e-04	3.61679e-04	-1.89876e-04	-9.85843e-01	-3.94343e-01	-4.93326e-01	4.23016e-02	1.87000e-01
1.16341e-02	4.19215e-04	3.29594e-04	-2.00430e-04	-9.83491e-01	-3.93402e-01	-4.92015e-01	4.35028e-02	1.87000e-01
1.08925e-02	4.00157e-04	2.98541e-04	-2.11886e-04	-9.79465e-01	-3.91792e-01	-4.90653e-01	4.47059e-02	1.87000e-01
1.01450e-02	3.79918e-04	2.68208e-04	-2.24192e-04	-9.73677e-01	-3.89476e-01	-4.89239e-01	4.59115e-02	1.87000e-01
9.38950e-03	3.58460e-04	2.38542e-04	-2.37352e-04	-9.66238e-01	-3.86501e-01	-4.87771e-01	4.71200e-02	1.87000e-01
8.63414e-03	3.36128e-04	2.09765e-04	-2.51509e-04	-9.57278e-01	-3.82916e-01	-4.86247e-01	4.83315e-02	1.87000e-01
7.86851e-03	3.12539e-04	1.81651e-04	-2.66234e-04	-9.46882e-01	-3.78758e-01	-4.84666e-01	4.95461e-02	1.87000e-01
7.09424e-03	2.87754e-04	1.54307e-04	-2.81266e-04	-9.35277e-01	-3.74116e-01	-4.83025e-01	5.07638e-02	1.87000e-01
6.32021e-03	2.62130e-04	1.27988e-04	-2.96461e-04	-9.22698e-01	-3.69085e-01	-4.81324e-01	5.19844e-02	1.87000e-01
5.55425e-03	2.35948e-04	1.02982e-04	-3.11098e-04	-9.09450e-01	-3.63786e-01	-4.79561e-01	5.32075e-02	1.87000e-01
4.81526e-03	2.09896e-04	7.98724e-05	-3.24258e-04	-8.95966e-01	-3.58393e-01	-4.77734e-01	5.44330e-02	1.87000e-01
4.12438e-03	1.84769e-04	5.92866e-05	-3.34985e-04	-8.82799e-01	-3.53127e-01	-4.75842e-01	5.56603e-02	1.87000e-01
3.49959e-03	1.61262e-04	4.17453e-05	-3.42005e-04	-8.70484e-01	-3.48202e-01	-4.73884e-01	5.68890e-02	1.87000e-01
2.93807e-03	1.39296e-04	2.72284e-05	-3.43781e-04	-8.59604e-01	-3.43851e-01	-4.71859e-01	5.81185e-02	1.87000e-01
2.40127e-03	1.17504e-04	1.47154e-05	-3.40183e-04	-8.50727e-01	-3.40302e-01	-4.69764e-01	5.93483e-02	1.87000e-01
1.86190e-03	9.52356e-05	2.93444e-06	-3.34466e-04	-8.44020e-01	-3.37621e-01	-4.67600e-01	6.05776e-02	1.87000e-01
1.35482e-03	7.42788e-05	-8.05426e-06	-3.30029e-04	-8.39428e-01	-3.35788e-01	-4.65365e-01	6.18059e-02	1.87000e-01
9.63276e-04	5.80046e-05	-1.65744e-05	-3.26790e-04	-8.36768e-01	-3.34730e-01	-4.63059e-01	6.30324e-02	1.87000e-01
7.92284e-04	5.05480e-05	-2.02875e-05	-3.23623e-04	-8.36062e-01	-3.34452e-01	-4.60679e-01	6.42563e-02	1.87000e-01
9.31906e-04	5.54810e-05	-1.72176e-05	-3.19261e-04	-8.36824e-01	-3.34752e-01	-4.58226e-01	6.54770e-02	1.87000e-01
1.34617e-03	7.14850e-05	-8.36613e-06	-3.11671e-04	-8.39146e-01	-3.35673e-01	-4.55699e-01	6.66936e-02	1.87000e-01
1.81887e-03	8.98992e-05	1.67008e-06	-3.01030e-04	-8.45355e-01	-3.38153e-01	-4.53096e-01	6.79054e-02	1.87000e-01
2.13284e-03	1.01883e-04	8.57893e-06	-2.88065e-04	-8.54728e-01	-3.41900e-01	-4.50417e-01	6.91115e-02	1.87000e-01
2.21835e-03	1.04634e-04	1.08922e-05	-2.75647e-04	-8.65014e-01	-3.46013e-01	-4.47662e-01	7.03111e-02	1.87000e-01
2.12329e-03	1.00089e-04	9.57310e-06	-2.69234e-04	-8.75180e-01	-3.50080e-01	-4.44830e-01	7.15034e-02	1.87000e-01
2.15236e-03	1.00948e-04	9.97193e-06	-2.66154e-04	-8.80844e-01	-3.52345e-01	-4.41920e-01	7.26875e-02	1.87000e-01
2.38330e-03	1.10370e-04	1.36135e-05	-2.60020e-04	-8.87158e-01	-3.54870e-01	-4.38932e-01	7.38626e-02	1.87000e-01
2.15920e-03	1.00496e-04	1.01248e-05	-2.54527e-04	-9.04275e-01	-3.61717e-01	-4.35866e-01	7.50279e-02	1.87000e-01
1.32537e-03	6.45755e-05	-2.34734e-06	-2.49984e-04	-9.20830e-01	-3.68342e-01	-4.32720e-01	7.61825e-02	1.87000e-01
8.69610e-04	4.45477e-05	-8.34600e-06	-2.38168e-04	-9.22848e-01	-3.69153e-01	-4.29496e-01	7.73256e-02	1.87000e-01
1.08215e-03	5.30002e-05	-4.12325e-06	-2.23247e-04	-9.21228e-01	-3.68501e-01	-4.26192e-01	7.84563e-02	1.87000e-01
1.06807e-03	5.17046e-05	-2.93621e-06	-2.09323e-04	-9.27780e-01	-3.71121e-01	-4.22808e-01	7.95737e-02	1.87000e-01
4.77811e-04	2.55352e-05	-9.30488e-06	-1.90406e-04	-9.36864e-01	-3.74761e-01	-4.19345e-01	8.06771e-02	1.87000e-01
-3.81780e-05	2.41550e-06	-1.39814e-05	-1.68625e-04	-9.39922e-01	-3.75819e-01	-4.15802e-01	8.17657e-02	1.87000e-01
-5.84141e-05	8.35160e-07	-1.23278e-05	-1.48598e-04	-9.36214e-01	-3.74409e-01	-4.12178e-01	8.28385e-02	1.87000e-01
1.07603e-04	7.41155e-06	-8.44930e-06	-1.29816e-04	-9.31395e-01	-3.72590e-01	-4.08475e-01	8.38948e-02	1.87000e-01
9.77806e-05	6.43507e-06	-6.91224e-06	-1.13145e-04	-9.29179e-01	-3.71698e-01	-4.04692e-01	8.49338e-02	1.87000e-01
-4.42410e-05	-1.38044e-07	-7.42792e-06	-9.90168e-05	-9.29225e-01	-3.71646e-01	-4.00829e-01	8.59548e-02	1.87000e-01
-1.05963e-04	-3.17344e-06	-7.04661e-06	-8.70047e-05	-9.30873e-01	-3.72335e-01	-3.96886e-01	8.69569e-02	1.87000e-01
-8.83246e-05	-2.65590e-06	-6.02789e-06	-7.65112e-05	-9.34616e-01	-3.73833e-01	-3.92863e-01	8.79393e-02	1.87000e-01
-2.64597e-04	-1.06736e-05	-6.86465e-06	-6.74330e-05	-9.40250e-01	-3.76096e-01	-3.88762e-01	8.89014e-02	1.87000e-01
-6.60117e-04	-2.83482e-05	-9.75497e-06	-6.04702e-05	-9.43036e-01	-3.77213e-01	-3.84581e-01	8.98424e-02	1.87000e-01
-9.39729e-04	-4.08234e-05	-1.18604e-05	-5.65909e-05	-9.41230e-01	-3.76491e-01	-3.80322e-01	9.07616e-02	1.87000e-01
-1.13330e-03	-4.94540e-05	-1.33492e-05	-5.58857e-05	-9.39195e-01	-3.75677e-01	-3.75984e-01	9.16582e-02	1.87000e-01
-1.34399e-03	-5.89380e-05	-1.44768e-05	-5.36265e-05	-9.35081e-01	-3.74031e-01	-3.71568e-01	9.25318e-02	1.87000e-01
-1.38352e-03	-6.08923e-05	-1.38229e-05	-4.61995e-05	-9.27710e-01	-3.71083e-01	-3.67074e-01	9.33814e-02	1.87000e-01
-1.38598e-03	-6.12164e-05	-1.27132e-05	-3.67334e-05	-9.21955e-01	-3.68781e-01	-3.62504e-01	9.42066e-02	1.87000e-01
-1.48222e-03	-6.57231e-05	-1.21399e-05	-2.60026e-05	-9.15559e-01	-3.66223e-01	-3.57857e-01	9.50068e-02	1.87000e-01
-1.46043e-03	-6.49385e-05	-1.08506e-05	-1.36089e-05	-9.09441e-01	-3.63776e-01	-3.53134e-01	9.57812e-02	1.87000e-01
-1.40404e-03	-6.26103e-05	-9.24470e-06	-2.96187e-06	-9.08423e-01	-3.63369e-01	-3.48336e-01	9.65295e-02	1.87000e-01
-1.37657e-03	-6.15286e-05	-8.02866e-06	7.18627e-06	-9.06678e-01	-3.62670e-01	-3.43463e-01	9.72509e-02	1.87000e-01
-1.15447e-03	-5.17260e-05	-5.75673e-06	1.76808e-05	-9.04696e-01	-3.61878e-01	-3.38515e-01	9.79450e-02	1.87000e-01
-1.01994e-03	-4.57907e-05	-4.28278e-06	2.17423e-05	-9.07778e-01	-3.63111e-01	-3.33495e-01	9.86114e-02	1.87000e-01
-1.39670e-03	-6.26326e-05	-6.30827e-06	1.89382e-05	-9.08837e-01	-3.63534e-01	-3.28402e-01	9.92494e-02	1.87000e-01
-1.96685e-03	-8.81748e-05	-8.94569e-06	1.79274e-05	-9.04501e-01	-3.61800e-01	-3.23237e-01	9.98587e-02	1.87000e-01
-2.29294e-03	-1.02866e-04	-9.62590e-06	2.43961e-05	-8.99828e-01	-3.59930e-01	-3.18001e-01	1.00439e-01	1.87000e-01
-2.39643e-03	-1.07616e-04	-8.83781e-06	3.53818e-05	-8.96158e-01	-3.58462e-01	-3.12695e-01	1.00990e-01	1.87000e-01
-2.41197e-03	-1.08403e-04	-7.74075e-06	4.45406e-05	-8.91623e-01	-3.56648e-01	-3.07320e-01	1.01510e-01	1.87000e-01
-2.33494e-03	-1.05001e-04	-6.57585e-06	4.98541e-05	-8.84547e-01	-3.53818e-01	-3.01877e-01	1.02001e-01	1.87000e-01
-2.15848e-03	-9.71175e-05	-5.20166e-06	5.21503e-05	-8.76390e-01	-3.50555e-01	-2.96366e-01	1.02461e-01	1.87000e-01
-2.00104e-03	-9.00613e-05	-4.19375e-06	5.27460e-05	-8.70283e-01	-3.48112e-01	-2.90789e-01	1.02890e-01	1.87000e-01
-1.98653e-03	-8.94256e-05	-3.63822e-06	5.39380e-05	-8.65749e-01	-3.46299e-01	-2.85147e-01	1.03288e-01	1.87000e-01
-2.05602e-03	-9.25619e-05	-3.33372e-06	5.44081e-05	-8.60745e-01	-3.44297e-01	-2.79440e-01	1.03655e-01	1.87000e-01
-2.02804e-03	-9.13063e-05	-2.91609e-06	5.01949e-05	-8.55285e-01	-3.42113e-01	-2.73670e-01	1.03990e-01	1.87000e-01
-1.85082e-03	-8.33294e-05	-2.33632e-06	4.22652e-05	-8.50304e-01	-3.40120e-01	-2.67838e-01	1.04293e-01	1.87000e-01
-1.70506e-03	-7.67652e-05	-1.93323e-06	3.52448e-05	-8.46907e-01	-3.38762e-01	-2.61945e-01	1.04565e-01	1.87000e-01
-1.76153e-03	-7.93070e-05	-1.74376e-06	3.18073e-05	-8.44528e-01	-3.37811e-01	-2.55992e-01	1.04805e-01	1.87000e-01
-1.94370e-03	-8.75108e-05	-1.54461e-06	3.29359e-05	-8.41376e-01	-3.36550e-01	-2.49981e-01	1.05013e-01	1.87000e-01
-2.10226e-03	-9.46559e-05	-1.08258e-06	3.81606e-05	-8.37953e-01	-3.35180e-01	-2.43912e-01	1.05188e-01	1.87000e-01
-2.20482e-03	-9.92765e-05	-5.28097e-07	4.27910e-05	-8.33719e-01	-3.33486e-01	-2.37787e-01	1.05332e-01	1.87000e-01
-2.20560e-03	-9.93082e-05	-1.11934e-07	4.06625e-05	-8.27504e-01	-3.31001e-01	-2.31607e-01	1.05443e-01	1.87000e-01
-2.10425e-03	-9.47393e-05	1.91994e-07	3.38102e-05	-8.21701e-01	-3.28680e-01	-2.25374e-01	1.05523e-01	1.87000e-01
-2.01261e-03	-9.06084e-05	6.19352e-07	3.03561e-05	-8.17166e-01	-3.26865e-01	-2.19088e-01	1.05570e-01	1.87000e-01
-2.02927e-03	-9.13516e-05	9.79912e-07	3.09818e-05	-8.12876e-01	-3.25149e-01	-2.12752e-01	1.05586e-01	1.87000e-01
-2.14214e-03	-9.64244e-05	1.42954e-06	3.07511e-05	-8.09323e-01	-3.23728e-01	-2.06366e-01	1.05569e-01	1.87000e-01
-2.23986e-03	-1.00814e-04	1.86070e-06	2.88513e-05	-8.05101e-01	-3.22039e-01	-1.99932e-01	1.05521e-01	1.87000e-01
-2.26065e-03	-1.01739e-04	2.25642e-06	2.54888e-05	-8.00103e-01	-3.20040e-01	-1.93451e-01	1.05442e-01	1.87000e-01
-2.29312e-03	-1.03188e-04	2.65739e-06	2.09366e-05	-7.95866e-01	-3.18345e-01	-1.86925e-01	1.05331e-01	1.87000e-01
-2.38243e-03	-1.07193e-04	3.16623e-06	1.93929e-05	-7.90525e-01	-3.16209e-01	-1.80355e-01	1.05188e-01	1.87000e-01
-2.42284e-03	-1.08992e-04	3.78800e-06	2.21169e-05	-7.83618e-01	-3.13446e-01	-1.73742e-01	1.05015e-01	1.87000e-01
-2.39932e-03	-1.07913e-04	4.24374e-06	2.46055e-05	-7.77235e-01	-3.10893e-01	-1.67089e-01	1.04812e-01	1.87000e-01
-2.38024e-03	-1.07037e-04	4.59722e-06	2.49668e-05	-7.70886e-01	-3.08354e-01	-1.60396e-01	1.04578e-01	1.87000e-01
-2.34415e-03	-1.05393e-04	4.95497e-06	2.45346e-05	-7.64144e-01	-3.05657e-01	-1.53665e-01	1.04314e-01	1.87000e-01
-2.29973e-03	-1.03376e-04	5.25348e-06	2.25734e-05	-7.58489e-01	-3.03394e-01	-1.46898e-01	1.04020e-01	1.87000e-01
-2.36681e-03	-1.06373e-04	5.71319e-06	1.89948e-05	-7.53741e-01	-3.01496e-01	-1.40096e-01	1.03696e-01	1.87000e-01
-2.54566e-03	-1.14387e-04	6.53686e-06	1.80055e-05	-7.48307e-01	-2.99322e-01	-1.33260e-01	1.03344e-01	1.87000e-01
-2.66751e-03	-1.19831e-04	7.37178e-06	2.20077e-05	-7.42084e-01	-2.96833e-01	-1.26393e-01	1.02963e-01	1.87000e-01
-2.66011e-03	-1.19464e-04	7.87624e-06	2.57779e-05	-7.36135e-01	-2.94453e-01	-1.19496e-01	1.02554e-01	1.87000e-01
-2.60476e-03	-1.16950e-04	8.10213e-06	2.40822e-05	-7.30416e-01	-2.92165e-01	-1.12571e-01	1.02117e-01	1.87000e-01
-2.56405e-03	-1.15098e-04	8.31005e-06	1.96383e-05	-7.24641e-01	-2.89855e-01	-1.05618e-01	1.01653e-01	1.87000e-01
-2.54601e-03	-1.14258e-04	8.64143e-06	1.69672e-05	-7.19322e-01	-2.87728e-01	-9.86403e-02	1.01161e-01	1.87000e-01
-2.55264e-03	-1.14528e-04	9.00941e-06	1.58520e-05	-7.13982e-01	-2.85592e-01	-9.16389e-02	1.00643e-01	1.87000e-01
-2.55450e-03	-1.14582e-04	9.36013e-06	1.37384e-05	-7.08009e-01	-2.83202e-01	-8.46156e-02	1.00100e-01	1.87000e-01
-2.51965e-03	-1.12992e-04	9.54794e-06	8.95781e-06	-7.01922e-01	-2.80768e-01	-7.75720e-02	9.95304e-02	1.87000e-01
-2.46872e-03	-1.10685e-04	9.62096e-06	2.22033e-06	-6.96150e-01	-2.78459e-01	-7.05097e-02	9.89361e-02	1.87000e-01
-2.45477e-03	-1.10035e-04	9.82596e-06	-3.54915e-06	-6.90861e-01	-2.76343e-01	-6.34305e-02	9.83174e-02	1.87000e-01
-2.49862e-03	-1.11970e-04	1.03398e-05	-5.67717e-06	-6.85519e-01	-2.74207e-01	-5.63360e-02	9.76747e-02	1.87000e-01
-2.56288e-03	-1.14815e-04	1.09630e-05	-4.56603e-06	-6.79259e-01	-2.71703e-01	-4.92279e-02	9.70086e-02	1.87000e-01
-2.59938e-03	-1.16414e-04	1.14882e-05	-4.04400e-06	-6.72649e-01	-2.69058e-01	-4.21079e-02	9.63197e-02	1.87000e-01
-2.59614e-03	-1.16236e-04	1.17978e-05	-6.49039e-06	-6.66120e-01	-2.66447e-01	-3.49777e-02	9.56085e-02	1.87000e-01
-2.56654e-03	-1.14880e-04	1.19570e-05	-9.03325e-06	-6.59063e-01	-2.63624e-01	-2.78391e-02	9.48756e-02	1.87000e-01
-2.53897e-03	-1.13612e-04	1.21437e-05	-8.82354e-06	-6.51685e-01	-2.60673e-01	-2.06936e-02	9.41215e-02	1.87000e-01
-2.53042e-03	-1.13192e-04	1.24439e-05	-6.95105e-06	-6.44045e-01	-2.57617e-01	-1.35431e-02	9.33469e-02	1.87000e-01
-2.51623e-03	-1.12523e-04	1.26843e-05	-4.35255e-06	-6.35729e-01	-2.54291e-01	-6.38928e-03	9.25523e-02	1.87000e-01
-2.47894e-03	-1.10817e-04	1.28276e-05	-1.00251e-06	-6.27576e-01	-2.51029e-01	7.66203e-04	9.17383e-02	1.87000e-01
-2.44637e-03	-1.09325e-04	1.29605e-05	1.99125e-06	-6.19925e-01	-2.47969e-01	7.92160e-03	9.09056e-02	1.87000e-01
-2.41824e-03	-1.08033e-04	1.30995e-05	4.33175e-06	-6.11629e-01	-2.44651e-01	1.50752e-02	9.00547e-02	1.87000e-01
-2.33065e-03	-1.04086e-04	1.28995e-05	6.98171e-06	-6.02375e-01	-2.40949e-01	2.22252e-02	8.91862e-02	1.87000e-01
-2.14044e-03	-9.55603e-05	1.20964e-05	1.00218e-05	-5.93219e-01	-2.37287e-01	2.93700e-02	8.83007e-02	1.87000e-01
-1.89699e-03	-8.46637e-05	1.09344e-05	1.26477e-05	-5.85336e-01	-2.34134e-01	3.65079e-02	8.73988e-02	1.87000e-01
-1.70387e-03	-7.60214e-05	9.99824e-06	1.34346e-05	-5.79268e-01	-2.31706e-01	4.36370e-02	8.64812e-02	1.87000e-01
-1.61586e-03	-7.20743e-05	9.63587e-06	1.20548e-05	-5.74398e-01	-2.29758e-01	5.07558e-02	8.55485e-02	1.87000e-01
-1.57670e-03	-7.03072e-05	9.55213e-06	1.11921e-05	-5.69694e-01	-2.27877e-01	5.78624e-02	8.46012e-02	1.87000e-01
-1.49862e-03	-6.68050e-05	9.22732e-06	1.30123e-05	-5.65344e-01	-2.26137e-01	6.49553e-02	8.36400e-02	1.87000e-01
-1.38543e-03	-6.17387e-05	8.67653e-06	1.53140e-05	-5.62175e-01	-2.24869e-01	7.20326e-02	8.26655e-02	1.87000e-01
-1.30371e-03	-5.80795e-05	8.28829e-06	1.52203e-05	-5.59976e-01	-2.23990e-01	7.90927e-02	8.16782e-02	1.87000e-01
-1.27695e-03	-5.68726e-05	8.22087e-06	1.34615e-05	-5.58090e-01	-2.23235e-01	8.61339e-02	8.06789e-02	1.87000e-01
-1.27380e-03	-5.67172e-05	8.30333e-06	1.17175e-05	-5.56370e-01	-2.22548e-01	9.31546e-02	7.96680e-02	1.87000e-01
-1.26620e-03	-5.63642e-05	8.35340e-06	9.73108e-06	-5.54784e-01	-2.21913e-01	1.00153e-01	7.86463e-02	1.87000e-01
-1.25366e-03	-5.57918e-05	8.36525e-06	7.34516e-06	-5.53325e-01	-2.21330e-01	1.07127e-01	7.76142e-02	1.87000e-01
-1.24272e-03	-5.52902e-05	8.38996e-06	6.04360e-06	-5.52059e-01	-2.20823e-01	1.14076e-01	7.65725e-02	1.87000e-01
-1.22847e-03	-5.46407e-05	8.39514e-06	6.74689e-06	-5.50960e-01	-2.20383e-01	1.20998e-01	7.55216e-02	1.87000e-01
-1.20281e-03	-5.34835e-05	8.32302e-06	8.25917e-06	-5.50062e-01	-2.20024e-01	1.27891e-01	7.44622e-02	1.87000e-01
-1.17401e-03	-5.21879e-05	8.21841e-06	9.01667e-06	-5.49390e-01	-2.19756e-01	1.34753e-01	7.33949e-02	1.87000e-01
-1.15582e-03	-5.13653e-05	8.17834e-06	8.78048e-06	-5.48844e-01	-2.19537e-01	1.41583e-01	7.23203e-02	1.87000e-01
-1.14749e-03	-5.09815e-05	8.20557e-06	8.25408e-06	-5.48353e-01	-2.19341e-01	1.48380e-01	7.12389e-02	1.87000e-01
-1.13655e-03	-5.04819e-05	8.21058e-06	7.91374e-06	-5.47945e-01	-2.19178e-01	1.55141e-01	7.01512e-02	1.87000e-01
-1.12176e-03	-4.98114e-05	8.18550e-06	7.59960e-06	-5.47704e-01	-2.19081e-01	1.61865e-01	6.90580e-02	1.87000e-01
-1.11856e-03	-4.96562e-05	8.24149e-06	6.98195e-06	-5.47629e-01	-2.19051e-01	1.68551e-01	6.79597e-02	1.87000e-01
-1.14009e-03	-5.05991e-05	8.47814e-06	6.20927e-06	-5.47572e-01	-2.19028e-01	1.75197e-01	6.68569e-02	1.87000e-01
-1.18126e-03	-5.24125e-05	8.86447e-06	5.88866e-06	-5.47387e-01	-2.18954e-01	1.81801e-01	6.57502e-02	1.87000e-01
-1.22443e-03	-5.43140e-05	9.27263e-06	6.40283e-06	-5.47076e-01	-2.18830e-01	1.88362e-01	6.46401e-02	1.87000e-01
-1.25281e-03	-5.55576e-05	9.57413e-06	7.44173e-06	-5.46738e-01	-2.18695e-01	1.94879e-01	6.35272e-02	1.87000e-01
-1.26104e-03	-5.59083e-05	9.72151e-06	8.21951e-06	-5.46489e-01	-2.18595e-01	2.01350e-01	6.24119e-02	1.87000e-01
-1.25647e-03	-5.56912e-05	9.76826e-06	8.07153e-06	-5.46389e-01	-2.18555e-01	2.07773e-01	6.12950e-02	1.87000e-01
-1.25311e-03	-5.55283e-05	9.82173e-06	6.99266e-06	-5.46397e-01	-2.18558e-01	2.14147e-01	6.01768e-02	1.87000e-01
-1.25826e-03	-5.57426e-05	9.94036e-06	5.57041e-06	-5.46430e-01	-2.18571e-01	2.20471e-01	5.90579e-02	1.87000e-01
-1.26992e-03	-5.62453e-05	1.01095e-05	4.44831e-06	-5.46455e-01	-2.18581e-01	2.26743e-01	5.79389e-02	1.87000e-01
-1.28255e-03	-5.67909e-05	1.02867e-05	3.93325e-06	-5.46504e-01	-2.18601e-01	2.32962e-01	5.68202e-02	1.87000e-01
-1.29649e-03	-5.73936e-05	1.04772e-05	3.89882e-06	-5.46599e-01	-2.18639e-01	2.39126e-01	5.57024e-02	1.87000e-01
-1.31387e-03	-5.81488e-05	1.06950e-05	3.86892e-06	-5.46688e-01	-2.18675e-01	2.45235e-01	5.45860e-02	1.87000e-01
-1.33428e-03	-5.90377e-05	1.09390e-05	3.47683e-06	-5.46725e-01	-2.18690e-01	2.51286e-01	5.34714e-02	1.87000e-01
-1.35403e-03	-5.98970e-05	1.11795e-05	2.88567e-06	-5.46730e-01	-2.18692e-01	2.57279e-01	5.23593e-02	1.87000e-01
-1.37010e-03	-6.05934e-05	1.13905e-05	2.52139e-06	-5.46736e-01	-2.18694e-01	2.63212e-01	5.12500e-02	1.87000e-01
-1.38011e-03	-6.10212e-05	1.15529e-05	2.48292e-06	-5.46760e-01	-2.18703e-01	2.69085e-01	5.01442e-02	1.87000e-01
-1.38435e-03	-6.11933e-05	1.16693e-05	2.43023e-06	-5.46799e-01	-2.18719e-01	2.74895e-01	4.90421e-02	1.87000e-01
-1.38614e-03	-6.12573e-05	1.17622e-05	1.97315e-06	-5.46846e-01	-2.18738e-01	2.80641e-01	4.79445e-02	1.87000e-01
-1.39863e-03	-6.17944e-05	1.19454e-05	1.13438e-06	-5.46893e-01	-2.18757e-01	2.86323e-01	4.68516e-02	1.87000e-01
-1.43244e-03	-6.32725e-05	1.23140e-05	2.90599e-07	-5.46846e-01	-2.18738e-01	2.91940e-01	4.57640e-02	1.87000e-01
-1.48190e-03	-6.54420e-05	1.28173e-05	-4.02363e-07	-5.46603e-01	-2.18641e-01	2.97489e-01	4.46822e-02	1.87000e-01
-1.53099e-03	-6.75941e-05	1.33228e-05	-1.18565e-06	-5.46213e-01	-2.18484e-01	3.02971e-01	4.36066e-02	1.87000e-01
-1.57302e-03	-6.94324e-05	1.37756e-05	-2.23436e-06	-5.45726e-01	-2.18290e-01	3.08384e-01	4.25377e-02	1.87000e-01
-1.61246e-03	-7.11559e-05	1.42095e-05	-3.39201e-06	-5.45144e-01	-2.18057e-01	3.13727e-01	4.14759e-02	1.87000e-01
-1.65782e-03	-7.31397e-05	1.46970e-05	-4.30742e-06	-5.44518e-01	-2.17807e-01	3.18999e-01	4.04216e-02	1.87000e-01
-1.71391e-03	-7.55971e-05	1.52798e-05	-4.66650e-06	-5.43868e-01	-2.17547e-01	3.24199e-01	3.93753e-02	1.87000e-01
-1.77737e-03	-7.83784e-05	1.59339e-05	-4.47825e-06	-5.43136e-01	-2.17254e-01	3.29326e-01	3.83375e-02	1.87000e-01
-1.84228e-03	-8.12220e-05	1.66087e-05	-4.06330e-06	-5.42259e-01	-2.16903e-01	3.34379e-01	3.73085e-02	1.87000e-01
-1.90226e-03	-8.38462e-05	1.72468e-05	-3.78296e-06	-5.41171e-01	-2.16468e-01	3.39358e-01	3.62888e-02	1.87000e-01
-1.94568e-03	-8.57390e-05	1.77423e-05	-3.86687e-06	-5.39873e-01	-2.15949e-01	3.44262e-01	3.52787e-02	1.87000e-01
-1.96163e-03	-8.64219e-05	1.79854e-05	-4.10445e-06	-5.38494e-01	-2.15397e-01	3.49089e-01	3.42787e-02	1.87000e-01
-1.95770e-03	-8.62288e-05	1.80432e-05	-4.04490e-06	-5.37171e-01	-2.14868e-01	3.53840e-01	3.32892e-02	1.87000e-01
-1.95950e-03	-8.62894e-05	1.81508e-05	-3.74122e-06	-5.35979e-01	-2.14391e-01	3.58513e-01	3.23105e-02	1.87000e-01
-1.98364e-03	-8.73313e-05	1.84744e-05	-3.72371e-06	-5.34714e-01	-2.13885e-01	3.63107e-01	3.13431e-02	1.87000e-01
-2.01388e-03	-8.86424e-05	1.88511e-05	-4.55011e-06	-5.33081e-01	-2.13232e-01	3.67623e-01	3.03873e-02	1.87000e-01
-2.02491e-03	-8.91089e-05	1.90440e-05	-6.35544e-06	-5.31394e-01	-2.12557e-01	3.72059e-01	2.94435e-02	1.87000e-01
-2.02089e-03	-8.89117e-05	1.91007e-05	-8.38520e-06	-5.29937e-01	-2.11974e-01	3.76415e-01	2.85120e-02	1.87000e-01
-2.01490e-03	-8.86298e-05	1.91279e-05	-9.61123e-06	-5.28493e-01	-2.11396e-01	3.80690e-01	2.75932e-02	1.87000e-01
-2.00092e-03	-8.79956e-05	1.90848e-05	-1.00812e-05	-5.27020e-01	-2.10807e-01	3.84884e-01	2.66874e-02	1.87000e-01
-1.97358e-03	-8.67743e-05	1.89119e-05	-1.08122e-05	-5.25566e-01	-2.10225e-01	3.88997e-01	2.57949e-02	1.87000e-01
-1.95291e-03	-8.58476e-05	1.87947e-05	-1.19526e-05	-5.24180e-01	-2.09671e-01	3.93027e-01	2.49161e-02	1.87000e-01
-1.95728e-03	-8.60220e-05	1.89184e-05	-1.22699e-05	-5.22845e-01	-2.09137e-01	3.96976e-01	2.40513e-02	1.87000e-01
-1.98008e-03	-8.70082e-05	1.92100e-05	-1.15178e-05	-5.21304e-01	-2.08521e-01	4.00841e-01	2.32007e-02	1.87000e-01
-2.00478e-03	-8.80739e-05	1.95381e-05	-1.11226e-05	-5.19500e-01	-2.07799e-01	4.04624e-01	2.23646e-02	1.87000e-01
-2.00796e-03	-8.81915e-05	1.96693e-05	-1.18586e-05	-5.17470e-01	-2.06987e-01	4.08324e-01	2.15434e-02	1.87000e-01
-1.96365e-03	-8.62260e-05	1.93206e-05	-1.31366e-05	-5.15437e-01	-2.06174e-01	4.11940e-01	2.07372e-02	1.87000e-01
-1.89812e-03	-8.33323e-05	1.87497e-05	-1.40596e-05	-5.13896e-01	-2.05558e-01	4.15473e-01	1.99463e-02	1.87000e-01
-1.87846e-03	-8.24528e-05	1.86272e-05	-1.39246e-05	-5.12670e-01	-2.05067e-01	4.18923e-01	1.91709e-02	1.87000e-01
-1.91624e-03	-8.40969e-05	1.90644e-05	-1.27550e-05	-5.11237e-01	-2.04494e-01	4.22289e-01	1.84113e-02	1.87000e-01
-1.97625e-03	-8.67165e-05	1.97237e-05	-1.13175e-05	-5.09560e-01	-2.03823e-01	4.25571e-01	1.76677e-02	1.87000e-01
-2.02742e-03	-8.89465e-05	2.03023e-05	-1.00757e-05	-5.07593e-01	-2.03036e-01	4.28770e-01	1.69402e-02	1.87000e-01
-2.03834e-03	-8.94052e-05	2.05002e-05	-9.22494e-06	-5.05512e-01	-2.02204e-01	4.31886e-01	1.62291e-02	1.87000e-01
-2.00820e-03	-8.80630e-05	2.02840e-05	-9.36070e-06	-5.03741e-01	-2.01496e-01	4.34918e-01	1.55344e-02	1.87000e-01
-1.97912e-03	-8.67759e-05	2.00422e-05	-1.04599e-05	-5.02048e-01	-2.00818e-01	4.37867e-01	1.48563e-02	1.87000e-01
-1.97187e-03	-8.64454e-05	2.00242e-05	-1.10665e-05	-5.00141e-01	-2.00056e-01	4.40734e-01	1.41950e-02	1.87000e-01
-1.95955e-03	-8.58847e-05	1.99879e-05	-1.03093e-05	-4.98222e-01	-1.99288e-01	4.43518e-01	1.35506e-02	1.87000e-01
-1.91941e-03	-8.41096e-05	1.96466e-05	-9.44479e-06	-4.96449e-01	-1.98579e-01	4.46220e-01	1.29231e-02	1.87000e-01
-1.87001e-03	-8.19366e-05	1.91754e-05	-9.56982e-06	-4.94930e-01	-1.97971e-01	4.48841e-01	1.23126e-02	1.87000e-01
-1.85386e-03	-8.12191e-05	1.90512e-05	-9.91162e-06	-4.93588e-01	-1.97435e-01	4.51380e-01	1.17193e-02	1.87000e-01
-1.86698e-03	-8.17768e-05	1.92588e-05	-9.81177e-06	-4.92149e-01	-1.96859e-01	4.53839e-01	1.11430e-02	1.87000e-01
-1.86010e-03	-8.14553e-05	1.92735e-05	-9.80268e-06	-4.90680e-01	-1.96271e-01	4.56217e-01	1.05839e-02	1.87000e-01
-1.83221e-03	-8.02226e-05	1.90332e-05	-1.01127e-05	-4.89388e-01	-1.95755e-01	4.58516e-01	1.00420e-02	1.87000e-01
-1.82526e-03	-7.99147e-05	1.89769e-05	-1.03026e-05	-4.88151e-01	-1.95260e-01	4.60737e-01	9.51719e-03	1.87000e-01
-1.83520e-03	-8.03433e-05	1.91064e-05	-1.02597e-05	-4.86844e-01	-1.94737e-01	4.62879e-01	9.00949e-03	1.87000e-01
-1.81502e-03	-7.94429e-05	1.89687e-05	-1.00586e-05	-4.85641e-01	-1.94256e-01	4.64945e-01	8.51882e-03	1.87000e-01
-1.75200e-03	-7.66670e-05	1.83824e-05	-9.41506e-06	-4.84682e-01	-1.93872e-01	4.66934e-01	8.04512e-03	1.87000e-01
-1.67888e-03	-7.34595e-05	1.76477e-05	-8.28536e-06	-4.83857e-01	-1.93542e-01	4.68848e-01	7.58829e-03	1.87000e-01
-1.63198e-03	-7.14004e-05	1.71846e-05	-7.36062e-06	-4.83009e-01	-1.93203e-01	4.70687e-01	7.14822e-03	1.87000e-01
-1.61652e-03	-7.07167e-05	1.70511e-05	-7.00706e-06	-4.82016e-01	-1.92806e-01	4.72453e-01	6.72476e-03	1.87000e-01
-1.60893e-03	-7.03801e-05	1.69899e-05	-6.67970e-06	-4.80991e-01	-1.92396e-01	4.74147e-01	6.31775e-03	1.87000e-01
-1.59579e-03	-6.97972e-05	1.68852e-05	-6.02445e-06	-4.80134e-01	-1.92053e-01	4.75770e-01	5.92703e-03	1.87000e-01
-1.60098e-03	-7.00193e-05	1.69603e-05	-5.34849e-06	-4.79299e-01	-1.91719e-01	4.77323e-01	5.55238e-03	1.87000e-01
-1.63538e-03	-7.15229e-05	1.73289e-05	-4.80139e-06	-4.78278e-01	-1.91310e-01	4.78807e-01	5.19359e-03	1.87000e-01
-1.67011e-03	-7.30335e-05	1.77304e-05	-4.23837e-06	-4.77140e-01	-1.90855e-01	4.80225e-01	4.85041e-03	1.87000e-01
-1.67976e-03	-7.34432e-05	1.78826e-05	-3.48976e-06	-4.76017e-01	-1.90406e-01	4.81577e-01	4.52258e-03	1.87000e-01
-1.67078e-03	-7.30441e-05	1.78155e-05	-2.55965e-06	-4.74986e-01	-1.89994e-01	4.82864e-01	4.20981e-03	1.87000e-01
-1.66192e-03	-7.26525e-05	1.77379e-05	-1.61241e-06	-4.74060e-01	-1.89624e-01	4.84089e-01	3.91180e-03	1.87000e-01
-1.65623e-03	-7.23950e-05	1.77129e-05	-7.09507e-07	-4.73151e-01	-1.89260e-01	4.85253e-01	3.62820e-03	1.87000e-01
-1.64548e-03	-7.19156e-05	1.76362e-05	2.83408e-07	-4.72209e-01	-1.88883e-01	4.86358e-01	3.35868e-03	1.87000e-01
-1.63150e-03	-7.12985e-05	1.75126e-05	1.34769e-06	-4.71290e-01	-1.88515e-01	4.87405e-01	3.10285e-03	1.87000e-01
-1.61187e-03	-7.04350e-05	1.73236e-05	2.14836e-06	-4.70402e-01	-1.88160e-01	4.88397e-01	2.86032e-03	1.87000e-01
-1.58063e-03	-6.90706e-05	1.69849e-05	2.57734e-06	-4.69613e-01	-1.87844e-01	4.89335e-01	2.63068e-03	1.87000e-01
-1.55061e-03	-6.77578e-05	1.66667e-05	3.06292e-06	-4.68933e-01	-1.87573e-01	4.90221e-01	2.41348e-03	1.87000e-01
-1.54110e-03	-6.73363e-05	1.65887e-05	3.98339e-06	-4.68358e-01	-1.87343e-01	4.91057e-01	2.20826e-03	1.87000e-01
-1.54152e-03	-6.73393e-05	1.66550e-05	5.17242e-06	-4.67787e-01	-1.87114e-01	4.91845e-01	2.01454e-03	1.87000e-01
-1.52838e-03	-6.67552e-05	1.65534e-05	6.19399e-06	-4.67085e-01	-1.86834e-01	4.92588e-01	1.83181e-03	1.87000e-01
-1.49633e-03	-6.53621e-05	1.61796e-05	6.86144e-06	-4.66427e-01	-1.86570e-01	4.93288e-01	1.65955e-03	1.87000e-01
-1.44817e-03	-6.32400e-05	1.57332e-05	7.34162e-06	-4.65687e-01	-1.86274e-01	4.93947e-01	1.49720e-03	1.87000e-01
-1.38981e-03	-6.07052e-05	1.50431e-05	7.79857e-06	-4.65071e-01	-1.86028e-01	4.94568e-01	1.34420e-03	1.87000e-01
-1.32505e-03	-5.78443e-05	1.44733e-05	8.24369e-06	-4.64518e-01	-1.85807e-01	4.95153e-01	1.19996e-03	1.87000e-01
-1.25289e-03	-5.47099e-05	1.36221e-05	8.70792e-06	-4.63888e-01	-1.85555e-01	4.95704e-01	1.06386e-03	1.87000e-01
-1.17873e-03	-5.14498e-05	1.29029e-05	9.24489e-06	-4.63601e-01	-1.85440e-01	4.96224e-01	9.35261e-04	1.87000e-01
-1.09431e-03	-4.77533e-05	1.20262e-05	9.83060e-06	-4.62884e-01	-1.85153e-01	4.96717e-01	8.13512e-04	1.87000e-01
-9.98722e-04	-4.36161e-05	1.08381e-05	1.04203e-05	-4.62765e-01	-1.85105e-01	4.97184e-01	6.97932e-04	1.87000e-01
-8.99912e-04	-3.92096e-05	1.01344e-05	1.09582e-05	-4.62210e-01	-1.84884e-01	4.97629e-01	5.87820e-04	1.87000e-01
-7.68801e-04	-3.36233e-05	8.14819e-06	1.14307e-05	-4.61856e-01	-1.84742e-01	4.98055e-01	4.82454e-04	1.87000e-01
-6.75579e-04	-2.92996e-05	8.15573e-06	1.17554e-05	-4.62235e-01	-1.84894e-01	4.98464e-01	3.81091e-04	1.87000e-01
-5.26931e-04	-2.30237e-05	5.67159e-06	1.18067e-05	-4.61032e-01	-1.84413e-01	4.98860e-01	2.82965e-04	1.87000e-01
-5.12610e-04	-2.21999e-05	6.31594e-06	1.16163e-05	-4.64563e-01	-1.85825e-01	4.99245e-01	1.87289e-04	1.87000e-01
-6.71984e-04	-2.77927e-05	1.35548e-05	1.02136e-05	-4.64566e-01	-1.85826e-01	4.99624e-01	9.32518e-05	1.87000e-01
-5.44562e-04	-3.22794e-05	-2.82913e-05	6.58844e-06	-4.69794e-01	-1.87917e-01	5.00000e-01	0.00000e+00	1.87000e-01
