"Density"	"Momentum:0"	"Momentum:1"	"Momentum:2"	"StagnationEnergy"	"Pressure"	"Points:0"	"Points:1"	"Points:2"
1.69688e-02	-4.17245e-04	9.84351e-04	7.98337e-04	-3.24661e-01	-1.29885e-01	-5.04635e-01	0.00000e+00	-1.15500e-01
2.85686e-03	2.36273e-04	1.54783e-04	2.36161e-04	-5.63173e-01	-2.25279e-01	-5.04583e-01	2.24939e-03	-1.15500e-01
7.45804e-03	2.70822e-04	4.08542e-04	2.74622e-04	-4.84542e-01	-1.93825e-01	-5.04424e-01	4.49379e-03	-1.15500e-01
1.30701e-02	3.19871e-04	7.17719e-04	2.91119e-04	-5.65756e-01	-2.26313e-01	-5.04159e-01	6.72809e-03	-1.15500e-01
1.44851e-02	3.83125e-04	7.76841e-04	2.70332e-04	-5.91803e-01	-2.36733e-01	-5.03787e-01	8.94720e-03	-1.15500e-01
1.64796e-02	4.15753e-04	8.73322e-04	2.72119e-04	-6.58216e-01	-2.63299e-01	-5.03311e-01	1.11462e-02	-1.15500e-01
1.79068e-02	4.76889e-04	9.27484e-04	2.49235e-04	-7.40912e-01	-2.96378e-01	-5.02731e-01	1.33203e-02	-1.15500e-01
1.85845e-02	5.09884e-04	9.42867e-04	2.41765e-04	-7.95670e-01	-3.18281e-01	-5.02052e-01	1.54655e-02	-1.15500e-01
1.91001e-02	5.48975e-04	9.45029e-04	2.24735e-04	-8.79526e-01	-3.51823e-01	-5.01277e-01	1.75778e-02	-1.15500e-01
1.91726e-02	5.77047e-04	9.23700e-04	2.14448e-04	-9.35884e-01	-3.74366e-01	-5.00455e-01	1.95529e-02	-1.15500e-01
1.90633e-02	5.95619e-04	8.95609e-04	2.07176e-04	-9.90029e-01	-3.96024e-01	-4.99630e-01	2.13375e-02	-1.15500e-01
1.88001e-02	6.11456e-04	8.59276e-04	1.99514e-04	-1.03883e+00	-4.15545e-01	-4.98798e-01	2.29830e-02	-1.15500e-01
1.84171e-02	6.18924e-04	8.19898e-04	1.97541e-04	-1.07459e+00	-4.29849e-01	-4.97956e-01	2.45237e-02	-1.15500e-01
1.79971e-02	6.25295e-04	7.78795e-04	1.94348e-04	-1.11172e+00	-4.44700e-01	-4.97101e-01	2.59835e-02	-1.15500e-01
1.74829e-02	6.25942e-04	7.35126e-04	1.94613e-04	-1.13941e+00	-4.55775e-01	-4.96231e-01	2.73801e-02	-1.15500e-01
1.69365e-02	6.24134e-04	6.90969e-04	1.95369e-04	-1.16508e+00	-4.66042e-01	-4.95342e-01	2.87271e-02	-1.15500e-01
1.63582e-02	6.19687e-04	6.46514e-04	1.97373e-04	-1.18708e+00	-4.74842e-01	-4.94432e-01	3.00347e-02	-1.15500e-01
1.57459e-02	6.12470e-04	6.01832e-04	2.00901e-04	-1.20451e+00	-4.81815e-01	-4.93497e-01	3.13115e-02	-1.15500e-01
1.51180e-02	6.03202e-04	5.57652e-04	2.04985e-04	-1.22033e+00	-4.88141e-01	-4.92536e-01	3.25640e-02	-1.15500e-01
1.44733e-02	5.92116e-04	5.13827e-04	2.10317e-04	-1.23260e+00	-4.93047e-01	-4.91544e-01	3.37976e-02	-1.15500e-01
1.38147e-02	5.79062e-04	4.70712e-04	2.16307e-04	-1.24243e+00	-4.96979e-01	-4.90521e-01	3.50169e-02	-1.15500e-01
1.31518e-02	5.64580e-04	4.28591e-04	2.22970e-04	-1.25024e+00	-5.00104e-01	-4.89463e-01	3.62255e-02	-1.15500e-01
1.24860e-02	5.48830e-04	3.87489e-04	2.30522e-04	-1.25544e+00	-5.02184e-01	-4.88369e-01	3.74264e-02	-1.15500e-01
1.18305e-02	5.32367e-04	3.47877e-04	2.38912e-04	-1.25901e+00	-5.03611e-01	-4.87235e-01	3.86220e-02	-1.15500e-01
1.11751e-02	5.14961e-04	3.09277e-04	2.48263e-04	-1.26052e+00	-5.04216e-01	-4.86060e-01	3.98143e-02	-1.15500e-01
1.05316e-02	4.97087e-04	2.72117e-04	2.58560e-04	-1.26041e+00	-5.04170e-01	-4.84841e-01	4.10050e-02	-1.15500e-01
9.90325e-03	4.78926e-04	2.36480e-04	2.69711e-04	-1.25888e+00	-5.03559e-01	-4.83576e-01	4.21954e-02	-1.15500e-01
9.29097e-03	4.60535e-04	2.02417e-04	2.81535e-04	-1.25594e+00	-5.02384e-01	-4.82264e-01	4.33865e-02	-1.15500e-01
8.71016e-03	4.42636e-04	1.70312e-04	2.94277e-04	-1.25198e+00	-5.00801e-01	-4.80902e-01	4.45791e-02	-1.15500e-01
8.16763e-03	4.25729e-04	1.40116e-04	3.08386e-04	-1.24708e+00	-4.98839e-01	-4.79489e-01	4.57737e-02	-1.15500e-01
7.66169e-03	4.09863e-04	1.11624e-04	3.24115e-04	-1.24150e+00	-4.96607e-01	-4.78022e-01	4.69706e-02	-1.15500e-01
7.19202e-03	3.95227e-04	8.45221e-05	3.41959e-04	-1.23548e+00	-4.94202e-01	-4.76500e-01	4.81703e-02	-1.15500e-01
6.74973e-03	3.81557e-04	5.83725e-05	3.62168e-04	-1.22920e+00	-4.91690e-01	-4.74921e-01	4.93726e-02	-1.15500e-01
6.32972e-03	3.68751e-04	3.28209e-05	3.85083e-04	-1.22294e+00	-4.89184e-01	-4.73284e-01	5.05777e-02	-1.15500e-01
5.92324e-03	3.56480e-04	7.52039e-06	4.10863e-04	-1.21690e+00	-4.86772e-01	-4.71587e-01	5.17852e-02	-1.15500e-01
5.52567e-03	3.44611e-04	-1.77937e-05	4.39821e-04	-1.21133e+00	-4.84543e-01	-4.69829e-01	5.29951e-02	-1.15500e-01
5.12856e-03	3.32691e-04	-4.32608e-05	4.71789e-04	-1.20651e+00	-4.82616e-01	-4.68008e-01	5.42069e-02	-1.15500e-01
4.72472e-03	3.20258e-04	-6.88445e-05	5.06280e-04	-1.20264e+00	-4.81071e-01	-4.66123e-01	5.54203e-02	-1.15500e-01
4.30601e-03	3.06722e-04	-9.43598e-05	5.42393e-04	-1.20006e+00	-4.80041e-01	-4.64172e-01	5.66348e-02	-1.15500e-01
3.86318e-03	2.91411e-04	-1.19509e-04	5.78963e-04	-1.19911e+00	-4.79667e-01	-4.62155e-01	5.78498e-02	-1.15500e-01
3.40037e-03	2.74482e-04	-1.44067e-04	6.15982e-04	-1.19993e+00	-4.79999e-01	-4.60070e-01	5.90648e-02	-1.15500e-01
2.91959e-03	2.56426e-04	-1.68600e-04	6.55479e-04	-1.20274e+00	-4.81130e-01	-4.57915e-01	6.02792e-02	-1.15500e-01
2.42391e-03	2.37363e-04	-1.92991e-04	6.97126e-04	-1.20697e+00	-4.82836e-01	-4.55692e-01	6.14924e-02	-1.15500e-01
1.94505e-03	2.17679e-04	-2.14595e-04	7.35211e-04	-1.21069e+00	-4.84343e-01	-4.53397e-01	6.27036e-02	-1.15500e-01
1.45547e-03	1.95585e-04	-2.32633e-04	7.65065e-04	-1.21351e+00	-4.85496e-01	-4.51030e-01	6.39121e-02	-1.15500e-01
9.00486e-04	1.69401e-04	-2.49314e-04	7.89124e-04	-1.21509e+00	-4.86194e-01	-4.48591e-01	6.51172e-02	-1.15500e-01
4.81501e-04	1.46939e-04	-2.58197e-04	8.00782e-04	-1.21073e+00	-4.84595e-01	-4.46078e-01	6.63181e-02	-1.15500e-01
4.90211e-04	1.39393e-04	-2.49822e-04	7.86608e-04	-1.19903e+00	-4.79899e-01	-4.43491e-01	6.75141e-02	-1.15500e-01
6.29288e-04	1.34900e-04	-2.32065e-04	7.53441e-04	-1.18751e+00	-4.75209e-01	-4.40829e-01	6.87043e-02	-1.15500e-01
2.72910e-04	1.09380e-04	-2.24001e-04	7.20188e-04	-1.18082e+00	-4.72753e-01	-4.38091e-01	6.98880e-02	-1.15500e-01
-2.12695e-04	7.85403e-05	-2.17666e-04	6.87725e-04	-1.16654e+00	-4.66120e-01	-4.35277e-01	7.10643e-02	-1.15500e-01
2.89252e-04	9.01751e-05	-1.89782e-04	6.40173e-04	-1.13480e+00	-4.54235e-01	-4.32387e-01	7.22324e-02	-1.15500e-01
1.35745e-03	1.26286e-04	-1.49659e-04	5.78843e-04	-1.10865e+00	-4.43516e-01	-4.29419e-01	7.33915e-02	-1.15500e-01
1.54476e-03	1.25022e-04	-1.27278e-04	5.26835e-04	-1.10160e+00	-4.40679e-01	-4.26375e-01	7.45408e-02	-1.15500e-01
1.27499e-03	1.05837e-04	-1.17271e-04	4.83505e-04	-1.09042e+00	-4.36210e-01	-4.23252e-01	7.56794e-02	-1.15500e-01
1.60705e-03	1.12910e-04	-9.52458e-05	4.30414e-04	-1.06940e+00	-4.27785e-01	-4.20051e-01	7.68064e-02	-1.15500e-01
2.05039e-03	1.24900e-04	-7.02615e-05	3.71030e-04	-1.05224e+00	-4.20913e-01	-4.16771e-01	7.79212e-02	-1.15500e-01
1.99542e-03	1.16844e-04	-5.79186e-05	3.30204e-04	-1.03715e+00	-4.14871e-01	-4.13413e-01	7.90228e-02	-1.15500e-01
1.97151e-03	1.12097e-04	-5.01722e-05	3.01303e-04	-1.01232e+00	-4.04937e-01	-4.09976e-01	8.01104e-02	-1.15500e-01
2.17626e-03	1.17466e-04	-3.82581e-05	2.63879e-04	-9.87531e-01	-3.95020e-01	-4.06461e-01	8.11833e-02	-1.15500e-01
2.02264e-03	1.06612e-04	-2.96220e-05	2.24167e-04	-9.83262e-01	-3.93311e-01	-4.02866e-01	8.22406e-02	-1.15500e-01
1.30503e-03	7.14243e-05	-3.03422e-05	1.96084e-04	-9.88169e-01	-3.95274e-01	-3.99192e-01	8.32814e-02	-1.15500e-01
6.20068e-04	3.87613e-05	-3.34796e-05	1.77030e-04	-9.77243e-01	-3.90908e-01	-3.95440e-01	8.43051e-02	-1.15500e-01
4.45216e-04	2.95058e-05	-3.18288e-05	1.61857e-04	-9.52431e-01	-3.80985e-01	-3.91608e-01	8.53109e-02	-1.15500e-01
5.43851e-04	3.27844e-05	-2.76817e-05	1.50983e-04	-9.32274e-01	-3.72919e-01	-3.87698e-01	8.62980e-02	-1.15500e-01
6.91148e-04	3.82865e-05	-2.29204e-05	1.41412e-04	-9.17685e-01	-3.67080e-01	-3.83709e-01	8.72656e-02	-1.15500e-01
1.21258e-03	6.03433e-05	-1.28436e-05	1.20700e-04	-9.02615e-01	-3.61049e-01	-3.79642e-01	8.82131e-02	-1.15500e-01
1.97013e-03	9.24631e-05	2.33525e-06	8.51920e-05	-8.98893e-01	-3.59559e-01	-3.75497e-01	8.91396e-02	-1.15500e-01
2.03551e-03	9.36885e-05	9.88131e-06	5.18382e-05	-9.05572e-01	-3.62230e-01	-3.71275e-01	9.00446e-02	-1.15500e-01
1.36600e-03	6.28204e-05	6.24543e-06	3.61393e-05	-9.02048e-01	-3.60820e-01	-3.66975e-01	9.09273e-02	-1.15500e-01
9.24824e-04	4.29464e-05	1.63101e-06	3.46817e-05	-8.90537e-01	-3.56215e-01	-3.62598e-01	9.17870e-02	-1.15500e-01
8.51552e-04	3.96881e-05	2.14235e-07	3.84510e-05	-8.86233e-01	-3.54494e-01	-3.58144e-01	9.26232e-02	-1.15500e-01
6.99813e-04	3.28932e-05	-1.86368e-06	4.17796e-05	-8.86531e-01	-3.54613e-01	-3.53614e-01	9.34351e-02	-1.15500e-01
5.06522e-04	2.39133e-05	-2.37977e-06	3.64373e-05	-8.84371e-01	-3.53749e-01	-3.49009e-01	9.42223e-02	-1.15500e-01
3.02738e-04	1.42719e-05	-1.56122e-06	2.33051e-05	-8.82346e-01	-3.52939e-01	-3.44329e-01	9.49840e-02	-1.15500e-01
-2.59172e-05	-9.05631e-07	-1.93909e-06	1.32878e-05	-8.81632e-01	-3.52651e-01	-3.39574e-01	9.57198e-02	-1.15500e-01
-2.61577e-04	-1.17843e-05	-1.98320e-06	5.43221e-06	-8.79062e-01	-3.51625e-01	-3.34746e-01	9.64291e-02	-1.15500e-01
-3.58881e-04	-1.64135e-05	-8.34092e-07	-5.27311e-06	-8.75259e-01	-3.50104e-01	-3.29845e-01	9.71114e-02	-1.15500e-01
-5.01641e-04	-2.30233e-05	-2.89238e-07	-1.24430e-05	-8.69452e-01	-3.47781e-01	-3.24871e-01	9.77663e-02	-1.15500e-01
-5.17284e-04	-2.37613e-05	1.73717e-07	-1.64147e-05	-8.61261e-01	-3.44504e-01	-3.19825e-01	9.83931e-02	-1.15500e-01
-3.17337e-04	-1.48069e-05	2.33932e-06	-2.33401e-05	-8.57840e-01	-3.43136e-01	-3.14709e-01	9.89916e-02	-1.15500e-01
-1.95082e-04	-9.36228e-06	4.09780e-06	-3.05728e-05	-8.57261e-01	-3.42903e-01	-3.09523e-01	9.95613e-02	-1.15500e-01
-2.75561e-04	-1.29865e-05	3.96697e-06	-3.41226e-05	-8.54618e-01	-3.41846e-01	-3.04267e-01	1.00102e-01	-1.15500e-01
-5.38877e-04	-2.48547e-05	2.81439e-06	-3.41032e-05	-8.52584e-01	-3.41033e-01	-2.98943e-01	1.00613e-01	-1.15500e-01
-7.92982e-04	-3.62801e-05	1.52476e-06	-3.18299e-05	-8.48041e-01	-3.39216e-01	-2.93552e-01	1.01094e-01	-1.15500e-01
-6.25963e-04	-2.86650e-05	2.02251e-06	-3.11584e-05	-8.42322e-01	-3.36928e-01	-2.88094e-01	1.01545e-01	-1.15500e-01
-2.00974e-04	-9.42037e-06	3.81034e-06	-3.26528e-05	-8.43523e-01	-3.37408e-01	-2.82571e-01	1.01965e-01	-1.15500e-01
-1.53956e-04	-7.22829e-06	3.47026e-06	-2.92732e-05	-8.47525e-01	-3.39009e-01	-2.76983e-01	1.02355e-01	-1.15500e-01
-4.81465e-04	-2.19488e-05	1.41389e-06	-1.98603e-05	-8.46208e-01	-3.38483e-01	-2.71332e-01	1.02713e-01	-1.15500e-01
-6.81637e-04	-3.09368e-05	1.45409e-07	-1.38038e-05	-8.42490e-01	-3.36996e-01	-2.65619e-01	1.03041e-01	-1.15500e-01
-6.84117e-04	-3.10309e-05	2.44512e-07	-1.36323e-05	-8.42139e-01	-3.36855e-01	-2.59844e-01	1.03337e-01	-1.15500e-01
-6.98152e-04	-3.16410e-05	1.51558e-07	-1.18115e-05	-8.42915e-01	-3.37166e-01	-2.54009e-01	1.03602e-01	-1.15500e-01
-7.57966e-04	-3.42984e-05	-7.05602e-07	-4.09133e-06	-8.42433e-01	-3.36973e-01	-2.48115e-01	1.03836e-01	-1.15500e-01
-8.67831e-04	-3.92301e-05	-1.54755e-06	4.76121e-06	-8.42007e-01	-3.36802e-01	-2.42163e-01	1.04037e-01	-1.15500e-01
-1.07906e-03	-4.87669e-05	-1.85623e-06	7.89206e-06	-8.40107e-01	-3.36042e-01	-2.36155e-01	1.04208e-01	-1.15500e-01
-1.27143e-03	-5.74625e-05	-1.46396e-06	5.02619e-06	-8.36384e-01	-3.34553e-01	-2.30091e-01	1.04346e-01	-1.15500e-01
-1.31517e-03	-5.94326e-05	-9.42139e-07	2.55672e-06	-8.33625e-01	-3.33449e-01	-2.23973e-01	1.04453e-01	-1.15500e-01
-1.23656e-03	-5.58684e-05	-6.10352e-07	3.18913e-06	-8.31679e-01	-3.32671e-01	-2.17803e-01	1.04528e-01	-1.15500e-01
-1.10852e-03	-5.00729e-05	-2.56260e-07	2.51855e-06	-8.30010e-01	-3.32004e-01	-2.11581e-01	1.04571e-01	-1.15500e-01
-1.04144e-03	-4.70317e-05	4.02108e-07	-2.23813e-06	-8.29957e-01	-3.31982e-01	-2.05308e-01	1.04583e-01	-1.15500e-01
-1.09707e-03	-4.95273e-05	1.04655e-06	-7.29615e-06	-8.29870e-01	-3.31947e-01	-1.98987e-01	1.04563e-01	-1.15500e-01
-1.21430e-03	-5.48026e-05	1.31717e-06	-7.22475e-06	-8.27576e-01	-3.31030e-01	-1.92618e-01	1.04512e-01	-1.15500e-01
-1.33403e-03	-6.01944e-05	1.20547e-06	-1.87581e-06	-8.24683e-01	-3.29873e-01	-1.86203e-01	1.04430e-01	-1.15500e-01
-1.42768e-03	-6.44080e-05	1.22470e-06	2.83605e-06	-8.22199e-01	-3.28879e-01	-1.79743e-01	1.04318e-01	-1.15500e-01
-1.40281e-03	-6.32663e-05	1.58031e-06	1.72284e-06	-8.19899e-01	-3.27959e-01	-1.73241e-01	1.04174e-01	-1.15500e-01
-1.30073e-03	-5.86373e-05	2.00940e-06	-2.68497e-06	-8.19546e-01	-3.27818e-01	-1.66696e-01	1.04000e-01	-1.15500e-01
-1.32170e-03	-5.95608e-05	2.38943e-06	-3.86868e-06	-8.19559e-01	-3.27823e-01	-1.60111e-01	1.03795e-01	-1.15500e-01
-1.40781e-03	-6.34320e-05	2.50408e-06	-5.76051e-07	-8.16181e-01	-3.26472e-01	-1.53487e-01	1.03561e-01	-1.15500e-01
-1.31827e-03	-5.93815e-05	2.52896e-06	1.70113e-06	-8.11958e-01	-3.24783e-01	-1.46825e-01	1.03297e-01	-1.15500e-01
-1.14539e-03	-5.15674e-05	2.64096e-06	-1.79834e-06	-8.10677e-01	-3.24270e-01	-1.40128e-01	1.03003e-01	-1.15500e-01
-1.21195e-03	-5.45268e-05	3.39194e-06	-8.96822e-06	-8.10905e-01	-3.24361e-01	-1.33397e-01	1.02681e-01	-1.15500e-01
-1.56217e-03	-7.02574e-05	4.65600e-06	-1.34305e-05	-8.08633e-01	-3.23453e-01	-1.26632e-01	1.02330e-01	-1.15500e-01
-1.92260e-03	-8.64427e-05	5.93774e-06	-1.53613e-05	-8.02458e-01	-3.20982e-01	-1.19837e-01	1.01951e-01	-1.15500e-01
-2.11772e-03	-9.51613e-05	7.20820e-06	-2.32803e-05	-7.94932e-01	-3.17972e-01	-1.13011e-01	1.01543e-01	-1.15500e-01
-2.21469e-03	-9.94347e-05	8.61323e-06	-3.91038e-05	-7.86733e-01	-3.14692e-01	-1.06158e-01	1.01109e-01	-1.15500e-01
-2.26102e-03	-1.01437e-04	9.68351e-06	-5.31011e-05	-7.76641e-01	-3.10655e-01	-9.92783e-02	1.00647e-01	-1.15500e-01
-2.25542e-03	-1.01132e-04	1.01686e-05	-5.81934e-05	-7.66474e-01	-3.06588e-01	-9.23736e-02	1.00159e-01	-1.15500e-01
-2.26864e-03	-1.01690e-04	1.04655e-05	-5.69635e-05	-7.56400e-01	-3.02559e-01	-8.54457e-02	9.96442e-02	-1.15500e-01
-2.33040e-03	-1.04434e-04	1.08518e-05	-5.48743e-05	-7.44195e-01	-2.97677e-01	-7.84961e-02	9.91042e-02	-1.15500e-01
-2.41245e-03	-1.08084e-04	1.13711e-05	-5.42575e-05	-7.31674e-01	-2.92669e-01	-7.15266e-02	9.85390e-02	-1.15500e-01
-2.51997e-03	-1.12870e-04	1.20667e-05	-5.40556e-05	-7.20159e-01	-2.88062e-01	-6.45387e-02	9.79491e-02	-1.15500e-01
-2.59097e-03	-1.16019e-04	1.26027e-05	-5.42657e-05	-7.07120e-01	-2.82847e-01	-5.75341e-02	9.73351e-02	-1.15500e-01
-2.52896e-03	-1.13193e-04	1.26954e-05	-5.67068e-05	-6.93277e-01	-2.77310e-01	-5.05146e-02	9.66975e-02	-1.15500e-01
-2.37631e-03	-1.06301e-04	1.24388e-05	-6.01255e-05	-6.80849e-01	-2.72338e-01	-4.34817e-02	9.60368e-02	-1.15500e-01
-2.20812e-03	-9.87263e-05	1.19691e-05	-6.13021e-05	-6.69482e-01	-2.67791e-01	-3.64371e-02	9.53536e-02	-1.15500e-01
-2.07516e-03	-9.27398e-05	1.15623e-05	-6.15667e-05	-6.60314e-01	-2.64125e-01	-2.93825e-02	9.46484e-02	-1.15500e-01
-2.07540e-03	-9.27116e-05	1.18446e-05	-6.36159e-05	-6.53274e-01	-2.61309e-01	-2.23196e-02	9.39218e-02	-1.15500e-01
-2.17087e-03	-9.69523e-05	1.25265e-05	-6.53352e-05	-6.44816e-01	-2.57925e-01	-1.52501e-02	9.31743e-02	-1.15500e-01
-2.15923e-03	-9.64003e-05	1.26723e-05	-6.61547e-05	-6.34537e-01	-2.53814e-01	-8.17561e-03	9.24066e-02	-1.15500e-01
-1.96722e-03	-8.77657e-05	1.20285e-05	-6.97509e-05	-6.23876e-01	-2.49549e-01	-1.09793e-03	9.16191e-02	-1.15500e-01
-1.69991e-03	-7.57789e-05	1.08635e-05	-7.41290e-05	-6.13508e-01	-2.45402e-01	5.98128e-03	9.08126e-02	-1.15500e-01
-1.49009e-03	-6.63810e-05	9.84802e-06	-7.24672e-05	-6.05315e-01	-2.42125e-01	1.30603e-02	8.99875e-02	-1.15500e-01
-1.40541e-03	-6.26014e-05	9.29701e-06	-6.51353e-05	-5.98805e-01	-2.39521e-01	2.01375e-02	8.91445e-02	-1.15500e-01
-1.39147e-03	-6.19803e-05	9.15827e-06	-5.97040e-05	-5.92352e-01	-2.36940e-01	2.72111e-02	8.82841e-02	-1.15500e-01
-1.35364e-03	-6.02650e-05	9.11177e-06	-6.23776e-05	-5.86538e-01	-2.34614e-01	3.42795e-02	8.74071e-02	-1.15500e-01
-1.24725e-03	-5.54725e-05	8.79977e-06	-7.11021e-05	-5.80977e-01	-2.32389e-01	4.13409e-02	8.65138e-02	-1.15500e-01
-1.06398e-03	-4.72686e-05	7.88158e-06	-7.56798e-05	-5.74321e-01	-2.29727e-01	4.83937e-02	8.56051e-02	-1.15500e-01
-8.64721e-04	-3.83859e-05	6.60666e-06	-6.94978e-05	-5.67280e-01	-2.26910e-01	5.54361e-02	8.46814e-02	-1.15500e-01
-7.74506e-04	-3.43890e-05	5.83352e-06	-5.75587e-05	-5.61730e-01	-2.24691e-01	6.24664e-02	8.37433e-02	-1.15500e-01
-8.05636e-04	-3.57915e-05	5.89601e-06	-4.87527e-05	-5.57756e-01	-2.23101e-01	6.94831e-02	8.27915e-02	-1.15500e-01
-8.11487e-04	-3.60526e-05	5.91214e-06	-4.59501e-05	-5.53827e-01	-2.21530e-01	7.64843e-02	8.18266e-02	-1.15500e-01
-7.34670e-04	-3.26281e-05	5.42122e-06	-4.46539e-05	-5.50222e-01	-2.20088e-01	8.34685e-02	8.08492e-02	-1.15500e-01
-6.93205e-04	-3.07836e-05	5.12252e-06	-4.01461e-05	-5.47875e-01	-2.19149e-01	9.04340e-02	7.98598e-02	-1.15500e-01
-7.33229e-04	-3.25718e-05	5.33136e-06	-3.44987e-05	-5.45742e-01	-2.18296e-01	9.73790e-02	7.88591e-02	-1.15500e-01
-7.52250e-04	-3.34166e-05	5.46041e-06	-3.20441e-05	-5.43356e-01	-2.17342e-01	1.04302e-01	7.78477e-02	-1.15500e-01
-7.15672e-04	-3.17835e-05	5.24138e-06	-3.15904e-05	-5.41566e-01	-2.16626e-01	1.11201e-01	7.68261e-02	-1.15500e-01
-7.07239e-04	-3.14056e-05	5.19470e-06	-2.94658e-05	-5.40447e-01	-2.16178e-01	1.18075e-01	7.57949e-02	-1.15500e-01
-7.61455e-04	-3.38175e-05	5.55650e-06	-2.56136e-05	-5.39502e-01	-2.15800e-01	1.24922e-01	7.47548e-02	-1.15500e-01
-8.19975e-04	-3.64198e-05	5.95602e-06	-2.23791e-05	-5.38746e-01	-2.15498e-01	1.31741e-01	7.37062e-02	-1.15500e-01
-8.46815e-04	-3.76061e-05	6.18299e-06	-2.09841e-05	-5.38321e-01	-2.15328e-01	1.38529e-01	7.26499e-02	-1.15500e-01
-8.65158e-04	-3.84156e-05	6.34407e-06	-2.01507e-05	-5.38097e-01	-2.15238e-01	1.45285e-01	7.15863e-02	-1.15500e-01
-8.82995e-04	-3.92009e-05	6.51328e-06	-1.83322e-05	-5.37745e-01	-2.15097e-01	1.52008e-01	7.05161e-02	-1.15500e-01
-8.55784e-04	-3.79853e-05	6.35562e-06	-1.66121e-05	-5.37063e-01	-2.14825e-01	1.58696e-01	6.94397e-02	-1.15500e-01
-7.74778e-04	-3.43785e-05	5.82020e-06	-1.64727e-05	-5.36857e-01	-2.14743e-01	1.65348e-01	6.83578e-02	-1.15500e-01
-7.13598e-04	-3.16526e-05	5.42575e-06	-1.64476e-05	-5.37592e-01	-2.15037e-01	1.71961e-01	6.72710e-02	-1.15500e-01
-7.19399e-04	-3.19075e-05	5.48167e-06	-1.45113e-05	-5.38339e-01	-2.15335e-01	1.78535e-01	6.61797e-02	-1.15500e-01
-7.56568e-04	-3.35545e-05	5.77249e-06	-1.11065e-05	-5.38734e-01	-2.15493e-01	1.85068e-01	6.50846e-02	-1.15500e-01
-7.92882e-04	-3.51617e-05	6.06755e-06	-7.77672e-06	-5.39212e-01	-2.15685e-01	1.91558e-01	6.39861e-02	-1.15500e-01
-8.30100e-04	-3.68071e-05	6.38011e-06	-5.53208e-06	-5.39751e-01	-2.15900e-01	1.98004e-01	6.28848e-02	-1.15500e-01
-8.57521e-04	-3.80155e-05	6.63336e-06	-4.74275e-06	-5.40214e-01	-2.16085e-01	2.04405e-01	6.17813e-02	-1.15500e-01
-8.63837e-04	-3.82864e-05	6.73306e-06	-4.74200e-06	-5.40795e-01	-2.16318e-01	2.10758e-01	6.06761e-02	-1.15500e-01
-8.68670e-04	-3.84910e-05	6.82508e-06	-4.32755e-06	-5.41550e-01	-2.16620e-01	2.17064e-01	5.95697e-02	-1.15500e-01
-8.98311e-04	-3.97955e-05	7.10672e-06	-3.25032e-06	-5.42271e-01	-2.16908e-01	2.23319e-01	5.84627e-02	-1.15500e-01
-9.51440e-04	-4.21395e-05	7.58020e-06	-2.28822e-06	-5.42810e-01	-2.17124e-01	2.29523e-01	5.73555e-02	-1.15500e-01
-1.00014e-03	-4.42860e-05	8.02594e-06	-1.83628e-06	-5.43178e-01	-2.17271e-01	2.35675e-01	5.62487e-02	-1.15500e-01
-1.02665e-03	-4.54491e-05	8.29685e-06	-1.32621e-06	-5.43533e-01	-2.17413e-01	2.41772e-01	5.51427e-02	-1.15500e-01
-1.04087e-03	-4.60679e-05	8.46960e-06	-1.68591e-07	-5.44006e-01	-2.17602e-01	2.47815e-01	5.40381e-02	-1.15500e-01
-1.06024e-03	-4.69153e-05	8.68147e-06	1.44429e-06	-5.44488e-01	-2.17795e-01	2.53801e-01	5.29355e-02	-1.15500e-01
-1.08862e-03	-4.81601e-05	8.97260e-06	2.69614e-06	-5.44843e-01	-2.17937e-01	2.59729e-01	5.18352e-02	-1.15500e-01
-1.12247e-03	-4.96450e-05	9.31657e-06	2.86704e-06	-5.45059e-01	-2.18023e-01	2.65598e-01	5.07377e-02	-1.15500e-01
-1.16172e-03	-5.13673e-05	9.71479e-06	1.97351e-06	-5.45154e-01	-2.18061e-01	2.71406e-01	4.96436e-02	-1.15500e-01
-1.20656e-03	-5.33353e-05	1.01669e-05	7.93861e-07	-5.45144e-01	-2.18057e-01	2.77153e-01	4.85534e-02	-1.15500e-01
-1.25462e-03	-5.54456e-05	1.06460e-05	1.66951e-07	-5.45067e-01	-2.18026e-01	2.82838e-01	4.74674e-02	-1.15500e-01
-1.30413e-03	-5.76193e-05	1.11402e-05	2.09170e-07	-5.44950e-01	-2.17980e-01	2.88459e-01	4.63862e-02	-1.15500e-01
-1.35225e-03	-5.97311e-05	1.16259e-05	4.76932e-07	-5.44782e-01	-2.17912e-01	2.94014e-01	4.53103e-02	-1.15500e-01
-1.39717e-03	-6.17005e-05	1.20855e-05	9.92901e-07	-5.44564e-01	-2.17825e-01	2.99504e-01	4.42400e-02	-1.15500e-01
-1.43915e-03	-6.35408e-05	1.25183e-05	2.38577e-06	-5.44322e-01	-2.17728e-01	3.04927e-01	4.31759e-02	-1.15500e-01
-1.47649e-03	-6.51749e-05	1.29158e-05	4.81584e-06	-5.44063e-01	-2.17625e-01	3.10281e-01	4.21184e-02	-1.15500e-01
-1.50662e-03	-6.64901e-05	1.32534e-05	7.72748e-06	-5.43843e-01	-2.17537e-01	3.15566e-01	4.10680e-02	-1.15500e-01
-1.53548e-03	-6.77492e-05	1.35807e-05	1.06462e-05	-5.43669e-01	-2.17467e-01	3.20781e-01	4.00250e-02	-1.15500e-01
-1.56652e-03	-6.91044e-05	1.39275e-05	1.31882e-05	-5.43414e-01	-2.17365e-01	3.25925e-01	3.89899e-02	-1.15500e-01
-1.59237e-03	-7.02278e-05	1.42405e-05	1.49933e-05	-5.43058e-01	-2.17222e-01	3.30997e-01	3.79632e-02	-1.15500e-01
-1.60500e-03	-7.07662e-05	1.44434e-05	1.64687e-05	-5.42671e-01	-2.17068e-01	3.35996e-01	3.69452e-02	-1.15500e-01
-1.60307e-03	-7.06655e-05	1.45033e-05	1.83490e-05	-5.42218e-01	-2.16886e-01	3.40922e-01	3.59364e-02	-1.15500e-01
-1.59025e-03	-7.00858e-05	1.44587e-05	2.02104e-05	-5.41725e-01	-2.16689e-01	3.45773e-01	3.49371e-02	-1.15500e-01
-1.57928e-03	-6.95865e-05	1.44350e-05	2.10184e-05	-5.41263e-01	-2.16504e-01	3.50548e-01	3.39478e-02	-1.15500e-01
-1.58725e-03	-6.99200e-05	1.45928e-05	2.09084e-05	-5.40700e-01	-2.16279e-01	3.55248e-01	3.29689e-02	-1.15500e-01
-1.62061e-03	-7.13711e-05	1.49874e-05	2.08608e-05	-5.39884e-01	-2.15953e-01	3.59871e-01	3.20007e-02	-1.15500e-01
-1.66460e-03	-7.32904e-05	1.54779e-05	2.11613e-05	-5.38881e-01	-2.15552e-01	3.64416e-01	3.10436e-02	-1.15500e-01
-1.69939e-03	-7.48063e-05	1.58770e-05	2.16277e-05	-5.37852e-01	-2.15140e-01	3.68883e-01	3.00980e-02	-1.15500e-01
-1.72083e-03	-7.57328e-05	1.61577e-05	2.24179e-05	-5.36848e-01	-2.14738e-01	3.73272e-01	2.91643e-02	-1.15500e-01
-1.73326e-03	-7.62625e-05	1.63569e-05	2.34791e-05	-5.35770e-01	-2.14307e-01	3.77582e-01	2.82427e-02	-1.15500e-01
-1.73851e-03	-7.64773e-05	1.64802e-05	2.41383e-05	-5.34611e-01	-2.13844e-01	3.81811e-01	2.73337e-02	-1.15500e-01
-1.74483e-03	-7.67394e-05	1.66142e-05	2.38530e-05	-5.33476e-01	-2.13390e-01	3.85961e-01	2.64375e-02	-1.15500e-01
-1.76461e-03	-7.75935e-05	1.68772e-05	2.27941e-05	-5.32285e-01	-2.12913e-01	3.90030e-01	2.55545e-02	-1.15500e-01
-1.80290e-03	-7.92586e-05	1.73275e-05	2.15586e-05	-5.30902e-01	-2.12360e-01	3.94018e-01	2.46850e-02	-1.15500e-01
-1.84777e-03	-8.12119e-05	1.78471e-05	2.05494e-05	-5.29307e-01	-2.11722e-01	3.97925e-01	2.38294e-02	-1.15500e-01
-1.87739e-03	-8.24949e-05	1.82176e-05	2.01007e-05	-5.27649e-01	-2.11059e-01	4.01749e-01	2.29878e-02	-1.15500e-01
-1.88716e-03	-8.29054e-05	1.83975e-05	2.06412e-05	-5.26155e-01	-2.10461e-01	4.05492e-01	2.21605e-02	-1.15500e-01
-1.89330e-03	-8.31573e-05	1.85385e-05	2.20433e-05	-5.24719e-01	-2.09887e-01	4.09153e-01	2.13479e-02	-1.15500e-01
-1.89896e-03	-8.33904e-05	1.86630e-05	2.33592e-05	-5.23115e-01	-2.09245e-01	4.12732e-01	2.05502e-02	-1.15500e-01
-1.89575e-03	-8.32336e-05	1.87008e-05	2.39102e-05	-5.21469e-01	-2.08587e-01	4.16228e-01	1.97676e-02	-1.15500e-01
-1.88982e-03	-8.29557e-05	1.87201e-05	2.38275e-05	-5.19887e-01	-2.07954e-01	4.19641e-01	1.90004e-02	-1.15500e-01
-1.88369e-03	-8.26698e-05	1.87340e-05	2.33155e-05	-5.18274e-01	-2.07309e-01	4.22972e-01	1.82488e-02	-1.15500e-01
-1.86762e-03	-8.19526e-05	1.86286e-05	2.25823e-05	-5.16647e-01	-2.06658e-01	4.26221e-01	1.75129e-02	-1.15500e-01
-1.84190e-03	-8.08118e-05	1.84237e-05	2.20937e-05	-5.15066e-01	-2.06026e-01	4.29387e-01	1.67930e-02	-1.15500e-01
-1.81626e-03	-7.96702e-05	1.82406e-05	2.17814e-05	-5.13517e-01	-2.05406e-01	4.32470e-01	1.60892e-02	-1.15500e-01
-1.78571e-03	-7.83109e-05	1.80189e-05	2.09769e-05	-5.12029e-01	-2.04811e-01	4.35471e-01	1.54017e-02	-1.15500e-01
-1.74228e-03	-7.63902e-05	1.76497e-05	1.96631e-05	-5.10663e-01	-2.04264e-01	4.38390e-01	1.47306e-02	-1.15500e-01
-1.69955e-03	-7.45033e-05	1.72755e-05	1.82412e-05	-5.09377e-01	-2.03750e-01	4.41228e-01	1.40761e-02	-1.15500e-01
-1.67834e-03	-7.35613e-05	1.71123e-05	1.64981e-05	-5.07977e-01	-2.03190e-01	4.43984e-01	1.34383e-02	-1.15500e-01
-1.67190e-03	-7.32696e-05	1.70873e-05	1.41659e-05	-5.06391e-01	-2.02556e-01	4.46659e-01	1.28172e-02	-1.15500e-01
-1.65531e-03	-7.25329e-05	1.69589e-05	1.18397e-05	-5.04795e-01	-2.01917e-01	4.49253e-01	1.22129e-02	-1.15500e-01
-1.61512e-03	-7.07573e-05	1.66078e-05	1.02063e-05	-5.03397e-01	-2.01358e-01	4.51767e-01	1.16255e-02	-1.15500e-01
-1.55969e-03	-6.83131e-05	1.61062e-05	8.93272e-06	-5.02219e-01	-2.00887e-01	4.54201e-01	1.10551e-02	-1.15500e-01
-1.51031e-03	-6.61402e-05	1.56389e-05	7.13303e-06	-5.01097e-01	-2.00438e-01	4.56556e-01	1.05016e-02	-1.15500e-01
-1.48774e-03	-6.51469e-05	1.54254e-05	4.61098e-06	-4.99916e-01	-1.99966e-01	4.58833e-01	9.96501e-03	-1.15500e-01
-1.49517e-03	-6.54653e-05	1.55322e-05	2.03595e-06	-4.98626e-01	-1.99450e-01	4.61031e-01	9.44537e-03	-1.15500e-01
-1.50765e-03	-6.60012e-05	1.57056e-05	2.41329e-07	-4.97257e-01	-1.98902e-01	4.63153e-01	8.94263e-03	-1.15500e-01
-1.50086e-03	-6.56915e-05	1.56885e-05	-2.48203e-07	-4.95978e-01	-1.98391e-01	4.65199e-01	8.45673e-03	-1.15500e-01
-1.48110e-03	-6.48175e-05	1.55197e-05	5.29719e-07	-4.94815e-01	-1.97925e-01	4.67169e-01	7.98760e-03	-1.15500e-01
-1.45652e-03	-6.37359e-05	1.52874e-05	1.87474e-06	-4.93686e-01	-1.97474e-01	4.69064e-01	7.53513e-03	-1.15500e-01
-1.42304e-03	-6.22635e-05	1.49660e-05	2.99223e-06	-4.92640e-01	-1.97055e-01	4.70887e-01	7.09921e-03	-1.15500e-01
-1.38473e-03	-6.05810e-05	1.45896e-05	3.73762e-06	-4.91698e-01	-1.96679e-01	4.72636e-01	6.67972e-03	-1.15500e-01
-1.35078e-03	-5.90898e-05	1.42559e-05	4.51640e-06	-4.90799e-01	-1.96319e-01	4.74315e-01	6.27648e-03	-1.15500e-01
-1.32010e-03	-5.77387e-05	1.39688e-05	5.41360e-06	-4.89937e-01	-1.95974e-01	4.75923e-01	5.88933e-03	-1.15500e-01
-1.28737e-03	-5.62980e-05	1.36609e-05	5.95065e-06	-4.89152e-01	-1.95660e-01	4.77462e-01	5.51806e-03	-1.15500e-01
-1.25584e-03	-5.49127e-05	1.33522e-05	5.88978e-06	-4.88417e-01	-1.95366e-01	4.78934e-01	5.16246e-03	-1.15500e-01
-1.23135e-03	-5.38407e-05	1.30971e-05	5.61335e-06	-4.87691e-01	-1.95076e-01	4.80339e-01	4.82228e-03	-1.15500e-01
-1.21121e-03	-5.29580e-05	1.28920e-05	5.62624e-06	-4.87011e-01	-1.94804e-01	4.81679e-01	4.49727e-03	-1.15500e-01
-1.19350e-03	-5.21767e-05	1.27318e-05	6.10347e-06	-4.86408e-01	-1.94563e-01	4.82956e-01	4.18714e-03	-1.15500e-01
-1.18388e-03	-5.17507e-05	1.26518e-05	6.94961e-06	-4.85875e-01	-1.94350e-01	4.84171e-01	3.89159e-03	-1.15500e-01
-1.18552e-03	-5.18164e-05	1.26927e-05	8.04515e-06	-4.85336e-01	-1.94134e-01	4.85326e-01	3.61028e-03	-1.15500e-01
-1.19077e-03	-5.20381e-05	1.27803e-05	9.30676e-06	-4.84762e-01	-1.93904e-01	4.86422e-01	3.34288e-03	-1.15500e-01
-1.18786e-03	-5.19069e-05	1.27660e-05	1.06511e-05	-4.84173e-01	-1.93669e-01	4.87461e-01	3.08900e-03	-1.15500e-01
-1.17452e-03	-5.13242e-05	1.26216e-05	1.19785e-05	-4.83571e-01	-1.93428e-01	4.88445e-01	2.84827e-03	-1.15500e-01
-1.15535e-03	-5.04834e-05	1.24281e-05	1.31715e-05	-4.83029e-01	-1.93211e-01	4.89376e-01	2.62027e-03	-1.15500e-01
-1.13019e-03	-4.93732e-05	1.22028e-05	1.41227e-05	-4.82523e-01	-1.93009e-01	4.90256e-01	2.40456e-03	-1.15500e-01
-1.10220e-03	-4.81449e-05	1.19233e-05	1.48243e-05	-4.82081e-01	-1.92832e-01	4.91087e-01	2.20069e-03	-1.15500e-01
-1.07686e-03	-4.70350e-05	1.16613e-05	1.53916e-05	-4.81655e-01	-1.92662e-01	4.91871e-01	2.00818e-03	-1.15500e-01
-1.05378e-03	-4.60301e-05	1.13973e-05	1.59746e-05	-4.81143e-01	-1.92457e-01	4.92609e-01	1.82654e-03	-1.15500e-01
-1.02894e-03	-4.49595e-05	1.10695e-05	1.66031e-05	-4.80738e-01	-1.92295e-01	4.93305e-01	1.65523e-03	-1.15500e-01
-9.95871e-04	-4.34956e-05	1.07914e-05	1.72673e-05	-4.80250e-01	-1.92100e-01	4.93961e-01	1.49372e-03	-1.15500e-01
-9.54731e-04	-4.17179e-05	1.02678e-05	1.79518e-05	-4.79904e-01	-1.91961e-01	4.94579e-01	1.34144e-03	-1.15500e-01
-9.05510e-04	-3.95298e-05	9.88949e-06	1.85876e-05	-4.79600e-01	-1.91839e-01	4.95161e-01	1.19782e-03	-1.15500e-01
-8.43057e-04	-3.68256e-05	9.11785e-06	1.91159e-05	-4.79173e-01	-1.91669e-01	4.95710e-01	1.06224e-03	-1.15500e-01
-7.75954e-04	-3.38679e-05	8.49948e-06	1.95681e-05	-4.79143e-01	-1.91657e-01	4.96229e-01	9.34070e-04	-1.15500e-01
-6.95649e-04	-3.03470e-05	7.68382e-06	1.99617e-05	-4.78579e-01	-1.91431e-01	4.96720e-01	8.12668e-04	-1.15500e-01
-6.05523e-04	-2.64494e-05	6.55068e-06	2.02958e-05	-4.78748e-01	-1.91499e-01	4.97186e-01	6.97362e-04	-1.15500e-01
-5.15072e-04	-2.23897e-05	6.01171e-06	2.05051e-05	-4.78337e-01	-1.91335e-01	4.97631e-01	5.87457e-04	-1.15500e-01
-3.95767e-04	-1.73435e-05	4.05428e-06	2.07244e-05	-4.78214e-01	-1.91285e-01	4.98055e-01	4.82242e-04	-1.15500e-01
-3.31045e-04	-1.42221e-05	4.54188e-06	2.07935e-05	-4.78850e-01	-1.91540e-01	4.98464e-01	3.80981e-04	-1.15500e-01
-2.14097e-04	-9.38127e-06	2.19735e-06	2.06077e-05	-4.77645e-01	-1.91057e-01	4.98860e-01	2.82918e-04	-1.15500e-01
-2.73035e-04	-1.17273e-05	3.75568e-06	2.08012e-05	-4.81964e-01	-1.92785e-01	4.99245e-01	1.87274e-04	-1.15500e-01
-5.44415e-04	-2.20344e-05	1.29240e-05	1.82326e-05	-4.81841e-01	-1.92736e-01	4.99624e-01	9.32497e-05	-1.15500e-01
-4.88285e-04	-3.08718e-05	-3.31321e-05	8.99195e-06	-4.86910e-01	-1.94763e-01	5.00000e-01	0.00000e+00	-1.15500e-01
