"Density"	"Momentum:0"	"Momentum:1"	"Momentum:2"	"StagnationEnergy"	"Pressure"	"Points:0"	"Points:1"	"Points:2"
1.69938e-02	-4.22287e-04	9.61401e-04	7.75769e-04	-2.82772e-01	-1.13129e-01	-5.06810e-01	0.00000e+00	-1.18250e-01
2.31895e-03	2.19206e-04	1.21037e-04	2.31525e-04	-5.17120e-01	-2.06858e-01	-5.06757e-01	2.24939e-03	-1.18250e-01
6.92382e-03	2.44160e-04	3.70100e-04	2.65786e-04	-4.36986e-01	-1.74802e-01	-5.06599e-01	4.49381e-03	-1.18250e-01
1.25733e-02	2.95027e-04	6.74387e-04	2.82422e-04	-5.14253e-01	-2.05711e-01	-5.06334e-01	6.72819e-03	-1.18250e-01
1.40851e-02	3.55776e-04	7.38718e-04	2.65302e-04	-5.34914e-01	-2.13976e-01	-5.05964e-01	8.94743e-03	-1.18250e-01
1.61958e-02	3.89829e-04	8.40057e-04	2.64510e-04	-5.99814e-01	-2.39937e-01	-5.05488e-01	1.11466e-02	-1.18250e-01
1.77167e-02	4.50561e-04	8.99155e-04	2.43647e-04	-6.77628e-01	-2.71063e-01	-5.04910e-01	1.33211e-02	-1.18250e-01
1.85266e-02	4.85553e-04	9.22145e-04	2.34946e-04	-7.31660e-01	-2.92676e-01	-5.04232e-01	1.54667e-02	-1.18250e-01
1.91210e-02	5.25397e-04	9.29409e-04	2.17332e-04	-8.13082e-01	-3.25245e-01	-5.03459e-01	1.75795e-02	-1.18250e-01
1.92526e-02	5.54366e-04	9.12590e-04	2.06216e-04	-8.68508e-01	-3.47416e-01	-5.02638e-01	1.95553e-02	-1.18250e-01
1.92169e-02	5.74789e-04	8.89535e-04	1.97982e-04	-9.22384e-01	-3.68966e-01	-5.01814e-01	2.13404e-02	-1.18250e-01
1.90022e-02	5.91949e-04	8.57102e-04	1.89902e-04	-9.70539e-01	-3.88228e-01	-5.00984e-01	2.29866e-02	-1.18250e-01
1.86660e-02	6.01146e-04	8.21342e-04	1.87146e-04	-1.00677e+00	-4.02721e-01	-5.00144e-01	2.45279e-02	-1.18250e-01
1.82763e-02	6.08774e-04	7.83048e-04	1.83524e-04	-1.04401e+00	-4.17616e-01	-4.99291e-01	2.59884e-02	-1.18250e-01
1.78109e-02	6.11626e-04	7.42821e-04	1.83530e-04	-1.07231e+00	-4.28936e-01	-4.98422e-01	2.73858e-02	-1.18250e-01
1.73107e-02	6.12037e-04	7.01846e-04	1.84194e-04	-1.09874e+00	-4.39505e-01	-4.97534e-01	2.87337e-02	-1.18250e-01
1.67657e-02	6.09560e-04	6.59882e-04	1.86176e-04	-1.12154e+00	-4.48625e-01	-4.96625e-01	3.00423e-02	-1.18250e-01
1.61895e-02	6.04498e-04	6.17641e-04	1.89784e-04	-1.14003e+00	-4.56023e-01	-4.95692e-01	3.13202e-02	-1.18250e-01
1.55857e-02	5.97086e-04	5.75291e-04	1.94021e-04	-1.15694e+00	-4.62787e-01	-4.94731e-01	3.25739e-02	-1.18250e-01
1.49648e-02	5.87919e-04	5.33134e-04	1.99666e-04	-1.17039e+00	-4.68165e-01	-4.93741e-01	3.38089e-02	-1.18250e-01
1.43292e-02	5.76868e-04	4.91476e-04	2.06179e-04	-1.18148e+00	-4.72601e-01	-4.92719e-01	3.50297e-02	-1.18250e-01
1.36825e-02	5.64232e-04	4.50395e-04	2.13527e-04	-1.19049e+00	-4.76204e-01	-4.91662e-01	3.62398e-02	-1.18250e-01
1.30245e-02	5.50005e-04	4.09936e-04	2.21728e-04	-1.19691e+00	-4.78772e-01	-4.90569e-01	3.74424e-02	-1.18250e-01
1.23766e-02	5.35014e-04	3.70894e-04	2.30718e-04	-1.20166e+00	-4.80671e-01	-4.89435e-01	3.86398e-02	-1.18250e-01
1.17261e-02	5.18886e-04	3.32768e-04	2.40497e-04	-1.20431e+00	-4.81733e-01	-4.88261e-01	3.98341e-02	-1.18250e-01
1.10869e-02	5.02229e-04	2.96016e-04	2.51229e-04	-1.20526e+00	-4.82110e-01	-4.87042e-01	4.10269e-02	-1.18250e-01
1.04564e-02	4.85045e-04	2.60471e-04	2.62989e-04	-1.20463e+00	-4.81859e-01	-4.85778e-01	4.22195e-02	-1.18250e-01
9.83751e-03	4.67522e-04	2.26170e-04	2.75880e-04	-1.20243e+00	-4.80981e-01	-4.84466e-01	4.34128e-02	-1.18250e-01
9.23392e-03	4.49837e-04	1.93222e-04	2.89841e-04	-1.19899e+00	-4.79604e-01	-4.83104e-01	4.46077e-02	-1.18250e-01
8.64948e-03	4.32253e-04	1.61648e-04	3.04971e-04	-1.19433e+00	-4.77739e-01	-4.81690e-01	4.58048e-02	-1.18250e-01
8.08873e-03	4.15009e-04	1.31521e-04	3.21380e-04	-1.18868e+00	-4.75478e-01	-4.80223e-01	4.70044e-02	-1.18250e-01
7.55521e-03	3.98371e-04	1.02786e-04	3.39338e-04	-1.18223e+00	-4.72899e-01	-4.78701e-01	4.82067e-02	-1.18250e-01
7.04889e-03	3.82454e-04	7.52803e-05	3.59180e-04	-1.17516e+00	-4.70072e-01	-4.77122e-01	4.94118e-02	-1.18250e-01
6.56775e-03	3.67300e-04	4.87646e-05	3.81263e-04	-1.16771e+00	-4.67091e-01	-4.75484e-01	5.06197e-02	-1.18250e-01
6.10421e-03	3.52676e-04	2.28644e-05	4.05874e-04	-1.16006e+00	-4.64034e-01	-4.73786e-01	5.18302e-02	-1.18250e-01
5.64688e-03	3.38103e-04	-2.72503e-06	4.32956e-04	-1.15245e+00	-4.60992e-01	-4.72027e-01	5.30431e-02	-1.18250e-01
5.19235e-03	3.23443e-04	-2.81307e-05	4.62605e-04	-1.14512e+00	-4.58060e-01	-4.70204e-01	5.42580e-02	-1.18250e-01
4.73161e-03	3.08166e-04	-5.33645e-05	4.94256e-04	-1.13833e+00	-4.55344e-01	-4.68318e-01	5.54745e-02	-1.18250e-01
4.25603e-03	2.91683e-04	-7.82409e-05	5.26904e-04	-1.13232e+00	-4.52947e-01	-4.66365e-01	5.66922e-02	-1.18250e-01
3.76119e-03	2.73598e-04	-1.02460e-04	5.59568e-04	-1.12748e+00	-4.51014e-01	-4.64346e-01	5.79105e-02	-1.18250e-01
3.25361e-03	2.53933e-04	-1.25323e-04	5.90854e-04	-1.12396e+00	-4.49612e-01	-4.62259e-01	5.91288e-02	-1.18250e-01
2.76064e-03	2.33986e-04	-1.46282e-04	6.21057e-04	-1.12180e+00	-4.48752e-01	-4.60103e-01	6.03466e-02	-1.18250e-01
2.29392e-03	2.14298e-04	-1.65064e-04	6.49743e-04	-1.12116e+00	-4.48508e-01	-4.57876e-01	6.15632e-02	-1.18250e-01
1.87214e-03	1.95443e-04	-1.80718e-04	6.74812e-04	-1.12106e+00	-4.48479e-01	-4.55579e-01	6.27778e-02	-1.18250e-01
1.49182e-03	1.77146e-04	-1.92930e-04	6.94148e-04	-1.12112e+00	-4.48520e-01	-4.53209e-01	6.39898e-02	-1.18250e-01
1.11422e-03	1.58067e-04	-2.02994e-04	7.08618e-04	-1.12172e+00	-4.48791e-01	-4.50767e-01	6.51984e-02	-1.18250e-01
8.23390e-04	1.41356e-04	-2.08025e-04	7.14589e-04	-1.12023e+00	-4.48233e-01	-4.48250e-01	6.64029e-02	-1.18250e-01
8.49492e-04	1.36214e-04	-2.01576e-04	7.04262e-04	-1.11458e+00	-4.45963e-01	-4.45660e-01	6.76024e-02	-1.18250e-01
1.14797e-03	1.40705e-04	-1.84279e-04	6.77272e-04	-1.10649e+00	-4.42684e-01	-4.42994e-01	6.87962e-02	-1.18250e-01
1.16858e-03	1.33021e-04	-1.71102e-04	6.44281e-04	-1.10383e+00	-4.41612e-01	-4.40253e-01	6.99835e-02	-1.18250e-01
6.54542e-04	1.02745e-04	-1.68307e-04	6.15755e-04	-1.10449e+00	-4.41922e-01	-4.37435e-01	7.11634e-02	-1.18250e-01
5.32929e-04	8.92901e-05	-1.56406e-04	5.79977e-04	-1.08933e+00	-4.35869e-01	-4.34540e-01	7.23352e-02	-1.18250e-01
1.26468e-03	1.12833e-04	-1.27606e-04	5.30425e-04	-1.06652e+00	-4.26656e-01	-4.31568e-01	7.34979e-02	-1.18250e-01
1.69557e-03	1.24477e-04	-1.06403e-04	4.92019e-04	-1.05753e+00	-4.23042e-01	-4.28518e-01	7.46508e-02	-1.18250e-01
1.58975e-03	1.14129e-04	-9.74376e-05	4.57607e-04	-1.05187e+00	-4.20776e-01	-4.25390e-01	7.57930e-02	-1.18250e-01
1.69350e-03	1.11309e-04	-7.92606e-05	4.01665e-04	-1.04305e+00	-4.17240e-01	-4.22184e-01	7.69237e-02	-1.18250e-01
1.77971e-03	1.07965e-04	-6.07957e-05	3.41094e-04	-1.03851e+00	-4.15420e-01	-4.18899e-01	7.80420e-02	-1.18250e-01
1.43088e-03	8.75479e-05	-5.41009e-05	3.02732e-04	-1.03163e+00	-4.12665e-01	-4.15535e-01	7.91472e-02	-1.18250e-01
1.21971e-03	7.45011e-05	-4.83613e-05	2.71172e-04	-1.01131e+00	-4.04538e-01	-4.12092e-01	8.02384e-02	-1.18250e-01
1.34749e-03	7.64485e-05	-3.69321e-05	2.29546e-04	-9.85863e-01	-3.94354e-01	-4.08570e-01	8.13148e-02	-1.18250e-01
1.23153e-03	6.82765e-05	-3.04471e-05	1.97955e-04	-9.75883e-01	-3.90360e-01	-4.04969e-01	8.23756e-02	-1.18250e-01
6.66487e-04	4.14173e-05	-3.36437e-05	1.86925e-04	-9.78904e-01	-3.91573e-01	-4.01289e-01	8.34199e-02	-1.18250e-01
1.13799e-04	1.52619e-05	-3.66063e-05	1.75039e-04	-9.73406e-01	-3.89419e-01	-3.97529e-01	8.44471e-02	-1.18250e-01
-3.17257e-05	6.76235e-06	-3.20957e-05	1.49537e-04	-9.53610e-01	-3.81296e-01	-3.93691e-01	8.54563e-02	-1.18250e-01
7.97162e-05	9.86751e-06	-2.45219e-05	1.21815e-04	-9.33890e-01	-3.73595e-01	-3.89773e-01	8.64468e-02	-1.18250e-01
2.08456e-04	1.42917e-05	-1.85539e-05	1.03318e-04	-9.20866e-01	-3.68357e-01	-3.85777e-01	8.74177e-02	-1.18250e-01
6.87551e-04	3.48654e-05	-1.05295e-05	8.99262e-05	-9.05647e-01	-3.62262e-01	-3.81702e-01	8.83685e-02	-1.18250e-01
1.61836e-03	7.56080e-05	2.52382e-06	7.11187e-05	-8.96387e-01	-3.58556e-01	-3.77549e-01	8.92983e-02	-1.18250e-01
1.91749e-03	8.78155e-05	1.02592e-05	4.60894e-05	-9.03243e-01	-3.61298e-01	-3.73318e-01	9.02065e-02	-1.18250e-01
1.12955e-03	5.15699e-05	6.36809e-06	2.51614e-05	-9.05937e-01	-3.62375e-01	-3.69009e-01	9.10923e-02	-1.18250e-01
4.52891e-04	2.09141e-05	1.14386e-06	1.80106e-05	-8.94851e-01	-3.57941e-01	-3.64624e-01	9.19552e-02	-1.18250e-01
3.59563e-04	1.69361e-05	-1.08449e-06	2.58844e-05	-8.87396e-01	-3.54959e-01	-3.60161e-01	9.27944e-02	-1.18250e-01
2.84075e-04	1.38702e-05	-3.86965e-06	3.87637e-05	-8.86044e-01	-3.54419e-01	-3.55622e-01	9.36093e-02	-1.18250e-01
2.05704e-04	1.03590e-05	-4.95613e-06	4.01930e-05	-8.82367e-01	-3.52948e-01	-3.51007e-01	9.43994e-02	-1.18250e-01
1.64006e-04	8.09166e-06	-3.20010e-06	2.87286e-05	-8.81373e-01	-3.52550e-01	-3.46318e-01	9.51640e-02	-1.18250e-01
-9.51290e-05	-3.97523e-06	-2.74209e-06	1.65248e-05	-8.82668e-01	-3.53066e-01	-3.41553e-01	9.59026e-02	-1.18250e-01
-3.67856e-04	-1.65254e-05	-2.90708e-06	6.50877e-06	-8.80841e-01	-3.52336e-01	-3.36715e-01	9.66147e-02	-1.18250e-01
-5.17778e-04	-2.34850e-05	-2.35734e-06	-2.87708e-06	-8.78205e-01	-3.51282e-01	-3.31803e-01	9.72997e-02	-1.18250e-01
-7.22339e-04	-3.28621e-05	-2.28025e-06	-9.03522e-06	-8.73804e-01	-3.49521e-01	-3.26819e-01	9.79571e-02	-1.18250e-01
-7.55561e-04	-3.44423e-05	-1.51513e-06	-1.43356e-05	-8.65703e-01	-3.46281e-01	-3.21762e-01	9.85865e-02	-1.18250e-01
-4.56486e-04	-2.10375e-05	1.30572e-06	-2.25859e-05	-8.60793e-01	-3.44317e-01	-3.16635e-01	9.91874e-02	-1.18250e-01
-2.30414e-04	-1.09291e-05	3.74961e-06	-3.25106e-05	-8.60544e-01	-3.44216e-01	-3.11438e-01	9.97595e-02	-1.18250e-01
-3.19320e-04	-1.50008e-05	4.28534e-06	-3.99513e-05	-8.59385e-01	-3.43753e-01	-3.06171e-01	1.00302e-01	-1.18250e-01
-5.97218e-04	-2.75023e-05	2.98637e-06	-4.03811e-05	-8.56988e-01	-3.42795e-01	-3.00835e-01	1.00815e-01	-1.18250e-01
-8.84833e-04	-4.04138e-05	1.41208e-06	-3.57061e-05	-8.52298e-01	-3.40919e-01	-2.95432e-01	1.01299e-01	-1.18250e-01
-8.19828e-04	-3.73975e-05	1.29975e-06	-3.28415e-05	-8.45135e-01	-3.38053e-01	-2.89962e-01	1.01752e-01	-1.18250e-01
-4.14237e-04	-1.90266e-05	2.74545e-06	-3.26765e-05	-8.43883e-01	-3.37553e-01	-2.84427e-01	1.02174e-01	-1.18250e-01
-2.89784e-04	-1.33443e-05	2.78349e-06	-2.91134e-05	-8.48330e-01	-3.39331e-01	-2.78827e-01	1.02565e-01	-1.18250e-01
-5.92871e-04	-2.69543e-05	9.08321e-07	-2.05614e-05	-8.48160e-01	-3.39264e-01	-2.73163e-01	1.02926e-01	-1.18250e-01
-8.10433e-04	-3.67246e-05	-3.41213e-07	-1.34076e-05	-8.44319e-01	-3.37727e-01	-2.67437e-01	1.03255e-01	-1.18250e-01
-8.21882e-04	-3.72120e-05	-5.19366e-07	-1.04488e-05	-8.43527e-01	-3.37410e-01	-2.61649e-01	1.03553e-01	-1.18250e-01
-8.77391e-04	-3.96939e-05	-7.94983e-07	-7.43024e-06	-8.44008e-01	-3.37603e-01	-2.55801e-01	1.03820e-01	-1.18250e-01
-1.00381e-03	-4.53731e-05	-1.45272e-06	-9.11201e-07	-8.43044e-01	-3.37217e-01	-2.49894e-01	1.04055e-01	-1.18250e-01
-1.09881e-03	-4.96357e-05	-2.09543e-06	7.57669e-06	-8.41796e-01	-3.36718e-01	-2.43929e-01	1.04258e-01	-1.18250e-01
-1.18825e-03	-5.36640e-05	-2.26824e-06	1.14202e-05	-8.39826e-01	-3.35930e-01	-2.37907e-01	1.04429e-01	-1.18250e-01
-1.30270e-03	-5.88391e-05	-1.68887e-06	6.96052e-06	-8.36714e-01	-3.34685e-01	-2.31829e-01	1.04569e-01	-1.18250e-01
-1.39185e-03	-6.28659e-05	-9.41115e-07	1.47680e-06	-8.34205e-01	-3.33681e-01	-2.25698e-01	1.04676e-01	-1.18250e-01
-1.38551e-03	-6.25692e-05	-4.97104e-07	1.10308e-06	-8.32141e-01	-3.32856e-01	-2.19513e-01	1.04752e-01	-1.18250e-01
-1.26815e-03	-5.72573e-05	-2.15289e-07	1.44868e-06	-8.30309e-01	-3.32123e-01	-2.13276e-01	1.04797e-01	-1.18250e-01
-1.16498e-03	-5.25883e-05	3.46299e-07	-1.83324e-06	-8.30502e-01	-3.32200e-01	-2.06989e-01	1.04809e-01	-1.18250e-01
-1.20010e-03	-5.41579e-05	9.86939e-07	-6.88689e-06	-8.30969e-01	-3.32387e-01	-2.00654e-01	1.04790e-01	-1.18250e-01
-1.31350e-03	-5.92563e-05	1.53633e-06	-1.04359e-05	-8.28602e-01	-3.31440e-01	-1.94270e-01	1.04740e-01	-1.18250e-01
-1.40368e-03	-6.33064e-05	1.84892e-06	-1.06897e-05	-8.24834e-01	-3.29933e-01	-1.87840e-01	1.04659e-01	-1.18250e-01
-1.47067e-03	-6.63122e-05	1.96536e-06	-7.67376e-06	-8.21749e-01	-3.28699e-01	-1.81365e-01	1.04546e-01	-1.18250e-01
-1.47352e-03	-6.64269e-05	2.00409e-06	-3.98577e-06	-8.19145e-01	-3.27657e-01	-1.74847e-01	1.04403e-01	-1.18250e-01
-1.41113e-03	-6.36011e-05	2.01833e-06	-2.03890e-06	-8.18336e-01	-3.27334e-01	-1.68287e-01	1.04229e-01	-1.18250e-01
-1.43700e-03	-6.47474e-05	2.36442e-06	-1.21469e-06	-8.18538e-01	-3.27415e-01	-1.61687e-01	1.04025e-01	-1.18250e-01
-1.53595e-03	-6.91899e-05	2.69623e-06	-4.85767e-08	-8.15725e-01	-3.26289e-01	-1.55047e-01	1.03791e-01	-1.18250e-01
-1.47188e-03	-6.62858e-05	2.81833e-06	1.46448e-06	-8.11386e-01	-3.24554e-01	-1.48370e-01	1.03526e-01	-1.18250e-01
-1.27048e-03	-5.71967e-05	2.71231e-06	9.10869e-07	-8.09713e-01	-3.23885e-01	-1.41657e-01	1.03233e-01	-1.18250e-01
-1.27558e-03	-5.73966e-05	3.20133e-06	-3.99546e-06	-8.10396e-01	-3.24158e-01	-1.34910e-01	1.02910e-01	-1.18250e-01
-1.62221e-03	-7.29585e-05	4.56405e-06	-1.02257e-05	-8.09166e-01	-3.23666e-01	-1.28129e-01	1.02559e-01	-1.18250e-01
-2.01423e-03	-9.05562e-05	6.05260e-06	-1.42780e-05	-8.02691e-01	-3.21076e-01	-1.21318e-01	1.02179e-01	-1.18250e-01
-2.17239e-03	-9.76213e-05	7.08853e-06	-2.00851e-05	-7.94515e-01	-3.17805e-01	-1.14476e-01	1.01772e-01	-1.18250e-01
-2.20765e-03	-9.91365e-05	8.08452e-06	-3.16814e-05	-7.87969e-01	-3.15187e-01	-1.07606e-01	1.01336e-01	-1.18250e-01
-2.28165e-03	-1.02390e-04	9.17484e-06	-4.41584e-05	-7.79827e-01	-3.11930e-01	-1.00710e-01	1.00874e-01	-1.18250e-01
-2.35452e-03	-1.05610e-04	9.95101e-06	-5.06643e-05	-7.69643e-01	-3.07856e-01	-9.37891e-02	1.00385e-01	-1.18250e-01
-2.40292e-03	-1.07739e-04	1.05165e-05	-5.17140e-05	-7.59010e-01	-3.03603e-01	-8.68445e-02	9.98699e-02	-1.18250e-01
-2.45194e-03	-1.09900e-04	1.10133e-05	-5.22970e-05	-7.46369e-01	-2.98546e-01	-7.98783e-02	9.93290e-02	-1.18250e-01
-2.50414e-03	-1.12205e-04	1.15008e-05	-5.41166e-05	-7.33418e-01	-2.93366e-01	-7.28921e-02	9.87629e-02	-1.18250e-01
-2.58822e-03	-1.15935e-04	1.21688e-05	-5.47889e-05	-7.22026e-01	-2.88809e-01	-6.58874e-02	9.81720e-02	-1.18250e-01
-2.64525e-03	-1.18457e-04	1.26595e-05	-5.40128e-05	-7.09392e-01	-2.83755e-01	-5.88660e-02	9.75569e-02	-1.18250e-01
-2.57469e-03	-1.15251e-04	1.27005e-05	-5.47695e-05	-6.95857e-01	-2.78342e-01	-5.18295e-02	9.69182e-02	-1.18250e-01
-2.43580e-03	-1.08983e-04	1.24447e-05	-5.70557e-05	-6.83706e-01	-2.73481e-01	-4.47796e-02	9.62563e-02	-1.18250e-01
-2.29214e-03	-1.02512e-04	1.20589e-05	-5.77545e-05	-6.71994e-01	-2.68796e-01	-3.77180e-02	9.55718e-02	-1.18250e-01
-2.12380e-03	-9.49389e-05	1.15218e-05	-5.74130e-05	-6.61857e-01	-2.64742e-01	-3.06463e-02	9.48652e-02	-1.18250e-01
-2.04447e-03	-9.13494e-05	1.14307e-05	-6.00620e-05	-6.54983e-01	-2.61992e-01	-2.35663e-02	9.41372e-02	-1.18250e-01
-2.13672e-03	-9.54330e-05	1.22219e-05	-6.53915e-05	-6.47633e-01	-2.59052e-01	-1.64796e-02	9.33883e-02	-1.18250e-01
-2.19040e-03	-9.77967e-05	1.27625e-05	-6.89604e-05	-6.37079e-01	-2.54830e-01	-9.38800e-03	9.26190e-02	-1.18250e-01
-2.01902e-03	-9.00979e-05	1.21191e-05	-7.02289e-05	-6.25904e-01	-2.50360e-01	-2.29312e-03	9.18299e-02	-1.18250e-01
-1.74041e-03	-7.76072e-05	1.08957e-05	-7.11017e-05	-6.16118e-01	-2.46446e-01	4.80332e-03	9.10217e-02	-1.18250e-01
-1.55159e-03	-6.91528e-05	9.95732e-06	-6.96321e-05	-6.07864e-01	-2.43144e-01	1.18996e-02	9.01949e-02	-1.18250e-01
-1.48687e-03	-6.62542e-05	9.60965e-06	-6.42531e-05	-6.00744e-01	-2.40297e-01	1.89940e-02	8.93501e-02	-1.18250e-01
-1.44191e-03	-6.42429e-05	9.34178e-06	-5.95595e-05	-5.93816e-01	-2.37525e-01	2.60849e-02	8.84879e-02	-1.18250e-01
-1.33763e-03	-5.95658e-05	8.88094e-06	-6.10739e-05	-5.87727e-01	-2.35090e-01	3.31706e-02	8.76089e-02	-1.18250e-01
-1.20384e-03	-5.35586e-05	8.34982e-06	-6.79858e-05	-5.82830e-01	-2.33131e-01	4.02492e-02	8.67137e-02	-1.18250e-01
-1.07751e-03	-4.78956e-05	7.77227e-06	-7.27293e-05	-5.77065e-01	-2.30825e-01	4.73192e-02	8.58029e-02	-1.18250e-01
-9.53152e-04	-4.23487e-05	6.99324e-06	-6.85932e-05	-5.69931e-01	-2.27971e-01	5.43789e-02	8.48772e-02	-1.18250e-01
-8.66182e-04	-3.84901e-05	6.28987e-06	-5.78454e-05	-5.63652e-01	-2.25460e-01	6.14265e-02	8.39371e-02	-1.18250e-01
-8.43184e-04	-3.74721e-05	6.07349e-06	-4.90190e-05	-5.59074e-01	-2.23629e-01	6.84604e-02	8.29832e-02	-1.18250e-01
-8.19765e-04	-3.64276e-05	5.91520e-06	-4.62068e-05	-5.55037e-01	-2.22014e-01	7.54788e-02	8.20161e-02	-1.18250e-01
-7.68434e-04	-3.41388e-05	5.58629e-06	-4.46714e-05	-5.51611e-01	-2.20644e-01	8.24801e-02	8.10364e-02	-1.18250e-01
-7.54898e-04	-3.35386e-05	5.46690e-06	-3.96967e-05	-5.49132e-01	-2.19652e-01	8.94627e-02	8.00448e-02	-1.18250e-01
-7.83053e-04	-3.47968e-05	5.60850e-06	-3.41113e-05	-5.46687e-01	-2.18674e-01	9.64248e-02	7.90418e-02	-1.18250e-01
-7.78009e-04	-3.45689e-05	5.58925e-06	-3.20492e-05	-5.44244e-01	-2.17697e-01	1.03365e-01	7.80281e-02	-1.18250e-01
-7.39231e-04	-3.28360e-05	5.36916e-06	-3.18801e-05	-5.42479e-01	-2.16991e-01	1.10281e-01	7.70041e-02	-1.18250e-01
-7.40603e-04	-3.28933e-05	5.39622e-06	-2.99651e-05	-5.41256e-01	-2.16502e-01	1.17172e-01	7.59705e-02	-1.18250e-01
-7.92190e-04	-3.51868e-05	5.74979e-06	-2.60717e-05	-5.40129e-01	-2.16051e-01	1.24036e-01	7.49280e-02	-1.18250e-01
-8.28807e-04	-3.68149e-05	5.99913e-06	-2.25771e-05	-5.39143e-01	-2.15657e-01	1.30871e-01	7.38770e-02	-1.18250e-01
-8.28688e-04	-3.68038e-05	6.03064e-06	-2.08667e-05	-5.38643e-01	-2.15457e-01	1.37676e-01	7.28182e-02	-1.18250e-01
-8.35847e-04	-3.71164e-05	6.11268e-06	-1.95679e-05	-5.38524e-01	-2.15409e-01	1.44449e-01	7.17521e-02	-1.18250e-01
-8.53635e-04	-3.79003e-05	6.27679e-06	-1.74093e-05	-5.38129e-01	-2.15251e-01	1.51188e-01	7.06793e-02	-1.18250e-01
-8.17135e-04	-3.62717e-05	6.05491e-06	-1.57931e-05	-5.37335e-01	-2.14934e-01	1.57893e-01	6.96004e-02	-1.18250e-01
-7.21452e-04	-3.20128e-05	5.41509e-06	-1.58432e-05	-5.37199e-01	-2.14879e-01	1.64561e-01	6.85160e-02	-1.18250e-01
-6.59303e-04	-2.92446e-05	5.00983e-06	-1.58883e-05	-5.38007e-01	-2.15202e-01	1.71191e-01	6.74265e-02	-1.18250e-01
-6.81616e-04	-3.02321e-05	5.19045e-06	-1.41341e-05	-5.38692e-01	-2.15476e-01	1.77781e-01	6.63327e-02	-1.18250e-01
-7.44820e-04	-3.30339e-05	5.67844e-06	-1.09421e-05	-5.38971e-01	-2.15588e-01	1.84330e-01	6.52349e-02	-1.18250e-01
-8.03459e-04	-3.56314e-05	6.14307e-06	-7.81759e-06	-5.39325e-01	-2.15730e-01	1.90836e-01	6.41338e-02	-1.18250e-01
-8.47667e-04	-3.75861e-05	6.51374e-06	-6.17665e-06	-5.39771e-01	-2.15908e-01	1.97298e-01	6.30299e-02	-1.18250e-01
-8.71337e-04	-3.86268e-05	6.74601e-06	-6.21878e-06	-5.40264e-01	-2.16105e-01	2.03715e-01	6.19238e-02	-1.18250e-01
-8.79359e-04	-3.89726e-05	6.86315e-06	-6.41716e-06	-5.40936e-01	-2.16374e-01	2.10084e-01	6.08159e-02	-1.18250e-01
-8.91728e-04	-3.95120e-05	7.00885e-06	-5.42368e-06	-5.41700e-01	-2.16680e-01	2.16405e-01	5.97069e-02	-1.18250e-01
-9.22218e-04	-4.08549e-05	7.29358e-06	-3.84321e-06	-5.42394e-01	-2.16957e-01	2.22676e-01	5.85971e-02	-1.18250e-01
-9.67013e-04	-4.28292e-05	7.70405e-06	-2.99649e-06	-5.42986e-01	-2.17194e-01	2.28895e-01	5.74873e-02	-1.18250e-01
-1.01026e-03	-4.47330e-05	8.11210e-06	-2.91783e-06	-5.43454e-01	-2.17381e-01	2.35062e-01	5.63777e-02	-1.18250e-01
-1.04238e-03	-4.61437e-05	8.43224e-06	-2.49291e-06	-5.43835e-01	-2.17534e-01	2.41175e-01	5.52691e-02	-1.18250e-01
-1.06958e-03	-4.73374e-05	8.70889e-06	-1.03235e-06	-5.44219e-01	-2.17687e-01	2.47232e-01	5.41619e-02	-1.18250e-01
-1.10013e-03	-4.86791e-05	9.01251e-06	1.03463e-06	-5.44557e-01	-2.17822e-01	2.53233e-01	5.30565e-02	-1.18250e-01
-1.13068e-03	-5.00204e-05	9.32164e-06	2.70666e-06	-5.44791e-01	-2.17916e-01	2.59175e-01	5.19535e-02	-1.18250e-01
-1.15601e-03	-5.11289e-05	9.59406e-06	3.23341e-06	-5.44978e-01	-2.17991e-01	2.65059e-01	5.08534e-02	-1.18250e-01
-1.18347e-03	-5.23297e-05	9.89262e-06	2.53553e-06	-5.45150e-01	-2.18060e-01	2.70882e-01	4.97567e-02	-1.18250e-01
-1.22551e-03	-5.41740e-05	1.03209e-05	1.24077e-06	-5.45268e-01	-2.18107e-01	2.76643e-01	4.86638e-02	-1.18250e-01
-1.28180e-03	-5.66472e-05	1.08737e-05	2.93389e-07	-5.45273e-01	-2.18109e-01	2.82342e-01	4.75752e-02	-1.18250e-01
-1.33601e-03	-5.90283e-05	1.14097e-05	9.94949e-08	-5.45153e-01	-2.18061e-01	2.87976e-01	4.64913e-02	-1.18250e-01
-1.37279e-03	-6.06392e-05	1.17976e-05	2.97748e-07	-5.44974e-01	-2.17989e-01	2.93546e-01	4.54128e-02	-1.18250e-01
-1.39856e-03	-6.17627e-05	1.20933e-05	7.15545e-07	-5.44782e-01	-2.17912e-01	2.99049e-01	4.43399e-02	-1.18250e-01
-1.42992e-03	-6.31330e-05	1.24386e-05	1.72753e-06	-5.44509e-01	-2.17803e-01	3.04485e-01	4.32732e-02	-1.18250e-01
-1.47389e-03	-6.50595e-05	1.28972e-05	3.52178e-06	-5.44173e-01	-2.17669e-01	3.09852e-01	4.22131e-02	-1.18250e-01
-1.52635e-03	-6.73600e-05	1.34326e-05	5.92034e-06	-5.43887e-01	-2.17554e-01	3.15151e-01	4.11601e-02	-1.18250e-01
-1.58062e-03	-6.97400e-05	1.39848e-05	8.65920e-06	-5.43573e-01	-2.17428e-01	3.20379e-01	4.01146e-02	-1.18250e-01
-1.62455e-03	-7.16627e-05	1.44510e-05	1.12244e-05	-5.43130e-01	-2.17251e-01	3.25535e-01	3.90770e-02	-1.18250e-01
-1.65263e-03	-7.28835e-05	1.47885e-05	1.31502e-05	-5.42696e-01	-2.17078e-01	3.30620e-01	3.80477e-02	-1.18250e-01
-1.67372e-03	-7.37956e-05	1.50642e-05	1.48132e-05	-5.42267e-01	-2.16906e-01	3.35631e-01	3.70273e-02	-1.18250e-01
-1.68940e-03	-7.44712e-05	1.52822e-05	1.70774e-05	-5.41657e-01	-2.16662e-01	3.40569e-01	3.60160e-02	-1.18250e-01
-1.68742e-03	-7.43684e-05	1.53405e-05	1.99269e-05	-5.41002e-01	-2.16400e-01	3.45431e-01	3.50143e-02	-1.18250e-01
-1.67164e-03	-7.36560e-05	1.52800e-05	2.22391e-05	-5.40521e-01	-2.16208e-01	3.50219e-01	3.40226e-02	-1.18250e-01
-1.66485e-03	-7.33387e-05	1.53040e-05	2.30573e-05	-5.40018e-01	-2.16006e-01	3.54930e-01	3.30412e-02	-1.18250e-01
-1.67779e-03	-7.38909e-05	1.55070e-05	2.24985e-05	-5.39227e-01	-2.15690e-01	3.59564e-01	3.20707e-02	-1.18250e-01
-1.69909e-03	-7.48123e-05	1.57842e-05	2.14246e-05	-5.38259e-01	-2.15303e-01	3.64120e-01	3.11113e-02	-1.18250e-01
-1.72082e-03	-7.57507e-05	1.60717e-05	2.08381e-05	-5.37290e-01	-2.14915e-01	3.68599e-01	3.01634e-02	-1.18250e-01
-1.74432e-03	-7.67651e-05	1.63857e-05	2.13298e-05	-5.36256e-01	-2.14502e-01	3.72998e-01	2.92273e-02	-1.18250e-01
-1.76142e-03	-7.75008e-05	1.66255e-05	2.25873e-05	-5.35057e-01	-2.14022e-01	3.77318e-01	2.83035e-02	-1.18250e-01
-1.76391e-03	-7.75954e-05	1.67187e-05	2.37829e-05	-5.33852e-01	-2.13540e-01	3.81558e-01	2.73923e-02	-1.18250e-01
-1.76314e-03	-7.75435e-05	1.67937e-05	2.43828e-05	-5.32815e-01	-2.13125e-01	3.85718e-01	2.64939e-02	-1.18250e-01
-1.78115e-03	-7.83166e-05	1.70535e-05	2.43460e-05	-5.31783e-01	-2.12712e-01	3.89797e-01	2.56088e-02	-1.18250e-01
-1.82183e-03	-8.00893e-05	1.75158e-05	2.37246e-05	-5.30472e-01	-2.12188e-01	3.93794e-01	2.47372e-02	-1.18250e-01
-1.86389e-03	-8.19225e-05	1.79922e-05	2.25464e-05	-5.28895e-01	-2.11557e-01	3.97710e-01	2.38795e-02	-1.18250e-01
-1.88725e-03	-8.29304e-05	1.83028e-05	2.13788e-05	-5.27270e-01	-2.10907e-01	4.01544e-01	2.30359e-02	-1.18250e-01
-1.89182e-03	-8.31127e-05	1.84307e-05	2.11734e-05	-5.25690e-01	-2.10275e-01	4.05296e-01	2.22066e-02	-1.18250e-01
-1.89210e-03	-8.31059e-05	1.85196e-05	2.20458e-05	-5.24069e-01	-2.09627e-01	4.08966e-01	2.13921e-02	-1.18250e-01
-1.89315e-03	-8.31349e-05	1.86080e-05	2.31489e-05	-5.22330e-01	-2.08931e-01	4.12553e-01	2.05925e-02	-1.18250e-01
-1.89403e-03	-8.31576e-05	1.86867e-05	2.39256e-05	-5.20534e-01	-2.08213e-01	4.16057e-01	1.98080e-02	-1.18250e-01
-1.89221e-03	-8.30592e-05	1.87516e-05	2.41126e-05	-5.18824e-01	-2.07529e-01	4.19479e-01	1.90389e-02	-1.18250e-01
-1.88120e-03	-8.25591e-05	1.87172e-05	2.33306e-05	-5.17263e-01	-2.06904e-01	4.22818e-01	1.82855e-02	-1.18250e-01
-1.86157e-03	-8.16850e-05	1.85762e-05	2.18206e-05	-5.15789e-01	-2.06315e-01	4.26074e-01	1.75479e-02	-1.18250e-01
-1.84558e-03	-8.09708e-05	1.84717e-05	2.06982e-05	-5.14255e-01	-2.05701e-01	4.29247e-01	1.68262e-02	-1.18250e-01
-1.83181e-03	-8.03491e-05	1.84120e-05	2.05762e-05	-5.12653e-01	-2.05060e-01	4.32338e-01	1.61208e-02	-1.18250e-01
-1.80384e-03	-7.91056e-05	1.82019e-05	2.09112e-05	-5.11131e-01	-2.04451e-01	4.35346e-01	1.54317e-02	-1.18250e-01
-1.75961e-03	-7.71567e-05	1.77971e-05	2.12069e-05	-5.09746e-01	-2.03898e-01	4.38272e-01	1.47590e-02	-1.18250e-01
-1.71438e-03	-7.51622e-05	1.73866e-05	2.14217e-05	-5.08467e-01	-2.03386e-01	4.41116e-01	1.41030e-02	-1.18250e-01
-1.68278e-03	-7.37598e-05	1.71394e-05	2.11170e-05	-5.07239e-01	-2.02895e-01	4.43879e-01	1.34636e-02	-1.18250e-01
-1.66437e-03	-7.29378e-05	1.70184e-05	1.96931e-05	-5.05933e-01	-2.02373e-01	4.46560e-01	1.28411e-02	-1.18250e-01
-1.64345e-03	-7.20092e-05	1.68540e-05	1.74741e-05	-5.04484e-01	-2.01793e-01	4.49160e-01	1.22354e-02	-1.18250e-01
-1.59823e-03	-7.00192e-05	1.64278e-05	1.53838e-05	-5.03026e-01	-2.01210e-01	4.51679e-01	1.16467e-02	-1.18250e-01
-1.52501e-03	-6.68020e-05	1.57146e-05	1.38616e-05	-5.01762e-01	-2.00704e-01	4.54119e-01	1.10749e-02	-1.18250e-01
-1.44908e-03	-6.34642e-05	1.49823e-05	1.25828e-05	-5.00748e-01	-2.00298e-01	4.56479e-01	1.05202e-02	-1.18250e-01
-1.40519e-03	-6.15338e-05	1.45626e-05	1.10483e-05	-4.99800e-01	-1.99920e-01	4.58761e-01	9.98240e-03	-1.18250e-01
-1.40249e-03	-6.14128e-05	1.45473e-05	9.21010e-06	-4.98735e-01	-1.99494e-01	4.60965e-01	9.46160e-03	-1.18250e-01
-1.41633e-03	-6.20141e-05	1.47092e-05	7.55133e-06	-4.97530e-01	-1.99011e-01	4.63091e-01	8.95774e-03	-1.18250e-01
-1.42345e-03	-6.23143e-05	1.48335e-05	6.71665e-06	-4.96293e-01	-1.98517e-01	4.65141e-01	8.47076e-03	-1.18250e-01
-1.42011e-03	-6.21530e-05	1.48613e-05	6.91509e-06	-4.95077e-01	-1.98030e-01	4.67116e-01	8.00059e-03	-1.18250e-01
-1.40472e-03	-6.14685e-05	1.47462e-05	7.69885e-06	-4.93839e-01	-1.97535e-01	4.69015e-01	7.54714e-03	-1.18250e-01
-1.37283e-03	-6.00648e-05	1.44445e-05	8.35711e-06	-4.92690e-01	-1.97076e-01	4.70841e-01	7.11028e-03	-1.18250e-01
-1.33951e-03	-5.86003e-05	1.41217e-05	8.65411e-06	-4.91743e-01	-1.96697e-01	4.72595e-01	6.68989e-03	-1.18250e-01
-1.32143e-03	-5.78042e-05	1.39533e-05	8.99907e-06	-4.90872e-01	-1.96348e-01	4.74277e-01	6.28580e-03	-1.18250e-01
-1.30595e-03	-5.71203e-05	1.38169e-05	9.75796e-06	-4.89993e-01	-1.95997e-01	4.75888e-01	5.89784e-03	-1.18250e-01
-1.27793e-03	-5.58860e-05	1.35579e-05	1.07552e-05	-4.89187e-01	-1.95674e-01	4.77431e-01	5.52581e-03	-1.18250e-01
-1.24674e-03	-5.45168e-05	1.32486e-05	1.15886e-05	-4.88454e-01	-1.95381e-01	4.78905e-01	5.16949e-03	-1.18250e-01
-1.22467e-03	-5.35527e-05	1.30082e-05	1.20724e-05	-4.87764e-01	-1.95105e-01	4.80313e-01	4.82864e-03	-1.18250e-01
-1.20967e-03	-5.28958e-05	1.28542e-05	1.23117e-05	-4.87150e-01	-1.94859e-01	4.81656e-01	4.50299e-03	-1.18250e-01
-1.19918e-03	-5.24290e-05	1.27762e-05	1.25757e-05	-4.86605e-01	-1.94642e-01	4.82935e-01	4.19226e-03	-1.18250e-01
-1.19776e-03	-5.23588e-05	1.27947e-05	1.30820e-05	-4.86086e-01	-1.94434e-01	4.84152e-01	3.89615e-03	-1.18250e-01
-1.20597e-03	-5.27143e-05	1.28960e-05	1.38555e-05	-4.85528e-01	-1.94211e-01	4.85309e-01	3.61433e-03	-1.18250e-01
-1.21750e-03	-5.32184e-05	1.30181e-05	1.47031e-05	-4.84932e-01	-1.93972e-01	4.86407e-01	3.34645e-03	-1.18250e-01
-1.22538e-03	-5.35577e-05	1.31230e-05	1.54365e-05	-4.84347e-01	-1.93738e-01	4.87448e-01	3.09213e-03	-1.18250e-01
-1.22335e-03	-5.34579e-05	1.31466e-05	1.61138e-05	-4.83769e-01	-1.93507e-01	4.88434e-01	2.85099e-03	-1.18250e-01
-1.20698e-03	-5.27357e-05	1.29988e-05	1.68303e-05	-4.83242e-01	-1.93296e-01	4.89367e-01	2.62262e-03	-1.18250e-01
-1.17919e-03	-5.15187e-05	1.27101e-05	1.74718e-05	-4.82712e-01	-1.93084e-01	4.90248e-01	2.40658e-03	-1.18250e-01
-1.15234e-03	-5.03493e-05	1.24058e-05	1.79387e-05	-4.82193e-01	-1.92877e-01	4.91080e-01	2.20240e-03	-1.18250e-01
-1.13320e-03	-4.95145e-05	1.21943e-05	1.83045e-05	-4.81673e-01	-1.92669e-01	4.91865e-01	2.00962e-03	-1.18250e-01
-1.11509e-03	-4.87239e-05	1.19969e-05	1.86713e-05	-4.81075e-01	-1.92430e-01	4.92605e-01	1.82773e-03	-1.18250e-01
-1.08968e-03	-4.76220e-05	1.16888e-05	1.90271e-05	-4.80591e-01	-1.92236e-01	4.93302e-01	1.65620e-03	-1.18250e-01
-1.05112e-03	-4.59175e-05	1.13544e-05	1.93729e-05	-4.80050e-01	-1.92020e-01	4.93958e-01	1.49451e-03	-1.18250e-01
-1.00248e-03	-4.38086e-05	1.07639e-05	1.97302e-05	-4.79645e-01	-1.91857e-01	4.94576e-01	1.34207e-03	-1.18250e-01
-9.46721e-04	-4.13395e-05	1.02968e-05	2.00878e-05	-4.79316e-01	-1.91726e-01	4.95159e-01	1.19830e-03	-1.18250e-01
-8.82000e-04	-3.85297e-05	9.52702e-06	2.04203e-05	-4.78878e-01	-1.91551e-01	4.95709e-01	1.06260e-03	-1.18250e-01
-8.13445e-04	-3.55142e-05	8.86999e-06	2.07700e-05	-4.78805e-01	-1.91522e-01	4.96228e-01	9.34339e-04	-1.18250e-01
-7.35213e-04	-3.20819e-05	8.08492e-06	2.11837e-05	-4.78271e-01	-1.91308e-01	4.96719e-01	8.12859e-04	-1.18250e-01
-6.45245e-04	-2.81898e-05	6.95893e-06	2.16987e-05	-4.78349e-01	-1.91339e-01	4.97186e-01	6.97490e-04	-1.18250e-01
-5.56148e-04	-2.41952e-05	6.41059e-06	2.22068e-05	-4.78008e-01	-1.91203e-01	4.97630e-01	5.87539e-04	-1.18250e-01
-4.37384e-04	-1.91534e-05	4.53653e-06	2.28178e-05	-4.77788e-01	-1.91115e-01	4.98055e-01	4.82290e-04	-1.18250e-01
-3.72096e-04	-1.60269e-05	4.93871e-06	2.33503e-05	-4.78467e-01	-1.91386e-01	4.98464e-01	3.81006e-04	-1.18250e-01
-2.60594e-04	-1.13869e-05	2.80261e-06	2.35850e-05	-4.77271e-01	-1.90908e-01	4.98860e-01	2.82929e-04	-1.18250e-01
-3.23599e-04	-1.39233e-05	4.35386e-06	2.41770e-05	-4.81477e-01	-1.92590e-01	4.99245e-01	1.87277e-04	-1.18250e-01
-6.06324e-04	-2.46807e-05	1.38265e-05	2.19382e-05	-4.81418e-01	-1.92567e-01	4.99624e-01	9.32502e-05	-1.18250e-01
-5.30558e-04	-3.27825e-05	-3.29402e-05	1.26906e-05	-4.86142e-01	-1.94456e-01	5.00000e-01	0.00000e+00	-1.18250e-01
