"Density"	"Momentum:0"	"Momentum:1"	"Momentum:2"	"StagnationEnergy"	"Pressure"	"Points:0"	"Points:1"	"Points:2"
2.18020e-02	-7.12906e-04	1.23319e-03	-8.21187e-04	-6.37544e-01	-2.55042e-01	-4.93190e-01	0.00000e+00	4.67500e-02
3.40778e-03	2.56553e-04	1.80805e-04	-2.62165e-04	-9.70342e-01	-3.88147e-01	-4.93137e-01	2.24937e-03	4.67500e-02
9.00606e-03	3.20175e-04	4.80781e-04	-3.48252e-04	-8.70902e-01	-3.48371e-01	-4.92976e-01	4.49364e-03	4.67500e-02
1.57352e-02	3.69866e-04	8.43323e-04	-3.53938e-04	-9.74222e-01	-3.89701e-01	-4.92708e-01	6.72758e-03	4.67500e-02
1.72419e-02	4.37892e-04	9.02970e-04	-3.24710e-04	-1.00678e+00	-4.02726e-01	-4.92332e-01	8.94597e-03	4.67500e-02
1.92141e-02	4.66837e-04	9.94561e-04	-3.18767e-04	-1.08717e+00	-4.34882e-01	-4.91850e-01	1.11438e-02	4.67500e-02
2.03506e-02	5.23973e-04	1.02969e-03	-2.84194e-04	-1.18118e+00	-4.72484e-01	-4.91265e-01	1.33162e-02	4.67500e-02
2.05081e-02	5.43986e-04	1.01711e-03	-2.66037e-04	-1.23712e+00	-4.94863e-01	-4.90578e-01	1.54590e-02	4.67500e-02
2.03807e-02	5.65862e-04	9.86776e-04	-2.35008e-04	-1.32128e+00	-5.28525e-01	-4.89795e-01	1.75683e-02	4.67500e-02
1.96760e-02	5.70164e-04	9.29389e-04	-2.10235e-04	-1.36858e+00	-5.47444e-01	-4.88965e-01	1.95403e-02	4.67500e-02
1.87750e-02	5.61281e-04	8.67518e-04	-1.87088e-04	-1.40999e+00	-5.64008e-01	-4.88131e-01	2.13218e-02	4.67500e-02
1.77065e-02	5.46944e-04	7.99370e-04	-1.61658e-04	-1.44268e+00	-5.77084e-01	-4.87290e-01	2.29641e-02	4.67500e-02
1.64844e-02	5.20274e-04	7.29671e-04	-1.40448e-04	-1.45858e+00	-5.83441e-01	-4.86440e-01	2.45013e-02	4.67500e-02
1.52367e-02	4.90893e-04	6.61260e-04	-1.15624e-04	-1.47426e+00	-5.89714e-01	-4.85578e-01	2.59573e-02	4.67500e-02
1.38816e-02	4.53035e-04	5.92619e-04	-9.22949e-05	-1.47812e+00	-5.91257e-01	-4.84700e-01	2.73497e-02	4.67500e-02
1.24876e-02	4.10856e-04	5.25728e-04	-6.71864e-05	-1.47887e+00	-5.91557e-01	-4.83804e-01	2.86919e-02	4.67500e-02
1.10651e-02	3.64664e-04	4.61197e-04	-4.13983e-05	-1.47499e+00	-5.90003e-01	-4.82886e-01	2.99943e-02	4.67500e-02
9.60806e-03	3.14623e-04	3.98657e-04	-1.56328e-05	-1.46621e+00	-5.86491e-01	-4.81945e-01	3.12652e-02	4.67500e-02
8.17308e-03	2.63068e-04	3.40211e-04	1.09536e-05	-1.45633e+00	-5.82537e-01	-4.80977e-01	3.25112e-02	4.67500e-02
6.80009e-03	2.11648e-04	2.87282e-04	3.78300e-05	-1.44390e+00	-5.77565e-01	-4.79980e-01	3.37378e-02	4.67500e-02
5.59775e-03	1.64640e-04	2.43695e-04	6.43350e-05	-1.43062e+00	-5.72251e-01	-4.78951e-01	3.49494e-02	4.67500e-02
4.66805e-03	1.27092e-04	2.11931e-04	8.78388e-05	-1.41730e+00	-5.66921e-01	-4.77889e-01	3.61497e-02	4.67500e-02
4.04375e-03	1.01905e-04	1.91272e-04	1.04443e-04	-1.40399e+00	-5.61598e-01	-4.76790e-01	3.73416e-02	4.67500e-02
3.65239e-03	8.77426e-05	1.77321e-04	1.11794e-04	-1.39249e+00	-5.56999e-01	-4.75652e-01	3.85276e-02	4.67500e-02
3.31963e-03	7.86264e-05	1.62865e-04	1.09753e-04	-1.38286e+00	-5.53145e-01	-4.74474e-01	3.97098e-02	4.67500e-02
2.89403e-03	6.82528e-05	1.42900e-04	1.00645e-04	-1.37560e+00	-5.50242e-01	-4.73252e-01	4.08897e-02	4.67500e-02
2.30637e-03	5.29438e-05	1.16027e-04	8.76005e-05	-1.37046e+00	-5.48186e-01	-4.71986e-01	4.20687e-02	4.67500e-02
1.59447e-03	3.31488e-05	8.46026e-05	7.32601e-05	-1.36686e+00	-5.46745e-01	-4.70673e-01	4.32478e-02	4.67500e-02
8.81450e-04	1.27634e-05	5.36718e-05	5.92687e-05	-1.36465e+00	-5.45861e-01	-4.69311e-01	4.44278e-02	4.67500e-02
2.89085e-04	-3.99321e-06	2.77630e-05	4.59714e-05	-1.36339e+00	-5.45358e-01	-4.67898e-01	4.56093e-02	4.67500e-02
-1.15618e-04	-1.47123e-05	9.21643e-06	3.34432e-05	-1.36297e+00	-5.45185e-01	-4.66432e-01	4.67928e-02	4.67500e-02
-3.31776e-04	-1.90782e-05	-2.34295e-06	2.16091e-05	-1.36332e+00	-5.45329e-01	-4.64912e-01	4.79783e-02	4.67500e-02
-4.00075e-04	-1.83198e-05	-8.70701e-06	1.01229e-05	-1.36434e+00	-5.45735e-01	-4.63337e-01	4.91661e-02	4.67500e-02
-3.84730e-04	-1.47543e-05	-1.21522e-05	-1.12483e-06	-1.36592e+00	-5.46368e-01	-4.61704e-01	5.03562e-02	4.67500e-02
-3.35223e-04	-1.02468e-05	-1.42874e-05	-1.16894e-05	-1.36790e+00	-5.47158e-01	-4.60012e-01	5.15483e-02	4.67500e-02
-2.62168e-04	-5.28548e-06	-1.52980e-05	-2.10388e-05	-1.37022e+00	-5.48086e-01	-4.58259e-01	5.27424e-02	4.67500e-02
-1.80768e-04	-4.92311e-07	-1.55483e-05	-2.91382e-05	-1.37293e+00	-5.49169e-01	-4.56445e-01	5.39380e-02	4.67500e-02
-1.25145e-04	2.97975e-06	-1.62739e-05	-3.60350e-05	-1.37604e+00	-5.50415e-01	-4.54567e-01	5.51348e-02	4.67500e-02
-9.41822e-05	5.14721e-06	-1.73379e-05	-4.15058e-05	-1.37950e+00	-5.51795e-01	-4.52625e-01	5.63325e-02	4.67500e-02
-6.24330e-05	6.79480e-06	-1.75712e-05	-4.53705e-05	-1.38307e+00	-5.53220e-01	-4.50618e-01	5.75303e-02	4.67500e-02
-3.34876e-05	7.87621e-06	-1.71540e-05	-4.76654e-05	-1.38640e+00	-5.54545e-01	-4.48543e-01	5.87279e-02	4.67500e-02
-2.85529e-05	7.75762e-06	-1.69809e-05	-4.80103e-05	-1.38915e+00	-5.55641e-01	-4.46401e-01	5.99246e-02	4.67500e-02
-2.44503e-05	7.18841e-06	-1.60271e-05	-4.57035e-05	-1.39101e+00	-5.56383e-01	-4.44190e-01	6.11198e-02	4.67500e-02
5.63341e-06	7.23636e-06	-1.34724e-05	-4.08505e-05	-1.39210e+00	-5.56906e-01	-4.41909e-01	6.23129e-02	4.67500e-02
4.82766e-05	7.73352e-06	-1.03438e-05	-3.46505e-05	-1.39343e+00	-5.57376e-01	-4.39557e-01	6.35031e-02	4.67500e-02
6.31766e-05	7.28222e-06	-8.16152e-06	-2.88683e-05	-1.39573e+00	-5.58293e-01	-4.37134e-01	6.46897e-02	4.67500e-02
7.65620e-05	6.87217e-06	-6.10725e-06	-2.38071e-05	-1.39866e+00	-5.59468e-01	-4.34639e-01	6.58720e-02	4.67500e-02
1.44092e-04	8.74563e-06	-2.72907e-06	-1.84490e-05	-1.40207e+00	-5.60829e-01	-4.32070e-01	6.70492e-02	4.67500e-02
2.63643e-04	1.29058e-05	1.69203e-06	-1.19481e-05	-1.40626e+00	-5.62505e-01	-4.29427e-01	6.82206e-02	4.67500e-02
3.88386e-04	1.75215e-05	5.75730e-06	-5.59788e-06	-1.41163e+00	-5.64653e-01	-4.26711e-01	6.93853e-02	4.67500e-02
5.22860e-04	2.27772e-05	9.53585e-06	9.85507e-08	-1.41784e+00	-5.67137e-01	-4.23919e-01	7.05426e-02	4.67500e-02
7.23137e-04	3.09242e-05	1.44723e-05	6.97883e-06	-1.42488e+00	-5.69952e-01	-4.21052e-01	7.16917e-02	4.67500e-02
9.08768e-04	3.84652e-05	1.90771e-05	1.42202e-05	-1.43423e+00	-5.73693e-01	-4.18108e-01	7.28318e-02	4.67500e-02
9.04210e-04	3.81162e-05	1.93034e-05	1.72744e-05	-1.44509e+00	-5.78036e-01	-4.15089e-01	7.39620e-02	4.67500e-02
7.44909e-04	3.12979e-05	1.61346e-05	1.59918e-05	-1.45542e+00	-5.82169e-01	-4.11993e-01	7.50816e-02	4.67500e-02
5.78328e-04	2.40914e-05	1.31049e-05	1.49651e-05	-1.46677e+00	-5.86708e-01	-4.08820e-01	7.61897e-02	4.67500e-02
3.37130e-04	1.33979e-05	9.59427e-06	1.60661e-05	-1.48004e+00	-5.92017e-01	-4.05569e-01	7.72856e-02	4.67500e-02
-1.51188e-04	-8.41055e-06	3.17616e-06	1.91573e-05	-1.49313e+00	-5.97252e-01	-4.02242e-01	7.83683e-02	4.67500e-02
-9.12934e-04	-4.24277e-05	-6.52528e-06	2.29531e-05	-1.50460e+00	-6.01840e-01	-3.98836e-01	7.94372e-02	4.67500e-02
-1.88330e-03	-8.56009e-05	-1.90048e-05	2.37376e-05	-1.51595e+00	-6.06381e-01	-3.95353e-01	8.04914e-02	4.67500e-02
-2.95393e-03	-1.33027e-04	-3.30468e-05	1.75063e-05	-1.52853e+00	-6.11411e-01	-3.91792e-01	8.15302e-02	4.67500e-02
-4.03438e-03	-1.80848e-04	-4.69284e-05	7.41489e-06	-1.53715e+00	-6.14856e-01	-3.88154e-01	8.25527e-02	4.67500e-02
-5.14957e-03	-2.30344e-04	-6.03690e-05	-1.40338e-06	-1.53433e+00	-6.13730e-01	-3.84438e-01	8.35582e-02	4.67500e-02
-6.27199e-03	-2.80149e-04	-7.35481e-05	-1.39461e-05	-1.51734e+00	-6.06933e-01	-3.80644e-01	8.45459e-02	4.67500e-02
-7.21909e-03	-3.21759e-04	-8.58307e-05	-3.58922e-05	-1.48800e+00	-5.95195e-01	-3.76772e-01	8.55152e-02	4.67500e-02
-8.00449e-03	-3.56079e-04	-9.64608e-05	-6.39702e-05	-1.45054e+00	-5.80211e-01	-3.72824e-01	8.64652e-02	4.67500e-02
-8.63228e-03	-3.83621e-04	-1.04209e-04	-9.06474e-05	-1.40231e+00	-5.60919e-01	-3.68798e-01	8.73952e-02	4.67500e-02
-8.80101e-03	-3.91137e-04	-1.04803e-04	-1.05687e-04	-1.33843e+00	-5.35367e-01	-3.64696e-01	8.83046e-02	4.67500e-02
-8.44562e-03	-3.75904e-04	-9.66803e-05	-1.01000e-04	-1.26579e+00	-5.06313e-01	-3.60516e-01	8.91927e-02	4.67500e-02
-7.78744e-03	-3.47339e-04	-8.43824e-05	-8.68861e-05	-1.19088e+00	-4.76348e-01	-3.56261e-01	9.00587e-02	4.67500e-02
-6.78278e-03	-3.02629e-04	-7.19740e-05	-8.43533e-05	-1.10975e+00	-4.43898e-01	-3.51930e-01	9.09021e-02	4.67500e-02
-5.50667e-03	-2.45094e-04	-6.09652e-05	-9.45956e-05	-1.02513e+00	-4.10047e-01	-3.47524e-01	9.17222e-02	4.67500e-02
-4.25304e-03	-1.88946e-04	-4.87109e-05	-9.65610e-05	-9.49535e-01	-3.79812e-01	-3.43043e-01	9.25183e-02	4.67500e-02
-2.91904e-03	-1.29793e-04	-3.26007e-05	-7.22268e-05	-8.82838e-01	-3.53134e-01	-3.38487e-01	9.32900e-02	4.67500e-02
-1.34883e-03	-6.01886e-05	-1.36485e-05	-3.58686e-05	-8.24376e-01	-3.29749e-01	-3.33858e-01	9.40366e-02	4.67500e-02
2.24300e-04	1.00492e-05	1.98374e-06	-9.47193e-06	-7.77603e-01	-3.11041e-01	-3.29155e-01	9.47577e-02	4.67500e-02
1.78659e-03	8.00959e-05	1.52173e-05	1.36203e-05	-7.38945e-01	-2.95579e-01	-3.24380e-01	9.54525e-02	4.67500e-02
3.52236e-03	1.57979e-04	2.91061e-05	4.26395e-05	-7.13128e-01	-2.85253e-01	-3.19533e-01	9.61208e-02	4.67500e-02
4.95134e-03	2.22174e-04	3.95702e-05	6.65565e-05	-7.05019e-01	-2.82010e-01	-3.14614e-01	9.67619e-02	4.67500e-02
5.73116e-03	2.57354e-04	4.36519e-05	7.85692e-05	-7.01712e-01	-2.80687e-01	-3.09625e-01	9.73754e-02	4.67500e-02
6.36639e-03	2.86199e-04	4.50165e-05	8.01335e-05	-6.95531e-01	-2.78215e-01	-3.04566e-01	9.79610e-02	4.67500e-02
7.01728e-03	3.15919e-04	4.44880e-05	7.00082e-05	-6.95308e-01	-2.78126e-01	-2.99439e-01	9.85181e-02	4.67500e-02
7.29647e-03	3.28843e-04	4.16490e-05	5.74130e-05	-7.00582e-01	-2.80236e-01	-2.94243e-01	9.90465e-02	4.67500e-02
7.34135e-03	3.31017e-04	3.91039e-05	5.67449e-05	-7.03118e-01	-2.81251e-01	-2.88980e-01	9.95457e-02	4.67500e-02
7.35918e-03	3.31858e-04	3.75606e-05	6.42896e-05	-7.05504e-01	-2.82205e-01	-2.83651e-01	1.00016e-01	4.67500e-02
7.19678e-03	3.24638e-04	3.42775e-05	6.55831e-05	-7.11675e-01	-2.84673e-01	-2.78256e-01	1.00456e-01	4.67500e-02
7.01127e-03	3.16398e-04	3.04735e-05	5.78614e-05	-7.16801e-01	-2.86723e-01	-2.72797e-01	1.00866e-01	4.67500e-02
6.98982e-03	3.15540e-04	2.74607e-05	4.98085e-05	-7.20168e-01	-2.88070e-01	-2.67274e-01	1.01245e-01	4.67500e-02
6.84236e-03	3.08943e-04	2.45471e-05	4.68698e-05	-7.24528e-01	-2.89814e-01	-2.61689e-01	1.01595e-01	4.67500e-02
6.53243e-03	2.94967e-04	2.17489e-05	4.82440e-05	-7.24702e-01	-2.89884e-01	-2.56043e-01	1.01913e-01	4.67500e-02
6.35723e-03	2.87082e-04	1.92739e-05	4.92369e-05	-7.21380e-01	-2.88555e-01	-2.50336e-01	1.02201e-01	4.67500e-02
6.26780e-03	2.83083e-04	1.66152e-05	4.26209e-05	-7.22262e-01	-2.88907e-01	-2.44570e-01	1.02458e-01	4.67500e-02
6.06002e-03	2.73744e-04	1.31883e-05	2.82480e-05	-7.25581e-01	-2.90235e-01	-2.38746e-01	1.02684e-01	4.67500e-02
5.74141e-03	2.59366e-04	1.01180e-05	1.77607e-05	-7.26958e-01	-2.90785e-01	-2.32865e-01	1.02878e-01	4.67500e-02
5.39497e-03	2.43697e-04	8.03799e-06	1.74614e-05	-7.27223e-01	-2.90891e-01	-2.26929e-01	1.03042e-01	4.67500e-02
5.08249e-03	2.29552e-04	6.59767e-06	1.99515e-05	-7.26652e-01	-2.90663e-01	-2.20938e-01	1.03174e-01	4.67500e-02
4.87213e-03	2.20027e-04	5.03358e-06	1.77078e-05	-7.24966e-01	-2.89988e-01	-2.14894e-01	1.03275e-01	4.67500e-02
4.73502e-03	2.13810e-04	3.31639e-06	1.25558e-05	-7.23376e-01	-2.89352e-01	-2.08797e-01	1.03344e-01	4.67500e-02
4.58224e-03	2.06878e-04	2.00508e-06	9.93792e-06	-7.21470e-01	-2.88590e-01	-2.02651e-01	1.03383e-01	4.67500e-02
4.41393e-03	1.99243e-04	8.83295e-07	9.99686e-06	-7.18797e-01	-2.87521e-01	-1.96454e-01	1.03391e-01	4.67500e-02
4.25398e-03	1.91986e-04	-1.52306e-07	8.81046e-06	-7.16371e-01	-2.86550e-01	-1.90210e-01	1.03367e-01	4.67500e-02
4.04280e-03	1.82415e-04	-1.29286e-06	5.91819e-06	-7.13778e-01	-2.85513e-01	-1.83919e-01	1.03313e-01	4.67500e-02
3.77724e-03	1.70389e-04	-2.40093e-06	6.04104e-07	-7.11115e-01	-2.84447e-01	-1.77582e-01	1.03228e-01	4.67500e-02
3.53241e-03	1.59292e-04	-3.64993e-06	-7.94603e-06	-7.09633e-01	-2.83854e-01	-1.71202e-01	1.03113e-01	4.67500e-02
3.32821e-03	1.50032e-04	-4.55590e-06	-1.54473e-05	-7.07705e-01	-2.83084e-01	-1.64779e-01	1.02968e-01	4.67500e-02
3.16783e-03	1.42759e-04	-5.01324e-06	-1.64723e-05	-7.03001e-01	-2.81202e-01	-1.58315e-01	1.02792e-01	4.67500e-02
3.02741e-03	1.36403e-04	-5.02216e-06	-1.10088e-05	-6.97399e-01	-2.78961e-01	-1.51811e-01	1.02587e-01	4.67500e-02
2.82548e-03	1.27278e-04	-4.93188e-06	-5.13526e-06	-6.92530e-01	-2.77013e-01	-1.45269e-01	1.02352e-01	4.67500e-02
2.61900e-03	1.17944e-04	-5.03673e-06	-4.05282e-06	-6.86917e-01	-2.74768e-01	-1.38690e-01	1.02088e-01	4.67500e-02
2.53306e-03	1.14034e-04	-5.45417e-06	-5.72598e-06	-6.81829e-01	-2.72733e-01	-1.32076e-01	1.01795e-01	4.67500e-02
2.47606e-03	1.11436e-04	-5.73588e-06	-6.75533e-06	-6.78924e-01	-2.71571e-01	-1.25428e-01	1.01473e-01	4.67500e-02
2.28035e-03	1.02589e-04	-5.82143e-06	-8.59797e-06	-6.75249e-01	-2.70100e-01	-1.18748e-01	1.01124e-01	4.67500e-02
2.01723e-03	9.07078e-05	-5.74865e-06	-1.26836e-05	-6.67809e-01	-2.67124e-01	-1.12038e-01	1.00746e-01	4.67500e-02
1.91858e-03	8.62339e-05	-5.94136e-06	-1.67165e-05	-6.58463e-01	-2.63386e-01	-1.05298e-01	1.00341e-01	4.67500e-02
2.01061e-03	9.03402e-05	-6.54591e-06	-1.74293e-05	-6.53043e-01	-2.61218e-01	-9.85306e-02	9.99095e-02	4.67500e-02
2.08498e-03	9.36661e-05	-6.88869e-06	-1.53033e-05	-6.52062e-01	-2.60826e-01	-9.17372e-02	9.94510e-02	4.67500e-02
2.03509e-03	9.13898e-05	-7.10297e-06	-1.38134e-05	-6.50243e-01	-2.60098e-01	-8.49194e-02	9.89663e-02	4.67500e-02
1.87581e-03	8.42000e-05	-6.94536e-06	-1.58438e-05	-6.47166e-01	-2.58867e-01	-7.80788e-02	9.84559e-02	4.67500e-02
1.63237e-03	7.32259e-05	-6.56410e-06	-2.18004e-05	-6.43413e-01	-2.57366e-01	-7.12170e-02	9.79203e-02	4.67500e-02
1.40487e-03	6.29727e-05	-6.15922e-06	-2.74004e-05	-6.37642e-01	-2.55058e-01	-6.43355e-02	9.73600e-02	4.67500e-02
1.30236e-03	5.83528e-05	-5.93462e-06	-2.74172e-05	-6.31688e-01	-2.52676e-01	-5.74361e-02	9.67754e-02	4.67500e-02
1.25549e-03	5.62433e-05	-5.76402e-06	-2.35598e-05	-6.27904e-01	-2.51162e-01	-5.05204e-02	9.61670e-02	4.67500e-02
1.09897e-03	4.92178e-05	-5.15070e-06	-2.05166e-05	-6.25995e-01	-2.50399e-01	-4.35899e-02	9.55355e-02	4.67500e-02
8.07149e-04	3.61255e-05	-3.99471e-06	-1.90934e-05	-6.23981e-01	-2.49593e-01	-3.66464e-02	9.48812e-02	4.67500e-02
4.81464e-04	2.15227e-05	-2.63067e-06	-1.90251e-05	-6.21113e-01	-2.48446e-01	-2.96914e-02	9.42047e-02	4.67500e-02
1.54313e-04	6.86021e-06	-1.20973e-06	-1.92390e-05	-6.18044e-01	-2.47218e-01	-2.27267e-02	9.35067e-02	4.67500e-02
-1.42992e-04	-6.44131e-06	2.99052e-07	-1.64397e-05	-6.13410e-01	-2.45363e-01	-1.57539e-02	9.27876e-02	4.67500e-02
-2.23132e-04	-1.00141e-05	8.25873e-07	-1.07441e-05	-6.06856e-01	-2.42742e-01	-8.77470e-03	9.20479e-02	4.67500e-02
-5.17919e-06	-2.25217e-07	8.48517e-08	-2.99609e-06	-6.02874e-01	-2.41149e-01	-1.79071e-03	9.12883e-02	4.67500e-02
2.17800e-04	9.80056e-06	-5.85793e-07	1.21615e-05	-6.04935e-01	-2.41974e-01	5.19637e-03	9.05094e-02	4.67500e-02
1.10484e-04	5.08055e-06	6.41748e-07	3.25914e-05	-6.08139e-01	-2.43258e-01	1.21849e-02	8.97116e-02	4.67500e-02
-2.89382e-04	-1.27839e-05	2.81789e-06	4.26764e-05	-6.06011e-01	-2.42403e-01	1.91731e-02	8.88956e-02	4.67500e-02
-6.68465e-04	-2.97356e-05	4.74083e-06	4.09546e-05	-5.99338e-01	-2.39734e-01	2.61595e-02	8.80620e-02	4.67500e-02
-8.15808e-04	-3.63174e-05	5.52939e-06	3.75244e-05	-5.88856e-01	-2.35542e-01	3.31422e-02	8.72114e-02	4.67500e-02
-7.56347e-04	-3.36824e-05	5.00700e-06	3.07568e-05	-5.78069e-01	-2.31227e-01	4.01196e-02	8.63443e-02	4.67500e-02
-7.41924e-04	-3.30442e-05	4.86120e-06	2.25973e-05	-5.72615e-01	-2.29045e-01	4.70901e-02	8.54613e-02	4.67500e-02
-8.40186e-04	-3.74318e-05	5.40334e-06	2.30857e-05	-5.67193e-01	-2.26877e-01	5.40520e-02	8.45630e-02	4.67500e-02
-7.61286e-04	-3.38804e-05	5.15824e-06	3.01549e-05	-5.57463e-01	-2.22985e-01	6.10036e-02	8.36501e-02	4.67500e-02
-4.91631e-04	-2.18344e-05	3.65781e-06	3.28845e-05	-5.49589e-01	-2.19835e-01	6.79433e-02	8.27230e-02	4.67500e-02
-3.85589e-04	-1.71148e-05	2.93223e-06	2.80821e-05	-5.45516e-01	-2.18206e-01	7.48693e-02	8.17825e-02	4.67500e-02
-5.02065e-04	-2.23268e-05	3.50193e-06	1.99500e-05	-5.41777e-01	-2.16710e-01	8.17801e-02	8.08290e-02	4.67500e-02
-6.16079e-04	-2.74192e-05	4.13077e-06	1.38121e-05	-5.38582e-01	-2.15432e-01	8.86740e-02	7.98632e-02	4.67500e-02
-6.46064e-04	-2.87470e-05	4.37271e-06	1.21272e-05	-5.36354e-01	-2.14541e-01	9.55493e-02	7.88857e-02	4.67500e-02
-6.08712e-04	-2.70776e-05	4.16629e-06	1.28759e-05	-5.33771e-01	-2.13508e-01	1.02404e-01	7.78971e-02	4.67500e-02
-5.16691e-04	-2.29733e-05	3.60633e-06	1.32483e-05	-5.31938e-01	-2.12775e-01	1.09238e-01	7.68979e-02	4.67500e-02
-4.44795e-04	-1.97680e-05	3.15942e-06	1.28015e-05	-5.31404e-01	-2.12561e-01	1.16048e-01	7.58887e-02	4.67500e-02
-4.52902e-04	-2.01271e-05	3.22152e-06	1.16220e-05	-5.31232e-01	-2.12493e-01	1.22832e-01	7.48701e-02	4.67500e-02
-5.21920e-04	-2.31929e-05	3.71779e-06	1.09585e-05	-5.31567e-01	-2.12627e-01	1.29590e-01	7.38427e-02	4.67500e-02
-6.04289e-04	-2.68482e-05	4.33351e-06	1.31260e-05	-5.31892e-01	-2.12756e-01	1.36320e-01	7.28071e-02	4.67500e-02
-6.59801e-04	-2.93021e-05	4.80862e-06	1.58957e-05	-5.31514e-01	-2.12605e-01	1.43020e-01	7.17638e-02	4.67500e-02
-6.68009e-04	-2.96602e-05	4.90511e-06	1.42957e-05	-5.30721e-01	-2.12288e-01	1.49689e-01	7.07133e-02	4.67500e-02
-6.34908e-04	-2.81928e-05	4.64526e-06	9.19757e-06	-5.29813e-01	-2.11925e-01	1.56325e-01	6.96564e-02	4.67500e-02
-5.99874e-04	-2.66384e-05	4.37901e-06	5.64797e-06	-5.29367e-01	-2.11747e-01	1.62926e-01	6.85934e-02	4.67500e-02
-6.10203e-04	-2.70888e-05	4.50391e-06	5.11776e-06	-5.29419e-01	-2.11767e-01	1.69491e-01	6.75250e-02	4.67500e-02
-6.30497e-04	-2.79794e-05	4.71503e-06	6.14297e-06	-5.28980e-01	-2.11592e-01	1.76018e-01	6.64518e-02	4.67500e-02
-5.72933e-04	-2.54136e-05	4.35075e-06	7.96513e-06	-5.28309e-01	-2.11323e-01	1.82506e-01	6.53742e-02	4.67500e-02
-4.64918e-04	-2.06107e-05	3.59889e-06	9.52735e-06	-5.28589e-01	-2.11436e-01	1.88954e-01	6.42928e-02	4.67500e-02
-4.35148e-04	-1.92880e-05	3.38425e-06	9.13410e-06	-5.29690e-01	-2.11876e-01	1.95360e-01	6.32082e-02	4.67500e-02
-5.17293e-04	-2.29298e-05	4.01748e-06	7.03538e-06	-5.30400e-01	-2.12160e-01	2.01722e-01	6.21208e-02	4.67500e-02
-6.25778e-04	-2.77384e-05	4.86036e-06	5.36978e-06	-5.30387e-01	-2.12154e-01	2.08039e-01	6.10312e-02	4.67500e-02
-7.00823e-04	-3.10573e-05	5.48516e-06	5.25835e-06	-5.30542e-01	-2.12216e-01	2.14310e-01	5.99400e-02	4.67500e-02
-7.40475e-04	-3.28040e-05	5.85414e-06	6.19081e-06	-5.30898e-01	-2.12359e-01	2.20533e-01	5.88477e-02	4.67500e-02
-7.41822e-04	-3.28554e-05	5.91052e-06	7.00373e-06	-5.31019e-01	-2.12407e-01	2.26707e-01	5.77547e-02	4.67500e-02
-7.30578e-04	-3.23500e-05	5.86218e-06	6.53371e-06	-5.31526e-01	-2.12610e-01	2.32830e-01	5.66616e-02	4.67500e-02
-7.65009e-04	-3.38694e-05	6.16594e-06	4.70312e-06	-5.32485e-01	-2.12994e-01	2.38902e-01	5.55688e-02	4.67500e-02
-8.36163e-04	-3.70138e-05	6.77135e-06	2.43110e-06	-5.33163e-01	-2.13265e-01	2.44920e-01	5.44770e-02	4.67500e-02
-8.78589e-04	-3.88838e-05	7.15793e-06	3.43279e-07	-5.33697e-01	-2.13478e-01	2.50884e-01	5.33865e-02	4.67500e-02
-8.81429e-04	-3.90017e-05	7.22296e-06	-1.22099e-06	-5.34547e-01	-2.13819e-01	2.56792e-01	5.22979e-02	4.67500e-02
-8.89114e-04	-3.93332e-05	7.33201e-06	-1.54973e-06	-5.35629e-01	-2.14251e-01	2.62643e-01	5.12117e-02	4.67500e-02
-9.14510e-04	-4.04454e-05	7.60095e-06	-5.37167e-07	-5.36534e-01	-2.14613e-01	2.68435e-01	5.01283e-02	4.67500e-02
-9.29640e-04	-4.11035e-05	7.78536e-06	3.82624e-07	-5.37124e-01	-2.14849e-01	2.74168e-01	4.90482e-02	4.67500e-02
-9.30731e-04	-4.11412e-05	7.84989e-06	-2.76300e-07	-5.37701e-01	-2.15080e-01	2.79841e-01	4.79719e-02	4.67500e-02
-9.45557e-04	-4.17874e-05	8.02224e-06	-2.31962e-06	-5.38326e-01	-2.15330e-01	2.85451e-01	4.68999e-02	4.67500e-02
-9.79137e-04	-4.32631e-05	8.34988e-06	-4.45572e-06	-5.38783e-01	-2.15513e-01	2.90999e-01	4.58326e-02	4.67500e-02
-1.00881e-03	-4.45646e-05	8.65348e-06	-5.77418e-06	-5.39200e-01	-2.15680e-01	2.96482e-01	4.47705e-02	4.67500e-02
-1.02923e-03	-4.54553e-05	8.88496e-06	-6.34055e-06	-5.39761e-01	-2.15904e-01	3.01901e-01	4.37140e-02	4.67500e-02
-1.05066e-03	-4.63904e-05	9.12928e-06	-6.82178e-06	-5.40316e-01	-2.16126e-01	3.07253e-01	4.26636e-02	4.67500e-02
-1.07976e-03	-4.76640e-05	9.43772e-06	-7.61358e-06	-5.40800e-01	-2.16320e-01	3.12538e-01	4.16197e-02	4.67500e-02
-1.12504e-03	-4.96515e-05	9.89070e-06	-8.53480e-06	-5.41232e-01	-2.16492e-01	3.17754e-01	4.05827e-02	4.67500e-02
-1.19266e-03	-5.26230e-05	1.05487e-05	-9.39432e-06	-5.41510e-01	-2.16604e-01	3.22902e-01	3.95532e-02	4.67500e-02
-1.27452e-03	-5.62215e-05	1.13393e-05	-1.02315e-05	-5.41618e-01	-2.16647e-01	3.27979e-01	3.85314e-02	4.67500e-02
-1.35420e-03	-5.97221e-05	1.21181e-05	-1.09189e-05	-5.41571e-01	-2.16628e-01	3.32986e-01	3.75179e-02	4.67500e-02
-1.42042e-03	-6.26271e-05	1.27860e-05	-1.12415e-05	-5.41350e-01	-2.16539e-01	3.37920e-01	3.65130e-02	4.67500e-02
-1.47446e-03	-6.49943e-05	1.33495e-05	-1.14619e-05	-5.40996e-01	-2.16398e-01	3.42782e-01	3.55172e-02	4.67500e-02
-1.51881e-03	-6.69335e-05	1.38254e-05	-1.21200e-05	-5.40485e-01	-2.16193e-01	3.47570e-01	3.45308e-02	4.67500e-02
-1.54383e-03	-6.80211e-05	1.41262e-05	-1.31990e-05	-5.39892e-01	-2.15956e-01	3.52284e-01	3.35542e-02	4.67500e-02
-1.54622e-03	-6.81113e-05	1.42210e-05	-1.38720e-05	-5.39444e-01	-2.15777e-01	3.56923e-01	3.25878e-02	4.67500e-02
-1.55050e-03	-6.82850e-05	1.43317e-05	-1.33486e-05	-5.39030e-01	-2.15611e-01	3.61486e-01	3.16321e-02	4.67500e-02
-1.57029e-03	-6.91391e-05	1.45974e-05	-1.17911e-05	-5.38318e-01	-2.15327e-01	3.65973e-01	3.06873e-02	4.67500e-02
-1.58862e-03	-6.99261e-05	1.48617e-05	-1.02842e-05	-5.37390e-01	-2.14955e-01	3.70383e-01	2.97538e-02	4.67500e-02
-1.59933e-03	-7.03801e-05	1.50427e-05	-9.78120e-06	-5.36554e-01	-2.14621e-01	3.74716e-01	2.88321e-02	4.67500e-02
-1.62893e-03	-7.16682e-05	1.53896e-05	-1.01644e-05	-5.35700e-01	-2.14279e-01	3.78970e-01	2.79223e-02	4.67500e-02
-1.67646e-03	-7.37455e-05	1.59032e-05	-1.05624e-05	-5.34506e-01	-2.13802e-01	3.83146e-01	2.70249e-02	4.67500e-02
-1.70962e-03	-7.51876e-05	1.62941e-05	-1.04971e-05	-5.33101e-01	-2.13240e-01	3.87242e-01	2.61402e-02	4.67500e-02
-1.72516e-03	-7.58527e-05	1.65260e-05	-1.00799e-05	-5.31745e-01	-2.12697e-01	3.91259e-01	2.52685e-02	4.67500e-02
-1.75307e-03	-7.70635e-05	1.68690e-05	-9.61582e-06	-5.30311e-01	-2.12124e-01	3.95196e-01	2.44101e-02	4.67500e-02
-1.79556e-03	-7.89167e-05	1.73452e-05	-9.61208e-06	-5.28636e-01	-2.11454e-01	3.99053e-01	2.35653e-02	4.67500e-02
-1.82015e-03	-7.99809e-05	1.76567e-05	-1.04990e-05	-5.26882e-01	-2.10752e-01	4.02830e-01	2.27345e-02	4.67500e-02
-1.81065e-03	-7.95446e-05	1.76512e-05	-1.18017e-05	-5.25277e-01	-2.10110e-01	4.06525e-01	2.19177e-02	4.67500e-02
-1.78951e-03	-7.86000e-05	1.75149e-05	-1.23308e-05	-5.23807e-01	-2.09522e-01	4.10140e-01	2.11154e-02	4.67500e-02
-1.78662e-03	-7.84589e-05	1.75513e-05	-1.16981e-05	-5.22327e-01	-2.08930e-01	4.13674e-01	2.03278e-02	4.67500e-02
-1.80113e-03	-7.90792e-05	1.77692e-05	-1.13324e-05	-5.20693e-01	-2.08276e-01	4.17126e-01	1.95551e-02	4.67500e-02
-1.79083e-03	-7.86125e-05	1.77322e-05	-1.30151e-05	-5.18920e-01	-2.07567e-01	4.20496e-01	1.87976e-02	4.67500e-02
-1.71880e-03	-7.54373e-05	1.70778e-05	-1.63977e-05	-5.17388e-01	-2.06954e-01	4.23786e-01	1.80554e-02	4.67500e-02
-1.62215e-03	-7.11781e-05	1.61926e-05	-1.92714e-05	-5.16427e-01	-2.06570e-01	4.26994e-01	1.73287e-02	4.67500e-02
-1.58231e-03	-6.94147e-05	1.58615e-05	-2.00689e-05	-5.15725e-01	-2.06289e-01	4.30120e-01	1.66178e-02	4.67500e-02
-1.61886e-03	-7.10132e-05	1.62504e-05	-1.92778e-05	-5.14658e-01	-2.05862e-01	4.33165e-01	1.59228e-02	4.67500e-02
-1.67415e-03	-7.34297e-05	1.68445e-05	-1.85756e-05	-5.13161e-01	-2.05264e-01	4.36130e-01	1.52439e-02	4.67500e-02
-1.70218e-03	-7.46358e-05	1.72261e-05	-1.86014e-05	-5.11631e-01	-2.04652e-01	4.39013e-01	1.45811e-02	4.67500e-02
-1.70582e-03	-7.47763e-05	1.73469e-05	-1.84577e-05	-5.10247e-01	-2.04098e-01	4.41815e-01	1.39347e-02	4.67500e-02
-1.70307e-03	-7.46487e-05	1.73497e-05	-1.77873e-05	-5.08989e-01	-2.03595e-01	4.44538e-01	1.33047e-02	4.67500e-02
-1.70233e-03	-7.46090e-05	1.73715e-05	-1.72674e-05	-5.07859e-01	-2.03143e-01	4.47180e-01	1.26912e-02	4.67500e-02
-1.70110e-03	-7.45401e-05	1.74250e-05	-1.70204e-05	-5.06835e-01	-2.02733e-01	4.49743e-01	1.20943e-02	4.67500e-02
-1.69770e-03	-7.43761e-05	1.74527e-05	-1.65394e-05	-5.05842e-01	-2.02336e-01	4.52227e-01	1.15140e-02	4.67500e-02
-1.70191e-03	-7.45529e-05	1.75297e-05	-1.56883e-05	-5.04810e-01	-2.01923e-01	4.54632e-01	1.09504e-02	4.67500e-02
-1.71754e-03	-7.52277e-05	1.77328e-05	-1.45811e-05	-5.03718e-01	-2.01487e-01	4.56959e-01	1.04036e-02	4.67500e-02
-1.73257e-03	-7.58722e-05	1.79454e-05	-1.31421e-05	-5.02610e-01	-2.01043e-01	4.59209e-01	9.87340e-03	4.67500e-02
-1.74082e-03	-7.62218e-05	1.80800e-05	-1.13051e-05	-5.01471e-01	-2.00588e-01	4.61382e-01	9.35992e-03	4.67500e-02
-1.75249e-03	-7.67228e-05	1.82431e-05	-9.22127e-06	-5.00259e-01	-2.00103e-01	4.63479e-01	8.86309e-03	4.67500e-02
-1.76989e-03	-7.74776e-05	1.84548e-05	-7.06923e-06	-4.99008e-01	-1.99603e-01	4.65501e-01	8.38286e-03	4.67500e-02
-1.78157e-03	-7.79809e-05	1.86095e-05	-4.99199e-06	-4.97741e-01	-1.99096e-01	4.67448e-01	7.91915e-03	4.67500e-02
-1.78032e-03	-7.79136e-05	1.86492e-05	-3.14205e-06	-4.96439e-01	-1.98575e-01	4.69322e-01	7.47187e-03	4.67500e-02
-1.77427e-03	-7.76339e-05	1.86488e-05	-1.51516e-06	-4.95100e-01	-1.98039e-01	4.71124e-01	7.04091e-03	4.67500e-02
-1.77039e-03	-7.74532e-05	1.86532e-05	-1.95806e-08	-4.93693e-01	-1.97476e-01	4.72854e-01	6.62613e-03	4.67500e-02
-1.75997e-03	-7.69887e-05	1.85781e-05	1.42432e-06	-4.92248e-01	-1.96898e-01	4.74514e-01	6.22737e-03	4.67500e-02
-1.73312e-03	-7.58040e-05	1.83364e-05	2.92431e-06	-4.90889e-01	-1.96355e-01	4.76105e-01	5.84447e-03	4.67500e-02
-1.69775e-03	-7.42495e-05	1.79948e-05	4.49339e-06	-4.89676e-01	-1.95870e-01	4.77627e-01	5.47722e-03	4.67500e-02
-1.66998e-03	-7.30281e-05	1.77282e-05	5.82737e-06	-4.88570e-01	-1.95427e-01	4.79083e-01	5.12542e-03	4.67500e-02
-1.64985e-03	-7.21365e-05	1.75606e-05	6.49271e-06	-4.87509e-01	-1.95003e-01	4.80474e-01	4.78881e-03	4.67500e-02
-1.62443e-03	-7.10142e-05	1.73348e-05	6.50251e-06	-4.86493e-01	-1.94596e-01	4.81801e-01	4.46716e-03	4.67500e-02
-1.59604e-03	-6.97711e-05	1.70406e-05	6.33100e-06	-4.85531e-01	-1.94212e-01	4.83065e-01	4.16016e-03	4.67500e-02
-1.57553e-03	-6.88767e-05	1.68113e-05	6.18441e-06	-4.84614e-01	-1.93845e-01	4.84268e-01	3.86754e-03	4.67500e-02
-1.55557e-03	-6.79980e-05	1.66233e-05	5.76522e-06	-4.83742e-01	-1.93496e-01	4.85412e-01	3.58896e-03	4.67500e-02
-1.52392e-03	-6.66035e-05	1.63312e-05	4.86771e-06	-4.82956e-01	-1.93182e-01	4.86497e-01	3.32407e-03	4.67500e-02
-1.48096e-03	-6.47170e-05	1.59076e-05	3.64587e-06	-4.82285e-01	-1.92913e-01	4.87527e-01	3.07253e-03	4.67500e-02
-1.43349e-03	-6.26385e-05	1.54146e-05	2.34912e-06	-4.81687e-01	-1.92674e-01	4.88503e-01	2.83394e-03	4.67500e-02
-1.38594e-03	-6.05604e-05	1.49032e-05	1.12091e-06	-4.81175e-01	-1.92469e-01	4.89426e-01	2.60789e-03	4.67500e-02
-1.34265e-03	-5.86661e-05	1.44501e-05	5.50016e-08	-4.80678e-01	-1.92271e-01	4.90299e-01	2.39396e-03	4.67500e-02
-1.30570e-03	-5.70502e-05	1.40572e-05	-7.70687e-07	-4.80204e-01	-1.92081e-01	4.91123e-01	2.19169e-03	4.67500e-02
-1.27497e-03	-5.57061e-05	1.37331e-05	-1.35862e-06	-4.79741e-01	-1.91896e-01	4.91901e-01	2.00063e-03	4.67500e-02
-1.24775e-03	-5.45165e-05	1.34400e-05	-1.74425e-06	-4.79208e-01	-1.91683e-01	4.92635e-01	1.82026e-03	4.67500e-02
-1.22236e-03	-5.34136e-05	1.31407e-05	-1.97275e-06	-4.78759e-01	-1.91503e-01	4.93326e-01	1.65009e-03	4.67500e-02
-1.19095e-03	-5.20183e-05	1.28943e-05	-2.14147e-06	-4.78212e-01	-1.91284e-01	4.93978e-01	1.48957e-03	4.67500e-02
-1.15036e-03	-5.02590e-05	1.24006e-05	-2.32063e-06	-4.77743e-01	-1.91097e-01	4.94592e-01	1.33816e-03	4.67500e-02
-1.09924e-03	-4.79932e-05	1.19814e-05	-2.52326e-06	-4.77306e-01	-1.90922e-01	4.95171e-01	1.19527e-03	4.67500e-02
-1.03441e-03	-4.51780e-05	1.12126e-05	-2.76294e-06	-4.76740e-01	-1.90696e-01	4.95718e-01	1.06031e-03	4.67500e-02
-9.58669e-04	-4.18506e-05	1.04697e-05	-3.04292e-06	-4.76521e-01	-1.90608e-01	4.96235e-01	9.32652e-04	4.67500e-02
-8.65180e-04	-3.77544e-05	9.50869e-06	-3.34506e-06	-4.75876e-01	-1.90350e-01	4.96724e-01	8.11664e-04	4.67500e-02
-7.51674e-04	-3.28335e-05	8.13115e-06	-3.65078e-06	-4.75854e-01	-1.90341e-01	4.97189e-01	6.96683e-04	4.67500e-02
-6.31048e-04	-2.74672e-05	7.21916e-06	-3.90656e-06	-4.75476e-01	-1.90190e-01	4.97632e-01	5.87026e-04	4.67500e-02
-4.74597e-04	-2.07712e-05	4.97019e-06	-4.14125e-06	-4.75286e-01	-1.90114e-01	4.98056e-01	4.81990e-04	4.67500e-02
-3.64245e-04	-1.56874e-05	4.84000e-06	-4.27215e-06	-4.76018e-01	-1.90407e-01	4.98465e-01	3.80850e-04	4.67500e-02
-2.07125e-04	-9.03920e-06	2.27323e-06	-4.09439e-06	-4.75026e-01	-1.90010e-01	4.98860e-01	2.82862e-04	4.67500e-02
-2.13893e-04	-9.13287e-06	3.16066e-06	-4.15589e-06	-4.79229e-01	-1.91691e-01	4.99246e-01	1.87257e-04	4.67500e-02
-4.39326e-04	-1.74315e-05	1.18376e-05	-3.88606e-06	-4.79561e-01	-1.91824e-01	4.99624e-01	9.32472e-05	4.67500e-02
-3.55792e-04	-2.45633e-05	-3.24739e-05	-1.42608e-06	-4.84837e-01	-1.93934e-01	5.00000e-01	0.00000e+00	4.67500e-02
