"Density"	"Momentum:0"	"Momentum:1"	"Momentum:2"	"StagnationEnergy"	"Pressure"	"Points:0"	"Points:1"	"Points:2"
1.73645e-02	-6.27290e-04	8.37505e-04	-4.95189e-04	-1.22740e-01	-4.91115e-02	-5.13365e-01	0.00000e+00	1.84250e-01
4.09134e-05	9.64748e-05	-2.54045e-06	-1.79359e-04	-4.00890e-01	-1.60559e-01	-5.13313e-01	2.24940e-03	1.84250e-01
4.55829e-03	1.12998e-04	2.10354e-04	-2.14332e-04	-2.97400e-01	-1.18965e-01	-5.13156e-01	4.49389e-03	1.84250e-01
1.15234e-02	1.53720e-04	5.39476e-04	-2.42412e-04	-3.60575e-01	-1.44236e-01	-5.12893e-01	6.72847e-03	1.84250e-01
1.40654e-02	2.26906e-04	6.46640e-04	-2.35621e-04	-3.69846e-01	-1.47946e-01	-5.12524e-01	8.94811e-03	1.84250e-01
1.69739e-02	2.63542e-04	7.76773e-04	-2.35028e-04	-4.22069e-01	-1.68836e-01	-5.12052e-01	1.11479e-02	1.84250e-01
1.92160e-02	3.36398e-04	8.63929e-04	-2.17477e-04	-4.98615e-01	-1.99455e-01	-5.11477e-01	1.33234e-02	1.84250e-01
2.04913e-02	3.80081e-04	9.09126e-04	-2.05922e-04	-5.45326e-01	-2.18140e-01	-5.10804e-01	1.54702e-02	1.84250e-01
2.14005e-02	4.30071e-04	9.32303e-04	-1.88148e-04	-6.25933e-01	-2.50383e-01	-5.10035e-01	1.75848e-02	1.84250e-01
2.17063e-02	4.68141e-04	9.27681e-04	-1.74432e-04	-6.79543e-01	-2.71827e-01	-5.09219e-01	1.95623e-02	1.84250e-01
2.17297e-02	4.94566e-04	9.12628e-04	-1.64248e-04	-7.31110e-01	-2.92454e-01	-5.08400e-01	2.13492e-02	1.84250e-01
2.15572e-02	5.18842e-04	8.87450e-04	-1.54812e-04	-7.79442e-01	-3.11787e-01	-5.07574e-01	2.29971e-02	1.84250e-01
2.11696e-02	5.31676e-04	8.56001e-04	-1.49545e-04	-8.13957e-01	-3.25592e-01	-5.06738e-01	2.45403e-02	1.84250e-01
2.07591e-02	5.44254e-04	8.22858e-04	-1.44752e-04	-8.51194e-01	-3.40487e-01	-5.05890e-01	2.60030e-02	1.84250e-01
2.02534e-02	5.51000e-04	7.87372e-04	-1.42808e-04	-8.79097e-01	-3.51648e-01	-5.05025e-01	2.74029e-02	1.84250e-01
1.96920e-02	5.54556e-04	7.50281e-04	-1.41950e-04	-9.05292e-01	-3.62126e-01	-5.04142e-01	2.87534e-02	1.84250e-01
1.91016e-02	5.55681e-04	7.12698e-04	-1.42431e-04	-9.28505e-01	-3.71411e-01	-5.03237e-01	3.00651e-02	1.84250e-01
1.84539e-02	5.53080e-04	6.74011e-04	-1.44403e-04	-9.47161e-01	-3.78873e-01	-5.02307e-01	3.13463e-02	1.84250e-01
1.78286e-02	5.49691e-04	6.36823e-04	-1.47567e-04	-9.64699e-01	-3.85888e-01	-5.01350e-01	3.26037e-02	1.84250e-01
1.71376e-02	5.42787e-04	5.98066e-04	-1.51663e-04	-9.78903e-01	-3.91569e-01	-5.00364e-01	3.38427e-02	1.84250e-01
1.64572e-02	5.34680e-04	5.60580e-04	-1.57006e-04	-9.90776e-01	-3.96318e-01	-4.99345e-01	3.50679e-02	1.84250e-01
1.57703e-02	5.25057e-04	5.23636e-04	-1.63317e-04	-1.00087e+00	-4.00355e-01	-4.98290e-01	3.62828e-02	1.84250e-01
1.50669e-02	5.13579e-04	4.86999e-04	-1.70663e-04	-1.00830e+00	-4.03326e-01	-4.97199e-01	3.74906e-02	1.84250e-01
1.43615e-02	5.00778e-04	4.51151e-04	-1.78845e-04	-1.01412e+00	-4.05656e-01	-4.96068e-01	3.86935e-02	1.84250e-01
1.36544e-02	4.86737e-04	4.16098e-04	-1.88008e-04	-1.01778e+00	-4.07118e-01	-4.94895e-01	3.98936e-02	1.84250e-01
1.29443e-02	4.71457e-04	3.81832e-04	-1.97987e-04	-1.01955e+00	-4.07827e-01	-4.93678e-01	4.10926e-02	1.84250e-01
1.22366e-02	4.55179e-04	3.48502e-04	-2.08865e-04	-1.01959e+00	-4.07843e-01	-4.92414e-01	4.22917e-02	1.84250e-01
1.15287e-02	4.37895e-04	3.16016e-04	-2.20697e-04	-1.01772e+00	-4.07095e-01	-4.91103e-01	4.34919e-02	1.84250e-01
1.08228e-02	4.19708e-04	2.84453e-04	-2.33473e-04	-1.01423e+00	-4.05699e-01	-4.89741e-01	4.46941e-02	1.84250e-01
1.01142e-02	4.00500e-04	2.53668e-04	-2.47154e-04	-1.00905e+00	-4.03624e-01	-4.88327e-01	4.58986e-02	1.84250e-01
9.40714e-03	3.80472e-04	2.23791e-04	-2.61844e-04	-1.00229e+00	-4.00921e-01	-4.86859e-01	4.71060e-02	1.84250e-01
8.69995e-03	3.59604e-04	1.94766e-04	-2.77520e-04	-9.94062e-01	-3.97630e-01	-4.85335e-01	4.83164e-02	1.84250e-01
7.98920e-03	3.37799e-04	1.66511e-04	-2.94062e-04	-9.84435e-01	-3.93780e-01	-4.83754e-01	4.95299e-02	1.84250e-01
7.27670e-03	3.15129e-04	1.39118e-04	-3.11305e-04	-9.73604e-01	-3.89448e-01	-4.82114e-01	5.07464e-02	1.84250e-01
6.56310e-03	2.91620e-04	1.12663e-04	-3.28974e-04	-9.61760e-01	-3.84710e-01	-4.80414e-01	5.19657e-02	1.84250e-01
5.84760e-03	2.67186e-04	8.72592e-05	-3.46406e-04	-9.49178e-01	-3.79678e-01	-4.78651e-01	5.31877e-02	1.84250e-01
5.14810e-03	2.42551e-04	6.33895e-05	-3.63407e-04	-9.36182e-01	-3.74480e-01	-4.76825e-01	5.44119e-02	1.84250e-01
4.46903e-03	2.17770e-04	4.14020e-05	-3.78553e-04	-9.23203e-01	-3.69290e-01	-4.74933e-01	5.56379e-02	1.84250e-01
3.83146e-03	1.93638e-04	2.19609e-05	-3.90895e-04	-9.10760e-01	-3.64314e-01	-4.72976e-01	5.68652e-02	1.84250e-01
3.24467e-03	1.70429e-04	5.53844e-06	-3.98621e-04	-8.99383e-01	-3.59765e-01	-4.70951e-01	5.80934e-02	1.84250e-01
2.69999e-03	1.47881e-04	-8.07791e-06	-4.01114e-04	-8.89678e-01	-3.55885e-01	-4.68858e-01	5.93218e-02	1.84250e-01
2.18428e-03	1.25853e-04	-1.97328e-05	-4.00418e-04	-8.82022e-01	-3.52825e-01	-4.66695e-01	6.05497e-02	1.84250e-01
1.70506e-03	1.05156e-04	-3.01266e-05	-3.99621e-04	-8.76579e-01	-3.50652e-01	-4.64461e-01	6.17766e-02	1.84250e-01
1.28693e-03	8.69903e-05	-3.91213e-05	-3.99360e-04	-8.73231e-01	-3.49319e-01	-4.62155e-01	6.30016e-02	1.84250e-01
9.98776e-04	7.41059e-05	-4.52087e-05	-3.98622e-04	-8.71774e-01	-3.48743e-01	-4.59777e-01	6.42241e-02	1.84250e-01
9.76680e-04	7.18454e-05	-4.51804e-05	-3.95384e-04	-8.71627e-01	-3.48684e-01	-4.57325e-01	6.54433e-02	1.84250e-01
1.27312e-03	8.22609e-05	-3.77611e-05	-3.86828e-04	-8.72475e-01	-3.49015e-01	-4.54799e-01	6.66585e-02	1.84250e-01
1.69534e-03	9.76934e-05	-2.73382e-05	-3.73650e-04	-8.76885e-01	-3.50771e-01	-4.52198e-01	6.78688e-02	1.84250e-01
1.98907e-03	1.07842e-04	-1.92740e-05	-3.58856e-04	-8.85031e-01	-3.54026e-01	-4.49521e-01	6.90734e-02	1.84250e-01
2.12393e-03	1.11596e-04	-1.44550e-05	-3.43253e-04	-8.93455e-01	-3.57394e-01	-4.46767e-01	7.02715e-02	1.84250e-01
2.14585e-03	1.10848e-04	-1.19802e-05	-3.30294e-04	-9.01982e-01	-3.60804e-01	-4.43937e-01	7.14623e-02	1.84250e-01
2.23832e-03	1.13423e-04	-8.91860e-06	-3.20319e-04	-9.07803e-01	-3.63132e-01	-4.41029e-01	7.26449e-02	1.84250e-01
2.45532e-03	1.21275e-04	-3.59462e-06	-3.05766e-04	-9.13090e-01	-3.65245e-01	-4.38043e-01	7.38186e-02	1.84250e-01
2.19739e-03	1.08910e-04	-5.74146e-06	-2.90200e-04	-9.29054e-01	-3.71631e-01	-4.34978e-01	7.49824e-02	1.84250e-01
1.33308e-03	7.06920e-05	-1.72561e-05	-2.80263e-04	-9.45304e-01	-3.78134e-01	-4.31835e-01	7.61355e-02	1.84250e-01
9.73818e-04	5.40564e-05	-2.05929e-05	-2.64523e-04	-9.43854e-01	-3.77557e-01	-4.28613e-01	7.72770e-02	1.84250e-01
1.30812e-03	6.70156e-05	-1.27869e-05	-2.41204e-04	-9.39455e-01	-3.75792e-01	-4.25311e-01	7.84062e-02	1.84250e-01
1.17062e-03	5.96552e-05	-1.15739e-05	-2.21749e-04	-9.47519e-01	-3.79017e-01	-4.21930e-01	7.95222e-02	1.84250e-01
4.08351e-04	2.54571e-05	-1.92852e-05	-2.03130e-04	-9.55977e-01	-3.82412e-01	-4.18469e-01	8.06241e-02	1.84250e-01
-7.84252e-05	3.17325e-06	-2.28600e-05	-1.81021e-04	-9.55214e-01	-3.82001e-01	-4.14928e-01	8.17112e-02	1.84250e-01
-1.50209e-05	4.84273e-06	-1.91155e-05	-1.60643e-04	-9.47566e-01	-3.78678e-01	-4.11308e-01	8.27826e-02	1.84250e-01
1.56035e-04	1.13456e-05	-1.42910e-05	-1.42682e-04	-9.39761e-01	-3.75931e-01	-4.07607e-01	8.38374e-02	1.84250e-01
1.23330e-04	9.06337e-06	-1.21568e-05	-1.22788e-04	-9.37590e-01	-3.75061e-01	-4.03827e-01	8.48750e-02	1.84250e-01
4.84404e-06	3.02882e-06	-1.08174e-05	-1.02719e-04	-9.39276e-01	-3.76151e-01	-3.99967e-01	8.58946e-02	1.84250e-01
9.44637e-05	6.43521e-06	-8.13344e-06	-8.82346e-05	-9.40395e-01	-3.76175e-01	-3.96027e-01	8.68952e-02	1.84250e-01
2.01748e-04	1.08041e-05	-5.89545e-06	-7.91546e-05	-9.42950e-01	-3.77186e-01	-3.92007e-01	8.78763e-02	1.84250e-01
-6.56288e-06	1.25193e-06	-6.77868e-06	-7.02595e-05	-9.47344e-01	-3.78786e-01	-3.87909e-01	8.88370e-02	1.84250e-01
-3.33954e-04	-1.35348e-05	-8.80985e-06	-6.14392e-05	-9.47679e-01	-3.79069e-01	-3.83732e-01	8.97767e-02	1.84250e-01
-4.66443e-04	-1.96542e-05	-9.06466e-06	-5.23511e-05	-9.44187e-01	-3.77674e-01	-3.79476e-01	9.06945e-02	1.84250e-01
-6.54348e-04	-2.82425e-05	-9.65512e-06	-4.30188e-05	-9.42999e-01	-3.77199e-01	-3.75141e-01	9.15899e-02	1.84250e-01
-1.05469e-03	-4.62142e-05	-1.22007e-05	-3.73850e-05	-9.40789e-01	-3.76315e-01	-3.70729e-01	9.24621e-02	1.84250e-01
-1.27938e-03	-5.63946e-05	-1.30940e-05	-3.27641e-05	-9.33142e-01	-3.73256e-01	-3.66239e-01	9.33105e-02	1.84250e-01
-1.25545e-03	-5.55608e-05	-1.16469e-05	-2.67482e-05	-9.25784e-01	-3.70313e-01	-3.61673e-01	9.41345e-02	1.84250e-01
-1.25542e-03	-5.56854e-05	-1.09154e-05	-2.43562e-05	-9.18776e-01	-3.67510e-01	-3.57030e-01	9.49334e-02	1.84250e-01
-1.28839e-03	-5.72099e-05	-1.08232e-05	-2.24452e-05	-9.12030e-01	-3.64811e-01	-3.52311e-01	9.57067e-02	1.84250e-01
-1.33890e-03	-5.96849e-05	-9.73618e-06	-1.39832e-05	-9.09864e-01	-3.63945e-01	-3.47516e-01	9.64537e-02	1.84250e-01
-1.30653e-03	-5.84366e-05	-8.11211e-06	-2.37626e-06	-9.07090e-01	-3.62835e-01	-3.42648e-01	9.71740e-02	1.84250e-01
-1.01827e-03	-4.56901e-05	-5.17957e-06	8.57946e-06	-9.04785e-01	-3.61914e-01	-3.37705e-01	9.78671e-02	1.84250e-01
-8.77586e-04	-3.95221e-05	-3.24338e-06	1.76320e-05	-9.08088e-01	-3.63235e-01	-3.32689e-01	9.85323e-02	1.84250e-01
-1.30715e-03	-5.87937e-05	-5.20270e-06	2.13769e-05	-9.09442e-01	-3.63776e-01	-3.27600e-01	9.91693e-02	1.84250e-01
-1.91937e-03	-8.62685e-05	-7.89642e-06	2.23207e-05	-9.05236e-01	-3.62094e-01	-3.22440e-01	9.97776e-02	1.84250e-01
-2.24495e-03	-1.00941e-04	-8.59555e-06	2.58913e-05	-8.99977e-01	-3.59990e-01	-3.17209e-01	1.00357e-01	1.84250e-01
-2.32790e-03	-1.04742e-04	-7.91389e-06	3.22501e-05	-8.95124e-01	-3.58048e-01	-3.11907e-01	1.00907e-01	1.84250e-01
-2.33064e-03	-1.04950e-04	-6.69284e-06	3.98608e-05	-8.89292e-01	-3.55716e-01	-3.06537e-01	1.01426e-01	1.84250e-01
-2.24888e-03	-1.01323e-04	-5.46140e-06	4.62040e-05	-8.81224e-01	-3.52488e-01	-3.01098e-01	1.01916e-01	1.84250e-01
-2.11607e-03	-9.53911e-05	-4.12123e-06	5.01103e-05	-8.73410e-01	-3.49363e-01	-2.95593e-01	1.02375e-01	1.84250e-01
-2.05173e-03	-9.25217e-05	-3.15057e-06	5.45370e-05	-8.67785e-01	-3.47113e-01	-2.90021e-01	1.02803e-01	1.84250e-01
-2.05184e-03	-9.25456e-05	-2.39468e-06	5.94074e-05	-8.62509e-01	-3.45003e-01	-2.84383e-01	1.03201e-01	1.84250e-01
-2.01543e-03	-9.08969e-05	-1.94397e-06	5.80524e-05	-8.57024e-01	-3.42809e-01	-2.78682e-01	1.03567e-01	1.84250e-01
-1.91993e-03	-8.65663e-05	-1.76848e-06	4.93181e-05	-8.52436e-01	-3.40973e-01	-2.72917e-01	1.03901e-01	1.84250e-01
-1.78096e-03	-8.02886e-05	-1.40812e-06	4.20221e-05	-8.48821e-01	-3.39528e-01	-2.67090e-01	1.04204e-01	1.84250e-01
-1.65736e-03	-7.47158e-05	-8.83389e-07	4.02609e-05	-8.46129e-01	-3.38451e-01	-2.61203e-01	1.04475e-01	1.84250e-01
-1.67786e-03	-7.56303e-05	-6.49456e-07	3.86473e-05	-8.43652e-01	-3.37460e-01	-2.55256e-01	1.04714e-01	1.84250e-01
-1.85989e-03	-8.38169e-05	-6.97429e-07	3.61952e-05	-8.40571e-01	-3.36227e-01	-2.49250e-01	1.04922e-01	1.84250e-01
-2.07537e-03	-9.35199e-05	-3.96675e-07	3.83347e-05	-8.37175e-01	-3.34869e-01	-2.43187e-01	1.05097e-01	1.84250e-01
-2.18243e-03	-9.83389e-05	1.71176e-07	4.30841e-05	-8.32535e-01	-3.33013e-01	-2.37068e-01	1.05240e-01	1.84250e-01
-2.11982e-03	-9.55084e-05	6.33814e-07	4.24035e-05	-8.26753e-01	-3.30700e-01	-2.30894e-01	1.05351e-01	1.84250e-01
-1.99848e-03	-9.00283e-05	8.01919e-07	3.64055e-05	-8.21773e-01	-3.28708e-01	-2.24666e-01	1.05430e-01	1.84250e-01
-1.95399e-03	-8.80130e-05	1.11600e-06	3.29023e-05	-8.16859e-01	-3.26743e-01	-2.18387e-01	1.05477e-01	1.84250e-01
-2.00456e-03	-9.02786e-05	1.53115e-06	3.42372e-05	-8.11754e-01	-3.24701e-01	-2.12056e-01	1.05492e-01	1.84250e-01
-2.11411e-03	-9.51990e-05	1.96955e-06	3.47901e-05	-8.08046e-01	-3.23218e-01	-2.05676e-01	1.05475e-01	1.84250e-01
-2.19522e-03	-9.88377e-05	2.27523e-06	3.11688e-05	-8.03966e-01	-3.21585e-01	-1.99248e-01	1.05427e-01	1.84250e-01
-2.18462e-03	-9.83463e-05	2.56512e-06	2.61608e-05	-7.98977e-01	-3.19590e-01	-1.92773e-01	1.05347e-01	1.84250e-01
-2.18895e-03	-9.85263e-05	2.90555e-06	2.31738e-05	-7.94825e-01	-3.17929e-01	-1.86253e-01	1.05236e-01	1.84250e-01
-2.27497e-03	-1.02380e-04	3.42303e-06	2.35621e-05	-7.89381e-01	-3.15751e-01	-1.79689e-01	1.05094e-01	1.84250e-01
-2.31082e-03	-1.03972e-04	3.96978e-06	2.64203e-05	-7.82177e-01	-3.12870e-01	-1.73083e-01	1.04920e-01	1.84250e-01
-2.28178e-03	-1.02642e-04	4.43622e-06	2.83722e-05	-7.76067e-01	-3.10426e-01	-1.66436e-01	1.04717e-01	1.84250e-01
-2.29203e-03	-1.03082e-04	4.81768e-06	2.79116e-05	-7.70084e-01	-3.08032e-01	-1.59750e-01	1.04483e-01	1.84250e-01
-2.30140e-03	-1.03483e-04	5.16544e-06	2.64701e-05	-7.63376e-01	-3.05349e-01	-1.53025e-01	1.04218e-01	1.84250e-01
-2.26887e-03	-1.01998e-04	5.46195e-06	2.50135e-05	-7.57945e-01	-3.03177e-01	-1.46265e-01	1.03925e-01	1.84250e-01
-2.31236e-03	-1.03931e-04	5.89503e-06	2.37657e-05	-7.53557e-01	-3.01422e-01	-1.39469e-01	1.03602e-01	1.84250e-01
-2.47565e-03	-1.11246e-04	6.66520e-06	2.34511e-05	-7.48300e-01	-2.99319e-01	-1.32641e-01	1.03249e-01	1.84250e-01
-2.60914e-03	-1.17214e-04	7.47506e-06	2.49020e-05	-7.41762e-01	-2.96704e-01	-1.25780e-01	1.02869e-01	1.84250e-01
-2.60344e-03	-1.16924e-04	7.93287e-06	2.65996e-05	-7.35373e-01	-2.94148e-01	-1.18890e-01	1.02460e-01	1.84250e-01
-2.53965e-03	-1.14030e-04	8.12407e-06	2.51875e-05	-7.30054e-01	-2.92021e-01	-1.11971e-01	1.02023e-01	1.84250e-01
-2.52093e-03	-1.13166e-04	8.35359e-06	2.12801e-05	-7.24955e-01	-2.89981e-01	-1.05025e-01	1.01559e-01	1.84250e-01
-2.53855e-03	-1.13927e-04	8.77031e-06	1.87527e-05	-7.19693e-01	-2.87876e-01	-9.80544e-02	1.01068e-01	1.84250e-01
-2.54682e-03	-1.14267e-04	9.16709e-06	1.73726e-05	-7.14280e-01	-2.85711e-01	-9.10599e-02	1.00550e-01	1.84250e-01
-2.51899e-03	-1.12994e-04	9.34111e-06	1.42962e-05	-7.08527e-01	-2.83410e-01	-8.40435e-02	1.00007e-01	1.84250e-01
-2.45785e-03	-1.10229e-04	9.36193e-06	9.19309e-06	-7.02757e-01	-2.81102e-01	-7.70068e-02	9.94377e-02	1.84250e-01
-2.40614e-03	-1.07888e-04	9.39594e-06	2.91666e-06	-6.97275e-01	-2.78909e-01	-6.99515e-02	9.88438e-02	1.84250e-01
-2.42260e-03	-1.08603e-04	9.70242e-06	-2.70304e-06	-6.92292e-01	-2.76916e-01	-6.28792e-02	9.82255e-02	1.84250e-01
-2.51174e-03	-1.12567e-04	1.03920e-05	-4.81012e-06	-6.87178e-01	-2.74870e-01	-5.57917e-02	9.75833e-02	1.84250e-01
-2.59449e-03	-1.16239e-04	1.11111e-05	-4.01792e-06	-6.80914e-01	-2.72364e-01	-4.86907e-02	9.69177e-02	1.84250e-01
-2.60083e-03	-1.16488e-04	1.14935e-05	-4.37809e-06	-6.74197e-01	-2.69678e-01	-4.15777e-02	9.62293e-02	1.84250e-01
-2.55798e-03	-1.14541e-04	1.15693e-05	-6.90716e-06	-6.67818e-01	-2.67126e-01	-3.44546e-02	9.55187e-02	1.84250e-01
-2.52825e-03	-1.13178e-04	1.17366e-05	-8.48363e-06	-6.60997e-01	-2.64398e-01	-2.73230e-02	9.47864e-02	1.84250e-01
-2.52598e-03	-1.13039e-04	1.20658e-05	-7.68700e-06	-6.53627e-01	-2.61450e-01	-2.01847e-02	9.40329e-02	1.84250e-01
-2.53291e-03	-1.13311e-04	1.24432e-05	-5.93041e-06	-6.46028e-01	-2.58410e-01	-1.30413e-02	9.32590e-02	1.84250e-01
-2.51600e-03	-1.12516e-04	1.26944e-05	-3.22877e-06	-6.37515e-01	-2.55005e-01	-5.89457e-03	9.24650e-02	1.84250e-01
-2.46031e-03	-1.09988e-04	1.27401e-05	9.08523e-07	-6.28916e-01	-2.51565e-01	1.25378e-03	9.16518e-02	1.84250e-01
-2.41549e-03	-1.07941e-04	1.28722e-05	4.91660e-06	-6.21177e-01	-2.48470e-01	8.40203e-03	9.08197e-02	1.84250e-01
-2.39965e-03	-1.07198e-04	1.30714e-05	7.85472e-06	-6.12729e-01	-2.45091e-01	1.55485e-02	8.99696e-02	1.84250e-01
-2.33070e-03	-1.04083e-04	1.29729e-05	1.05372e-05	-6.03130e-01	-2.41251e-01	2.26914e-02	8.91018e-02	1.84250e-01
-2.14892e-03	-9.59315e-05	1.22272e-05	1.33299e-05	-5.93715e-01	-2.37485e-01	2.98290e-02	8.82171e-02	1.84250e-01
-1.89921e-03	-8.47553e-05	1.10267e-05	1.55550e-05	-5.85428e-01	-2.34171e-01	3.69597e-02	8.73161e-02	1.84250e-01
-1.68288e-03	-7.50768e-05	9.95304e-06	1.60825e-05	-5.78983e-01	-2.31593e-01	4.40817e-02	8.63993e-02	1.84250e-01
-1.57525e-03	-7.02574e-05	9.45015e-06	1.45161e-05	-5.74138e-01	-2.29655e-01	5.11933e-02	8.54674e-02	1.84250e-01
-1.54319e-03	-6.88085e-05	9.39601e-06	1.25505e-05	-5.69669e-01	-2.27867e-01	5.82929e-02	8.45210e-02	1.84250e-01
-1.48371e-03	-6.61363e-05	9.17536e-06	1.26335e-05	-5.65261e-01	-2.26104e-01	6.53786e-02	8.35607e-02	1.84250e-01
-1.36924e-03	-6.10136e-05	8.61321e-06	1.43794e-05	-5.61800e-01	-2.24719e-01	7.24488e-02	8.25870e-02	1.84250e-01
-1.27326e-03	-5.67179e-05	8.13836e-06	1.50009e-05	-5.59545e-01	-2.23818e-01	7.95018e-02	8.16007e-02	1.84250e-01
-1.24356e-03	-5.53812e-05	8.04403e-06	1.37040e-05	-5.57782e-01	-2.23112e-01	8.65360e-02	8.06023e-02	1.84250e-01
-1.24580e-03	-5.54664e-05	8.15520e-06	1.21628e-05	-5.56106e-01	-2.22442e-01	9.35495e-02	7.95924e-02	1.84250e-01
-1.23568e-03	-5.50018e-05	8.18307e-06	1.08330e-05	-5.54561e-01	-2.21824e-01	1.00541e-01	7.85716e-02	1.84250e-01
-1.21597e-03	-5.41110e-05	8.14227e-06	8.80594e-06	-5.53254e-01	-2.21301e-01	1.07508e-01	7.75405e-02	1.84250e-01
-1.20772e-03	-5.37304e-05	8.17389e-06	6.76567e-06	-5.52086e-01	-2.20834e-01	1.14450e-01	7.64998e-02	1.84250e-01
-1.20335e-03	-5.35221e-05	8.23609e-06	6.46841e-06	-5.50892e-01	-2.20356e-01	1.21365e-01	7.54499e-02	1.84250e-01
-1.18320e-03	-5.26095e-05	8.20177e-06	7.87148e-06	-5.49829e-01	-2.19931e-01	1.28251e-01	7.43916e-02	1.84250e-01
-1.15077e-03	-5.11521e-05	8.07457e-06	9.20390e-06	-5.49063e-01	-2.19625e-01	1.35106e-01	7.33253e-02	1.84250e-01
-1.12678e-03	-5.00717e-05	7.99403e-06	9.43185e-06	-5.48503e-01	-2.19401e-01	1.41929e-01	7.22517e-02	1.84250e-01
-1.11553e-03	-4.95584e-05	7.99710e-06	9.06869e-06	-5.48018e-01	-2.19207e-01	1.48719e-01	7.11713e-02	1.84250e-01
-1.10369e-03	-4.90195e-05	7.99320e-06	8.80298e-06	-5.47613e-01	-2.19045e-01	1.55473e-01	7.00847e-02	1.84250e-01
-1.08883e-03	-4.83463e-05	7.96444e-06	8.58754e-06	-5.47373e-01	-2.18949e-01	1.62191e-01	6.89925e-02	1.84250e-01
-1.08595e-03	-4.82059e-05	8.01875e-06	8.11759e-06	-5.47301e-01	-2.18920e-01	1.68870e-01	6.78953e-02	1.84250e-01
-1.10918e-03	-4.92246e-05	8.26562e-06	7.47440e-06	-5.47250e-01	-2.18899e-01	1.75509e-01	6.67936e-02	1.84250e-01
-1.15396e-03	-5.11990e-05	8.67582e-06	7.03165e-06	-5.47060e-01	-2.18824e-01	1.82106e-01	6.56880e-02	1.84250e-01
-1.20107e-03	-5.32755e-05	9.10901e-06	7.02333e-06	-5.46721e-01	-2.18688e-01	1.88661e-01	6.45790e-02	1.84250e-01
-1.23293e-03	-5.46746e-05	9.43244e-06	7.35276e-06	-5.46341e-01	-2.18536e-01	1.95171e-01	6.34671e-02	1.84250e-01
-1.24344e-03	-5.51269e-05	9.59317e-06	7.67994e-06	-5.46047e-01	-2.18418e-01	2.01635e-01	6.23530e-02	1.84250e-01
-1.23812e-03	-5.48770e-05	9.63043e-06	7.59119e-06	-5.45928e-01	-2.18371e-01	2.08052e-01	6.12371e-02	1.84250e-01
-1.22984e-03	-5.44966e-05	9.64272e-06	6.85443e-06	-5.45957e-01	-2.18382e-01	2.14420e-01	6.01200e-02	1.84250e-01
-1.22797e-03	-5.44004e-05	9.70269e-06	5.65259e-06	-5.46031e-01	-2.18412e-01	2.20737e-01	5.90023e-02	1.84250e-01
-1.23394e-03	-5.46513e-05	9.82622e-06	4.59305e-06	-5.46103e-01	-2.18441e-01	2.27003e-01	5.78843e-02	1.84250e-01
-1.24631e-03	-5.51851e-05	1.00016e-05	4.27136e-06	-5.46166e-01	-2.18466e-01	2.33215e-01	5.67668e-02	1.84250e-01
-1.26322e-03	-5.59200e-05	1.02143e-05	4.61139e-06	-5.46214e-01	-2.18485e-01	2.39374e-01	5.56501e-02	1.84250e-01
-1.28355e-03	-5.68058e-05	1.04558e-05	4.86176e-06	-5.46266e-01	-2.18506e-01	2.45476e-01	5.45347e-02	1.84250e-01
-1.30682e-03	-5.78215e-05	1.07205e-05	4.41262e-06	-5.46344e-01	-2.18537e-01	2.51521e-01	5.34213e-02	1.84250e-01
-1.33255e-03	-5.89464e-05	1.10064e-05	3.40213e-06	-5.46427e-01	-2.18570e-01	2.57508e-01	5.23103e-02	1.84250e-01
-1.35637e-03	-5.99857e-05	1.12795e-05	2.45948e-06	-5.46471e-01	-2.18588e-01	2.63435e-01	5.12021e-02	1.84250e-01
-1.37402e-03	-6.07515e-05	1.15045e-05	2.08657e-06	-5.46472e-01	-2.18588e-01	2.69302e-01	5.00974e-02	1.84250e-01
-1.38472e-03	-6.12094e-05	1.16739e-05	2.30230e-06	-5.46467e-01	-2.18586e-01	2.75106e-01	4.89964e-02	1.84250e-01
-1.39440e-03	-6.16221e-05	1.18344e-05	2.73862e-06	-5.46505e-01	-2.18602e-01	2.80847e-01	4.78999e-02	1.84250e-01
-1.41205e-03	-6.23869e-05	1.20634e-05	2.93538e-06	-5.46569e-01	-2.18627e-01	2.86523e-01	4.68081e-02	1.84250e-01
-1.44261e-03	-6.37212e-05	1.24061e-05	2.56656e-06	-5.46512e-01	-2.18604e-01	2.92134e-01	4.57216e-02	1.84250e-01
-1.47827e-03	-6.52804e-05	1.27946e-05	1.53251e-06	-5.46264e-01	-2.18505e-01	2.97678e-01	4.46409e-02	1.84250e-01
-1.51341e-03	-6.68160e-05	1.31789e-05	-1.48410e-08	-5.45936e-01	-2.18374e-01	3.03154e-01	4.35664e-02	1.84250e-01
-1.55036e-03	-6.84316e-05	1.35809e-05	-1.78259e-06	-5.45552e-01	-2.18220e-01	3.08561e-01	4.24985e-02	1.84250e-01
-1.59250e-03	-7.02752e-05	1.40324e-05	-3.44878e-06	-5.45071e-01	-2.18028e-01	3.13899e-01	4.14377e-02	1.84250e-01
-1.64319e-03	-7.24945e-05	1.45668e-05	-4.65408e-06	-5.44538e-01	-2.17815e-01	3.19165e-01	4.03845e-02	1.84250e-01
-1.70550e-03	-7.52264e-05	1.52049e-05	-5.05056e-06	-5.43907e-01	-2.17562e-01	3.24360e-01	3.93393e-02	1.84250e-01
-1.77451e-03	-7.82527e-05	1.59065e-05	-4.66643e-06	-5.43099e-01	-2.17239e-01	3.29482e-01	3.83025e-02	1.84250e-01
-1.83987e-03	-8.11154e-05	1.65888e-05	-4.19910e-06	-5.42154e-01	-2.16861e-01	3.34531e-01	3.72745e-02	1.84250e-01
-1.89234e-03	-8.34088e-05	1.71591e-05	-4.46670e-06	-5.41064e-01	-2.16425e-01	3.39505e-01	3.62558e-02	1.84250e-01
-1.92681e-03	-8.49094e-05	1.75626e-05	-5.55114e-06	-5.39839e-01	-2.15935e-01	3.44403e-01	3.52468e-02	1.84250e-01
-1.94696e-03	-8.57773e-05	1.78426e-05	-6.79767e-06	-5.38584e-01	-2.15433e-01	3.49226e-01	3.42478e-02	1.84250e-01
-1.96303e-03	-8.64642e-05	1.80905e-05	-7.47913e-06	-5.37329e-01	-2.14931e-01	3.53971e-01	3.32592e-02	1.84250e-01
-1.98247e-03	-8.73010e-05	1.83634e-05	-7.59866e-06	-5.36080e-01	-2.14431e-01	3.58640e-01	3.22816e-02	1.84250e-01
-2.00263e-03	-8.81668e-05	1.86535e-05	-8.21850e-06	-5.34678e-01	-2.13871e-01	3.63230e-01	3.13151e-02	1.84250e-01
-2.01106e-03	-8.85175e-05	1.88286e-05	-9.98929e-06	-5.33056e-01	-2.13222e-01	3.67741e-01	3.03603e-02	1.84250e-01
-2.00222e-03	-8.81075e-05	1.88431e-05	-1.17681e-05	-5.31559e-01	-2.12623e-01	3.72172e-01	2.94174e-02	1.84250e-01
-1.99166e-03	-8.76253e-05	1.88249e-05	-1.23071e-05	-5.30209e-01	-2.12083e-01	3.76524e-01	2.84868e-02	1.84250e-01
-1.98808e-03	-8.74518e-05	1.88659e-05	-1.19849e-05	-5.28767e-01	-2.11506e-01	3.80795e-01	2.75689e-02	1.84250e-01
-1.97471e-03	-8.68449e-05	1.88260e-05	-1.17312e-05	-5.27272e-01	-2.10908e-01	3.84985e-01	2.66640e-02	1.84250e-01
-1.94393e-03	-8.54712e-05	1.86249e-05	-1.17294e-05	-5.25825e-01	-2.10329e-01	3.89093e-01	2.57725e-02	1.84250e-01
-1.92263e-03	-8.45152e-05	1.85101e-05	-1.15635e-05	-5.24486e-01	-2.09794e-01	3.93120e-01	2.48945e-02	1.84250e-01
-1.93003e-03	-8.48255e-05	1.86497e-05	-1.10192e-05	-5.23037e-01	-2.09214e-01	3.97064e-01	2.40305e-02	1.84250e-01
-1.95191e-03	-8.57699e-05	1.89389e-05	-1.07347e-05	-5.21348e-01	-2.08538e-01	4.00926e-01	2.31808e-02	1.84250e-01
-1.97270e-03	-8.66613e-05	1.92414e-05	-1.14843e-05	-5.19601e-01	-2.07840e-01	4.04705e-01	2.23455e-02	1.84250e-01
-1.97506e-03	-8.67447e-05	1.93544e-05	-1.30533e-05	-5.17637e-01	-2.07054e-01	4.08401e-01	2.15251e-02	1.84250e-01
-1.93035e-03	-8.47655e-05	1.89867e-05	-1.45934e-05	-5.15625e-01	-2.06249e-01	4.12014e-01	2.07197e-02	1.84250e-01
-1.87071e-03	-8.21309e-05	1.84693e-05	-1.53934e-05	-5.14226e-01	-2.05690e-01	4.15544e-01	1.99296e-02	1.84250e-01
-1.86887e-03	-8.20344e-05	1.85212e-05	-1.49875e-05	-5.13095e-01	-2.05237e-01	4.18990e-01	1.91550e-02	1.84250e-01
-1.92092e-03	-8.43014e-05	1.91147e-05	-1.36271e-05	-5.11566e-01	-2.04626e-01	4.22353e-01	1.83961e-02	1.84250e-01
-1.97259e-03	-8.65529e-05	1.97011e-05	-1.26305e-05	-5.09790e-01	-2.03915e-01	4.25632e-01	1.76532e-02	1.84250e-01
-2.00644e-03	-8.80249e-05	2.00959e-05	-1.29676e-05	-5.07859e-01	-2.03143e-01	4.28828e-01	1.69265e-02	1.84250e-01
-2.01289e-03	-8.82912e-05	2.02342e-05	-1.39347e-05	-5.05830e-01	-2.02331e-01	4.31940e-01	1.62160e-02	1.84250e-01
-1.98680e-03	-8.71273e-05	2.00567e-05	-1.44932e-05	-5.04107e-01	-2.01642e-01	4.34970e-01	1.55220e-02	1.84250e-01
-1.96623e-03	-8.62105e-05	1.99122e-05	-1.46251e-05	-5.02555e-01	-2.01021e-01	4.37916e-01	1.48446e-02	1.84250e-01
-1.97365e-03	-8.65220e-05	2.00477e-05	-1.46249e-05	-5.00676e-01	-2.00270e-01	4.40780e-01	1.41839e-02	1.84250e-01
-1.96874e-03	-8.62875e-05	2.00812e-05	-1.47822e-05	-4.98584e-01	-1.99433e-01	4.43562e-01	1.35401e-02	1.84250e-01
-1.92010e-03	-8.41408e-05	1.96479e-05	-1.53868e-05	-4.96787e-01	-1.98714e-01	4.46261e-01	1.29132e-02	1.84250e-01
-1.86972e-03	-8.19244e-05	1.91711e-05	-1.60632e-05	-4.95412e-01	-1.98164e-01	4.48879e-01	1.23033e-02	1.84250e-01
-1.86353e-03	-8.16425e-05	1.91519e-05	-1.61915e-05	-4.94102e-01	-1.97640e-01	4.51416e-01	1.17105e-02	1.84250e-01
-1.87255e-03	-8.20198e-05	1.93216e-05	-1.60178e-05	-4.92623e-01	-1.97048e-01	4.53872e-01	1.11348e-02	1.84250e-01
-1.84877e-03	-8.09608e-05	1.91501e-05	-1.60762e-05	-4.91171e-01	-1.96468e-01	4.56249e-01	1.05762e-02	1.84250e-01
-1.81361e-03	-7.94117e-05	1.88252e-05	-1.62702e-05	-4.89934e-01	-1.95973e-01	4.58546e-01	1.00348e-02	1.84250e-01
-1.81090e-03	-7.92908e-05	1.88062e-05	-1.61722e-05	-4.88734e-01	-1.95493e-01	4.60764e-01	9.51048e-03	1.84250e-01
-1.82578e-03	-7.99366e-05	1.89848e-05	-1.55983e-05	-4.87417e-01	-1.94966e-01	4.62905e-01	9.00324e-03	1.84250e-01
-1.81147e-03	-7.92889e-05	1.89250e-05	-1.47043e-05	-4.86193e-01	-1.94477e-01	4.64969e-01	8.51302e-03	1.84250e-01
-1.75907e-03	-7.69758e-05	1.84605e-05	-1.35514e-05	-4.85183e-01	-1.94072e-01	4.66956e-01	8.03974e-03	1.84250e-01
-1.69458e-03	-7.41524e-05	1.77885e-05	-1.20658e-05	-4.84217e-01	-1.93686e-01	4.68868e-01	7.58332e-03	1.84250e-01
-1.64011e-03	-7.17653e-05	1.72311e-05	-1.06221e-05	-4.83267e-01	-1.93306e-01	4.70706e-01	7.14364e-03	1.84250e-01
-1.61202e-03	-7.05193e-05	1.70057e-05	-9.85385e-06	-4.82328e-01	-1.92931e-01	4.72470e-01	6.72055e-03	1.84250e-01
-1.60471e-03	-7.01954e-05	1.69461e-05	-9.70558e-06	-4.81310e-01	-1.92523e-01	4.74163e-01	6.31389e-03	1.84250e-01
-1.59559e-03	-6.97912e-05	1.68724e-05	-9.66767e-06	-4.80408e-01	-1.92162e-01	4.75784e-01	5.92350e-03	1.84250e-01
-1.59558e-03	-6.97788e-05	1.69212e-05	-9.62961e-06	-4.79633e-01	-1.91852e-01	4.77336e-01	5.54917e-03	1.84250e-01
-1.62795e-03	-7.11904e-05	1.72801e-05	-9.54941e-06	-4.78678e-01	-1.91470e-01	4.78819e-01	5.19068e-03	1.84250e-01
-1.67118e-03	-7.30827e-05	1.77320e-05	-9.25277e-06	-4.77541e-01	-1.91016e-01	4.80236e-01	4.84778e-03	1.84250e-01
-1.69093e-03	-7.39363e-05	1.79824e-05	-8.85728e-06	-4.76433e-01	-1.90572e-01	4.81586e-01	4.52022e-03	1.84250e-01
-1.68702e-03	-7.37525e-05	1.79940e-05	-8.53023e-06	-4.75414e-01	-1.90165e-01	4.82873e-01	4.20769e-03	1.84250e-01
-1.68320e-03	-7.35820e-05	1.79685e-05	-8.24820e-06	-4.74461e-01	-1.89784e-01	4.84097e-01	3.90991e-03	1.84250e-01
-1.69118e-03	-7.39272e-05	1.80690e-05	-7.91510e-06	-4.73503e-01	-1.89400e-01	4.85260e-01	3.62653e-03	1.84250e-01
-1.70433e-03	-7.44966e-05	1.82309e-05	-7.31117e-06	-4.72508e-01	-1.89003e-01	4.86364e-01	3.35720e-03	1.84250e-01
-1.70832e-03	-7.46680e-05	1.82850e-05	-6.45987e-06	-4.71516e-01	-1.88606e-01	4.87411e-01	3.10155e-03	1.84250e-01
-1.69136e-03	-7.39167e-05	1.81444e-05	-5.67849e-06	-4.70561e-01	-1.88224e-01	4.88401e-01	2.85919e-03	1.84250e-01
-1.65995e-03	-7.25380e-05	1.78331e-05	-4.83792e-06	-4.69727e-01	-1.87890e-01	4.89338e-01	2.62970e-03	1.84250e-01
-1.63798e-03	-7.15740e-05	1.76118e-05	-3.67261e-06	-4.68965e-01	-1.87585e-01	4.90224e-01	2.41264e-03	1.84250e-01
-1.63062e-03	-7.12458e-05	1.75603e-05	-2.40790e-06	-4.68222e-01	-1.87288e-01	4.91060e-01	2.20755e-03	1.84250e-01
-1.61450e-03	-7.05326e-05	1.74229e-05	-1.40607e-06	-4.67442e-01	-1.86976e-01	4.91848e-01	2.01394e-03	1.84250e-01
-1.57684e-03	-6.88846e-05	1.70270e-05	-7.78176e-07	-4.66595e-01	-1.86638e-01	4.92590e-01	1.83131e-03	1.84250e-01
-1.52741e-03	-6.67308e-05	1.64710e-05	-4.08939e-07	-4.65889e-01	-1.86355e-01	4.93290e-01	1.65914e-03	1.84250e-01
-1.47029e-03	-6.42115e-05	1.59507e-05	-1.14282e-07	-4.65170e-01	-1.86067e-01	4.93949e-01	1.49688e-03	1.84250e-01
-1.40801e-03	-6.15000e-05	1.52418e-05	1.94077e-07	-4.64599e-01	-1.85839e-01	4.94569e-01	1.34395e-03	1.84250e-01
-1.34231e-03	-5.85943e-05	1.46770e-05	5.10929e-07	-4.64097e-01	-1.85638e-01	4.95153e-01	1.19976e-03	1.84250e-01
-1.27128e-03	-5.55082e-05	1.38415e-05	8.33109e-07	-4.63493e-01	-1.85397e-01	4.95704e-01	1.06371e-03	1.84250e-01
-1.19958e-03	-5.23577e-05	1.31409e-05	1.18059e-06	-4.63214e-01	-1.85285e-01	4.96225e-01	9.35150e-04	1.84250e-01
-1.11876e-03	-4.88175e-05	1.23052e-05	1.54238e-06	-4.62499e-01	-1.84999e-01	4.96717e-01	8.13433e-04	1.84250e-01
-1.02554e-03	-4.47828e-05	1.11466e-05	1.88718e-06	-4.62367e-01	-1.84947e-01	4.97184e-01	6.97878e-04	1.84250e-01
-9.27335e-04	-4.04014e-05	1.04556e-05	2.17549e-06	-4.61824e-01	-1.84729e-01	4.97629e-01	5.87786e-04	1.84250e-01
-7.93969e-04	-3.47134e-05	8.45762e-06	2.34765e-06	-4.61468e-01	-1.84587e-01	4.98055e-01	4.82435e-04	1.84250e-01
-6.96744e-04	-3.02143e-05	8.42391e-06	2.36041e-06	-4.61881e-01	-1.84752e-01	4.98464e-01	3.81081e-04	1.84250e-01
-5.43082e-04	-2.37181e-05	5.89065e-06	2.13302e-06	-4.60722e-01	-1.84289e-01	4.98860e-01	2.82961e-04	1.84250e-01
-5.25316e-04	-2.27414e-05	6.50772e-06	1.52234e-06	-4.64321e-01	-1.85728e-01	4.99245e-01	1.87287e-04	1.84250e-01
-6.81901e-04	-2.81952e-05	1.37852e-05	5.66676e-07	-4.64358e-01	-1.85743e-01	4.99624e-01	9.32516e-05	1.84250e-01
-5.37145e-04	-3.20232e-05	-2.86522e-05	-4.19819e-07	-4.69374e-01	-1.87749e-01	5.00000e-01	0.00000e+00	1.84250e-01
