"Density"	"Momentum:0"	"Momentum:1"	"Momentum:2"	"StagnationEnergy"	"Pressure"	"Points:0"	"Points:1"	"Points:2"
1.88557e-02	-7.89191e-04	8.54874e-04	1.82805e-04	-1.30972e-01	-5.24036e-02	-5.14815e-01	0.00000e+00	-2.47500e-02
-5.10764e-04	3.28754e-05	-2.47531e-05	6.23399e-05	-4.52325e-01	-1.80928e-01	-5.14763e-01	2.24940e-03	-2.47500e-02
4.38806e-03	4.03377e-05	1.96312e-04	7.63307e-05	-3.31166e-01	-1.32468e-01	-5.14606e-01	4.49391e-03	-2.47500e-02
1.25098e-02	7.38355e-05	5.63089e-04	8.77274e-05	-3.94925e-01	-1.57975e-01	-5.14344e-01	6.72853e-03	-2.47500e-02
1.58622e-02	1.57953e-04	7.02840e-04	8.38953e-05	-4.05388e-01	-1.62162e-01	-5.13976e-01	8.94826e-03	-2.47500e-02
1.94065e-02	2.01758e-04	8.57283e-04	8.18329e-05	-4.61758e-01	-1.84711e-01	-5.13504e-01	1.11482e-02	-2.47500e-02
2.21132e-02	2.88623e-04	9.61000e-04	7.22868e-05	-5.50027e-01	-2.20020e-01	-5.12930e-01	1.33239e-02	-2.47500e-02
2.36832e-02	3.44229e-04	1.01770e-03	6.50320e-05	-6.04298e-01	-2.41729e-01	-5.12258e-01	1.54710e-02	-2.47500e-02
2.47814e-02	4.07026e-04	1.04760e-03	5.53770e-05	-6.97367e-01	-2.78957e-01	-5.11490e-01	1.75859e-02	-2.47500e-02
2.52109e-02	4.57008e-04	1.04776e-03	4.73006e-05	-7.61474e-01	-3.04600e-01	-5.10675e-01	1.95638e-02	-2.47500e-02
2.52782e-02	4.92202e-04	1.03480e-03	4.09316e-05	-8.22379e-01	-3.28962e-01	-5.09857e-01	2.13511e-02	-2.47500e-02
2.51362e-02	5.25091e-04	1.01096e-03	3.48754e-05	-8.80829e-01	-3.52342e-01	-5.09032e-01	2.29994e-02	-2.47500e-02
2.47951e-02	5.45521e-04	9.82167e-04	3.06743e-05	-9.23613e-01	-3.69455e-01	-5.08197e-01	2.45431e-02	-2.47500e-02
2.43918e-02	5.64568e-04	9.49875e-04	2.66148e-05	-9.69847e-01	-3.87949e-01	-5.07350e-01	2.60062e-02	-2.47500e-02
2.39104e-02	5.77454e-04	9.16161e-04	2.36306e-05	-1.00616e+00	-4.02473e-01	-5.06486e-01	2.74066e-02	-2.47500e-02
2.33735e-02	5.86750e-04	8.80916e-04	2.11202e-05	-1.04067e+00	-4.16277e-01	-5.05604e-01	2.87577e-02	-2.47500e-02
2.28223e-02	5.93727e-04	8.45668e-04	1.90372e-05	-1.07247e+00	-4.28996e-01	-5.04700e-01	3.00701e-02	-2.47500e-02
2.22329e-02	5.97097e-04	8.10139e-04	1.75257e-05	-1.09949e+00	-4.39805e-01	-5.03771e-01	3.13520e-02	-2.47500e-02
2.16440e-02	5.98836e-04	7.75208e-04	1.62752e-05	-1.12570e+00	-4.50288e-01	-5.02815e-01	3.26102e-02	-2.47500e-02
2.10529e-02	5.98716e-04	7.40989e-04	1.53894e-05	-1.14873e+00	-4.59502e-01	-5.01829e-01	3.38502e-02	-2.47500e-02
2.04580e-02	5.96803e-04	7.07452e-04	1.47715e-05	-1.16955e+00	-4.67829e-01	-5.00810e-01	3.50763e-02	-2.47500e-02
1.98598e-02	5.93372e-04	6.74482e-04	1.43415e-05	-1.18897e+00	-4.75597e-01	-4.99757e-01	3.62923e-02	-2.47500e-02
1.92783e-02	5.88991e-04	6.42869e-04	1.41660e-05	-1.20593e+00	-4.82380e-01	-4.98666e-01	3.75012e-02	-2.47500e-02
1.87111e-02	5.83797e-04	6.12416e-04	1.41244e-05	-1.22166e+00	-4.88672e-01	-4.97535e-01	3.87053e-02	-2.47500e-02
1.81516e-02	5.77629e-04	5.82945e-04	1.42079e-05	-1.23559e+00	-4.94245e-01	-4.96362e-01	3.99067e-02	-2.47500e-02
1.76114e-02	5.70974e-04	5.54777e-04	1.43458e-05	-1.24800e+00	-4.99207e-01	-4.95146e-01	4.11071e-02	-2.47500e-02
1.70964e-02	5.64104e-04	5.28072e-04	1.45010e-05	-1.25911e+00	-5.03652e-01	-4.93882e-01	4.23077e-02	-2.47500e-02
1.65945e-02	5.56721e-04	5.02412e-04	1.46619e-05	-1.26872e+00	-5.07496e-01	-4.92571e-01	4.35094e-02	-2.47500e-02
1.61282e-02	5.49662e-04	4.78447e-04	1.48406e-05	-1.27717e+00	-5.10875e-01	-4.91209e-01	4.47131e-02	-2.47500e-02
1.56823e-02	5.42484e-04	4.55674e-04	1.50429e-05	-1.28440e+00	-5.13765e-01	-4.89795e-01	4.59194e-02	-2.47500e-02
1.52620e-02	5.35441e-04	4.34224e-04	1.52465e-05	-1.29050e+00	-5.16207e-01	-4.88327e-01	4.71285e-02	-2.47500e-02
1.48666e-02	5.28577e-04	4.14026e-04	1.53935e-05	-1.29560e+00	-5.18246e-01	-4.86803e-01	4.83407e-02	-2.47500e-02
1.44984e-02	5.22060e-04	3.95088e-04	1.54455e-05	-1.29969e+00	-5.19881e-01	-4.85222e-01	4.95560e-02	-2.47500e-02
1.41579e-02	5.15972e-04	3.77372e-04	1.54006e-05	-1.30290e+00	-5.21164e-01	-4.83581e-01	5.07744e-02	-2.47500e-02
1.38518e-02	5.10620e-04	3.60997e-04	1.53122e-05	-1.30530e+00	-5.22126e-01	-4.81880e-01	5.19957e-02	-2.47500e-02
1.35776e-02	5.05982e-04	3.45848e-04	1.52483e-05	-1.30700e+00	-5.22804e-01	-4.80116e-01	5.32197e-02	-2.47500e-02
1.33418e-02	5.02345e-04	3.32043e-04	1.52856e-05	-1.30810e+00	-5.23246e-01	-4.78289e-01	5.44459e-02	-2.47500e-02
1.31346e-02	4.99409e-04	3.19275e-04	1.54746e-05	-1.30868e+00	-5.23476e-01	-4.76397e-01	5.56740e-02	-2.47500e-02
1.29585e-02	4.97317e-04	3.07542e-04	1.58702e-05	-1.30881e+00	-5.23531e-01	-4.74438e-01	5.69035e-02	-2.47500e-02
1.28148e-02	4.96178e-04	2.96810e-04	1.65340e-05	-1.30858e+00	-5.23438e-01	-4.72412e-01	5.81339e-02	-2.47500e-02
1.26968e-02	4.95788e-04	2.86853e-04	1.75386e-05	-1.30807e+00	-5.23232e-01	-4.70317e-01	5.93645e-02	-2.47500e-02
1.26133e-02	4.96527e-04	2.77814e-04	1.89962e-05	-1.30737e+00	-5.22953e-01	-4.68153e-01	6.05946e-02	-2.47500e-02
1.25646e-02	4.98439e-04	2.69658e-04	2.10505e-05	-1.30655e+00	-5.22625e-01	-4.65917e-01	6.18238e-02	-2.47500e-02
1.25462e-02	5.01387e-04	2.62233e-04	2.38690e-05	-1.30563e+00	-5.22259e-01	-4.63610e-01	6.30511e-02	-2.47500e-02
1.25622e-02	5.05568e-04	2.55558e-04	2.76153e-05	-1.30464e+00	-5.21862e-01	-4.61230e-01	6.42760e-02	-2.47500e-02
1.26078e-02	5.10825e-04	2.49482e-04	3.24348e-05	-1.30358e+00	-5.21437e-01	-4.58776e-01	6.54975e-02	-2.47500e-02
1.26850e-02	5.17262e-04	2.44002e-04	3.85140e-05	-1.30243e+00	-5.20978e-01	-4.56247e-01	6.67150e-02	-2.47500e-02
1.27893e-02	5.24721e-04	2.38975e-04	4.59768e-05	-1.30118e+00	-5.20479e-01	-4.53644e-01	6.79277e-02	-2.47500e-02
1.29146e-02	5.32977e-04	2.34231e-04	5.49337e-05	-1.29983e+00	-5.19938e-01	-4.50964e-01	6.91347e-02	-2.47500e-02
1.30592e-02	5.41975e-04	2.29727e-04	6.54636e-05	-1.29828e+00	-5.19318e-01	-4.48208e-01	7.03352e-02	-2.47500e-02
1.32159e-02	5.51418e-04	2.25297e-04	7.77557e-05	-1.29648e+00	-5.18597e-01	-4.45375e-01	7.15284e-02	-2.47500e-02
1.33802e-02	5.61136e-04	2.20854e-04	9.21396e-05	-1.29450e+00	-5.17806e-01	-4.42464e-01	7.27135e-02	-2.47500e-02
1.35394e-02	5.70581e-04	2.16212e-04	1.08287e-04	-1.29223e+00	-5.16900e-01	-4.39475e-01	7.38895e-02	-2.47500e-02
1.36870e-02	5.79468e-04	2.11278e-04	1.25960e-04	-1.28951e+00	-5.15810e-01	-4.36407e-01	7.50557e-02	-2.47500e-02
1.38065e-02	5.87104e-04	2.05819e-04	1.45787e-04	-1.28641e+00	-5.14571e-01	-4.33261e-01	7.62112e-02	-2.47500e-02
1.38783e-02	5.92646e-04	1.99548e-04	1.67357e-04	-1.28308e+00	-5.13237e-01	-4.30035e-01	7.73552e-02	-2.47500e-02
1.38970e-02	5.95824e-04	1.92521e-04	1.89449e-04	-1.27961e+00	-5.11850e-01	-4.26729e-01	7.84868e-02	-2.47500e-02
1.38394e-02	5.95620e-04	1.84482e-04	2.13671e-04	-1.27651e+00	-5.10612e-01	-4.23344e-01	7.96052e-02	-2.47500e-02
1.36727e-02	5.90614e-04	1.75049e-04	2.40328e-04	-1.27421e+00	-5.09689e-01	-4.19879e-01	8.07095e-02	-2.47500e-02
1.34701e-02	5.83843e-04	1.65559e-04	2.63250e-04	-1.27201e+00	-5.08809e-01	-4.16334e-01	8.17989e-02	-2.47500e-02
1.32144e-02	5.74558e-04	1.55869e-04	2.82587e-04	-1.27114e+00	-5.08463e-01	-4.12709e-01	8.28726e-02	-2.47500e-02
1.26637e-02	5.52348e-04	1.42793e-04	3.10536e-04	-1.27261e+00	-5.09049e-01	-4.09005e-01	8.39298e-02	-2.47500e-02
1.20346e-02	5.26584e-04	1.29081e-04	3.43483e-04	-1.26978e+00	-5.07918e-01	-4.05219e-01	8.49697e-02	-2.47500e-02
1.17879e-02	5.17085e-04	1.20979e-04	3.60305e-04	-1.26166e+00	-5.04670e-01	-4.01355e-01	8.59915e-02	-2.47500e-02
1.15404e-02	5.07308e-04	1.13627e-04	3.72187e-04	-1.26132e+00	-5.04534e-01	-3.97410e-01	8.69945e-02	-2.47500e-02
1.09983e-02	4.84600e-04	1.03146e-04	4.13799e-04	-1.26498e+00	-5.06000e-01	-3.93386e-01	8.79777e-02	-2.47500e-02
1.09396e-02	4.83193e-04	9.69654e-05	4.72908e-04	-1.25631e+00	-5.02531e-01	-3.89282e-01	8.89407e-02	-2.47500e-02
1.15436e-02	5.10675e-04	9.80733e-05	5.04444e-04	-1.23850e+00	-4.95409e-01	-3.85099e-01	8.98825e-02	-2.47500e-02
1.22788e-02	5.43612e-04	1.01730e-04	4.97804e-04	-1.21427e+00	-4.85715e-01	-3.80838e-01	9.08025e-02	-2.47500e-02
1.28066e-02	5.67555e-04	1.02683e-04	4.71735e-04	-1.18750e+00	-4.75009e-01	-3.76498e-01	9.17000e-02	-2.47500e-02
1.25661e-02	5.57450e-04	9.73869e-05	4.29932e-04	-1.16999e+00	-4.68003e-01	-3.72079e-01	9.25742e-02	-2.47500e-02
1.13532e-02	5.04172e-04	8.47174e-05	3.74607e-04	-1.14473e+00	-4.57901e-01	-3.67584e-01	9.34247e-02	-2.47500e-02
9.88529e-03	4.39672e-04	6.95385e-05	3.25537e-04	-1.10220e+00	-4.40888e-01	-3.63011e-01	9.42507e-02	-2.47500e-02
8.74907e-03	3.89603e-04	5.84360e-05	2.93242e-04	-1.06204e+00	-4.24823e-01	-3.58362e-01	9.50515e-02	-2.47500e-02
7.88642e-03	3.51546e-04	5.01365e-05	2.57449e-04	-1.03037e+00	-4.12151e-01	-3.53636e-01	9.58267e-02	-2.47500e-02
6.79596e-03	3.03132e-04	4.16686e-05	2.05851e-04	-1.00480e+00	-4.01926e-01	-3.48835e-01	9.65757e-02	-2.47500e-02
5.30326e-03	2.36738e-04	3.10391e-05	1.55527e-04	-9.81100e-01	-3.92443e-01	-3.43960e-01	9.72978e-02	-2.47500e-02
4.16267e-03	1.86005e-04	2.28955e-05	1.24161e-04	-9.52202e-01	-3.80883e-01	-3.39010e-01	9.79926e-02	-2.47500e-02
3.72326e-03	1.66490e-04	1.94295e-05	1.06525e-04	-9.23250e-01	-3.69302e-01	-3.33987e-01	9.86596e-02	-2.47500e-02
3.33976e-03	1.49444e-04	1.64853e-05	8.72347e-05	-9.03687e-01	-3.61477e-01	-3.28891e-01	9.92983e-02	-2.47500e-02
2.66429e-03	1.19269e-04	1.26374e-05	6.95842e-05	-8.89771e-01	-3.55910e-01	-3.23724e-01	9.99082e-02	-2.47500e-02
2.03718e-03	9.12911e-05	8.72824e-06	6.33840e-05	-8.76241e-01	-3.50498e-01	-3.18485e-01	1.00489e-01	-2.47500e-02
1.70819e-03	7.65965e-05	6.78289e-06	6.14063e-05	-8.63521e-01	-3.45410e-01	-3.13176e-01	1.01040e-01	-2.47500e-02
1.73187e-03	7.76838e-05	6.54159e-06	5.23921e-05	-8.47952e-01	-3.39182e-01	-3.07798e-01	1.01562e-01	-2.47500e-02
2.10485e-03	9.44498e-05	7.47694e-06	4.52767e-05	-8.31249e-01	-3.32500e-01	-3.02352e-01	1.02053e-01	-2.47500e-02
2.54346e-03	1.14179e-04	8.37198e-06	5.37868e-05	-8.20371e-01	-3.28150e-01	-2.96838e-01	1.02513e-01	-2.47500e-02
2.80640e-03	1.26051e-04	8.25500e-06	6.74822e-05	-8.12991e-01	-3.25198e-01	-2.91258e-01	1.02943e-01	-2.47500e-02
3.06987e-03	1.37931e-04	8.25442e-06	6.95128e-05	-8.06358e-01	-3.22545e-01	-2.85612e-01	1.03341e-01	-2.47500e-02
3.44724e-03	1.54907e-04	8.83362e-06	6.24798e-05	-8.01939e-01	-3.20777e-01	-2.79902e-01	1.03708e-01	-2.47500e-02
3.69405e-03	1.66029e-04	8.82148e-06	5.50846e-05	-7.99935e-01	-3.19976e-01	-2.74129e-01	1.04044e-01	-2.47500e-02
3.65232e-03	1.64200e-04	7.77521e-06	4.73754e-05	-7.99138e-01	-3.19657e-01	-2.68294e-01	1.04348e-01	-2.47500e-02
3.50262e-03	1.57512e-04	6.45246e-06	3.84998e-05	-7.98753e-01	-3.19503e-01	-2.62397e-01	1.04620e-01	-2.47500e-02
3.41960e-03	1.53803e-04	5.64171e-06	3.17081e-05	-7.99596e-01	-3.19840e-01	-2.56441e-01	1.04860e-01	-2.47500e-02
3.35251e-03	1.50808e-04	4.81165e-06	2.88228e-05	-7.99830e-01	-3.19934e-01	-2.50427e-01	1.05068e-01	-2.47500e-02
3.25102e-03	1.46271e-04	3.62609e-06	2.93569e-05	-8.01245e-01	-3.20499e-01	-2.44354e-01	1.05244e-01	-2.47500e-02
3.07997e-03	1.38589e-04	2.77593e-06	3.44541e-05	-8.06506e-01	-3.22604e-01	-2.38226e-01	1.05388e-01	-2.47500e-02
2.85825e-03	1.28622e-04	1.93316e-06	4.07115e-05	-8.07501e-01	-3.23002e-01	-2.32043e-01	1.05500e-01	-2.47500e-02
2.79442e-03	1.25757e-04	1.19348e-06	3.73612e-05	-8.01878e-01	-3.20752e-01	-2.25806e-01	1.05580e-01	-2.47500e-02
2.96489e-03	1.33431e-04	9.58036e-07	2.26496e-05	-7.96730e-01	-3.18693e-01	-2.19517e-01	1.05627e-01	-2.47500e-02
3.11529e-03	1.40202e-04	4.07890e-07	8.17468e-06	-7.93703e-01	-3.17482e-01	-2.13177e-01	1.05643e-01	-2.47500e-02
3.06166e-03	1.37788e-04	-2.72867e-07	1.05529e-06	-7.92769e-01	-3.17109e-01	-2.06787e-01	1.05627e-01	-2.47500e-02
2.97056e-03	1.33684e-04	-9.43430e-07	-4.38163e-06	-7.93148e-01	-3.17260e-01	-2.00349e-01	1.05579e-01	-2.47500e-02
2.96705e-03	1.33520e-04	-1.52514e-06	-1.16829e-05	-7.94174e-01	-3.17671e-01	-1.93864e-01	1.05499e-01	-2.47500e-02
2.90954e-03	1.30927e-04	-1.91367e-06	-1.38055e-05	-7.95365e-01	-3.18147e-01	-1.87334e-01	1.05388e-01	-2.47500e-02
2.79563e-03	1.25785e-04	-2.62808e-06	-8.14264e-06	-7.93222e-01	-3.17290e-01	-1.80760e-01	1.05246e-01	-2.47500e-02
2.79564e-03	1.25770e-04	-3.26808e-06	-5.19778e-06	-7.89884e-01	-3.15955e-01	-1.74144e-01	1.05073e-01	-2.47500e-02
2.76624e-03	1.24435e-04	-3.67468e-06	-1.37070e-05	-7.90223e-01	-3.16090e-01	-1.67487e-01	1.04870e-01	-2.47500e-02
2.42133e-03	1.08916e-04	-3.37482e-06	-2.85052e-05	-7.91328e-01	-3.16532e-01	-1.60790e-01	1.04636e-01	-2.47500e-02
1.89967e-03	8.54463e-05	-2.81931e-06	-3.89786e-05	-7.87683e-01	-3.15074e-01	-1.54055e-01	1.04372e-01	-2.47500e-02
1.59862e-03	7.18967e-05	-2.61910e-06	-4.21973e-05	-7.79248e-01	-3.11700e-01	-1.47284e-01	1.04078e-01	-2.47500e-02
1.57632e-03	7.08800e-05	-2.91881e-06	-4.10716e-05	-7.69693e-01	-3.07878e-01	-1.40478e-01	1.03754e-01	-2.47500e-02
1.55469e-03	6.98958e-05	-3.14453e-06	-3.94741e-05	-7.61605e-01	-3.04643e-01	-1.33638e-01	1.03402e-01	-2.47500e-02
1.41761e-03	6.37251e-05	-3.04634e-06	-4.38167e-05	-7.53944e-01	-3.01578e-01	-1.26767e-01	1.03021e-01	-2.47500e-02
1.32482e-03	5.95489e-05	-2.96949e-06	-5.55971e-05	-7.45350e-01	-2.98141e-01	-1.19866e-01	1.02612e-01	-2.47500e-02
1.34725e-03	6.05516e-05	-3.14435e-06	-6.52452e-05	-7.36939e-01	-2.94777e-01	-1.12936e-01	1.02175e-01	-2.47500e-02
1.36210e-03	6.12005e-05	-3.49702e-06	-6.47158e-05	-7.29199e-01	-2.91681e-01	-1.05980e-01	1.01710e-01	-2.47500e-02
1.32976e-03	5.97265e-05	-3.73983e-06	-5.81595e-05	-7.21658e-01	-2.88664e-01	-9.89977e-02	1.01218e-01	-2.47500e-02
1.26493e-03	5.68049e-05	-3.71798e-06	-5.36390e-05	-7.15424e-01	-2.86170e-01	-9.19921e-02	1.00700e-01	-2.47500e-02
1.07077e-03	4.80831e-05	-3.20352e-06	-5.47467e-05	-7.10120e-01	-2.84049e-01	-8.49646e-02	1.00156e-01	-2.47500e-02
7.26872e-04	3.26518e-05	-2.05216e-06	-6.06787e-05	-7.02713e-01	-2.81087e-01	-7.79168e-02	9.95869e-02	-2.47500e-02
3.82193e-04	1.71838e-05	-9.14797e-07	-6.87395e-05	-6.92970e-01	-2.77191e-01	-7.08503e-02	9.89924e-02	-2.47500e-02
1.88799e-04	8.52258e-06	-8.00061e-08	-7.78056e-05	-6.81673e-01	-2.72676e-01	-6.37668e-02	9.83734e-02	-2.47500e-02
2.22649e-04	1.00431e-05	-2.03658e-07	-8.63663e-05	-6.68617e-01	-2.67453e-01	-5.66680e-02	9.77304e-02	-2.47500e-02
3.54929e-04	1.59686e-05	-7.95340e-07	-8.93239e-05	-6.56958e-01	-2.62788e-01	-4.95556e-02	9.70640e-02	-2.47500e-02
3.81443e-04	1.71475e-05	-1.02179e-06	-8.29253e-05	-6.47517e-01	-2.59010e-01	-4.24313e-02	9.63748e-02	-2.47500e-02
2.75015e-04	1.23683e-05	-6.99586e-07	-6.98652e-05	-6.38659e-01	-2.55467e-01	-3.52968e-02	9.56632e-02	-2.47500e-02
5.92670e-05	2.70415e-06	2.17911e-07	-5.89746e-05	-6.31776e-01	-2.52722e-01	-2.81539e-02	9.49299e-02	-2.47500e-02
-2.24050e-04	-9.97068e-06	1.58216e-06	-5.63582e-05	-6.23002e-01	-2.49198e-01	-2.10041e-02	9.41755e-02	-2.47500e-02
-3.29961e-04	-1.47109e-05	2.06602e-06	-5.70699e-05	-6.09290e-01	-2.43714e-01	-1.38492e-02	9.34005e-02	-2.47500e-02
-1.81717e-04	-8.07999e-06	1.32451e-06	-5.44430e-05	-5.97409e-01	-2.38960e-01	-6.69104e-03	9.26055e-02	-2.47500e-02
-4.80027e-05	-2.09617e-06	6.79818e-07	-4.91827e-05	-5.89129e-01	-2.35642e-01	4.68790e-04	9.17911e-02	-2.47500e-02
-5.95498e-05	-2.62780e-06	5.98775e-07	-4.37360e-05	-5.80161e-01	-2.32058e-01	7.62854e-03	9.09579e-02	-2.47500e-02
-8.96305e-05	-3.97100e-06	7.60683e-07	-3.84917e-05	-5.70554e-01	-2.28218e-01	1.47865e-02	9.01066e-02	-2.47500e-02
-7.74555e-05	-3.42829e-06	6.79528e-07	-3.51191e-05	-5.62286e-01	-2.24911e-01	2.19409e-02	8.92376e-02	-2.47500e-02
-1.41652e-04	-6.29695e-06	1.01627e-06	-3.56977e-05	-5.57861e-01	-2.23142e-01	2.90901e-02	8.83516e-02	-2.47500e-02
-3.03010e-04	-1.34904e-05	2.00415e-06	-3.92327e-05	-5.54486e-01	-2.21793e-01	3.62322e-02	8.74493e-02	-2.47500e-02
-3.27627e-04	-1.45910e-05	2.12604e-06	-4.07739e-05	-5.47043e-01	-2.18816e-01	4.33658e-02	8.65312e-02	-2.47500e-02
-1.20031e-04	-5.32616e-06	9.24913e-07	-3.62785e-05	-5.39423e-01	-2.15767e-01	5.04889e-02	8.55979e-02	-2.47500e-02
7.17874e-05	3.22244e-06	-2.75761e-07	-2.68476e-05	-5.35521e-01	-2.14210e-01	5.75999e-02	8.46501e-02	-2.47500e-02
1.30943e-04	5.85585e-06	-6.68681e-07	-1.65159e-05	-5.32549e-01	-2.13020e-01	6.46970e-02	8.36884e-02	-2.47500e-02
2.47136e-04	1.10332e-05	-1.40168e-06	-8.78834e-06	-5.29346e-01	-2.11738e-01	7.17787e-02	8.27133e-02	-2.47500e-02
4.40784e-04	1.96506e-05	-2.70151e-06	-4.58483e-06	-5.28792e-01	-2.11517e-01	7.88432e-02	8.17255e-02	-2.47500e-02
4.74259e-04	2.11372e-05	-2.94843e-06	-2.81624e-06	-5.31048e-01	-2.12419e-01	8.58887e-02	8.07256e-02	-2.47500e-02
2.80549e-04	1.24967e-05	-1.79340e-06	-2.94552e-06	-5.32166e-01	-2.12866e-01	9.29137e-02	7.97141e-02	-2.47500e-02
3.13010e-05	1.39809e-06	-1.74122e-07	-5.06252e-06	-5.31193e-01	-2.12478e-01	9.99163e-02	7.86918e-02	-2.47500e-02
-1.45600e-04	-6.47383e-06	1.01021e-06	-7.81263e-06	-5.30203e-01	-2.12081e-01	1.06895e-01	7.76592e-02	-2.47500e-02
-2.36435e-04	-1.05148e-05	1.62505e-06	-8.72077e-06	-5.29800e-01	-2.11920e-01	1.13848e-01	7.66168e-02	-2.47500e-02
-2.68784e-04	-1.19525e-05	1.85365e-06	-6.97842e-06	-5.29812e-01	-2.11925e-01	1.20774e-01	7.55653e-02	-2.47500e-02
-3.01782e-04	-1.34154e-05	2.10958e-06	-5.06321e-06	-5.30548e-01	-2.12219e-01	1.27671e-01	7.45054e-02	-2.47500e-02
-3.77352e-04	-1.67702e-05	2.66679e-06	-5.94466e-06	-5.31559e-01	-2.12623e-01	1.34538e-01	7.34374e-02	-2.47500e-02
-4.39706e-04	-1.95371e-05	3.13414e-06	-8.68585e-06	-5.31982e-01	-2.12792e-01	1.41372e-01	7.23621e-02	-2.47500e-02
-4.26654e-04	-1.89520e-05	3.07307e-06	-1.01123e-05	-5.32251e-01	-2.12900e-01	1.48173e-01	7.12801e-02	-2.47500e-02
-4.09852e-04	-1.81987e-05	2.99456e-06	-1.04860e-05	-5.33290e-01	-2.13316e-01	1.54938e-01	7.01918e-02	-2.47500e-02
-4.87429e-04	-2.16386e-05	3.58994e-06	-1.28122e-05	-5.34137e-01	-2.13654e-01	1.61666e-01	6.90979e-02	-2.47500e-02
-6.02834e-04	-2.67558e-05	4.47630e-06	-1.64969e-05	-5.33302e-01	-2.13321e-01	1.68356e-01	6.79990e-02	-2.47500e-02
-6.51732e-04	-2.89218e-05	4.86459e-06	-1.76458e-05	-5.31888e-01	-2.12755e-01	1.75006e-01	6.68956e-02	-2.47500e-02
-6.53497e-04	-2.89929e-05	4.92039e-06	-1.59121e-05	-5.31531e-01	-2.12612e-01	1.81615e-01	6.57882e-02	-2.47500e-02
-6.59848e-04	-2.92671e-05	5.01213e-06	-1.46102e-05	-5.31525e-01	-2.12610e-01	1.88180e-01	6.46774e-02	-2.47500e-02
-6.60934e-04	-2.93087e-05	5.05902e-06	-1.45249e-05	-5.31364e-01	-2.12545e-01	1.94701e-01	6.35638e-02	-2.47500e-02
-6.47001e-04	-2.86807e-05	5.01070e-06	-1.40120e-05	-5.31233e-01	-2.12493e-01	2.01175e-01	6.24479e-02	-2.47500e-02
-6.10087e-04	-2.70416e-05	4.74025e-06	-1.31884e-05	-5.30603e-01	-2.12241e-01	2.07602e-01	6.13303e-02	-2.47500e-02
-5.43379e-04	-2.40803e-05	4.24776e-06	-1.31044e-05	-5.30244e-01	-2.12097e-01	2.13981e-01	6.02114e-02	-2.47500e-02
-4.90934e-04	-2.17482e-05	3.88252e-06	-1.37943e-05	-5.31134e-01	-2.12453e-01	2.20308e-01	5.90919e-02	-2.47500e-02
-4.98000e-04	-2.20537e-05	3.98032e-06	-1.49429e-05	-5.32465e-01	-2.12986e-01	2.26584e-01	5.79721e-02	-2.47500e-02
-5.36664e-04	-2.37595e-05	4.32494e-06	-1.57817e-05	-5.33514e-01	-2.13405e-01	2.32807e-01	5.68528e-02	-2.47500e-02
-5.53048e-04	-2.44799e-05	4.48399e-06	-1.52788e-05	-5.34392e-01	-2.13757e-01	2.38975e-01	5.57343e-02	-2.47500e-02
-5.44588e-04	-2.40995e-05	4.44766e-06	-1.37105e-05	-5.35285e-01	-2.14114e-01	2.45088e-01	5.46172e-02	-2.47500e-02
-5.43282e-04	-2.40353e-05	4.47133e-06	-1.23602e-05	-5.36186e-01	-2.14474e-01	2.51143e-01	5.35020e-02	-2.47500e-02
-5.62816e-04	-2.48942e-05	4.66107e-06	-1.18187e-05	-5.37016e-01	-2.14806e-01	2.57140e-01	5.23892e-02	-2.47500e-02
-5.92190e-04	-2.61870e-05	4.93837e-06	-1.16280e-05	-5.37800e-01	-2.15120e-01	2.63076e-01	5.12792e-02	-2.47500e-02
-6.17159e-04	-2.72846e-05	5.18120e-06	-1.10346e-05	-5.38460e-01	-2.15384e-01	2.68952e-01	5.01727e-02	-2.47500e-02
-6.40873e-04	-2.83268e-05	5.41294e-06	-9.82768e-06	-5.39028e-01	-2.15611e-01	2.74766e-01	4.90700e-02	-2.47500e-02
-6.85627e-04	-3.02978e-05	5.82820e-06	-8.60653e-06	-5.39647e-01	-2.15858e-01	2.80516e-01	4.79717e-02	-2.47500e-02
-7.58101e-04	-3.34931e-05	6.48189e-06	-8.03980e-06	-5.40169e-01	-2.16067e-01	2.86202e-01	4.68782e-02	-2.47500e-02
-8.29623e-04	-3.66444e-05	7.13732e-06	-7.99887e-06	-5.40513e-01	-2.16205e-01	2.91822e-01	4.57899e-02	-2.47500e-02
-8.76216e-04	-3.86930e-05	7.58680e-06	-7.85473e-06	-5.40879e-01	-2.16351e-01	2.97375e-01	4.47075e-02	-2.47500e-02
-9.10000e-04	-4.01757e-05	7.92589e-06	-7.28779e-06	-5.41288e-01	-2.16515e-01	3.02860e-01	4.36312e-02	-2.47500e-02
-9.54657e-04	-4.21375e-05	8.36379e-06	-6.42372e-06	-5.41610e-01	-2.16644e-01	3.08276e-01	4.25616e-02	-2.47500e-02
-1.01755e-03	-4.49029e-05	8.96882e-06	-5.48366e-06	-5.41811e-01	-2.16724e-01	3.13622e-01	4.14991e-02	-2.47500e-02
-1.08558e-03	-4.78934e-05	9.62605e-06	-4.61480e-06	-5.41917e-01	-2.16766e-01	3.18897e-01	4.04442e-02	-2.47500e-02
-1.14133e-03	-5.03411e-05	1.01799e-05	-3.93539e-06	-5.41985e-01	-2.16793e-01	3.24100e-01	3.93973e-02	-2.47500e-02
-1.18257e-03	-5.21478e-05	1.06077e-05	-3.33715e-06	-5.42059e-01	-2.16823e-01	3.29231e-01	3.83588e-02	-2.47500e-02
-1.22252e-03	-5.38973e-05	1.10254e-05	-2.50660e-06	-5.42064e-01	-2.16825e-01	3.34287e-01	3.73292e-02	-2.47500e-02
-1.26772e-03	-5.58776e-05	1.14923e-05	-1.61311e-06	-5.41891e-01	-2.16756e-01	3.39269e-01	3.63089e-02	-2.47500e-02
-1.31148e-03	-5.77928e-05	1.19559e-05	-1.45603e-06	-5.41599e-01	-2.16639e-01	3.44176e-01	3.52982e-02	-2.47500e-02
-1.35270e-03	-5.95948e-05	1.24027e-05	-2.18950e-06	-5.41345e-01	-2.16537e-01	3.49006e-01	3.42976e-02	-2.47500e-02
-1.40015e-03	-6.16708e-05	1.29069e-05	-2.64068e-06	-5.41122e-01	-2.16448e-01	3.53760e-01	3.33075e-02	-2.47500e-02
-1.46003e-03	-6.42941e-05	1.35266e-05	-1.83260e-06	-5.40745e-01	-2.16297e-01	3.58435e-01	3.23282e-02	-2.47500e-02
-1.51771e-03	-6.68184e-05	1.41353e-05	-4.84102e-07	-5.40109e-01	-2.16043e-01	3.63033e-01	3.13602e-02	-2.47500e-02
-1.55082e-03	-6.82599e-05	1.45196e-05	-5.38302e-08	-5.39371e-01	-2.15748e-01	3.67551e-01	3.04038e-02	-2.47500e-02
-1.56360e-03	-6.88073e-05	1.47084e-05	-6.61116e-07	-5.38783e-01	-2.15513e-01	3.71990e-01	2.94594e-02	-2.47500e-02
-1.58360e-03	-6.96732e-05	1.49633e-05	-9.99443e-07	-5.38268e-01	-2.15307e-01	3.76348e-01	2.85274e-02	-2.47500e-02
-1.62109e-03	-7.13072e-05	1.53900e-05	-2.74654e-07	-5.37528e-01	-2.15010e-01	3.80626e-01	2.76080e-02	-2.47500e-02
-1.66024e-03	-7.30123e-05	1.58396e-05	9.05292e-07	-5.36502e-01	-2.14600e-01	3.84823e-01	2.67016e-02	-2.47500e-02
-1.68456e-03	-7.40655e-05	1.61466e-05	1.69427e-06	-5.35338e-01	-2.14135e-01	3.88938e-01	2.58086e-02	-2.47500e-02
-1.68871e-03	-7.42320e-05	1.62598e-05	1.96880e-06	-5.34183e-01	-2.13673e-01	3.92971e-01	2.49293e-02	-2.47500e-02
-1.68607e-03	-7.40999e-05	1.63073e-05	2.07476e-06	-5.33129e-01	-2.13251e-01	3.96922e-01	2.40639e-02	-2.47500e-02
-1.69804e-03	-7.46114e-05	1.64900e-05	2.29825e-06	-5.32036e-01	-2.12814e-01	4.00790e-01	2.32128e-02	-2.47500e-02
-1.72769e-03	-7.58986e-05	1.68477e-05	2.61230e-06	-5.30758e-01	-2.12302e-01	4.04575e-01	2.23763e-02	-2.47500e-02
-1.75882e-03	-7.72492e-05	1.72284e-05	2.88338e-06	-5.29371e-01	-2.11748e-01	4.08277e-01	2.15545e-02	-2.47500e-02
-1.77832e-03	-7.80899e-05	1.74893e-05	3.32489e-06	-5.27955e-01	-2.11181e-01	4.11895e-01	2.07478e-02	-2.47500e-02
-1.79230e-03	-7.86895e-05	1.76911e-05	4.30337e-06	-5.26551e-01	-2.10620e-01	4.15430e-01	1.99565e-02	-2.47500e-02
-1.81531e-03	-7.96830e-05	1.79912e-05	5.47852e-06	-5.25207e-01	-2.10082e-01	4.18882e-01	1.91806e-02	-2.47500e-02
-1.84918e-03	-8.11543e-05	1.83951e-05	6.00787e-06	-5.23858e-01	-2.09543e-01	4.22250e-01	1.84206e-02	-2.47500e-02
-1.88108e-03	-8.25414e-05	1.87703e-05	5.75905e-06	-5.22399e-01	-2.08959e-01	4.25534e-01	1.76765e-02	-2.47500e-02
-1.90126e-03	-8.34128e-05	1.90335e-05	5.36916e-06	-5.20821e-01	-2.08328e-01	4.28735e-01	1.69486e-02	-2.47500e-02
-1.91287e-03	-8.39044e-05	1.92279e-05	5.44862e-06	-5.19193e-01	-2.07676e-01	4.31852e-01	1.62370e-02	-2.47500e-02
-1.91607e-03	-8.40277e-05	1.93337e-05	6.21017e-06	-5.17582e-01	-2.07032e-01	4.34886e-01	1.55419e-02	-2.47500e-02
-1.90916e-03	-8.37127e-05	1.93163e-05	7.28365e-06	-5.16057e-01	-2.06422e-01	4.37837e-01	1.48635e-02	-2.47500e-02
-1.89930e-03	-8.32670e-05	1.92732e-05	7.94847e-06	-5.14566e-01	-2.05826e-01	4.40706e-01	1.42018e-02	-2.47500e-02
-1.88506e-03	-8.26275e-05	1.91941e-05	8.01872e-06	-5.12982e-01	-2.05192e-01	4.43491e-01	1.35570e-02	-2.47500e-02
-1.85732e-03	-8.13972e-05	1.89743e-05	8.00698e-06	-5.11396e-01	-2.04557e-01	4.46195e-01	1.29291e-02	-2.47500e-02
-1.83349e-03	-8.03397e-05	1.87869e-05	8.00607e-06	-5.09977e-01	-2.03990e-01	4.48817e-01	1.23183e-02	-2.47500e-02
-1.84725e-03	-8.09305e-05	1.89790e-05	7.51348e-06	-5.08561e-01	-2.03424e-01	4.51358e-01	1.17246e-02	-2.47500e-02
-1.89177e-03	-8.28687e-05	1.94898e-05	6.59961e-06	-5.06961e-01	-2.02784e-01	4.53818e-01	1.11480e-02	-2.47500e-02
-1.93616e-03	-8.47996e-05	2.00051e-05	5.65701e-06	-5.05289e-01	-2.02115e-01	4.56198e-01	1.05886e-02	-2.47500e-02
-1.96585e-03	-8.60883e-05	2.03606e-05	4.41354e-06	-5.03642e-01	-2.01456e-01	4.58498e-01	1.00464e-02	-2.47500e-02
-1.97783e-03	-8.66034e-05	2.05257e-05	2.61043e-06	-5.01994e-01	-2.00797e-01	4.60720e-01	9.52129e-03	-2.47500e-02
-1.97411e-03	-8.64271e-05	2.05434e-05	6.71464e-07	-5.00371e-01	-2.00148e-01	4.62864e-01	9.01330e-03	-2.47500e-02
-1.96216e-03	-8.58850e-05	2.04974e-05	-1.06063e-06	-4.98771e-01	-1.99508e-01	4.64930e-01	8.52236e-03	-2.47500e-02
-1.94308e-03	-8.50356e-05	2.03587e-05	-2.75336e-06	-4.97208e-01	-1.98883e-01	4.66920e-01	8.04840e-03	-2.47500e-02
-1.91569e-03	-8.38286e-05	2.01054e-05	-4.44365e-06	-4.95739e-01	-1.98295e-01	4.68835e-01	7.59132e-03	-2.47500e-02
-1.88694e-03	-8.25626e-05	1.98367e-05	-5.87055e-06	-4.94329e-01	-1.97731e-01	4.70676e-01	7.15101e-03	-2.47500e-02
-1.85651e-03	-8.12216e-05	1.95568e-05	-6.88452e-06	-4.92918e-01	-1.97166e-01	4.72443e-01	6.72732e-03	-2.47500e-02
-1.81583e-03	-7.94337e-05	1.91630e-05	-7.32312e-06	-4.91554e-01	-1.96621e-01	4.74137e-01	6.32011e-03	-2.47500e-02
-1.76660e-03	-7.72732e-05	1.86722e-05	-6.92540e-06	-4.90264e-01	-1.96105e-01	4.75761e-01	5.92918e-03	-2.47500e-02
-1.71464e-03	-7.49982e-05	1.81317e-05	-5.70921e-06	-4.89015e-01	-1.95605e-01	4.77315e-01	5.55434e-03	-2.47500e-02
-1.65538e-03	-7.24009e-05	1.75261e-05	-4.17441e-06	-4.87860e-01	-1.95143e-01	4.78800e-01	5.19537e-03	-2.47500e-02
-1.58609e-03	-6.93575e-05	1.68455e-05	-3.03615e-06	-4.86894e-01	-1.94757e-01	4.80218e-01	4.85202e-03	-2.47500e-02
-1.51718e-03	-6.63297e-05	1.61741e-05	-2.54799e-06	-4.86123e-01	-1.94449e-01	4.81571e-01	4.52403e-03	-2.47500e-02
-1.46186e-03	-6.39040e-05	1.56139e-05	-2.30387e-06	-4.85434e-01	-1.94173e-01	4.82859e-01	4.21111e-03	-2.47500e-02
-1.41950e-03	-6.20534e-05	1.51561e-05	-1.90223e-06	-4.84752e-01	-1.93900e-01	4.84085e-01	3.91295e-03	-2.47500e-02
-1.37913e-03	-6.02841e-05	1.47438e-05	-1.38085e-06	-4.84082e-01	-1.93632e-01	4.85249e-01	3.62922e-03	-2.47500e-02
-1.33475e-03	-5.83333e-05	1.43138e-05	-8.81120e-07	-4.83450e-01	-1.93380e-01	4.86354e-01	3.35958e-03	-2.47500e-02
-1.28539e-03	-5.61684e-05	1.38156e-05	-3.84992e-07	-4.82883e-01	-1.93153e-01	4.87402e-01	3.10364e-03	-2.47500e-02
-1.23433e-03	-5.39328e-05	1.32855e-05	1.98653e-07	-4.82369e-01	-1.92947e-01	4.88394e-01	2.86101e-03	-2.47500e-02
-1.19015e-03	-5.19985e-05	1.28254e-05	9.17850e-07	-4.81950e-01	-1.92779e-01	4.89332e-01	2.63127e-03	-2.47500e-02
-1.15311e-03	-5.03718e-05	1.24611e-05	1.73169e-06	-4.81546e-01	-1.92618e-01	4.90218e-01	2.41398e-03	-2.47500e-02
-1.11905e-03	-4.88812e-05	1.21042e-05	2.56936e-06	-4.81168e-01	-1.92467e-01	4.91055e-01	2.20869e-03	-2.47500e-02
-1.08582e-03	-4.74276e-05	1.17516e-05	3.46184e-06	-4.80817e-01	-1.92326e-01	4.91844e-01	2.01490e-03	-2.47500e-02
-1.04955e-03	-4.58388e-05	1.13787e-05	4.50766e-06	-4.80430e-01	-1.92172e-01	4.92587e-01	1.83211e-03	-2.47500e-02
-1.01052e-03	-4.41380e-05	1.09391e-05	5.61978e-06	-4.80192e-01	-1.92076e-01	4.93287e-01	1.65979e-03	-2.47500e-02
-9.70970e-04	-4.23894e-05	1.05969e-05	6.52971e-06	-4.79863e-01	-1.91945e-01	4.93946e-01	1.49740e-03	-2.47500e-02
-9.34764e-04	-4.08329e-05	1.01037e-05	7.07804e-06	-4.79641e-01	-1.91856e-01	4.94567e-01	1.34436e-03	-2.47500e-02
-8.98277e-04	-3.92097e-05	9.82842e-06	7.31690e-06	-4.79453e-01	-1.91781e-01	4.95152e-01	1.20008e-03	-2.47500e-02
-8.54109e-04	-3.73092e-05	9.23375e-06	7.35203e-06	-4.79132e-01	-1.91653e-01	4.95703e-01	1.06395e-03	-2.47500e-02
-8.07104e-04	-3.52373e-05	8.80132e-06	7.28025e-06	-4.79205e-01	-1.91682e-01	4.96224e-01	9.35329e-04	-2.47500e-02
-7.47114e-04	-3.26064e-05	8.19463e-06	7.21851e-06	-4.78735e-01	-1.91494e-01	4.96717e-01	8.13560e-04	-2.47500e-02
-6.72592e-04	-2.93921e-05	7.22347e-06	7.22876e-06	-4.78972e-01	-1.91588e-01	4.97184e-01	6.97964e-04	-2.47500e-02
-5.96649e-04	-2.59587e-05	6.87095e-06	7.22251e-06	-4.78669e-01	-1.91467e-01	4.97629e-01	5.87841e-04	-2.47500e-02
-4.88531e-04	-2.13971e-05	5.05107e-06	7.15313e-06	-4.78553e-01	-1.91421e-01	4.98055e-01	4.82467e-04	-2.47500e-02
-4.36868e-04	-1.88409e-05	5.70109e-06	6.98752e-06	-4.79318e-01	-1.91727e-01	4.98464e-01	3.81098e-04	-2.47500e-02
-3.29447e-04	-1.44078e-05	3.49355e-06	6.59908e-06	-4.78039e-01	-1.91216e-01	4.98860e-01	2.82968e-04	-2.47500e-02
-3.90002e-04	-1.68385e-05	5.01312e-06	6.03608e-06	-4.82544e-01	-1.93018e-01	4.99245e-01	1.87289e-04	-2.47500e-02
-6.57268e-04	-2.68201e-05	1.47233e-05	4.52504e-06	-4.82404e-01	-1.92961e-01	4.99624e-01	9.32519e-05	-2.47500e-02
-5.63029e-04	-3.49692e-05	-3.56892e-05	1.18764e-06	-4.87274e-01	-1.94909e-01	5.00000e-01	0.00000e+00	-2.47500e-02
