"Density"	"Momentum:0"	"Momentum:1"	"Momentum:2"	"StagnationEnergy"	"Pressure"	"Points:0"	"Points:1"	"Points:2"
2.20303e-02	-9.30481e-04	9.89948e-04	-5.71659e-07	-5.16813e-01	-2.06742e-01	-4.85000e-01	0.00000e+00	-1.92500e-01
-1.33664e-03	2.63263e-05	-6.14876e-05	-7.27990e-08	-9.10537e-01	-3.64214e-01	-4.84946e-01	2.24936e-03	-1.92500e-01
1.76709e-03	2.07394e-05	7.78883e-05	-8.38364e-08	-7.79669e-01	-3.11868e-01	-4.84784e-01	4.49353e-03	-1.92500e-01
7.23647e-03	2.81305e-05	3.24987e-04	-3.49249e-08	-8.37193e-01	-3.34880e-01	-4.84514e-01	6.72720e-03	-1.92500e-01
6.78228e-03	7.50699e-05	2.96298e-04	-9.58945e-08	-8.11955e-01	-3.24785e-01	-4.84135e-01	8.94506e-03	-1.92500e-01
6.46217e-03	5.77441e-05	2.85269e-04	-6.45842e-08	-8.11398e-01	-3.24562e-01	-4.83649e-01	1.11420e-02	-1.92500e-01
5.38682e-03	7.59049e-05	2.30326e-04	-9.79273e-08	-8.27550e-01	-3.31022e-01	-4.83059e-01	1.33132e-02	-1.92500e-01
3.49335e-03	4.89721e-05	1.49408e-04	-1.48773e-07	-7.92169e-01	-3.16869e-01	-4.82367e-01	1.54542e-02	-1.92500e-01
1.88022e-03	3.09849e-05	7.87336e-05	-1.21787e-07	-7.94210e-01	-3.17685e-01	-4.81578e-01	1.75614e-02	-1.92500e-01
4.48177e-04	8.97855e-06	1.80758e-05	-8.92845e-08	-7.71417e-01	-3.08567e-01	-4.80741e-01	1.95310e-02	-1.92500e-01
-4.29042e-04	-1.17090e-05	-1.57474e-05	-2.69854e-07	-7.59951e-01	-3.03980e-01	-4.79901e-01	2.13102e-02	-1.92500e-01
-9.48452e-04	-2.00819e-05	-3.76610e-05	-5.99254e-07	-7.56605e-01	-3.02642e-01	-4.79055e-01	2.29503e-02	-1.92500e-01
-1.28533e-03	-3.06772e-05	-4.90752e-05	-8.92409e-07	-7.45799e-01	-2.98319e-01	-4.78199e-01	2.44850e-02	-1.92500e-01
-1.34705e-03	-3.13114e-05	-5.19080e-05	-1.13573e-06	-7.46113e-01	-2.98445e-01	-4.77331e-01	2.59382e-02	-1.92500e-01
-1.28022e-03	-3.08575e-05	-4.86563e-05	-1.07572e-06	-7.40950e-01	-2.96380e-01	-4.76447e-01	2.73275e-02	-1.92500e-01
-1.06550e-03	-2.67316e-05	-3.98104e-05	-4.81343e-07	-7.39908e-01	-2.95963e-01	-4.75545e-01	2.86663e-02	-1.92500e-01
-8.32365e-04	-2.15100e-05	-3.06720e-05	3.38662e-07	-7.39795e-01	-2.95918e-01	-4.74623e-01	2.99649e-02	-1.92500e-01
-6.55173e-04	-1.78928e-05	-2.34326e-05	7.49918e-07	-7.38285e-01	-2.95314e-01	-4.73676e-01	3.12315e-02	-1.92500e-01
-4.74417e-04	-1.31845e-05	-1.67924e-05	6.59426e-07	-7.39011e-01	-2.95604e-01	-4.72704e-01	3.24729e-02	-1.92500e-01
-3.21027e-04	-8.99145e-06	-1.13131e-05	4.18245e-07	-7.38818e-01	-2.95527e-01	-4.71703e-01	3.36945e-02	-1.92500e-01
-2.26041e-04	-6.76657e-06	-7.59531e-06	-2.40357e-07	-7.39087e-01	-2.95635e-01	-4.70670e-01	3.49006e-02	-1.92500e-01
-1.22681e-04	-3.83925e-06	-3.97046e-06	-1.15235e-06	-7.39758e-01	-2.95903e-01	-4.69604e-01	3.60949e-02	-1.92500e-01
1.30279e-04	4.12409e-06	4.16853e-06	-1.42920e-06	-7.40044e-01	-2.96018e-01	-4.68502e-01	3.72804e-02	-1.92500e-01
4.78375e-04	1.52642e-05	1.51807e-05	-1.26875e-06	-7.41581e-01	-2.96632e-01	-4.67361e-01	3.84596e-02	-1.92500e-01
7.68449e-04	2.46832e-05	2.42185e-05	-1.13593e-06	-7.43456e-01	-2.97383e-01	-4.66181e-01	3.96344e-02	-1.92500e-01
1.12125e-03	3.66267e-05	3.47039e-05	-7.49298e-07	-7.46344e-01	-2.98538e-01	-4.64958e-01	4.08067e-02	-1.92500e-01
1.58198e-03	5.26610e-05	4.79033e-05	-5.62032e-07	-7.50380e-01	-3.00153e-01	-4.63690e-01	4.19775e-02	-1.92500e-01
1.84051e-03	6.21646e-05	5.47290e-05	-1.63504e-06	-7.54853e-01	-3.01942e-01	-4.62376e-01	4.31481e-02	-1.92500e-01
1.68794e-03	5.78772e-05	4.91912e-05	-3.20099e-06	-7.58973e-01	-3.03590e-01	-4.61013e-01	4.43192e-02	-1.92500e-01
1.35697e-03	4.74337e-05	3.84559e-05	-3.59028e-06	-7.61817e-01	-3.04727e-01	-4.59601e-01	4.54914e-02	-1.92500e-01
1.16971e-03	4.15568e-05	3.23076e-05	-2.72675e-06	-7.63730e-01	-3.05492e-01	-4.58136e-01	4.66651e-02	-1.92500e-01
1.09484e-03	3.91955e-05	2.98501e-05	-1.71644e-06	-7.65261e-01	-3.06105e-01	-4.56618e-01	4.78407e-02	-1.92500e-01
9.37004e-04	3.38361e-05	2.51609e-05	-9.97867e-07	-7.66873e-01	-3.06750e-01	-4.55044e-01	4.90181e-02	-1.92500e-01
7.63968e-04	2.79821e-05	1.99723e-05	-5.31014e-07	-7.68692e-01	-3.07477e-01	-4.53414e-01	5.01974e-02	-1.92500e-01
7.63037e-04	2.81634e-05	1.96438e-05	-4.99834e-07	-7.70486e-01	-3.08195e-01	-4.51725e-01	5.13786e-02	-1.92500e-01
8.38141e-04	3.10725e-05	2.13863e-05	-1.40131e-06	-7.72576e-01	-3.09031e-01	-4.49977e-01	5.25614e-02	-1.92500e-01
7.95389e-04	2.98413e-05	1.97692e-05	-2.56777e-06	-7.74867e-01	-3.09947e-01	-4.48167e-01	5.37454e-02	-1.92500e-01
6.82795e-04	2.62553e-05	1.59637e-05	-3.27789e-06	-7.76769e-01	-3.10708e-01	-4.46295e-01	5.49305e-02	-1.92500e-01
6.69546e-04	2.62212e-05	1.48621e-05	-3.40821e-06	-7.78587e-01	-3.11435e-01	-4.44359e-01	5.61160e-02	-1.92500e-01
7.29075e-04	2.86403e-05	1.60146e-05	-3.48047e-06	-7.80871e-01	-3.12349e-01	-4.42358e-01	5.73016e-02	-1.92500e-01
7.56475e-04	2.97328e-05	1.65772e-05	-3.66036e-06	-7.83459e-01	-3.13384e-01	-4.40292e-01	5.84868e-02	-1.92500e-01
7.88647e-04	3.10230e-05	1.72372e-05	-4.18338e-06	-7.86349e-01	-3.14540e-01	-4.38158e-01	5.96708e-02	-1.92500e-01
8.44841e-04	3.33091e-05	1.83382e-05	-5.38599e-06	-7.89651e-01	-3.15861e-01	-4.35956e-01	6.08532e-02	-1.92500e-01
8.33611e-04	3.31122e-05	1.76402e-05	-6.35100e-06	-7.92878e-01	-3.17151e-01	-4.33685e-01	6.20333e-02	-1.92500e-01
7.49702e-04	3.00794e-05	1.52812e-05	-5.81893e-06	-7.95960e-01	-3.18384e-01	-4.31344e-01	6.32104e-02	-1.92500e-01
6.83268e-04	2.77264e-05	1.32901e-05	-4.32713e-06	-7.99254e-01	-3.19702e-01	-4.28932e-01	6.43838e-02	-1.92500e-01
7.02842e-04	2.87609e-05	1.31588e-05	-3.03756e-06	-8.02828e-01	-3.21131e-01	-4.26449e-01	6.55528e-02	-1.92500e-01
7.74946e-04	3.18845e-05	1.41244e-05	-1.69466e-06	-8.07209e-01	-3.22884e-01	-4.23893e-01	6.67166e-02	-1.92500e-01
7.71293e-04	3.18656e-05	1.37565e-05	-7.57701e-07	-8.12384e-01	-3.24954e-01	-4.21265e-01	6.78745e-02	-1.92500e-01
6.45111e-04	2.67612e-05	1.12508e-05	-1.70293e-06	-8.16942e-01	-3.26777e-01	-4.18563e-01	6.90257e-02	-1.92500e-01
5.04993e-04	2.10353e-05	8.59841e-06	-4.09605e-06	-8.20725e-01	-3.28290e-01	-4.15787e-01	7.01695e-02	-1.92500e-01
4.06666e-04	1.69923e-05	6.79463e-06	-5.86236e-06	-8.24823e-01	-3.29929e-01	-4.12936e-01	7.13049e-02	-1.92500e-01
2.94966e-04	1.23795e-05	4.78987e-06	-6.35571e-06	-8.28901e-01	-3.31561e-01	-4.10010e-01	7.24314e-02	-1.92500e-01
1.82692e-04	7.70238e-06	2.87455e-06	-6.68480e-06	-8.32507e-01	-3.33003e-01	-4.07009e-01	7.35480e-02	-1.92500e-01
1.19267e-04	5.01818e-06	1.90761e-06	-7.39176e-06	-8.36164e-01	-3.34466e-01	-4.03932e-01	7.46540e-02	-1.92500e-01
4.53941e-05	1.89975e-06	7.57982e-07	-7.09736e-06	-8.40205e-01	-3.36082e-01	-4.00778e-01	7.57485e-02	-1.92500e-01
-1.01592e-04	-4.36794e-06	-1.35195e-06	-5.50623e-06	-8.44309e-01	-3.37723e-01	-3.97549e-01	7.68308e-02	-1.92500e-01
-2.54249e-04	-1.09266e-05	-3.39349e-06	-6.20869e-06	-8.47997e-01	-3.39199e-01	-3.94243e-01	7.79001e-02	-1.92500e-01
-3.34520e-04	-1.44329e-05	-4.27973e-06	-1.04856e-05	-8.51505e-01	-3.40602e-01	-3.90860e-01	7.89556e-02	-1.92500e-01
-3.98736e-04	-1.72531e-05	-4.93071e-06	-1.34775e-05	-8.54775e-01	-3.41910e-01	-3.87400e-01	7.99964e-02	-1.92500e-01
-5.12152e-04	-2.21760e-05	-6.27570e-06	-1.24287e-05	-8.57730e-01	-3.43092e-01	-3.83864e-01	8.10219e-02	-1.92500e-01
-6.34140e-04	-2.75446e-05	-7.45822e-06	-1.03050e-05	-8.61167e-01	-3.44467e-01	-3.80250e-01	8.20313e-02	-1.92500e-01
-7.33594e-04	-3.19537e-05	-8.29193e-06	-1.01098e-05	-8.64946e-01	-3.45978e-01	-3.76560e-01	8.30238e-02	-1.92500e-01
-8.50063e-04	-3.71017e-05	-9.31429e-06	-1.16229e-05	-8.67937e-01	-3.47174e-01	-3.72793e-01	8.39986e-02	-1.92500e-01
-9.98949e-04	-4.36832e-05	-1.06080e-05	-1.21950e-05	-8.69977e-01	-3.47990e-01	-3.68949e-01	8.49551e-02	-1.92500e-01
-1.15535e-03	-5.06317e-05	-1.18096e-05	-1.10215e-05	-8.72295e-01	-3.48917e-01	-3.65029e-01	8.58925e-02	-1.92500e-01
-1.31434e-03	-5.77302e-05	-1.28620e-05	-1.01796e-05	-8.75012e-01	-3.50004e-01	-3.61033e-01	8.68101e-02	-1.92500e-01
-1.44212e-03	-6.34684e-05	-1.35352e-05	-9.85621e-06	-8.76470e-01	-3.50587e-01	-3.56961e-01	8.77072e-02	-1.92500e-01
-1.50261e-03	-6.62429e-05	-1.35657e-05	-7.59346e-06	-8.76996e-01	-3.50798e-01	-3.52813e-01	8.85831e-02	-1.92500e-01
-1.54445e-03	-6.82098e-05	-1.33315e-05	-2.84901e-06	-8.77846e-01	-3.51138e-01	-3.48590e-01	8.94372e-02	-1.92500e-01
-1.61132e-03	-7.12687e-05	-1.33562e-05	1.85051e-06	-8.78167e-01	-3.51266e-01	-3.44292e-01	9.02689e-02	-1.92500e-01
-1.67136e-03	-7.40329e-05	-1.32626e-05	4.07630e-06	-8.78070e-01	-3.51227e-01	-3.39919e-01	9.10774e-02	-1.92500e-01
-1.73452e-03	-7.69425e-05	-1.31227e-05	4.86836e-06	-8.78286e-01	-3.51314e-01	-3.35473e-01	9.18623e-02	-1.92500e-01
-1.84141e-03	-8.17882e-05	-1.33059e-05	7.01915e-06	-8.77964e-01	-3.51185e-01	-3.30952e-01	9.26229e-02	-1.92500e-01
-1.96991e-03	-8.76020e-05	-1.35649e-05	1.02532e-05	-8.76829e-01	-3.50731e-01	-3.26359e-01	9.33587e-02	-1.92500e-01
-2.06211e-03	-9.18084e-05	-1.34971e-05	1.14283e-05	-8.75549e-01	-3.50219e-01	-3.21694e-01	9.40691e-02	-1.92500e-01
-2.11869e-03	-9.44287e-05	-1.31587e-05	9.49616e-06	-8.74826e-01	-3.49930e-01	-3.16957e-01	9.47536e-02	-1.92500e-01
-2.21671e-03	-9.88991e-05	-1.30176e-05	7.07766e-06	-8.74473e-01	-3.49788e-01	-3.12148e-01	9.54118e-02	-1.92500e-01
-2.37574e-03	-1.06091e-04	-1.31976e-05	6.57974e-06	-8.73054e-01	-3.49221e-01	-3.07269e-01	9.60431e-02	-1.92500e-01
-2.50686e-03	-1.12042e-04	-1.31315e-05	7.87395e-06	-8.70541e-01	-3.48215e-01	-3.02321e-01	9.66471e-02	-1.92500e-01
-2.56478e-03	-1.14725e-04	-1.26048e-05	1.00333e-05	-8.67968e-01	-3.47186e-01	-2.97303e-01	9.72234e-02	-1.92500e-01
-2.58669e-03	-1.15787e-04	-1.19392e-05	1.26656e-05	-8.65595e-01	-3.46237e-01	-2.92218e-01	9.77716e-02	-1.92500e-01
-2.61954e-03	-1.17337e-04	-1.12888e-05	1.47939e-05	-8.63627e-01	-3.45450e-01	-2.87065e-01	9.82913e-02	-1.92500e-01
-2.66642e-03	-1.19511e-04	-1.06981e-05	1.45532e-05	-8.61207e-01	-3.44482e-01	-2.81845e-01	9.87821e-02	-1.92500e-01
-2.67913e-03	-1.20146e-04	-9.99384e-06	1.19254e-05	-8.57554e-01	-3.43021e-01	-2.76560e-01	9.92438e-02	-1.92500e-01
-2.64977e-03	-1.18892e-04	-9.10248e-06	9.79401e-06	-8.53999e-01	-3.41599e-01	-2.71211e-01	9.96761e-02	-1.92500e-01
-2.62535e-03	-1.17852e-04	-8.25930e-06	1.02951e-05	-8.50954e-01	-3.40380e-01	-2.65797e-01	1.00079e-01	-1.92500e-01
-2.60396e-03	-1.16940e-04	-7.47181e-06	1.28813e-05	-8.47228e-01	-3.38890e-01	-2.60321e-01	1.00451e-01	-1.92500e-01
-2.56589e-03	-1.15272e-04	-6.67715e-06	1.60830e-05	-8.43028e-01	-3.37210e-01	-2.54784e-01	1.00794e-01	-1.92500e-01
-2.55319e-03	-1.14741e-04	-5.93221e-06	1.80799e-05	-8.39122e-01	-3.35648e-01	-2.49185e-01	1.01106e-01	-1.92500e-01
-2.58672e-03	-1.16280e-04	-5.34123e-06	1.79173e-05	-8.35299e-01	-3.34119e-01	-2.43527e-01	1.01388e-01	-1.92500e-01
-2.62527e-03	-1.18042e-04	-4.74855e-06	1.72934e-05	-8.31804e-01	-3.32720e-01	-2.37811e-01	1.01639e-01	-1.92500e-01
-2.63914e-03	-1.18692e-04	-4.05700e-06	1.88686e-05	-8.28625e-01	-3.31449e-01	-2.32037e-01	1.01859e-01	-1.92500e-01
-2.62576e-03	-1.18111e-04	-3.39923e-06	2.30809e-05	-8.25136e-01	-3.30053e-01	-2.26207e-01	1.02048e-01	-1.92500e-01
-2.59758e-03	-1.16859e-04	-2.72500e-06	2.69759e-05	-8.21864e-01	-3.28745e-01	-2.20322e-01	1.02207e-01	-1.92500e-01
-2.61179e-03	-1.17512e-04	-2.11580e-06	2.78085e-05	-8.19359e-01	-3.27743e-01	-2.14383e-01	1.02335e-01	-1.92500e-01
-2.70122e-03	-1.21545e-04	-1.53931e-06	2.71367e-05	-8.16407e-01	-3.26562e-01	-2.08391e-01	1.02431e-01	-1.92500e-01
-2.79540e-03	-1.25790e-04	-9.14560e-07	2.79402e-05	-8.11941e-01	-3.24775e-01	-2.02348e-01	1.02497e-01	-1.92500e-01
-2.80390e-03	-1.26175e-04	-3.09994e-07	2.98466e-05	-8.07163e-01	-3.22864e-01	-1.96255e-01	1.02533e-01	-1.92500e-01
-2.74702e-03	-1.23615e-04	3.47564e-07	3.04517e-05	-8.03217e-01	-3.21286e-01	-1.90113e-01	1.02537e-01	-1.92500e-01
-2.71394e-03	-1.22124e-04	9.15166e-07	2.89212e-05	-7.99640e-01	-3.19855e-01	-1.83924e-01	1.02511e-01	-1.92500e-01
-2.75350e-03	-1.23898e-04	1.52231e-06	2.63047e-05	-7.96120e-01	-3.18447e-01	-1.77689e-01	1.02455e-01	-1.92500e-01
-2.83890e-03	-1.27732e-04	2.15480e-06	2.42221e-05	-7.91908e-01	-3.16762e-01	-1.71408e-01	1.02368e-01	-1.92500e-01
-2.90163e-03	-1.30543e-04	2.79319e-06	2.33729e-05	-7.86602e-01	-3.14640e-01	-1.65085e-01	1.02251e-01	-1.92500e-01
-2.92390e-03	-1.31531e-04	3.43232e-06	2.27220e-05	-7.81193e-01	-3.12476e-01	-1.58719e-01	1.02104e-01	-1.92500e-01
-2.94800e-03	-1.32598e-04	4.04122e-06	2.13676e-05	-7.75954e-01	-3.10380e-01	-1.52312e-01	1.01927e-01	-1.92500e-01
-2.99334e-03	-1.34619e-04	4.68738e-06	2.01236e-05	-7.70766e-01	-3.08305e-01	-1.45867e-01	1.01721e-01	-1.92500e-01
-3.05430e-03	-1.37339e-04	5.35110e-06	2.01643e-05	-7.65854e-01	-3.06340e-01	-1.39383e-01	1.01486e-01	-1.92500e-01
-3.11410e-03	-1.40004e-04	6.04952e-06	2.10861e-05	-7.60583e-01	-3.04232e-01	-1.32864e-01	1.01222e-01	-1.92500e-01
-3.12518e-03	-1.40476e-04	6.63961e-06	2.11882e-05	-7.54231e-01	-3.01691e-01	-1.26309e-01	1.00930e-01	-1.92500e-01
-3.07021e-03	-1.37978e-04	7.07761e-06	1.95249e-05	-7.47361e-01	-2.98943e-01	-1.19722e-01	1.00609e-01	-1.92500e-01
-2.99197e-03	-1.34434e-04	7.42181e-06	1.69010e-05	-7.40288e-01	-2.96114e-01	-1.13102e-01	1.00260e-01	-1.92500e-01
-2.94863e-03	-1.32458e-04	7.82027e-06	1.47439e-05	-7.32957e-01	-2.93181e-01	-1.06452e-01	9.98841e-02	-1.92500e-01
-2.98250e-03	-1.33948e-04	8.41815e-06	1.33752e-05	-7.26111e-01	-2.90443e-01	-9.97736e-02	9.94809e-02	-1.92500e-01
-3.07379e-03	-1.38014e-04	9.19758e-06	1.16478e-05	-7.19181e-01	-2.87671e-01	-9.30677e-02	9.90509e-02	-1.92500e-01
-3.09910e-03	-1.39118e-04	9.75660e-06	8.14516e-06	-7.10941e-01	-2.84375e-01	-8.63362e-02	9.85947e-02	-1.92500e-01
-3.00012e-03	-1.34641e-04	9.91463e-06	3.55079e-06	-7.02582e-01	-2.81032e-01	-7.95806e-02	9.81126e-02	-1.92500e-01
-2.88919e-03	-1.29628e-04	1.00074e-05	5.71720e-07	-6.95210e-01	-2.78083e-01	-7.28025e-02	9.76051e-02	-1.92500e-01
-2.87573e-03	-1.28990e-04	1.03864e-05	4.52547e-07	-6.87934e-01	-2.75172e-01	-6.60035e-02	9.70727e-02	-1.92500e-01
-2.92395e-03	-1.31117e-04	1.09971e-05	1.48325e-06	-6.80106e-01	-2.72041e-01	-5.91851e-02	9.65158e-02	-1.92500e-01
-2.93179e-03	-1.31432e-04	1.14584e-05	1.06460e-06	-6.71586e-01	-2.68633e-01	-5.23490e-02	9.59349e-02	-1.92500e-01
-2.84571e-03	-1.27538e-04	1.15218e-05	-2.11248e-06	-6.62654e-01	-2.65060e-01	-4.54969e-02	9.53306e-02	-1.92500e-01
-2.70371e-03	-1.21140e-04	1.13171e-05	-7.04406e-06	-6.54145e-01	-2.61657e-01	-3.86302e-02	9.47034e-02	-1.92500e-01
-2.57759e-03	-1.15456e-04	1.11368e-05	-1.14601e-05	-6.46123e-01	-2.58448e-01	-3.17507e-02	9.40537e-02	-1.92500e-01
-2.47782e-03	-1.10955e-04	1.10326e-05	-1.41959e-05	-6.38111e-01	-2.55243e-01	-2.48599e-02	9.33821e-02	-1.92500e-01
-2.36948e-03	-1.06073e-04	1.08490e-05	-1.49473e-05	-6.30341e-01	-2.52136e-01	-1.79596e-02	9.26891e-02	-1.92500e-01
-2.24409e-03	-1.00431e-04	1.05584e-05	-1.32547e-05	-6.23195e-01	-2.49277e-01	-1.10513e-02	9.19754e-02	-1.92500e-01
-2.11923e-03	-9.48133e-05	1.02452e-05	-1.01182e-05	-6.16574e-01	-2.46629e-01	-4.13674e-03	9.12413e-02	-1.92500e-01
-2.02344e-03	-9.05012e-05	1.00266e-05	-8.08690e-06	-6.10424e-01	-2.44169e-01	2.78247e-03	9.04876e-02	-1.92500e-01
-1.97416e-03	-8.82711e-05	1.00152e-05	-8.29771e-06	-6.04596e-01	-2.41838e-01	9.70468e-03	8.97147e-02	-1.92500e-01
-1.94382e-03	-8.68888e-05	1.00831e-05	-9.88727e-06	-5.98776e-01	-2.39510e-01	1.66282e-02	8.89232e-02	-1.92500e-01
-1.90159e-03	-8.49773e-05	1.00662e-05	-1.13558e-05	-5.93263e-01	-2.37304e-01	2.35515e-02	8.81138e-02	-1.92500e-01
-1.86097e-03	-8.31365e-05	1.00658e-05	-1.13744e-05	-5.88242e-01	-2.35296e-01	3.04727e-02	8.72869e-02	-1.92500e-01
-1.82041e-03	-8.13004e-05	1.00443e-05	-1.05356e-05	-5.83093e-01	-2.33237e-01	3.73903e-02	8.64432e-02	-1.92500e-01
-1.73688e-03	-7.75466e-05	9.76956e-06	-1.09869e-05	-5.77908e-01	-2.31162e-01	4.43027e-02	8.55832e-02	-1.92500e-01
-1.61364e-03	-7.20233e-05	9.24241e-06	-1.26741e-05	-5.73547e-01	-2.29418e-01	5.12081e-02	8.47075e-02	-1.92500e-01
-1.51093e-03	-6.74188e-05	8.80917e-06	-1.34473e-05	-5.70073e-01	-2.28029e-01	5.81049e-02	8.38168e-02	-1.92500e-01
-1.44903e-03	-6.46374e-05	8.59596e-06	-1.30737e-05	-5.66891e-01	-2.26756e-01	6.49915e-02	8.29115e-02	-1.92500e-01
-1.39513e-03	-6.22150e-05	8.40869e-06	-1.31140e-05	-5.63837e-01	-2.25534e-01	7.18662e-02	8.19923e-02	-1.92500e-01
-1.33184e-03	-5.93752e-05	8.15661e-06	-1.36070e-05	-5.61134e-01	-2.24453e-01	7.87273e-02	8.10598e-02	-1.92500e-01
-1.28304e-03	-5.71829e-05	7.97705e-06	-1.33344e-05	-5.58845e-01	-2.23537e-01	8.55733e-02	8.01146e-02	-1.92500e-01
-1.26708e-03	-5.64559e-05	7.99231e-06	-1.23607e-05	-5.56825e-01	-2.22729e-01	9.24025e-02	7.91571e-02	-1.92500e-01
-1.25793e-03	-5.60321e-05	8.04616e-06	-1.20637e-05	-5.54831e-01	-2.21932e-01	9.92133e-02	7.81881e-02	-1.92500e-01
-1.20989e-03	-5.38767e-05	7.84632e-06	-1.30410e-05	-5.52879e-01	-2.21151e-01	1.06004e-01	7.72081e-02	-1.92500e-01
-1.12198e-03	-4.99479e-05	7.37405e-06	-1.41749e-05	-5.51403e-01	-2.20561e-01	1.12773e-01	7.62176e-02	-1.92500e-01
-1.04404e-03	-4.64645e-05	6.95222e-06	-1.39450e-05	-5.50550e-01	-2.20220e-01	1.19519e-01	7.52174e-02	-1.92500e-01
-1.01333e-03	-4.50854e-05	6.82931e-06	-1.22608e-05	-5.49911e-01	-2.19964e-01	1.26240e-01	7.42078e-02	-1.92500e-01
-1.01665e-03	-4.52209e-05	6.93453e-06	-1.01613e-05	-5.49221e-01	-2.19688e-01	1.32934e-01	7.31895e-02	-1.92500e-01
-1.02243e-03	-4.54651e-05	7.05648e-06	-8.46490e-06	-5.48517e-01	-2.19406e-01	1.39601e-01	7.21631e-02	-1.92500e-01
-1.01368e-03	-4.50640e-05	7.07342e-06	-7.47135e-06	-5.47896e-01	-2.19158e-01	1.46238e-01	7.11291e-02	-1.92500e-01
-9.96485e-04	-4.42874e-05	7.02970e-06	-7.12319e-06	-5.47495e-01	-2.18997e-01	1.52843e-01	7.00881e-02	-1.92500e-01
-9.87786e-04	-4.38889e-05	7.04246e-06	-7.05073e-06	-5.47323e-01	-2.18929e-01	1.59416e-01	6.90407e-02	-1.92500e-01
-9.96752e-04	-4.42755e-05	7.17983e-06	-6.81108e-06	-5.47260e-01	-2.18904e-01	1.65955e-01	6.79873e-02	-1.92500e-01
-1.01937e-03	-4.52679e-05	7.41878e-06	-6.17896e-06	-5.47248e-01	-2.18899e-01	1.72458e-01	6.69286e-02	-1.92500e-01
-1.04669e-03	-4.64684e-05	7.69474e-06	-5.34153e-06	-5.47258e-01	-2.18903e-01	1.78924e-01	6.58651e-02	-1.92500e-01
-1.07138e-03	-4.75516e-05	7.95241e-06	-4.75364e-06	-5.47260e-01	-2.18904e-01	1.85351e-01	6.47973e-02	-1.92500e-01
-1.09018e-03	-4.83734e-05	8.16800e-06	-4.58099e-06	-5.47282e-01	-2.18912e-01	1.91738e-01	6.37257e-02	-1.92500e-01
-1.10658e-03	-4.90880e-05	8.36833e-06	-4.53163e-06	-5.47340e-01	-2.18935e-01	1.98083e-01	6.26510e-02	-1.92500e-01
-1.12444e-03	-4.98670e-05	8.58074e-06	-4.30850e-06	-5.47418e-01	-2.18967e-01	2.04385e-01	6.15736e-02	-1.92500e-01
-1.14279e-03	-5.06674e-05	8.79803e-06	-3.91142e-06	-5.47516e-01	-2.19006e-01	2.10643e-01	6.04940e-02	-1.92500e-01
-1.15913e-03	-5.13784e-05	9.00017e-06	-3.46952e-06	-5.47647e-01	-2.19058e-01	2.16854e-01	5.94128e-02	-1.92500e-01
-1.17490e-03	-5.20641e-05	9.19846e-06	-3.03183e-06	-5.47802e-01	-2.19120e-01	2.23019e-01	5.83305e-02	-1.92500e-01
-1.19529e-03	-5.29541e-05	9.43407e-06	-2.62709e-06	-5.47940e-01	-2.19175e-01	2.29134e-01	5.72476e-02	-1.92500e-01
-1.22246e-03	-5.41446e-05	9.72396e-06	-2.35689e-06	-5.48022e-01	-2.19208e-01	2.35200e-01	5.61645e-02	-1.92500e-01
-1.25251e-03	-5.54614e-05	1.00419e-05	-2.29756e-06	-5.48042e-01	-2.19216e-01	2.41214e-01	5.50819e-02	-1.92500e-01
-1.27942e-03	-5.66380e-05	1.03381e-05	-2.38808e-06	-5.48038e-01	-2.19215e-01	2.47175e-01	5.40002e-02	-1.92500e-01
-1.30062e-03	-5.75620e-05	1.05901e-05	-2.38380e-06	-5.48048e-01	-2.19219e-01	2.53082e-01	5.29198e-02	-1.92500e-01
-1.31641e-03	-5.82463e-05	1.07973e-05	-1.94480e-06	-5.48059e-01	-2.19223e-01	2.58935e-01	5.18413e-02	-1.92500e-01
-1.33148e-03	-5.88987e-05	1.09979e-05	-1.05984e-06	-5.48067e-01	-2.19226e-01	2.64730e-01	5.07651e-02	-1.92500e-01
-1.35327e-03	-5.98478e-05	1.12573e-05	-2.67671e-07	-5.48067e-01	-2.19226e-01	2.70468e-01	4.96918e-02	-1.92500e-01
-1.38592e-03	-6.12761e-05	1.16112e-05	-3.00174e-08	-5.48027e-01	-2.19210e-01	2.76147e-01	4.86218e-02	-1.92500e-01
-1.42660e-03	-6.30583e-05	1.20375e-05	-1.63910e-09	-5.47941e-01	-2.19176e-01	2.81766e-01	4.75555e-02	-1.92500e-01
-1.47028e-03	-6.49725e-05	1.24934e-05	5.84005e-07	-5.47745e-01	-2.19097e-01	2.87323e-01	4.64935e-02	-1.92500e-01
-1.51072e-03	-6.67435e-05	1.29187e-05	1.87122e-06	-5.47381e-01	-2.18952e-01	2.92819e-01	4.54361e-02	-1.92500e-01
-1.54398e-03	-6.81972e-05	1.32851e-05	3.42225e-06	-5.46903e-01	-2.18760e-01	2.98250e-01	4.43839e-02	-1.92500e-01
-1.56976e-03	-6.93201e-05	1.35883e-05	5.03757e-06	-5.46364e-01	-2.18545e-01	3.03618e-01	4.33372e-02	-1.92500e-01
-1.59005e-03	-7.01993e-05	1.38474e-05	6.59951e-06	-5.45827e-01	-2.18330e-01	3.08919e-01	4.22966e-02	-1.92500e-01
-1.60999e-03	-7.10630e-05	1.41075e-05	7.69244e-06	-5.45362e-01	-2.18144e-01	3.14154e-01	4.12625e-02	-1.92500e-01
-1.63749e-03	-7.22588e-05	1.44368e-05	8.27569e-06	-5.44884e-01	-2.17953e-01	3.19322e-01	4.02352e-02	-1.92500e-01
-1.66867e-03	-7.36173e-05	1.47986e-05	9.07493e-06	-5.44243e-01	-2.17697e-01	3.24421e-01	3.92152e-02	-1.92500e-01
-1.68909e-03	-7.45006e-05	1.50680e-05	1.07017e-05	-5.43455e-01	-2.17381e-01	3.29451e-01	3.82030e-02	-1.92500e-01
-1.68812e-03	-7.44403e-05	1.51467e-05	1.27363e-05	-5.42706e-01	-2.17082e-01	3.34410e-01	3.71990e-02	-1.92500e-01
-1.67374e-03	-7.37887e-05	1.51022e-05	1.40233e-05	-5.42081e-01	-2.16832e-01	3.39298e-01	3.62034e-02	-1.92500e-01
-1.66570e-03	-7.34177e-05	1.51100e-05	1.37708e-05	-5.41427e-01	-2.16570e-01	3.44114e-01	3.52169e-02	-1.92500e-01
-1.67423e-03	-7.37772e-05	1.52661e-05	1.22713e-05	-5.40599e-01	-2.16239e-01	3.48858e-01	3.42397e-02	-1.92500e-01
-1.69611e-03	-7.47252e-05	1.55456e-05	1.04035e-05	-5.39590e-01	-2.15835e-01	3.53527e-01	3.32722e-02	-1.92500e-01
-1.72301e-03	-7.58926e-05	1.58766e-05	8.76786e-06	-5.38414e-01	-2.15365e-01	3.58123e-01	3.23149e-02	-1.92500e-01
-1.75032e-03	-7.70769e-05	1.62176e-05	7.67801e-06	-5.37089e-01	-2.14835e-01	3.62644e-01	3.13681e-02	-1.92500e-01
-1.77778e-03	-7.82672e-05	1.65615e-05	7.25864e-06	-5.35671e-01	-2.14267e-01	3.67089e-01	3.04321e-02	-1.92500e-01
-1.81019e-03	-7.96755e-05	1.69505e-05	7.24805e-06	-5.34247e-01	-2.13698e-01	3.71458e-01	2.95073e-02	-1.92500e-01
-1.84611e-03	-8.12384e-05	1.73715e-05	7.31715e-06	-5.32835e-01	-2.13133e-01	3.75750e-01	2.85941e-02	-1.92500e-01
-1.88058e-03	-8.27383e-05	1.77743e-05	7.27562e-06	-5.31387e-01	-2.12554e-01	3.79964e-01	2.76928e-02	-1.92500e-01
-1.91450e-03	-8.42115e-05	1.81843e-05	6.63733e-06	-5.29865e-01	-2.11945e-01	3.84101e-01	2.68037e-02	-1.92500e-01
-1.94884e-03	-8.57027e-05	1.85994e-05	5.16546e-06	-5.28237e-01	-2.11294e-01	3.88160e-01	2.59272e-02	-1.92500e-01
-1.97407e-03	-8.67956e-05	1.89162e-05	3.71574e-06	-5.26611e-01	-2.10643e-01	3.92140e-01	2.50636e-02	-1.92500e-01
-1.99302e-03	-8.76109e-05	1.91811e-05	3.34702e-06	-5.25155e-01	-2.10061e-01	3.96041e-01	2.42132e-02	-1.92500e-01
-2.02055e-03	-8.87996e-05	1.95425e-05	3.93518e-06	-5.23711e-01	-2.09484e-01	3.99862e-01	2.33762e-02	-1.92500e-01
-2.05079e-03	-9.01096e-05	1.99224e-05	4.48754e-06	-5.22061e-01	-2.08823e-01	4.03604e-01	2.25530e-02	-1.92500e-01
-2.06927e-03	-9.09039e-05	2.01810e-05	4.54354e-06	-5.20324e-01	-2.08129e-01	4.07265e-01	2.17438e-02	-1.92500e-01
-2.07389e-03	-9.10894e-05	2.03051e-05	4.38301e-06	-5.18665e-01	-2.07465e-01	4.10847e-01	2.09489e-02	-1.92500e-01
-2.06993e-03	-9.08979e-05	2.03455e-05	3.90002e-06	-5.17045e-01	-2.06817e-01	4.14348e-01	2.01685e-02	-1.92500e-01
-2.05821e-03	-9.03648e-05	2.03119e-05	2.86462e-06	-5.15348e-01	-2.06138e-01	4.17769e-01	1.94029e-02	-1.92500e-01
-2.03300e-03	-8.92393e-05	2.01466e-05	2.06420e-06	-5.13592e-01	-2.05436e-01	4.21109e-01	1.86523e-02	-1.92500e-01
-1.99436e-03	-8.75262e-05	1.98388e-05	2.31492e-06	-5.11994e-01	-2.04797e-01	4.24368e-01	1.79169e-02	-1.92500e-01
-1.95447e-03	-8.57590e-05	1.95148e-05	2.89874e-06	-5.10552e-01	-2.04220e-01	4.27547e-01	1.71968e-02	-1.92500e-01
-1.92239e-03	-8.43337e-05	1.92709e-05	2.17178e-06	-5.09063e-01	-2.03624e-01	4.30646e-01	1.64924e-02	-1.92500e-01
-1.89546e-03	-8.31353e-05	1.90763e-05	-4.77407e-07	-5.07537e-01	-2.03014e-01	4.33663e-01	1.58036e-02	-1.92500e-01
-1.87466e-03	-8.22102e-05	1.89229e-05	-3.46485e-06	-5.06024e-01	-2.02409e-01	4.36601e-01	1.51308e-02	-1.92500e-01
-1.86443e-03	-8.17497e-05	1.88715e-05	-4.52196e-06	-5.04537e-01	-2.01814e-01	4.39459e-01	1.44740e-02	-1.92500e-01
-1.86699e-03	-8.18477e-05	1.89572e-05	-3.47015e-06	-5.03050e-01	-2.01219e-01	4.42236e-01	1.38334e-02	-1.92500e-01
-1.86729e-03	-8.18440e-05	1.90330e-05	-1.98250e-06	-5.01422e-01	-2.00568e-01	4.44935e-01	1.32090e-02	-1.92500e-01
-1.84358e-03	-8.07893e-05	1.88583e-05	-1.17387e-06	-4.99696e-01	-1.99878e-01	4.47554e-01	1.26009e-02	-1.92500e-01
-1.80630e-03	-7.91458e-05	1.85192e-05	-1.19174e-06	-4.98102e-01	-1.99240e-01	4.50094e-01	1.20093e-02	-1.92500e-01
-1.79504e-03	-7.86406e-05	1.84542e-05	-1.88987e-06	-4.96623e-01	-1.98648e-01	4.52556e-01	1.14341e-02	-1.92500e-01
-1.82038e-03	-7.97329e-05	1.87911e-05	-2.68118e-06	-4.95063e-01	-1.98024e-01	4.54941e-01	1.08755e-02	-1.92500e-01
-1.85103e-03	-8.10605e-05	1.91691e-05	-2.90754e-06	-4.93444e-01	-1.97377e-01	4.57248e-01	1.03334e-02	-1.92500e-01
-1.85686e-03	-8.13102e-05	1.92539e-05	-2.62775e-06	-4.91906e-01	-1.96762e-01	4.59478e-01	9.80778e-03	-1.92500e-01
-1.83089e-03	-8.01639e-05	1.90223e-05	-2.33048e-06	-4.90514e-01	-1.96205e-01	4.61633e-01	9.29871e-03	-1.92500e-01
-1.78990e-03	-7.83542e-05	1.86600e-05	-2.41281e-06	-4.89294e-01	-1.95717e-01	4.63712e-01	8.80611e-03	-1.92500e-01
-1.76490e-03	-7.72520e-05	1.84324e-05	-2.94634e-06	-4.88098e-01	-1.95239e-01	4.65717e-01	8.32994e-03	-1.92500e-01
-1.75634e-03	-7.68733e-05	1.83591e-05	-3.63752e-06	-4.86758e-01	-1.94702e-01	4.67648e-01	7.87012e-03	-1.92500e-01
-1.73009e-03	-7.57124e-05	1.81347e-05	-4.25995e-06	-4.85449e-01	-1.94179e-01	4.69507e-01	7.42656e-03	-1.92500e-01
-1.67749e-03	-7.33959e-05	1.76444e-05	-4.98359e-06	-4.84328e-01	-1.93731e-01	4.71294e-01	6.99914e-03	-1.92500e-01
-1.61782e-03	-7.07771e-05	1.70509e-05	-6.01111e-06	-4.83299e-01	-1.93319e-01	4.73010e-01	6.58774e-03	-1.92500e-01
-1.56311e-03	-6.83746e-05	1.65104e-05	-7.06389e-06	-4.82334e-01	-1.92933e-01	4.74657e-01	6.19219e-03	-1.92500e-01
-1.51969e-03	-6.64649e-05	1.60958e-05	-7.46581e-06	-4.81458e-01	-1.92583e-01	4.76235e-01	5.81233e-03	-1.92500e-01
-1.49853e-03	-6.55320e-05	1.59032e-05	-6.90222e-06	-4.80643e-01	-1.92257e-01	4.77746e-01	5.44797e-03	-1.92500e-01
-1.50064e-03	-6.56237e-05	1.59274e-05	-5.89153e-06	-4.79858e-01	-1.91943e-01	4.79191e-01	5.09888e-03	-1.92500e-01
-1.51679e-03	-6.63310e-05	1.60944e-05	-5.23915e-06	-4.79067e-01	-1.91626e-01	4.80571e-01	4.76483e-03	-1.92500e-01
-1.53685e-03	-6.72015e-05	1.63347e-05	-5.14642e-06	-4.78253e-01	-1.91300e-01	4.81888e-01	4.44558e-03	-1.92500e-01
-1.55613e-03	-6.80292e-05	1.66020e-05	-5.32958e-06	-4.77390e-01	-1.90956e-01	4.83143e-01	4.14084e-03	-1.92500e-01
-1.56609e-03	-6.84538e-05	1.67535e-05	-5.67427e-06	-4.76458e-01	-1.90583e-01	4.84337e-01	3.85031e-03	-1.92500e-01
-1.55468e-03	-6.79544e-05	1.66347e-05	-6.18529e-06	-4.75494e-01	-1.90197e-01	4.85473e-01	3.57368e-03	-1.92500e-01
-1.51583e-03	-6.62603e-05	1.62022e-05	-6.58501e-06	-4.74631e-01	-1.89852e-01	4.86552e-01	3.31060e-03	-1.92500e-01
-1.46350e-03	-6.39724e-05	1.56438e-05	-6.44083e-06	-4.73994e-01	-1.89597e-01	4.87575e-01	3.06073e-03	-1.92500e-01
-1.42276e-03	-6.21814e-05	1.52501e-05	-5.67516e-06	-4.73516e-01	-1.89406e-01	4.88544e-01	2.82367e-03	-1.92500e-01
-1.40791e-03	-6.15177e-05	1.51514e-05	-4.62659e-06	-4.73058e-01	-1.89223e-01	4.89462e-01	2.59902e-03	-1.92500e-01
-1.41233e-03	-6.16979e-05	1.52506e-05	-3.70797e-06	-4.72454e-01	-1.88981e-01	4.90329e-01	2.38636e-03	-1.92500e-01
-1.42122e-03	-6.20840e-05	1.53573e-05	-3.23087e-06	-4.71753e-01	-1.88701e-01	4.91149e-01	2.18525e-03	-1.92500e-01
-1.42611e-03	-6.22930e-05	1.54283e-05	-3.31655e-06	-4.71022e-01	-1.88408e-01	4.91923e-01	1.99521e-03	-1.92500e-01
-1.42121e-03	-6.20749e-05	1.53912e-05	-3.91466e-06	-4.70234e-01	-1.88093e-01	4.92653e-01	1.81577e-03	-1.92500e-01
-1.40163e-03	-6.12281e-05	1.51457e-05	-4.92808e-06	-4.69557e-01	-1.87822e-01	4.93341e-01	1.64641e-03	-1.92500e-01
-1.36187e-03	-5.94752e-05	1.47800e-05	-6.23315e-06	-4.68835e-01	-1.87533e-01	4.93990e-01	1.48661e-03	-1.92500e-01
-1.30507e-03	-5.70106e-05	1.40994e-05	-7.64340e-06	-4.68268e-01	-1.87307e-01	4.94601e-01	1.33581e-03	-1.92500e-01
-1.23541e-03	-5.39372e-05	1.34701e-05	-9.01605e-06	-4.67795e-01	-1.87118e-01	4.95179e-01	1.19344e-03	-1.92500e-01
-1.15391e-03	-5.03969e-05	1.25091e-05	-1.03355e-05	-4.67271e-01	-1.86908e-01	4.95723e-01	1.05892e-03	-1.92500e-01
-1.06948e-03	-4.66893e-05	1.16752e-05	-1.16291e-05	-4.67115e-01	-1.86845e-01	4.96239e-01	9.31636e-04	-1.92500e-01
-9.77315e-04	-4.26515e-05	1.07259e-05	-1.28767e-05	-4.66556e-01	-1.86622e-01	4.96727e-01	8.10945e-04	-1.92500e-01
-8.76682e-04	-3.82889e-05	9.50333e-06	-1.40397e-05	-4.66597e-01	-1.86638e-01	4.97191e-01	6.96197e-04	-1.92500e-01
-7.76195e-04	-3.38076e-05	8.78807e-06	-1.50213e-05	-4.66206e-01	-1.86482e-01	4.97633e-01	5.86717e-04	-1.92500e-01
-6.45677e-04	-2.82444e-05	6.81940e-06	-1.58883e-05	-4.65999e-01	-1.86399e-01	4.98057e-01	4.81809e-04	-1.92500e-01
-5.52950e-04	-2.39473e-05	6.81200e-06	-1.64822e-05	-4.66521e-01	-1.86608e-01	4.98465e-01	3.80757e-04	-1.92500e-01
-4.04340e-04	-1.76710e-05	4.33673e-06	-1.66480e-05	-4.65448e-01	-1.86179e-01	4.98860e-01	2.82821e-04	-1.92500e-01
-3.82081e-04	-1.65134e-05	4.84292e-06	-1.71274e-05	-4.69084e-01	-1.87633e-01	4.99246e-01	1.87244e-04	-1.92500e-01
-5.22521e-04	-2.12624e-05	1.19440e-05	-1.60436e-05	-4.69178e-01	-1.87671e-01	4.99624e-01	9.32453e-05	-1.92500e-01
-3.82204e-04	-2.51317e-05	-2.98338e-05	-1.02185e-05	-4.74525e-01	-1.89809e-01	5.00000e-01	0.00000e+00	-1.92500e-01
