"Density"	"Momentum:0"	"Momentum:1"	"Momentum:2"	"StagnationEnergy"	"Pressure"	"Points:0"	"Points:1"	"Points:2"
1.77314e-02	-5.77832e-04	9.08274e-04	6.27908e-04	-2.20738e-01	-8.83128e-02	-5.11558e-01	0.00000e+00	-1.54000e-02
9.41092e-04	1.30845e-04	4.21555e-05	1.79426e-04	-4.90820e-01	-1.96339e-01	-5.11505e-01	2.24939e-03	-1.54000e-02
5.62578e-03	1.49162e-04	2.75453e-04	2.08347e-04	-3.92543e-01	-1.57022e-01	-5.11348e-01	4.49387e-03	-1.54000e-02
1.23455e-02	1.95098e-04	6.10246e-04	2.31614e-04	-4.63830e-01	-1.85539e-01	-5.11084e-01	6.72839e-03	-1.54000e-02
1.46458e-02	2.66938e-04	7.10645e-04	2.17414e-04	-4.79696e-01	-1.91887e-01	-5.10715e-01	8.94792e-03	-1.54000e-02
1.74059e-02	3.03384e-04	8.39513e-04	2.14380e-04	-5.40730e-01	-2.16302e-01	-5.10242e-01	1.11476e-02	-1.54000e-02
1.95506e-02	3.74252e-04	9.26405e-04	1.89950e-04	-6.24187e-01	-2.49686e-01	-5.09667e-01	1.33228e-02	-1.54000e-02
2.07979e-02	4.16428e-04	9.71992e-04	1.74774e-04	-6.79412e-01	-2.71776e-01	-5.08992e-01	1.54693e-02	-1.54000e-02
2.17672e-02	4.65827e-04	9.98905e-04	1.51393e-04	-7.68395e-01	-3.07369e-01	-5.08222e-01	1.75833e-02	-1.54000e-02
2.21519e-02	5.03336e-04	9.97520e-04	1.32695e-04	-8.30282e-01	-3.32124e-01	-5.07405e-01	1.95604e-02	-1.54000e-02
2.22800e-02	5.30478e-04	9.86055e-04	1.17977e-04	-8.90345e-01	-3.56149e-01	-5.06584e-01	2.13468e-02	-1.54000e-02
2.22206e-02	5.55595e-04	9.64539e-04	1.03617e-04	-9.46418e-01	-3.78578e-01	-5.05757e-01	2.29942e-02	-1.54000e-02
2.19911e-02	5.70988e-04	9.37996e-04	9.44392e-05	-9.88940e-01	-3.95587e-01	-5.04920e-01	2.45369e-02	-1.54000e-02
2.17211e-02	5.85961e-04	9.08908e-04	8.51117e-05	-1.03389e+00	-4.13566e-01	-5.04070e-01	2.59990e-02	-1.54000e-02
2.13142e-02	5.94249e-04	8.75469e-04	7.87697e-05	-1.06946e+00	-4.27796e-01	-5.03205e-01	2.73982e-02	-1.54000e-02
2.09213e-02	6.01630e-04	8.43034e-04	7.36317e-05	-1.10338e+00	-4.41362e-01	-5.02320e-01	2.87480e-02	-1.54000e-02
2.04497e-02	6.05330e-04	8.08016e-04	6.95345e-05	-1.13420e+00	-4.53689e-01	-5.01414e-01	3.00588e-02	-1.54000e-02
1.99695e-02	6.07036e-04	7.73554e-04	6.70578e-05	-1.16055e+00	-4.64231e-01	-5.00483e-01	3.13391e-02	-1.54000e-02
1.94553e-02	6.06387e-04	7.38416e-04	6.51672e-05	-1.18581e+00	-4.74333e-01	-4.99526e-01	3.25955e-02	-1.54000e-02
1.89298e-02	6.04098e-04	7.03570e-04	6.43277e-05	-1.20779e+00	-4.83126e-01	-4.98538e-01	3.38334e-02	-1.54000e-02
1.83894e-02	5.99958e-04	6.68988e-04	6.41828e-05	-1.22756e+00	-4.91033e-01	-4.97518e-01	3.50574e-02	-1.54000e-02
1.78388e-02	5.94301e-04	6.34800e-04	6.45464e-05	-1.24565e+00	-4.98269e-01	-4.96463e-01	3.62710e-02	-1.54000e-02
1.72842e-02	5.87307e-04	6.01282e-04	6.55270e-05	-1.26124e+00	-5.04506e-01	-4.95371e-01	3.74773e-02	-1.54000e-02
1.67281e-02	5.79089e-04	5.68574e-04	6.67584e-05	-1.27541e+00	-5.10171e-01	-4.94239e-01	3.86787e-02	-1.54000e-02
1.61762e-02	5.69923e-04	5.36857e-04	6.82794e-05	-1.28763e+00	-5.15058e-01	-4.93066e-01	3.98772e-02	-1.54000e-02
1.56300e-02	5.59887e-04	5.06214e-04	6.99256e-05	-1.29822e+00	-5.19297e-01	-4.91848e-01	4.10745e-02	-1.54000e-02
1.50949e-02	5.49240e-04	4.76813e-04	7.16841e-05	-1.30738e+00	-5.22958e-01	-4.90585e-01	4.22718e-02	-1.54000e-02
1.45648e-02	5.37833e-04	4.48431e-04	7.34881e-05	-1.31495e+00	-5.25989e-01	-4.89273e-01	4.34701e-02	-1.54000e-02
1.40492e-02	5.26018e-04	4.21419e-04	7.51858e-05	-1.32129e+00	-5.28521e-01	-4.87911e-01	4.46703e-02	-1.54000e-02
1.35475e-02	5.13833e-04	3.95740e-04	7.66080e-05	-1.32632e+00	-5.30534e-01	-4.86497e-01	4.58728e-02	-1.54000e-02
1.30726e-02	5.01824e-04	3.71772e-04	7.77007e-05	-1.33020e+00	-5.32085e-01	-4.85030e-01	4.70780e-02	-1.54000e-02
1.26198e-02	4.89886e-04	3.49301e-04	7.84729e-05	-1.33307e+00	-5.33234e-01	-4.83506e-01	4.82862e-02	-1.54000e-02
1.21956e-02	4.78386e-04	3.28430e-04	7.90956e-05	-1.33502e+00	-5.34013e-01	-4.81926e-01	4.94973e-02	-1.54000e-02
1.17938e-02	4.67142e-04	3.08929e-04	7.95683e-05	-1.33624e+00	-5.34501e-01	-4.80286e-01	5.07115e-02	-1.54000e-02
1.14172e-02	4.56322e-04	2.90833e-04	7.98461e-05	-1.33682e+00	-5.34732e-01	-4.78586e-01	5.19284e-02	-1.54000e-02
1.10675e-02	4.46048e-04	2.74133e-04	7.98200e-05	-1.33689e+00	-5.34760e-01	-4.76825e-01	5.31478e-02	-1.54000e-02
1.07502e-02	4.36619e-04	2.58881e-04	7.95144e-05	-1.33662e+00	-5.34651e-01	-4.74999e-01	5.43694e-02	-1.54000e-02
1.04701e-02	4.28308e-04	2.45084e-04	7.91869e-05	-1.33616e+00	-5.34470e-01	-4.73109e-01	5.55928e-02	-1.54000e-02
1.02219e-02	4.20986e-04	2.32496e-04	7.91317e-05	-1.33571e+00	-5.34287e-01	-4.71153e-01	5.68175e-02	-1.54000e-02
1.00011e-02	4.14556e-04	2.20866e-04	7.95565e-05	-1.33537e+00	-5.34152e-01	-4.69130e-01	5.80430e-02	-1.54000e-02
9.79484e-03	4.08539e-04	2.09830e-04	8.04753e-05	-1.33526e+00	-5.34109e-01	-4.67038e-01	5.92686e-02	-1.54000e-02
9.60595e-03	4.03063e-04	1.99422e-04	8.19247e-05	-1.33548e+00	-5.34196e-01	-4.64877e-01	6.04937e-02	-1.54000e-02
9.42539e-03	3.97779e-04	1.89402e-04	8.37744e-05	-1.33609e+00	-5.34438e-01	-4.62645e-01	6.17177e-02	-1.54000e-02
9.25420e-03	3.92740e-04	1.79780e-04	8.59892e-05	-1.33713e+00	-5.34858e-01	-4.60342e-01	6.29399e-02	-1.54000e-02
9.08032e-03	3.87408e-04	1.70379e-04	8.84029e-05	-1.33862e+00	-5.35451e-01	-4.57966e-01	6.41595e-02	-1.54000e-02
8.89481e-03	3.81396e-04	1.61060e-04	9.08236e-05	-1.34052e+00	-5.36211e-01	-4.55517e-01	6.53758e-02	-1.54000e-02
8.68672e-03	3.74230e-04	1.51661e-04	9.29973e-05	-1.34271e+00	-5.37088e-01	-4.52994e-01	6.65880e-02	-1.54000e-02
8.44241e-03	3.65303e-04	1.42028e-04	9.46130e-05	-1.34507e+00	-5.38031e-01	-4.50395e-01	6.77953e-02	-1.54000e-02
8.15737e-03	3.54410e-04	1.32152e-04	9.55032e-05	-1.34753e+00	-5.39014e-01	-4.47721e-01	6.89970e-02	-1.54000e-02
7.82531e-03	3.41272e-04	1.21995e-04	9.54887e-05	-1.34992e+00	-5.39972e-01	-4.44971e-01	7.01921e-02	-1.54000e-02
7.44532e-03	3.25850e-04	1.11605e-04	9.44606e-05	-1.35204e+00	-5.40818e-01	-4.42144e-01	7.13799e-02	-1.54000e-02
7.03547e-03	3.08887e-04	1.01416e-04	9.23515e-05	-1.35361e+00	-5.41447e-01	-4.39240e-01	7.25595e-02	-1.54000e-02
6.62966e-03	2.91838e-04	9.20606e-05	8.89245e-05	-1.35450e+00	-5.41801e-01	-4.36258e-01	7.37301e-02	-1.54000e-02
6.28422e-03	2.77210e-04	8.42775e-05	8.47567e-05	-1.35485e+00	-5.41945e-01	-4.33197e-01	7.48909e-02	-1.54000e-02
6.05945e-03	2.67772e-04	7.85627e-05	8.16457e-05	-1.35509e+00	-5.42039e-01	-4.30058e-01	7.60410e-02	-1.54000e-02
5.94529e-03	2.63304e-04	7.40874e-05	8.16915e-05	-1.35708e+00	-5.42834e-01	-4.26840e-01	7.71796e-02	-1.54000e-02
5.87835e-03	2.61054e-04	6.98050e-05	8.55084e-05	-1.36224e+00	-5.44898e-01	-4.23543e-01	7.83058e-02	-1.54000e-02
5.89981e-03	2.62685e-04	6.66206e-05	9.13306e-05	-1.36939e+00	-5.47759e-01	-4.20167e-01	7.94188e-02	-1.54000e-02
6.09016e-03	2.71744e-04	6.54853e-05	1.00461e-04	-1.37759e+00	-5.51039e-01	-4.16711e-01	8.05178e-02	-1.54000e-02
6.43387e-03	2.87873e-04	6.50403e-05	1.17360e-04	-1.38599e+00	-5.54399e-01	-4.13175e-01	8.16019e-02	-1.54000e-02
6.93219e-03	3.11115e-04	6.51393e-05	1.39987e-04	-1.39380e+00	-5.57522e-01	-4.09560e-01	8.26703e-02	-1.54000e-02
7.59786e-03	3.41704e-04	6.69200e-05	1.64395e-04	-1.40409e+00	-5.61642e-01	-4.05865e-01	8.37223e-02	-1.54000e-02
8.24051e-03	3.71540e-04	6.69724e-05	1.94912e-04	-1.42334e+00	-5.69339e-01	-4.02091e-01	8.47570e-02	-1.54000e-02
8.38283e-03	3.79526e-04	5.98059e-05	2.36164e-04	-1.45129e+00	-5.80521e-01	-3.98236e-01	8.57737e-02	-1.54000e-02
8.06708e-03	3.67204e-04	4.72459e-05	2.81203e-04	-1.47072e+00	-5.88293e-01	-3.94303e-01	8.67716e-02	-1.54000e-02
8.19308e-03	3.73911e-04	4.12055e-05	3.18869e-04	-1.46315e+00	-5.85265e-01	-3.90290e-01	8.77498e-02	-1.54000e-02
9.27807e-03	4.22710e-04	4.65263e-05	3.46250e-04	-1.43899e+00	-5.75604e-01	-3.86198e-01	8.87078e-02	-1.54000e-02
1.03503e-02	4.71219e-04	4.99528e-05	3.81596e-04	-1.42474e+00	-5.69903e-01	-3.82027e-01	8.96448e-02	-1.54000e-02
1.00809e-02	4.60616e-04	3.74031e-05	4.35023e-04	-1.41661e+00	-5.66651e-01	-3.77778e-01	9.05599e-02	-1.54000e-02
8.86595e-03	4.07299e-04	1.87361e-05	4.71694e-04	-1.39160e+00	-5.56648e-01	-3.73451e-01	9.14527e-02	-1.54000e-02
8.33328e-03	3.82856e-04	1.38791e-05	4.68361e-04	-1.34062e+00	-5.36256e-01	-3.69046e-01	9.23223e-02	-1.54000e-02
9.00585e-03	4.11937e-04	2.08878e-05	4.43331e-04	-1.26962e+00	-5.07858e-01	-3.64564e-01	9.31682e-02	-1.54000e-02
9.74781e-03	4.44381e-04	2.71915e-05	4.16365e-04	-1.20398e+00	-4.81600e-01	-3.60005e-01	9.39897e-02	-1.54000e-02
9.26064e-03	4.21557e-04	2.61105e-05	3.76131e-04	-1.15564e+00	-4.62265e-01	-3.55369e-01	9.47862e-02	-1.54000e-02
7.92218e-03	3.60361e-04	2.12090e-05	3.12246e-04	-1.11180e+00	-4.44727e-01	-3.50659e-01	9.55571e-02	-1.54000e-02
6.76147e-03	3.06952e-04	1.97613e-05	2.45433e-04	-1.06252e+00	-4.25013e-01	-3.45873e-01	9.63018e-02	-1.54000e-02
5.86859e-03	2.66057e-04	1.77397e-05	1.96983e-04	-1.00360e+00	-4.01443e-01	-3.41012e-01	9.70198e-02	-1.54000e-02
5.11787e-03	2.31818e-04	1.53934e-05	1.54175e-04	-9.51711e-01	-3.80687e-01	-3.36078e-01	9.77106e-02	-1.54000e-02
4.50676e-03	2.03684e-04	1.57375e-05	1.09195e-04	-9.17126e-01	-3.66853e-01	-3.31070e-01	9.83737e-02	-1.54000e-02
3.99898e-03	1.80527e-04	1.46492e-05	7.62644e-05	-8.86147e-01	-3.54461e-01	-3.25991e-01	9.90086e-02	-1.54000e-02
3.54966e-03	1.60094e-04	1.34848e-05	4.92037e-05	-8.61968e-01	-3.44789e-01	-3.20840e-01	9.96149e-02	-1.54000e-02
3.27763e-03	1.47487e-04	1.49280e-05	1.46607e-05	-8.47486e-01	-3.38996e-01	-3.15618e-01	1.00192e-01	-1.54000e-02
3.29525e-03	1.48022e-04	1.71260e-05	-1.33083e-05	-8.31907e-01	-3.32764e-01	-3.10326e-01	1.00740e-01	-1.54000e-02
3.40997e-03	1.53181e-04	1.74144e-05	-2.31130e-05	-8.16414e-01	-3.26567e-01	-3.04965e-01	1.01258e-01	-1.54000e-02
3.42382e-03	1.53901e-04	1.61675e-05	-2.72777e-05	-8.07858e-01	-3.23145e-01	-2.99536e-01	1.01746e-01	-1.54000e-02
3.40379e-03	1.53048e-04	1.52733e-05	-2.65687e-05	-8.03264e-01	-3.21307e-01	-2.94041e-01	1.02203e-01	-1.54000e-02
3.40902e-03	1.53458e-04	1.27310e-05	-1.12743e-05	-7.96372e-01	-3.18550e-01	-2.88479e-01	1.02630e-01	-1.54000e-02
3.36101e-03	1.51439e-04	1.01109e-05	6.16606e-06	-7.90666e-01	-3.16268e-01	-2.82852e-01	1.03026e-01	-1.54000e-02
3.29864e-03	1.48674e-04	8.70745e-06	1.13568e-05	-7.88230e-01	-3.15293e-01	-2.77160e-01	1.03390e-01	-1.54000e-02
3.35942e-03	1.51441e-04	7.81936e-06	1.11159e-05	-7.86884e-01	-3.14755e-01	-2.71406e-01	1.03723e-01	-1.54000e-02
3.44574e-03	1.55349e-04	7.06409e-06	1.14261e-05	-7.89335e-01	-3.15735e-01	-2.65590e-01	1.04025e-01	-1.54000e-02
3.42313e-03	1.54325e-04	6.48218e-06	7.63392e-06	-7.93596e-01	-3.17440e-01	-2.59714e-01	1.04294e-01	-1.54000e-02
3.39323e-03	1.52967e-04	6.02217e-06	2.45299e-06	-7.93756e-01	-3.17504e-01	-2.53778e-01	1.04532e-01	-1.54000e-02
3.36225e-03	1.51584e-04	4.91888e-06	3.15858e-06	-7.92083e-01	-3.16835e-01	-2.47783e-01	1.04739e-01	-1.54000e-02
3.21491e-03	1.44950e-04	3.63757e-06	8.43044e-06	-7.91662e-01	-3.16666e-01	-2.41731e-01	1.04913e-01	-1.54000e-02
3.08150e-03	1.38938e-04	2.44641e-06	1.27696e-05	-7.89909e-01	-3.15965e-01	-2.35624e-01	1.05055e-01	-1.54000e-02
3.13745e-03	1.41453e-04	1.70447e-06	1.31392e-05	-7.86724e-01	-3.14691e-01	-2.29461e-01	1.05165e-01	-1.54000e-02
3.17902e-03	1.43314e-04	1.26201e-06	7.75815e-06	-7.85607e-01	-3.14244e-01	-2.23246e-01	1.05243e-01	-1.54000e-02
2.95693e-03	1.33288e-04	9.26955e-07	-1.20573e-07	-7.87203e-01	-3.14883e-01	-2.16978e-01	1.05289e-01	-1.54000e-02
2.67529e-03	1.20582e-04	5.81860e-07	-3.94323e-06	-7.87554e-01	-3.15023e-01	-2.10659e-01	1.05304e-01	-1.54000e-02
2.64920e-03	1.19394e-04	-1.47366e-07	-4.48221e-06	-7.84952e-01	-3.13982e-01	-2.04292e-01	1.05286e-01	-1.54000e-02
2.76451e-03	1.24578e-04	-5.97184e-07	-6.56696e-06	-7.83484e-01	-3.13395e-01	-1.97876e-01	1.05238e-01	-1.54000e-02
2.77980e-03	1.25252e-04	-1.14612e-06	-7.70180e-06	-7.84329e-01	-3.13733e-01	-1.91413e-01	1.05157e-01	-1.54000e-02
2.72582e-03	1.22803e-04	-1.67840e-06	-5.52817e-06	-7.83918e-01	-3.13569e-01	-1.84906e-01	1.05046e-01	-1.54000e-02
2.70044e-03	1.21635e-04	-2.44218e-06	-3.18176e-06	-7.79989e-01	-3.11997e-01	-1.78355e-01	1.04903e-01	-1.54000e-02
2.65411e-03	1.19524e-04	-3.05397e-06	-2.54921e-06	-7.75048e-01	-3.10020e-01	-1.71761e-01	1.04730e-01	-1.54000e-02
2.53628e-03	1.14198e-04	-3.32939e-06	-4.51471e-06	-7.71416e-01	-3.08567e-01	-1.65127e-01	1.04526e-01	-1.54000e-02
2.41592e-03	1.08766e-04	-3.38218e-06	-9.54062e-06	-7.66689e-01	-3.06677e-01	-1.58453e-01	1.04292e-01	-1.54000e-02
2.36203e-03	1.06334e-04	-3.39551e-06	-1.69980e-05	-7.59632e-01	-3.03854e-01	-1.51742e-01	1.04028e-01	-1.54000e-02
2.30455e-03	1.03741e-04	-3.39129e-06	-2.54402e-05	-7.53537e-01	-3.01416e-01	-1.44995e-01	1.03734e-01	-1.54000e-02
2.14102e-03	9.63755e-05	-3.24886e-06	-3.18315e-05	-7.50009e-01	-3.00004e-01	-1.38212e-01	1.03411e-01	-1.54000e-02
1.83190e-03	8.24563e-05	-2.89259e-06	-3.43563e-05	-7.47328e-01	-2.98932e-01	-1.31397e-01	1.03059e-01	-1.54000e-02
1.37052e-03	6.17001e-05	-2.00433e-06	-3.66357e-05	-7.42934e-01	-2.97174e-01	-1.24550e-01	1.02679e-01	-1.54000e-02
9.39391e-04	4.23231e-05	-8.86393e-07	-4.23202e-05	-7.33357e-01	-2.93343e-01	-1.17673e-01	1.02270e-01	-1.54000e-02
7.92174e-04	3.57152e-05	-4.30267e-07	-4.75180e-05	-7.18469e-01	-2.87388e-01	-1.10768e-01	1.01834e-01	-1.54000e-02
8.43293e-04	3.80025e-05	-7.99646e-07	-4.85559e-05	-7.04111e-01	-2.81645e-01	-1.03836e-01	1.01370e-01	-1.54000e-02
8.20215e-04	3.69557e-05	-9.42336e-07	-4.93970e-05	-6.93966e-01	-2.77587e-01	-9.68786e-02	1.00879e-01	-1.54000e-02
7.33022e-04	3.30472e-05	-6.36199e-07	-5.60807e-05	-6.85485e-01	-2.74195e-01	-8.98979e-02	1.00363e-01	-1.54000e-02
6.79291e-04	3.06604e-05	-2.04709e-07	-6.96259e-05	-6.76609e-01	-2.70645e-01	-8.28953e-02	9.98198e-02	-1.54000e-02
5.50221e-04	2.48894e-05	4.30263e-07	-8.25060e-05	-6.67105e-01	-2.66845e-01	-7.58725e-02	9.92517e-02	-1.54000e-02
3.56191e-04	1.61854e-05	1.07251e-06	-8.53591e-05	-6.55049e-01	-2.62024e-01	-6.88312e-02	9.86586e-02	-1.54000e-02
2.95640e-04	1.34545e-05	1.05023e-06	-7.97143e-05	-6.41506e-01	-2.56607e-01	-6.17729e-02	9.80412e-02	-1.54000e-02
3.18531e-04	1.44610e-05	6.70500e-07	-7.24774e-05	-6.31267e-01	-2.52510e-01	-5.46995e-02	9.73999e-02	-1.54000e-02
1.82721e-04	8.34446e-06	8.64678e-07	-6.25613e-05	-6.24262e-01	-2.49709e-01	-4.76125e-02	9.67354e-02	-1.54000e-02
-7.14012e-05	-3.07408e-06	1.57971e-06	-4.91295e-05	-6.16361e-01	-2.46537e-01	-4.05137e-02	9.60481e-02	-1.54000e-02
-2.07245e-04	-9.18401e-06	1.89634e-06	-3.83121e-05	-6.07021e-01	-2.42807e-01	-3.34048e-02	9.53386e-02	-1.54000e-02
-1.64982e-04	-7.29074e-06	1.68301e-06	-3.45400e-05	-5.97658e-01	-2.39062e-01	-2.62875e-02	9.46074e-02	-1.54000e-02
-2.48152e-05	-1.01590e-06	1.00372e-06	-3.58307e-05	-5.88462e-01	-2.35374e-01	-1.91634e-02	9.38552e-02	-1.54000e-02
1.05981e-04	4.83711e-06	3.49901e-07	-3.72905e-05	-5.81291e-01	-2.32519e-01	-1.20342e-02	9.30825e-02	-1.54000e-02
1.24805e-04	5.67234e-06	1.74979e-07	-3.63239e-05	-5.77076e-01	-2.30833e-01	-4.90180e-03	9.22899e-02	-1.54000e-02
3.70285e-05	1.74043e-06	5.46046e-07	-3.47550e-05	-5.73787e-01	-2.29521e-01	2.23224e-03	9.14781e-02	-1.54000e-02
-7.43868e-05	-3.24623e-06	1.06025e-06	-3.39444e-05	-5.70376e-01	-2.28147e-01	9.36617e-03	9.06475e-02	-1.54000e-02
-1.64654e-04	-7.27138e-06	1.60064e-06	-3.36662e-05	-5.66136e-01	-2.26453e-01	1.64983e-02	8.97988e-02	-1.54000e-02
-1.97862e-04	-8.75223e-06	1.78864e-06	-3.46891e-05	-5.60434e-01	-2.24172e-01	2.36268e-02	8.89326e-02	-1.54000e-02
-1.45060e-04	-6.39193e-06	1.49798e-06	-3.47251e-05	-5.54686e-01	-2.21873e-01	3.07502e-02	8.80494e-02	-1.54000e-02
-1.77181e-05	-7.12486e-07	7.16292e-07	-2.96465e-05	-5.49946e-01	-2.19969e-01	3.78665e-02	8.71500e-02	-1.54000e-02
8.82866e-05	3.99141e-06	-1.17719e-07	-2.13577e-05	-5.47521e-01	-2.19010e-01	4.49742e-02	8.62349e-02	-1.54000e-02
3.46812e-05	1.58494e-06	7.98406e-08	-1.58477e-05	-5.47088e-01	-2.18837e-01	5.20715e-02	8.53047e-02	-1.54000e-02
-1.47544e-04	-6.54953e-06	1.11790e-06	-1.42995e-05	-5.44654e-01	-2.17861e-01	5.91567e-02	8.43600e-02	-1.54000e-02
-2.77885e-04	-1.23543e-05	1.95990e-06	-1.36632e-05	-5.40105e-01	-2.16042e-01	6.62281e-02	8.34015e-02	-1.54000e-02
-2.95012e-04	-1.31174e-05	2.06346e-06	-1.24337e-05	-5.36592e-01	-2.14637e-01	7.32840e-02	8.24296e-02	-1.54000e-02
-2.59539e-04	-1.15366e-05	1.83682e-06	-1.02705e-05	-5.33967e-01	-2.13587e-01	8.03228e-02	8.14452e-02	-1.54000e-02
-2.17664e-04	-9.67399e-06	1.54684e-06	-6.21968e-06	-5.31089e-01	-2.12435e-01	8.73427e-02	8.04486e-02	-1.54000e-02
-1.95230e-04	-8.67865e-06	1.37326e-06	-1.85641e-06	-5.28212e-01	-2.11285e-01	9.43421e-02	7.94406e-02	-1.54000e-02
-1.67258e-04	-7.44526e-06	1.10642e-06	-3.90070e-07	-5.25597e-01	-2.10239e-01	1.01319e-01	7.84218e-02	-1.54000e-02
-5.21112e-05	-2.31413e-06	3.81759e-07	-5.17532e-07	-5.23744e-01	-2.09498e-01	1.08273e-01	7.73926e-02	-1.54000e-02
1.32435e-04	5.90717e-06	-7.96454e-07	4.07989e-07	-5.23564e-01	-2.09426e-01	1.15200e-01	7.63539e-02	-1.54000e-02
2.04059e-04	9.09116e-06	-1.29892e-06	1.25022e-07	-5.25089e-01	-2.10036e-01	1.22101e-01	7.53060e-02	-1.54000e-02
7.96378e-05	3.54811e-06	-5.06583e-07	-3.31326e-06	-5.26581e-01	-2.10633e-01	1.28973e-01	7.42497e-02	-1.54000e-02
-1.02637e-04	-4.54707e-06	8.17850e-07	-5.88831e-06	-5.26774e-01	-2.10709e-01	1.35814e-01	7.31855e-02	-1.54000e-02
-2.21734e-04	-9.83989e-06	1.65966e-06	-5.20207e-06	-5.26730e-01	-2.10692e-01	1.42624e-01	7.21139e-02	-1.54000e-02
-3.03177e-04	-1.34592e-05	2.23579e-06	-4.88397e-06	-5.27234e-01	-2.10894e-01	1.49400e-01	7.10357e-02	-1.54000e-02
-3.62513e-04	-1.60911e-05	2.68604e-06	-7.35857e-06	-5.27445e-01	-2.10978e-01	1.56140e-01	6.99512e-02	-1.54000e-02
-3.38006e-04	-1.49920e-05	2.57308e-06	-9.57172e-06	-5.27307e-01	-2.10923e-01	1.62844e-01	6.88612e-02	-1.54000e-02
-2.22490e-04	-9.86127e-06	1.73563e-06	-8.53379e-06	-5.27791e-01	-2.11116e-01	1.69510e-01	6.77661e-02	-1.54000e-02
-1.24845e-04	-5.53085e-06	9.88637e-07	-6.19568e-06	-5.29262e-01	-2.11705e-01	1.76135e-01	6.66666e-02	-1.54000e-02
-1.54428e-04	-6.84236e-06	1.21680e-06	-6.17012e-06	-5.31125e-01	-2.12450e-01	1.82719e-01	6.55631e-02	-1.54000e-02
-2.99476e-04	-1.32749e-05	2.32397e-06	-8.40938e-06	-5.32379e-01	-2.12951e-01	1.89261e-01	6.44563e-02	-1.54000e-02
-4.47653e-04	-1.98422e-05	3.47885e-06	-1.01982e-05	-5.32706e-01	-2.13082e-01	1.95757e-01	6.33466e-02	-1.54000e-02
-5.03444e-04	-2.23115e-05	3.93275e-06	-9.85992e-06	-5.32559e-01	-2.13023e-01	2.02208e-01	6.22347e-02	-1.54000e-02
-4.77207e-04	-2.11451e-05	3.74793e-06	-7.51242e-06	-5.32534e-01	-2.13013e-01	2.08612e-01	6.11210e-02	-1.54000e-02
-4.54756e-04	-2.01453e-05	3.59969e-06	-4.95416e-06	-5.32774e-01	-2.13109e-01	2.14967e-01	6.00061e-02	-1.54000e-02
-4.82796e-04	-2.13846e-05	3.83717e-06	-4.27009e-06	-5.33051e-01	-2.13220e-01	2.21271e-01	5.88906e-02	-1.54000e-02
-5.38682e-04	-2.38538e-05	4.31504e-06	-5.46914e-06	-5.33408e-01	-2.13363e-01	2.27524e-01	5.77749e-02	-1.54000e-02
-6.01442e-04	-2.66261e-05	4.85547e-06	-6.79183e-06	-5.33849e-01	-2.13539e-01	2.33724e-01	5.66595e-02	-1.54000e-02
-6.79750e-04	-3.00855e-05	5.52738e-06	-7.32059e-06	-5.34098e-01	-2.13639e-01	2.39870e-01	5.55450e-02	-1.54000e-02
-7.75863e-04	-3.43295e-05	6.36266e-06	-7.91861e-06	-5.34016e-01	-2.13606e-01	2.45960e-01	5.44320e-02	-1.54000e-02
-8.64879e-04	-3.82602e-05	7.13565e-06	-9.15306e-06	-5.33768e-01	-2.13507e-01	2.51993e-01	5.33208e-02	-1.54000e-02
-9.17919e-04	-4.05972e-05	7.62313e-06	-9.79710e-06	-5.33595e-01	-2.13438e-01	2.57968e-01	5.22119e-02	-1.54000e-02
-9.28068e-04	-4.10386e-05	7.74665e-06	-8.92857e-06	-5.33485e-01	-2.13394e-01	2.63883e-01	5.11060e-02	-1.54000e-02
-9.13997e-04	-4.04075e-05	7.67586e-06	-7.78923e-06	-5.33469e-01	-2.13387e-01	2.69737e-01	5.00034e-02	-1.54000e-02
-9.10194e-04	-4.02281e-05	7.70318e-06	-7.87449e-06	-5.33641e-01	-2.13456e-01	2.75530e-01	4.89047e-02	-1.54000e-02
-9.31364e-04	-4.11536e-05	7.93493e-06	-8.77772e-06	-5.33812e-01	-2.13524e-01	2.81259e-01	4.78104e-02	-1.54000e-02
-9.60420e-04	-4.24291e-05	8.22601e-06	-9.05746e-06	-5.33897e-01	-2.13558e-01	2.86924e-01	4.67208e-02	-1.54000e-02
-9.81774e-04	-4.33630e-05	8.45755e-06	-7.90807e-06	-5.33950e-01	-2.13580e-01	2.92523e-01	4.56365e-02	-1.54000e-02
-9.98786e-04	-4.41051e-05	8.65135e-06	-5.64889e-06	-5.33710e-01	-2.13484e-01	2.98056e-01	4.45579e-02	-1.54000e-02
-1.01271e-03	-4.47100e-05	8.82269e-06	-3.23032e-06	-5.33093e-01	-2.13237e-01	3.03521e-01	4.34856e-02	-1.54000e-02
-1.02456e-03	-4.52208e-05	8.98875e-06	-1.38620e-06	-5.32436e-01	-2.12974e-01	3.08917e-01	4.24198e-02	-1.54000e-02
-1.04979e-03	-4.63221e-05	9.27122e-06	-5.79769e-07	-5.31906e-01	-2.12762e-01	3.14244e-01	4.13612e-02	-1.54000e-02
-1.10185e-03	-4.86087e-05	9.78195e-06	-1.01251e-06	-5.31469e-01	-2.12587e-01	3.19500e-01	4.03101e-02	-1.54000e-02
-1.16389e-03	-5.13343e-05	1.03899e-05	-2.08511e-06	-5.30972e-01	-2.12388e-01	3.24684e-01	3.92670e-02	-1.54000e-02
-1.17676e-03	-5.18877e-05	1.05756e-05	-3.18076e-06	-5.30094e-01	-2.12037e-01	3.29796e-01	3.82323e-02	-1.54000e-02
-1.09461e-03	-4.82516e-05	9.90499e-06	-4.61029e-06	-5.29038e-01	-2.11615e-01	3.34834e-01	3.72064e-02	-1.54000e-02
-9.69830e-04	-4.27404e-05	8.82717e-06	-6.53571e-06	-5.28644e-01	-2.11457e-01	3.39798e-01	3.61897e-02	-1.54000e-02
-9.12576e-04	-4.02086e-05	8.34777e-06	-8.16682e-06	-5.28989e-01	-2.11595e-01	3.44687e-01	3.51827e-02	-1.54000e-02
-9.50287e-04	-4.18618e-05	8.73262e-06	-8.70341e-06	-5.29220e-01	-2.11688e-01	3.49499e-01	3.41857e-02	-1.54000e-02
-1.01560e-03	-4.47268e-05	9.39093e-06	-8.37376e-06	-5.29040e-01	-2.11615e-01	3.54236e-01	3.31992e-02	-1.54000e-02
-1.05850e-03	-4.66047e-05	9.84273e-06	-8.11569e-06	-5.28808e-01	-2.11523e-01	3.58894e-01	3.22234e-02	-1.54000e-02
-1.08890e-03	-4.79351e-05	1.01636e-05	-8.31618e-06	-5.28620e-01	-2.11448e-01	3.63475e-01	3.12589e-02	-1.54000e-02
-1.13417e-03	-4.99188e-05	1.06276e-05	-8.61919e-06	-5.28276e-01	-2.11310e-01	3.67977e-01	3.03060e-02	-1.54000e-02
-1.19713e-03	-5.26801e-05	1.12648e-05	-8.72068e-06	-5.27650e-01	-2.11060e-01	3.72400e-01	2.93650e-02	-1.54000e-02
-1.25861e-03	-5.53728e-05	1.19014e-05	-8.47705e-06	-5.26878e-01	-2.10751e-01	3.76743e-01	2.84363e-02	-1.54000e-02
-1.30965e-03	-5.76038e-05	1.24516e-05	-7.73487e-06	-5.26107e-01	-2.10442e-01	3.81005e-01	2.75202e-02	-1.54000e-02
-1.34884e-03	-5.93146e-05	1.28835e-05	-6.69630e-06	-5.25246e-01	-2.10098e-01	3.85187e-01	2.66171e-02	-1.54000e-02
-1.36500e-03	-6.00130e-05	1.30945e-05	-6.19924e-06	-5.24271e-01	-2.09708e-01	3.89287e-01	2.57274e-02	-1.54000e-02
-1.35921e-03	-5.97454e-05	1.30999e-05	-6.89948e-06	-5.23396e-01	-2.09358e-01	3.93306e-01	2.48512e-02	-1.54000e-02
-1.36324e-03	-5.99091e-05	1.31980e-05	-8.32534e-06	-5.22657e-01	-2.09062e-01	3.97242e-01	2.39889e-02	-1.54000e-02
-1.39577e-03	-6.13254e-05	1.35745e-05	-9.57712e-06	-5.21785e-01	-2.08714e-01	4.01097e-01	2.31408e-02	-1.54000e-02
-1.43770e-03	-6.31542e-05	1.40420e-05	-1.05454e-05	-5.20706e-01	-2.08282e-01	4.04868e-01	2.23072e-02	-1.54000e-02
-1.47658e-03	-6.48486e-05	1.44826e-05	-1.15231e-05	-5.19563e-01	-2.07824e-01	4.08557e-01	2.14884e-02	-1.54000e-02
-1.51534e-03	-6.65397e-05	1.49137e-05	-1.22891e-05	-5.18247e-01	-2.07298e-01	4.12163e-01	2.06846e-02	-1.54000e-02
-1.53869e-03	-6.75527e-05	1.51981e-05	-1.26320e-05	-5.16722e-01	-2.06688e-01	4.15685e-01	1.98961e-02	-1.54000e-02
-1.52914e-03	-6.71195e-05	1.51647e-05	-1.30404e-05	-5.15270e-01	-2.06107e-01	4.19125e-01	1.91230e-02	-1.54000e-02
-1.50764e-03	-6.61628e-05	1.50088e-05	-1.41757e-05	-5.13915e-01	-2.05565e-01	4.22481e-01	1.83656e-02	-1.54000e-02
-1.50630e-03	-6.60925e-05	1.50470e-05	-1.60713e-05	-5.12443e-01	-2.04977e-01	4.25754e-01	1.76242e-02	-1.54000e-02
-1.51958e-03	-6.66616e-05	1.52377e-05	-1.80100e-05	-5.10901e-01	-2.04360e-01	4.28943e-01	1.68988e-02	-1.54000e-02
-1.52427e-03	-6.68532e-05	1.53479e-05	-1.92003e-05	-5.09413e-01	-2.03764e-01	4.32050e-01	1.61897e-02	-1.54000e-02
-1.52528e-03	-6.68886e-05	1.53964e-05	-1.97778e-05	-5.07909e-01	-2.03163e-01	4.35073e-01	1.54971e-02	-1.54000e-02
-1.52962e-03	-6.70723e-05	1.54693e-05	-2.05799e-05	-5.06236e-01	-2.02494e-01	4.38014e-01	1.48210e-02	-1.54000e-02
-1.51370e-03	-6.63619e-05	1.53615e-05	-2.18962e-05	-5.04550e-01	-2.01819e-01	4.40873e-01	1.41616e-02	-1.54000e-02
-1.46936e-03	-6.44013e-05	1.49820e-05	-2.32070e-05	-5.03261e-01	-2.01304e-01	4.43649e-01	1.35190e-02	-1.54000e-02
-1.43535e-03	-6.29000e-05	1.46821e-05	-2.41179e-05	-5.02275e-01	-2.00909e-01	4.46343e-01	1.28933e-02	-1.54000e-02
-1.42828e-03	-6.25832e-05	1.46397e-05	-2.47641e-05	-5.01117e-01	-2.00446e-01	4.48956e-01	1.22846e-02	-1.54000e-02
-1.41259e-03	-6.18846e-05	1.45265e-05	-2.51445e-05	-4.99808e-01	-1.99923e-01	4.51489e-01	1.16929e-02	-1.54000e-02
-1.37191e-03	-6.00896e-05	1.41626e-05	-2.48507e-05	-4.98648e-01	-1.99459e-01	4.53940e-01	1.11183e-02	-1.54000e-02
-1.33142e-03	-5.83054e-05	1.37907e-05	-2.39414e-05	-4.97690e-01	-1.99076e-01	4.56312e-01	1.05608e-02	-1.54000e-02
-1.30935e-03	-5.73335e-05	1.35850e-05	-2.33273e-05	-4.96855e-01	-1.98741e-01	4.58605e-01	1.00204e-02	-1.54000e-02
-1.30402e-03	-5.70951e-05	1.35493e-05	-2.36530e-05	-4.96043e-01	-1.98416e-01	4.60820e-01	9.49701e-03	-1.54000e-02
-1.30642e-03	-5.71919e-05	1.36102e-05	-2.44868e-05	-4.95159e-01	-1.98063e-01	4.62956e-01	8.99069e-03	-1.54000e-02
-1.30847e-03	-5.72732e-05	1.36662e-05	-2.49843e-05	-4.94228e-01	-1.97691e-01	4.65016e-01	8.50137e-03	-1.54000e-02
-1.31550e-03	-5.75749e-05	1.37656e-05	-2.47915e-05	-4.93304e-01	-1.97321e-01	4.67000e-01	8.02895e-03	-1.54000e-02
-1.33413e-03	-5.83798e-05	1.40049e-05	-2.44986e-05	-4.92367e-01	-1.96946e-01	4.68909e-01	7.57335e-03	-1.54000e-02
-1.34663e-03	-5.89139e-05	1.41887e-05	-2.46991e-05	-4.91465e-01	-1.96585e-01	4.70743e-01	7.13444e-03	-1.54000e-02
-1.34290e-03	-5.87449e-05	1.41729e-05	-2.51626e-05	-4.90677e-01	-1.96270e-01	4.72505e-01	6.71210e-03	-1.54000e-02
-1.34450e-03	-5.88157e-05	1.41863e-05	-2.59583e-05	-4.89930e-01	-1.95971e-01	4.74194e-01	6.30615e-03	-1.54000e-02
-1.35874e-03	-5.94326e-05	1.43625e-05	-2.75770e-05	-4.89163e-01	-1.95665e-01	4.75813e-01	5.91643e-03	-1.54000e-02
-1.36380e-03	-5.96386e-05	1.44797e-05	-2.91904e-05	-4.88425e-01	-1.95369e-01	4.77362e-01	5.54273e-03	-1.54000e-02
-1.35819e-03	-5.93886e-05	1.44381e-05	-2.95698e-05	-4.87642e-01	-1.95056e-01	4.78843e-01	5.18484e-03	-1.54000e-02
-1.35425e-03	-5.92252e-05	1.43594e-05	-2.91358e-05	-4.86771e-01	-1.94708e-01	4.80257e-01	4.84251e-03	-1.54000e-02
-1.35362e-03	-5.91965e-05	1.43581e-05	-2.88975e-05	-4.85964e-01	-1.94385e-01	4.81605e-01	4.51547e-03	-1.54000e-02
-1.35423e-03	-5.92096e-05	1.44198e-05	-2.89880e-05	-4.85261e-01	-1.94104e-01	4.82890e-01	4.20344e-03	-1.54000e-02
-1.34665e-03	-5.88665e-05	1.43873e-05	-2.92497e-05	-4.84585e-01	-1.93833e-01	4.84112e-01	3.90611e-03	-1.54000e-02
-1.31656e-03	-5.75424e-05	1.41015e-05	-2.96478e-05	-4.83985e-01	-1.93593e-01	4.85274e-01	3.62316e-03	-1.54000e-02
-1.27387e-03	-5.56682e-05	1.36791e-05	-3.01751e-05	-4.83505e-01	-1.93401e-01	4.86376e-01	3.35423e-03	-1.54000e-02
-1.23982e-03	-5.41794e-05	1.33163e-05	-3.09027e-05	-4.83041e-01	-1.93216e-01	4.87421e-01	3.09896e-03	-1.54000e-02
-1.20942e-03	-5.28528e-05	1.29820e-05	-3.18596e-05	-4.82581e-01	-1.93032e-01	4.88410e-01	2.85693e-03	-1.54000e-02
-1.17763e-03	-5.14543e-05	1.26786e-05	-3.28889e-05	-4.82289e-01	-1.92915e-01	4.89346e-01	2.62775e-03	-1.54000e-02
-1.15983e-03	-5.06658e-05	1.25319e-05	-3.36811e-05	-4.82013e-01	-1.92805e-01	4.90231e-01	2.41097e-03	-1.54000e-02
-1.16422e-03	-5.08655e-05	1.25457e-05	-3.42117e-05	-4.81634e-01	-1.92653e-01	4.91065e-01	2.20613e-03	-1.54000e-02
-1.17174e-03	-5.11987e-05	1.26081e-05	-3.47630e-05	-4.81198e-01	-1.92479e-01	4.91852e-01	2.01275e-03	-1.54000e-02
-1.16393e-03	-5.08467e-05	1.25683e-05	-3.55501e-05	-4.80716e-01	-1.92286e-01	4.92594e-01	1.83033e-03	-1.54000e-02
-1.14540e-03	-5.00325e-05	1.23871e-05	-3.65034e-05	-4.80357e-01	-1.92142e-01	4.93293e-01	1.65833e-03	-1.54000e-02
-1.12329e-03	-4.90438e-05	1.22398e-05	-3.75214e-05	-4.79882e-01	-1.91952e-01	4.93951e-01	1.49622e-03	-1.54000e-02
-1.10219e-03	-4.81452e-05	1.19196e-05	-3.85829e-05	-4.79467e-01	-1.91786e-01	4.94571e-01	1.34343e-03	-1.54000e-02
-1.08084e-03	-4.71817e-05	1.18133e-05	-3.96779e-05	-4.79058e-01	-1.91622e-01	4.95155e-01	1.19936e-03	-1.54000e-02
-1.05317e-03	-4.59943e-05	1.14277e-05	-4.08207e-05	-4.78487e-01	-1.91394e-01	4.95706e-01	1.06340e-03	-1.54000e-02
-1.02232e-03	-4.46261e-05	1.11776e-05	-4.19979e-05	-4.78254e-01	-1.91301e-01	4.96226e-01	9.34927e-04	-1.54000e-02
-9.79761e-04	-4.27559e-05	1.07623e-05	-4.32071e-05	-4.77498e-01	-1.90998e-01	4.96718e-01	8.13275e-04	-1.54000e-02
-9.24357e-04	-4.03776e-05	9.99425e-06	-4.44764e-05	-4.77378e-01	-1.90951e-01	4.97185e-01	6.97771e-04	-1.54000e-02
-8.66019e-04	-3.77242e-05	9.78800e-06	-4.56558e-05	-4.76744e-01	-1.90697e-01	4.97629e-01	5.87718e-04	-1.54000e-02
-7.71871e-04	-3.37692e-05	8.13351e-06	-4.70104e-05	-4.76284e-01	-1.90513e-01	4.98055e-01	4.82395e-04	-1.54000e-02
-7.20550e-04	-3.12431e-05	8.72620e-06	-4.83056e-05	-4.76647e-01	-1.90658e-01	4.98464e-01	3.81060e-04	-1.54000e-02
-6.05038e-04	-2.64477e-05	6.46684e-06	-4.90248e-05	-4.75136e-01	-1.90053e-01	4.98860e-01	2.82952e-04	-1.54000e-02
-6.40104e-04	-2.77563e-05	7.74569e-06	-5.10400e-05	-4.79055e-01	-1.91621e-01	4.99245e-01	1.87284e-04	-1.54000e-02
-8.42343e-04	-3.50840e-05	1.60022e-05	-4.97619e-05	-4.78417e-01	-1.91366e-01	4.99624e-01	9.32512e-05	-1.54000e-02
-6.31018e-04	-3.73277e-05	-3.24730e-05	-3.64720e-05	-4.82685e-01	-1.93073e-01	5.00000e-01	0.00000e+00	-1.54000e-02
