"Density"	"Momentum:0"	"Momentum:1"	"Momentum:2"	"StagnationEnergy"	"Pressure"	"Function0"	"Function1"	"Function2"	"Function3"	"Function4"	"Function5"	"vtkValidPointMask"	"arc_length"	"Points:0"	"Points:1"	"Points:2"
-4.72478e-02	1.74093e-03	6.78681e-03	7.30808e-03	7.11741e-01	2.85511e-01	7.31200e-07	5.46781e-07	7.80571e-09	1.07159e-07	8.86841e-09	-1.49325e-09	1	0.00000e+00	-7.00000e-01	2.50000e-01	-2.20000e-01
-4.74326e-02	1.00704e-03	-5.66265e-04	1.09353e-03	7.11740e-01	2.84727e-01	7.31858e-07	5.46821e-07	7.70205e-09	1.07056e-07	8.63484e-09	-1.52192e-09	1	2.19999e-03	-7.00000e-01	2.50000e-01	-2.17800e-01
-4.80339e-02	8.79584e-04	-3.66096e-04	1.10319e-03	7.11739e-01	2.84735e-01	7.32400e-07	5.46866e-07	7.61190e-09	1.06984e-07	8.40903e-09	-1.55763e-09	1	4.40000e-03	-7.00000e-01	2.50000e-01	-2.15600e-01
-4.75858e-02	-1.24241e-03	5.37310e-04	-8.28324e-04	7.11741e-01	2.84710e-01	7.32920e-07	5.46922e-07	7.53521e-09	1.06871e-07	8.20791e-09	-1.57961e-09	1	6.59999e-03	-7.00000e-01	2.50000e-01	-2.13400e-01
-4.77247e-02	-1.55812e-04	5.73711e-05	1.70677e-04	7.11741e-01	2.84697e-01	7.33528e-07	5.47029e-07	7.47141e-09	1.06747e-07	8.01241e-09	-1.59749e-09	1	8.80000e-03	-7.00000e-01	2.50000e-01	-2.11200e-01
-4.79258e-02	6.30554e-04	-2.61687e-04	9.98749e-04	7.11741e-01	2.84705e-01	7.34028e-07	5.47077e-07	7.42334e-09	1.06651e-07	7.77812e-09	-1.62352e-09	1	1.10000e-02	-7.00000e-01	2.50000e-01	-2.09000e-01
-4.79000e-02	3.95090e-04	-1.62557e-04	7.94192e-04	7.11742e-01	2.84708e-01	7.34517e-07	5.47136e-07	7.38956e-09	1.06553e-07	7.54381e-09	-1.64400e-09	1	1.32000e-02	-7.00000e-01	2.50000e-01	-2.06800e-01
-4.76839e-02	-5.35153e-04	2.40892e-04	-3.92616e-04	7.11743e-01	2.84704e-01	7.35021e-07	5.47215e-07	7.37055e-09	1.06444e-07	7.31144e-09	-1.65961e-09	1	1.54000e-02	-7.00000e-01	2.50000e-01	-2.04600e-01
-4.77197e-02	-4.30830e-04	1.90363e-04	-3.51297e-04	7.11743e-01	2.84702e-01	7.35507e-07	5.47294e-07	7.36690e-09	1.06335e-07	7.07180e-09	-1.67435e-09	1	1.76000e-02	-7.00000e-01	2.50000e-01	-2.02400e-01
-4.78533e-02	-1.73457e-05	1.30430e-05	2.88120e-04	7.11743e-01	2.84702e-01	7.35965e-07	5.47370e-07	7.37824e-09	1.06227e-07	6.82362e-09	-1.68860e-09	1	1.98000e-02	-7.00000e-01	2.50000e-01	-2.00200e-01
-4.79425e-02	1.61748e-04	-6.37962e-05	7.72454e-04	7.11743e-01	2.84701e-01	7.36369e-07	5.47436e-07	7.40400e-09	1.06125e-07	6.56599e-09	-1.70194e-09	1	2.20000e-02	-7.00000e-01	2.50000e-01	-1.98000e-01
-4.79629e-02	1.30306e-04	-6.03516e-05	9.28310e-04	7.11743e-01	2.84701e-01	7.36766e-07	5.47507e-07	7.44420e-09	1.06026e-07	6.30137e-09	-1.71439e-09	1	2.42000e-02	-7.00000e-01	2.50000e-01	-1.95800e-01
-4.79419e-02	3.92646e-05	-1.68887e-05	8.58997e-04	7.11743e-01	2.84701e-01	7.37156e-07	5.47582e-07	7.49842e-09	1.05929e-07	6.03217e-09	-1.72476e-09	1	2.64000e-02	-7.00000e-01	2.50000e-01	-1.93600e-01
-4.79416e-02	-4.24002e-05	2.13346e-05	8.63218e-04	7.11743e-01	2.84701e-01	7.37509e-07	5.47655e-07	7.56589e-09	1.05834e-07	5.75860e-09	-1.73226e-09	1	2.86000e-02	-7.00000e-01	2.50000e-01	-1.91400e-01
-4.79642e-02	-1.25531e-04	4.62008e-05	9.26069e-04	7.11743e-01	2.84701e-01	7.37827e-07	5.47726e-07	7.64611e-09	1.05742e-07	5.48023e-09	-1.73745e-09	1	3.08000e-02	-7.00000e-01	2.50000e-01	-1.89200e-01
-4.79461e-02	-1.63265e-04	7.17257e-05	7.71339e-04	7.11743e-01	2.84701e-01	7.38136e-07	5.47801e-07	7.73886e-09	1.05654e-07	5.19791e-09	-1.74102e-09	1	3.30000e-02	-7.00000e-01	2.50000e-01	-1.87000e-01
-4.78573e-02	1.99019e-05	-1.01798e-05	2.88426e-04	7.11742e-01	2.84701e-01	7.38438e-07	5.47881e-07	7.84328e-09	1.05570e-07	4.91221e-09	-1.74300e-09	1	3.52000e-02	-7.00000e-01	2.50000e-01	-1.84800e-01
-4.77245e-02	4.28091e-04	-1.97310e-04	-3.47888e-04	7.11742e-01	2.84702e-01	7.38682e-07	5.47950e-07	7.95765e-09	1.05494e-07	4.62222e-09	-1.74306e-09	1	3.74000e-02	-7.00000e-01	2.50000e-01	-1.82600e-01
-4.76895e-02	5.34964e-04	-2.31586e-04	-3.90367e-04	7.11742e-01	2.84704e-01	7.38892e-07	5.48016e-07	8.08086e-09	1.05421e-07	4.32901e-09	-1.74076e-09	1	3.96000e-02	-7.00000e-01	2.50000e-01	-1.80400e-01
-4.79028e-02	-3.91336e-04	1.59272e-04	7.92898e-04	7.11741e-01	2.84707e-01	7.39079e-07	5.48079e-07	8.21162e-09	1.05348e-07	4.03352e-09	-1.73537e-09	1	4.18000e-02	-7.00000e-01	2.50000e-01	-1.78200e-01
-4.79309e-02	-6.37429e-04	2.61079e-04	9.98707e-04	7.11741e-01	2.84705e-01	7.39274e-07	5.48163e-07	8.34785e-09	1.05268e-07	3.72859e-09	-1.73035e-09	1	4.40000e-02	-7.00000e-01	2.50000e-01	-1.76000e-01
-4.77304e-02	1.59001e-04	-7.19001e-05	1.75844e-04	7.11740e-01	2.84697e-01	7.39448e-07	5.48256e-07	8.48791e-09	1.05189e-07	3.41472e-09	-1.72578e-09	1	4.62000e-02	-7.00000e-01	2.50000e-01	-1.73800e-01
-4.75960e-02	1.29857e-03	-5.51818e-04	-8.40629e-04	7.11740e-01	2.84710e-01	7.39510e-07	5.48289e-07	8.63281e-09	1.05144e-07	3.12677e-09	-1.70838e-09	1	4.84000e-02	-7.00000e-01	2.50000e-01	-1.71600e-01
-4.80598e-02	-9.26067e-04	3.84317e-04	1.13895e-03	7.11738e-01	2.84736e-01	7.39651e-07	5.48372e-07	8.77765e-09	1.05090e-07	2.82612e-09	-1.69382e-09	1	5.06000e-02	-7.00000e-01	2.50000e-01	-1.69400e-01
-4.74332e-02	-9.19050e-04	5.07006e-04	1.07990e-03	7.11739e-01	2.84724e-01	7.39752e-07	5.48464e-07	8.92078e-09	1.04999e-07	2.49029e-09	-1.69136e-09	1	5.28000e-02	-7.00000e-01	2.50000e-01	-1.67200e-01
-4.72013e-02	-1.77010e-03	-6.69860e-03	7.17353e-03	7.11740e-01	2.85483e-01	7.39728e-07	5.48560e-07	9.06068e-09	1.04943e-07	2.13567e-09	-1.67871e-09	1	5.50000e-02	-7.00000e-01	2.50000e-01	-1.65000e-01
-4.77882e-02	1.99358e-04	8.73675e-04	-6.54949e-04	7.11738e-01	2.84701e-01	7.39671e-07	5.48595e-07	9.19619e-09	1.04843e-07	1.81689e-09	-1.65143e-09	1	5.72000e-02	-7.00000e-01	2.50000e-01	-1.62800e-01
-4.76646e-02	-5.55985e-05	-3.73249e-04	6.98371e-04	7.11737e-01	2.84706e-01	7.39628e-07	5.48608e-07	9.32362e-09	1.04714e-07	1.51325e-09	-1.63514e-09	1	5.94000e-02	-7.00000e-01	2.50000e-01	-1.60600e-01
-4.77805e-02	1.78374e-05	9.78189e-05	2.44270e-04	7.11736e-01	2.84701e-01	7.39741e-07	5.48762e-07	9.44139e-09	1.04789e-07	1.20190e-09	-1.61468e-09	1	6.16000e-02	-7.00000e-01	2.50000e-01	-1.58400e-01
-4.76996e-02	-1.56258e-05	1.21491e-04	2.21832e-04	7.11735e-01	2.84697e-01	7.39771e-07	5.48855e-07	9.54553e-09	1.04783e-07	8.96213e-10	-1.59585e-09	1	6.38000e-02	-7.00000e-01	2.50000e-01	-1.56200e-01
-4.76616e-02	-5.21606e-05	-2.00165e-04	5.56017e-04	7.11734e-01	2.84695e-01	7.39724e-07	5.48909e-07	9.63474e-09	1.04729e-07	5.92173e-10	-1.57483e-09	1	6.60000e-02	-7.00000e-01	2.50000e-01	-1.54000e-01
-4.77955e-02	2.14129e-05	1.33712e-05	2.81650e-04	7.11733e-01	2.84693e-01	7.39611e-07	5.48937e-07	9.70806e-09	1.04652e-07	2.87762e-10	-1.54956e-09	1	6.82000e-02	-7.00000e-01	2.50000e-01	-1.51800e-01
-4.76249e-02	-3.49524e-05	1.55819e-04	2.04358e-04	7.11731e-01	2.84693e-01	7.39468e-07	5.48958e-07	9.76454e-09	1.04546e-07	-1.06757e-11	-1.52556e-09	1	7.04000e-02	-7.00000e-01	2.50000e-01	-1.49600e-01
-4.75419e-02	-4.78977e-05	1.33834e-04	2.21285e-04	7.11730e-01	2.84692e-01	7.39389e-07	5.49021e-07	9.80428e-09	1.04517e-07	-3.10071e-10	-1.50176e-09	1	7.26000e-02	-7.00000e-01	2.50000e-01	-1.47400e-01
-4.75833e-02	-2.56704e-05	9.02750e-06	3.78077e-04	7.11729e-01	2.84692e-01	7.39349e-07	5.49128e-07	9.82683e-09	1.04548e-07	-6.09982e-10	-1.47793e-09	1	7.48000e-02	-7.00000e-01	2.50000e-01	-1.45200e-01
-4.76180e-02	-1.57947e-05	-5.51172e-05	4.92452e-04	7.11727e-01	2.84692e-01	7.39277e-07	5.49212e-07	9.83216e-09	1.04565e-07	-9.06784e-10	-1.45246e-09	1	7.70000e-02	-7.00000e-01	2.50000e-01	-1.43000e-01
-4.76237e-02	-2.44321e-06	-3.43320e-05	4.95537e-04	7.11726e-01	2.84691e-01	7.39168e-07	5.49291e-07	9.82062e-09	1.04567e-07	-1.20080e-09	-1.42561e-09	1	7.92000e-02	-7.00000e-01	2.50000e-01	-1.40800e-01
-4.76145e-02	3.28292e-06	-1.47558e-05	4.72685e-04	7.11724e-01	2.84691e-01	7.39033e-07	5.49363e-07	9.79277e-09	1.04562e-07	-1.49224e-09	-1.39832e-09	1	8.14000e-02	-7.00000e-01	2.50000e-01	-1.38600e-01
-4.75944e-02	1.70063e-06	3.74582e-07	4.69484e-04	7.11723e-01	2.84690e-01	7.38880e-07	5.49427e-07	9.74926e-09	1.04552e-07	-1.78132e-09	-1.37053e-09	1	8.36000e-02	-7.00000e-01	2.50000e-01	-1.36400e-01
-4.75639e-02	1.11581e-05	3.56853e-05	4.98570e-04	7.11721e-01	2.84689e-01	7.38710e-07	5.49483e-07	9.69077e-09	1.04537e-07	-2.06764e-09	-1.34153e-09	1	8.58000e-02	-7.00000e-01	2.50000e-01	-1.34200e-01
-4.75231e-02	1.58507e-05	3.95793e-05	4.89287e-04	7.11719e-01	2.84689e-01	7.38514e-07	5.49533e-07	9.61816e-09	1.04514e-07	-2.35038e-09	-1.31072e-09	1	8.80000e-02	-7.00000e-01	2.50000e-01	-1.32000e-01
-4.74505e-02	3.22436e-05	-6.32894e-06	3.75780e-04	7.11717e-01	2.84688e-01	7.38284e-07	5.49577e-07	9.53257e-09	1.04476e-07	-2.62858e-09	-1.27827e-09	1	9.02000e-02	-7.00000e-01	2.50000e-01	-1.29800e-01
-4.73675e-02	5.22171e-05	-1.44357e-04	2.27983e-04	7.11715e-01	2.84686e-01	7.38026e-07	5.49598e-07	9.43572e-09	1.04424e-07	-2.90197e-09	-1.24443e-09	1	9.24000e-02	-7.00000e-01	2.50000e-01	-1.27600e-01
-4.74119e-02	3.39072e-05	-1.48836e-04	2.04846e-04	7.11713e-01	2.84686e-01	7.37810e-07	5.49663e-07	9.33037e-09	1.04429e-07	-3.17763e-09	-1.21133e-09	1	9.46000e-02	-7.00000e-01	2.50000e-01	-1.25400e-01
-4.75428e-02	-7.54401e-06	-1.16749e-05	2.79077e-04	7.11711e-01	2.84685e-01	7.37658e-07	5.49770e-07	9.21937e-09	1.04509e-07	-3.45817e-09	-1.17988e-09	1	9.68000e-02	-7.00000e-01	2.50000e-01	-1.23200e-01
-4.73763e-02	5.19926e-05	1.94522e-04	5.55839e-04	7.11710e-01	2.84686e-01	7.37481e-07	5.49869e-07	9.10386e-09	1.04559e-07	-3.73883e-09	-1.14375e-09	1	9.90000e-02	-7.00000e-01	2.50000e-01	-1.21000e-01
-4.73768e-02	-1.06632e-05	-1.31345e-04	2.24815e-04	7.11708e-01	2.84686e-01	7.37246e-07	5.49943e-07	8.98552e-09	1.04584e-07	-4.01203e-09	-1.10817e-09	1	1.01200e-01	-7.00000e-01	2.50000e-01	-1.18800e-01
-4.74153e-02	-1.29278e-05	-1.09867e-04	2.38638e-04	7.11706e-01	2.84688e-01	7.36944e-07	5.49976e-07	8.86641e-09	1.04562e-07	-4.27665e-09	-1.06965e-09	1	1.03400e-01	-7.00000e-01	2.50000e-01	-1.16600e-01
-4.72617e-02	1.35735e-04	3.93096e-04	7.00952e-04	7.11704e-01	2.84693e-01	7.36562e-07	5.49946e-07	8.74884e-09	1.04457e-07	-4.53269e-09	-1.02256e-09	1	1.05600e-01	-7.00000e-01	2.50000e-01	-1.14400e-01
-4.73422e-02	-1.73375e-04	-8.03723e-04	-5.85320e-04	7.11702e-01	2.84685e-01	7.36325e-07	5.50056e-07	8.64033e-09	1.04546e-07	-4.80020e-09	-9.85668e-10	1	1.07800e-01	-7.00000e-01	2.50000e-01	-1.12200e-01
-4.67967e-02	1.71934e-03	6.46813e-03	7.14087e-03	7.11700e-01	2.85455e-01	7.36119e-07	5.50149e-07	8.54229e-09	1.04611e-07	-5.08028e-09	-9.34506e-10	1	1.10000e-01	-7.00000e-01	2.50000e-01	-1.10000e-01
-4.69584e-02	1.02974e-03	-6.32881e-04	1.08171e-03	7.11696e-01	2.84712e-01	7.35892e-07	5.50178e-07	8.45700e-09	1.04630e-07	-5.38735e-09	-8.90484e-10	1	1.12200e-01	-7.00000e-01	2.50000e-01	-1.07800e-01
-4.75146e-02	8.81510e-04	-4.19195e-04	1.06913e-03	7.11693e-01	2.84718e-01	7.35534e-07	5.50206e-07	8.38460e-09	1.04681e-07	-5.67060e-09	-8.56076e-10	1	1.14400e-01	-7.00000e-01	2.50000e-01	-1.05600e-01
-4.70143e-02	-1.25252e-03	6.24142e-04	-7.83977e-04	7.11691e-01	2.84690e-01	7.35146e-07	5.50245e-07	8.32669e-09	1.04693e-07	-5.91596e-09	-8.06090e-10	1	1.16600e-01	-7.00000e-01	2.50000e-01	-1.03400e-01
-4.71268e-02	-1.69324e-04	8.49879e-05	1.69848e-04	7.11689e-01	2.84677e-01	7.34839e-07	5.50334e-07	8.28423e-09	1.04694e-07	-6.14980e-09	-7.50017e-10	1	1.18800e-01	-7.00000e-01	2.50000e-01	-1.01200e-01
-4.73119e-02	6.49824e-04	-3.32020e-04	9.63511e-04	7.11687e-01	2.84683e-01	7.34427e-07	5.50360e-07	8.26075e-09	1.04728e-07	-6.40513e-09	-7.03880e-10	1	1.21000e-01	-7.00000e-01	2.50000e-01	-9.90000e-02
-4.72514e-02	4.05103e-04	-2.00945e-04	7.71466e-04	7.11684e-01	2.84685e-01	7.34003e-07	5.50394e-07	8.25360e-09	1.04761e-07	-6.64775e-09	-6.54013e-10	1	1.23200e-01	-7.00000e-01	2.50000e-01	-9.68000e-02
-4.69918e-02	-5.53406e-04	3.00561e-04	-3.52789e-04	7.11682e-01	2.84680e-01	7.33590e-07	5.50446e-07	8.26308e-09	1.04785e-07	-6.87853e-09	-6.00012e-10	1	1.25400e-01	-7.00000e-01	2.50000e-01	-9.46000e-02
-4.69978e-02	-4.48590e-04	2.52173e-04	-3.11212e-04	7.11680e-01	2.84677e-01	7.33161e-07	5.50497e-07	8.28958e-09	1.04808e-07	-7.10367e-09	-5.45612e-10	1	1.27600e-01	-7.00000e-01	2.50000e-01	-9.24000e-02
-4.71082e-02	-2.10581e-05	1.53652e-05	2.89896e-04	7.11678e-01	2.84676e-01	7.32706e-07	5.50542e-07	8.33204e-09	1.04835e-07	-7.32226e-09	-4.90949e-10	1	1.29800e-01	-7.00000e-01	2.50000e-01	-9.02000e-02
-4.71714e-02	1.78433e-04	-1.02917e-04	7.45373e-04	7.11676e-01	2.84674e-01	7.32202e-07	5.50575e-07	8.38886e-09	1.04867e-07	-7.53240e-09	-4.36485e-10	1	1.32000e-01	-7.00000e-01	2.50000e-01	-8.80000e-02
-4.71638e-02	1.49539e-04	-9.44196e-05	8.87966e-04	7.11673e-01	2.84673e-01	7.31698e-07	5.50611e-07	8.45962e-09	1.04904e-07	-7.73607e-09	-3.81180e-10	1	1.34200e-01	-7.00000e-01	2.50000e-01	-8.58000e-02
-4.71153e-02	5.71864e-05	-4.63278e-05	8.21166e-04	7.11671e-01	2.84672e-01	7.31194e-07	5.50650e-07	8.54266e-09	1.04944e-07	-7.93157e-09	-3.24859e-10	1	1.36400e-01	-7.00000e-01	2.50000e-01	-8.36000e-02
-4.70875e-02	-1.94676e-05	-1.10809e-05	8.25920e-04	7.11669e-01	2.84671e-01	7.30663e-07	5.50685e-07	8.63552e-09	1.04985e-07	-8.11633e-09	-2.68558e-10	1	1.38600e-01	-7.00000e-01	2.50000e-01	-8.14000e-02
-4.70837e-02	-1.05373e-04	2.59236e-05	8.83777e-04	7.11667e-01	2.84670e-01	7.30107e-07	5.50716e-07	8.73633e-09	1.05030e-07	-8.29046e-09	-2.12891e-10	1	1.40800e-01	-7.00000e-01	2.50000e-01	-7.92000e-02
-4.70420e-02	-1.42057e-04	4.98545e-05	7.42159e-04	7.11665e-01	2.84670e-01	7.29554e-07	5.50750e-07	8.84393e-09	1.05076e-07	-8.45466e-09	-1.57090e-10	1	1.43000e-01	-7.00000e-01	2.50000e-01	-7.70000e-02
-4.69360e-02	1.78856e-05	-8.53939e-06	2.95152e-04	7.11662e-01	2.84669e-01	7.29003e-07	5.50787e-07	8.95657e-09	1.05127e-07	-8.60742e-09	-1.00752e-10	1	1.45200e-01	-7.00000e-01	2.50000e-01	-7.48000e-02
-4.67895e-02	3.96033e-04	-1.81047e-04	-2.99682e-04	7.11660e-01	2.84669e-01	7.28413e-07	5.50813e-07	9.07138e-09	1.05183e-07	-8.74597e-09	-4.50137e-11	1	1.47400e-01	-7.00000e-01	2.50000e-01	-7.26000e-02
-4.67345e-02	5.00440e-04	-2.30287e-04	-3.40411e-04	7.11658e-01	2.84670e-01	7.27805e-07	5.50833e-07	9.18717e-09	1.05240e-07	-8.87202e-09	1.07224e-11	1	1.49600e-01	-7.00000e-01	2.50000e-01	-7.04000e-02
-4.69147e-02	-3.66013e-04	1.62006e-04	7.53601e-04	7.11656e-01	2.84672e-01	7.27190e-07	5.50851e-07	9.30248e-09	1.05298e-07	-8.98635e-09	6.64998e-11	1	1.51800e-01	-7.00000e-01	2.50000e-01	-6.82000e-02
-4.69222e-02	-6.02992e-04	2.66953e-04	9.46954e-04	7.11654e-01	2.84670e-01	7.26601e-07	5.50888e-07	9.41514e-09	1.05347e-07	-9.09735e-09	1.18478e-10	1	1.54000e-01	-7.00000e-01	2.50000e-01	-6.60000e-02
-4.67134e-02	1.50415e-04	-7.38808e-05	1.92034e-04	7.11652e-01	2.84662e-01	7.26011e-07	5.50933e-07	9.52277e-09	1.05394e-07	-9.20192e-09	1.65888e-10	1	1.56200e-01	-7.00000e-01	2.50000e-01	-6.38000e-02
-4.65790e-02	1.24033e-03	-5.77312e-04	-7.54461e-04	7.11650e-01	2.84673e-01	7.25329e-07	5.50916e-07	9.62549e-09	1.05470e-07	-9.26302e-09	2.22303e-10	1	1.58400e-01	-7.00000e-01	2.50000e-01	-6.16000e-02
-4.70108e-02	-8.83219e-04	4.04371e-04	1.07211e-03	7.11647e-01	2.84696e-01	7.24740e-07	5.50948e-07	9.71974e-09	1.05537e-07	-9.32651e-09	2.74641e-10	1	1.60600e-01	-7.00000e-01	2.50000e-01	-5.94000e-02
-4.63338e-02	-8.77957e-04	5.11073e-04	1.02670e-03	7.11646e-01	2.84685e-01	7.24135e-07	5.50989e-07	9.80514e-09	1.05567e-07	-9.41018e-09	3.13150e-10	1	1.62800e-01	-7.00000e-01	2.50000e-01	-5.72000e-02
-4.60681e-02	-1.74085e-03	-6.63318e-03	7.10005e-03	7.11647e-01	2.85450e-01	7.23435e-07	5.51033e-07	9.88055e-09	1.05626e-07	-9.49585e-09	3.57939e-10	1	1.65000e-01	-7.00000e-01	2.50000e-01	-5.50000e-02
-4.67137e-02	1.86184e-04	8.69965e-04	-6.38259e-04	7.11644e-01	2.84663e-01	7.22742e-07	5.51012e-07	9.94065e-09	1.05642e-07	-9.52894e-09	4.16254e-10	1	1.67200e-01	-7.00000e-01	2.50000e-01	-5.28000e-02
-4.65645e-02	-5.29353e-05	-3.99859e-04	7.04471e-04	7.11642e-01	2.84668e-01	7.22085e-07	5.50971e-07	9.98580e-09	1.05627e-07	-9.53867e-09	4.59664e-10	1	1.69400e-01	-7.00000e-01	2.50000e-01	-5.06000e-02
-4.66793e-02	1.93671e-05	9.99186e-05	2.44672e-04	7.11640e-01	2.84662e-01	7.21547e-07	5.51071e-07	1.00241e-08	1.05802e-07	-9.56768e-09	4.99315e-10	1	1.71600e-01	-7.00000e-01	2.50000e-01	-4.84000e-02
-4.65910e-02	-2.09638e-05	1.10263e-04	2.28909e-04	7.11639e-01	2.84658e-01	7.20975e-07	5.51108e-07	1.00418e-08	1.05897e-07	-9.57240e-09	5.36974e-10	1	1.73800e-01	-7.00000e-01	2.50000e-01	-4.62000e-02
-4.65453e-02	-4.97012e-05	-1.93618e-04	5.57712e-04	7.11637e-01	2.84656e-01	7.20368e-07	5.51103e-07	1.00400e-08	1.05945e-07	-9.56035e-09	5.76032e-10	1	1.76000e-01	-7.00000e-01	2.50000e-01	-4.40000e-02
-4.66741e-02	2.03552e-05	3.55701e-06	2.88460e-04	7.11635e-01	2.84654e-01	7.19735e-07	5.51072e-07	1.00198e-08	1.05966e-07	-9.53629e-09	6.18086e-10	1	1.78200e-01	-7.00000e-01	2.50000e-01	-4.18000e-02
-4.65040e-02	-3.78555e-05	1.47632e-04	2.10980e-04	7.11633e-01	2.84653e-01	7.19104e-07	5.51032e-07	9.98153e-09	1.05957e-07	-9.49747e-09	6.56885e-10	1	1.80400e-01	-7.00000e-01	2.50000e-01	-3.96000e-02
-4.64181e-02	-4.93060e-05	1.40372e-04	2.30164e-04	7.11631e-01	2.84653e-01	7.18538e-07	5.51034e-07	9.92982e-09	1.06017e-07	-9.45971e-09	6.91469e-10	1	1.82600e-01	-7.00000e-01	2.50000e-01	-3.74000e-02
-4.64594e-02	-2.63835e-05	1.85220e-07	3.82530e-04	7.11630e-01	2.84653e-01	7.18014e-07	5.51079e-07	9.86452e-09	1.06131e-07	-9.42106e-09	7.22620e-10	1	1.84800e-01	-7.00000e-01	2.50000e-01	-3.52000e-02
-4.64881e-02	-1.27153e-05	-5.89780e-05	5.01498e-04	7.11628e-01	2.84652e-01	7.17492e-07	5.51100e-07	9.78394e-09	1.06229e-07	-9.37133e-09	7.53676e-10	1	1.87000e-01	-7.00000e-01	2.50000e-01	-3.30000e-02
-4.64981e-02	-9.32895e-06	-3.93269e-05	5.00385e-04	7.11627e-01	2.84652e-01	7.16966e-07	5.51114e-07	9.68953e-09	1.06309e-07	-9.31131e-09	7.85237e-10	1	1.89200e-01	-7.00000e-01	2.50000e-01	-3.08000e-02
-4.64913e-02	4.72349e-06	-1.05638e-05	4.79230e-04	7.11625e-01	2.84651e-01	7.16443e-07	5.51120e-07	9.58301e-09	1.06379e-07	-9.24196e-09	8.16779e-10	1	1.91400e-01	-7.00000e-01	2.50000e-01	-2.86000e-02
-4.64754e-02	2.73590e-07	3.33449e-06	4.81874e-04	7.11623e-01	2.84650e-01	7.15929e-07	5.51116e-07	9.46611e-09	1.06441e-07	-9.16420e-09	8.48175e-10	1	1.93600e-01	-7.00000e-01	2.50000e-01	-2.64000e-02
-4.64520e-02	1.24897e-05	2.77037e-05	5.02503e-04	7.11622e-01	2.84650e-01	7.15423e-07	5.51103e-07	9.34047e-09	1.06496e-07	-9.07857e-09	8.79543e-10	1	1.95800e-01	-7.00000e-01	2.50000e-01	-2.42000e-02
-4.64121e-02	1.83607e-05	5.34837e-05	5.03429e-04	7.11621e-01	2.84649e-01	7.14922e-07	5.51082e-07	9.20763e-09	1.06540e-07	-8.98499e-09	9.10890e-10	1	1.98000e-01	-7.00000e-01	2.50000e-01	-2.20000e-02
-4.63511e-02	3.53395e-05	-1.03224e-05	3.85248e-04	7.11619e-01	2.84649e-01	7.14417e-07	5.51053e-07	9.06924e-09	1.06568e-07	-8.88297e-09	9.42117e-10	1	2.00200e-01	-7.00000e-01	2.50000e-01	-1.98000e-02
-4.62810e-02	4.73886e-05	-1.40006e-04	2.29476e-04	7.11617e-01	2.84647e-01	7.13917e-07	5.51000e-07	8.92733e-09	1.06579e-07	-8.77244e-09	9.73677e-10	1	2.02400e-01	-7.00000e-01	2.50000e-01	-1.76000e-02
-4.63377e-02	3.76592e-05	-1.58338e-04	2.11900e-04	7.11616e-01	2.84647e-01	7.13455e-07	5.50989e-07	8.78572e-09	1.06644e-07	-8.66142e-09	1.00469e-09	1	2.04600e-01	-7.00000e-01	2.50000e-01	-1.54000e-02
-4.64716e-02	-6.25585e-06	1.04174e-06	2.98748e-04	7.11615e-01	2.84647e-01	7.13046e-07	5.51019e-07	8.64658e-09	1.06777e-07	-8.55094e-09	1.03508e-09	1	2.06800e-01	-7.00000e-01	2.50000e-01	-1.32000e-02
-4.63145e-02	5.43885e-05	1.94944e-04	5.61223e-04	7.11615e-01	2.84648e-01	7.12638e-07	5.51038e-07	8.50962e-09	1.06880e-07	-8.43495e-09	1.07029e-09	1	2.09000e-01	-7.00000e-01	2.50000e-01	-1.10000e-02
-4.63354e-02	-1.31684e-05	-1.22833e-04	2.26641e-04	7.11613e-01	2.84648e-01	7.12208e-07	5.51031e-07	8.37604e-09	1.06958e-07	-8.30732e-09	1.10418e-09	1	2.11200e-01	-7.00000e-01	2.50000e-01	-8.80000e-03
-4.63885e-02	-4.57578e-06	-9.76746e-05	2.47686e-04	7.11612e-01	2.84651e-01	7.11753e-07	5.50981e-07	8.24733e-09	1.06989e-07	-8.16850e-09	1.13929e-09	1	2.13400e-01	-7.00000e-01	2.50000e-01	-6.60000e-03
-4.62414e-02	1.40280e-04	3.89418e-04	7.00430e-04	7.11611e-01	2.84656e-01	7.11272e-07	5.50865e-07	8.12506e-09	1.06941e-07	-8.02018e-09	1.18057e-09	1	2.15600e-01	-7.00000e-01	2.50000e-01	-4.40000e-03
-4.63531e-02	-1.73348e-04	-7.95814e-04	-5.73057e-04	7.11610e-01	2.84649e-01	7.10879e-07	5.50889e-07	8.01371e-09	1.07077e-07	-7.87777e-09	1.21308e-09	1	2.17800e-01	-7.00000e-01	2.50000e-01	-2.20000e-03
-4.57110e-02	1.70360e-03	6.38831e-03	7.06188e-03	7.11610e-01	2.85420e-01	7.10535e-07	5.50894e-07	7.91332e-09	1.07187e-07	-7.74188e-09	1.25970e-09	1	2.20000e-01	-7.00000e-01	2.50000e-01	0.00000e+00
-4.59541e-02	9.88317e-04	-6.37075e-04	1.01677e-03	7.11607e-01	2.84675e-01	7.10218e-07	5.50833e-07	7.82594e-09	1.07253e-07	-7.62852e-09	1.29757e-09	1	2.22200e-01	-7.00000e-01	2.50000e-01	2.20000e-03
-4.65672e-02	8.45366e-04	-4.36517e-04	1.01743e-03	7.11605e-01	2.84681e-01	7.09804e-07	5.50771e-07	7.74938e-09	1.07345e-07	-7.49033e-09	1.32671e-09	1	2.24400e-01	-7.00000e-01	2.50000e-01	4.40000e-03
-4.60967e-02	-1.20529e-03	6.40686e-04	-7.01098e-04	7.11606e-01	2.84655e-01	7.09383e-07	5.50717e-07	7.68345e-09	1.07400e-07	-7.31538e-09	1.37109e-09	1	2.26600e-01	-7.00000e-01	2.50000e-01	6.60000e-03
-4.62196e-02	-1.52663e-04	7.70914e-05	1.87735e-04	7.11605e-01	2.84643e-01	7.09053e-07	5.50711e-07	7.62832e-09	1.07448e-07	-7.12908e-09	1.41951e-09	1	2.28800e-01	-7.00000e-01	2.50000e-01	8.80000e-03
-4.64160e-02	6.15833e-04	-3.17867e-04	9.17098e-04	7.11604e-01	2.84650e-01	7.08653e-07	5.50641e-07	7.58750e-09	1.07522e-07	-6.96061e-09	1.45517e-09	1	2.31000e-01	-7.00000e-01	2.50000e-01	1.10000e-02
-4.63823e-02	3.84177e-04	-2.07326e-04	7.31801e-04	7.11604e-01	2.84651e-01	7.08267e-07	5.50579e-07	7.55768e-09	1.07593e-07	-6.78027e-09	1.49339e-09	1	2.33200e-01	-7.00000e-01	2.50000e-01	1.32000e-02
-4.61564e-02	-5.22599e-04	2.98522e-04	-3.03418e-04	7.11603e-01	2.84648e-01	7.07915e-07	5.50533e-07	7.53889e-09	1.07655e-07	-6.58844e-09	1.53485e-09	1	2.35400e-01	-7.00000e-01	2.50000e-01	1.54000e-02
-4.61884e-02	-4.18414e-04	2.26950e-04	-2.68538e-04	7.11603e-01	2.84646e-01	7.07570e-07	5.50484e-07	7.53194e-09	1.07715e-07	-6.39099e-09	1.57554e-09	1	2.37600e-01	-7.00000e-01	2.50000e-01	1.76000e-02
-4.63129e-02	-1.56379e-05	1.99790e-05	2.96399e-04	7.11603e-01	2.84645e-01	7.07225e-07	5.50428e-07	7.53660e-09	1.07775e-07	-6.18784e-09	1.61496e-09	1	2.39800e-01	-7.00000e-01	2.50000e-01	1.98000e-02
-4.63988e-02	1.60446e-04	-9.06417e-05	7.13935e-04	7.11603e-01	2.84645e-01	7.06863e-07	5.50360e-07	7.55267e-09	1.07839e-07	-5.97854e-09	1.65217e-09	1	2.42000e-01	-7.00000e-01	2.50000e-01	2.20000e-02
-4.64150e-02	1.25831e-04	-6.81802e-05	8.44353e-04	7.11602e-01	2.84644e-01	7.06521e-07	5.50293e-07	7.58067e-09	1.07905e-07	-5.76465e-09	1.68666e-09	1	2.44200e-01	-7.00000e-01	2.50000e-01	2.42000e-02
-4.63903e-02	3.82841e-05	-1.76796e-05	7.90093e-04	7.11602e-01	2.84644e-01	7.06201e-07	5.50229e-07	7.62068e-09	1.07971e-07	-5.54471e-09	1.71862e-09	1	2.46400e-01	-7.00000e-01	2.50000e-01	2.64000e-02
-4.63910e-02	-4.14783e-05	2.08922e-05	7.91973e-04	7.11602e-01	2.84644e-01	7.05881e-07	5.50159e-07	7.67258e-09	1.08037e-07	-5.31707e-09	1.74844e-09	1	2.48600e-01	-7.00000e-01	2.50000e-01	2.86000e-02
-4.64180e-02	-1.27801e-04	7.03451e-05	8.48686e-04	7.11603e-01	2.84644e-01	7.05561e-07	5.50085e-07	7.73653e-09	1.08103e-07	-5.08181e-09	1.77633e-09	1	2.50800e-01	-7.00000e-01	2.50000e-01	3.08000e-02
-4.64019e-02	-1.56772e-04	8.57406e-05	7.17679e-04	7.11603e-01	2.84645e-01	7.05261e-07	5.50013e-07	7.81287e-09	1.08170e-07	-4.83898e-09	1.80267e-09	1	2.53000e-01	-7.00000e-01	2.50000e-01	3.30000e-02
-4.63196e-02	1.80511e-05	-1.76343e-05	2.98758e-04	7.11603e-01	2.84645e-01	7.04982e-07	5.49943e-07	7.90117e-09	1.08238e-07	-4.58789e-09	1.82723e-09	1	2.55200e-01	-7.00000e-01	2.50000e-01	3.52000e-02
-4.61961e-02	4.17330e-04	-2.36651e-04	-2.68005e-04	7.11604e-01	2.84646e-01	7.04686e-07	5.49861e-07	7.99994e-09	1.08309e-07	-4.32801e-09	1.84909e-09	1	2.57400e-01	-7.00000e-01	2.50000e-01	3.74000e-02
-4.61682e-02	5.19017e-04	-2.89045e-04	-3.04174e-04	7.11604e-01	2.84648e-01	7.04393e-07	5.49774e-07	8.10796e-09	1.08380e-07	-4.06050e-09	1.86775e-09	1	2.59600e-01	-7.00000e-01	2.50000e-01	3.96000e-02
-4.63939e-02	-3.78271e-04	2.04651e-04	7.31419e-04	7.11604e-01	2.84652e-01	7.04111e-07	5.49683e-07	8.22364e-09	1.08449e-07	-3.78574e-09	1.88335e-09	1	2.61800e-01	-7.00000e-01	2.50000e-01	4.18000e-02
-4.64328e-02	-6.25448e-04	3.27887e-04	9.18829e-04	7.11605e-01	2.84650e-01	7.03869e-07	5.49611e-07	8.34455e-09	1.08509e-07	-3.51081e-09	1.89307e-09	1	2.64000e-01	-7.00000e-01	2.50000e-01	4.40000e-02
-4.62383e-02	1.58375e-04	-8.82035e-05	1.95285e-04	7.11606e-01	2.84643e-01	7.03645e-07	5.49546e-07	8.46844e-09	1.08566e-07	-3.23418e-09	1.89770e-09	1	2.66200e-01	-7.00000e-01	2.50000e-01	4.62000e-02
-4.61122e-02	1.26964e-03	-6.81611e-04	-7.12290e-04	7.11607e-01	2.84657e-01	7.03357e-07	5.49422e-07	8.59525e-09	1.08647e-07	-2.92410e-09	1.91073e-09	1	2.68400e-01	-7.00000e-01	2.50000e-01	4.84000e-02
-4.66122e-02	-9.07870e-04	4.78599e-04	1.04667e-03	7.11606e-01	2.84682e-01	7.03168e-07	5.49344e-07	8.72023e-09	1.08721e-07	-2.61837e-09	1.91801e-09	1	2.70600e-01	-7.00000e-01	2.50000e-01	5.06000e-02
-4.59998e-02	-9.00522e-04	5.79903e-04	9.99861e-04	7.11608e-01	2.84671e-01	7.02979e-07	5.49275e-07	8.84181e-09	1.08758e-07	-2.33696e-09	1.90874e-09	1	2.72800e-01	-7.00000e-01	2.50000e-01	5.28000e-02
-4.57396e-02	-1.81922e-03	-6.44041e-03	7.04555e-03	7.11612e-01	2.85414e-01	7.02718e-07	5.49210e-07	8.95750e-09	1.08821e-07	-2.06632e-09	1.90449e-09	1	2.75000e-01	-7.00000e-01	2.50000e-01	5.50000e-02
-4.63897e-02	2.02209e-04	8.39532e-04	-6.29937e-04	7.11612e-01	2.84650e-01	7.02502e-07	5.49082e-07	9.06487e-09	1.08840e-07	-1.76017e-09	1.90629e-09	1	2.77200e-01	-7.00000e-01	2.50000e-01	5.72000e-02
-4.62738e-02	-5.46487e-05	-3.75198e-04	6.97442e-04	7.11613e-01	2.84656e-01	7.02338e-07	5.48933e-07	9.16165e-09	1.08826e-07	-1.43810e-09	1.89211e-09	1	2.79400e-01	-7.00000e-01	2.50000e-01	5.94000e-02
-4.64160e-02	1.57536e-05	8.71770e-05	2.46147e-04	7.11614e-01	2.84651e-01	7.02259e-07	5.48925e-07	9.24747e-09	1.08998e-07	-1.11836e-09	1.88610e-09	1	2.81600e-01	-7.00000e-01	2.50000e-01	6.16000e-02
-4.63635e-02	-1.71048e-05	1.12978e-04	2.23951e-04	7.11615e-01	2.84648e-01	7.02185e-07	5.48856e-07	9.31729e-09	1.09091e-07	-7.90967e-10	1.87258e-09	1	2.83800e-01	-7.00000e-01	2.50000e-01	6.38000e-02
-4.63482e-02	-5.53098e-05	-1.89517e-04	5.57472e-04	7.11616e-01	2.84648e-01	7.02108e-07	5.48748e-07	9.37019e-09	1.09133e-07	-4.61680e-10	1.85592e-09	1	2.86000e-01	-7.00000e-01	2.50000e-01	6.60000e-02
-4.65039e-02	2.03149e-05	3.30217e-06	2.85094e-04	7.11617e-01	2.84647e-01	7.02027e-07	5.48614e-07	9.40564e-09	1.09149e-07	-1.33775e-10	1.83806e-09	1	2.88200e-01	-7.00000e-01	2.50000e-01	6.82000e-02
-4.63722e-02	-4.30801e-05	1.54442e-04	2.05095e-04	7.11618e-01	2.84648e-01	7.01969e-07	5.48473e-07	9.42354e-09	1.09132e-07	1.96658e-10	1.81255e-09	1	2.90400e-01	-7.00000e-01	2.50000e-01	7.04000e-02
-4.63194e-02	-5.29831e-05	1.48438e-04	2.28986e-04	7.11619e-01	2.84648e-01	7.01971e-07	5.48375e-07	9.42516e-09	1.09183e-07	5.27163e-10	1.78538e-09	1	2.92600e-01	-7.00000e-01	2.50000e-01	7.26000e-02
-4.63870e-02	-3.07711e-05	5.04173e-06	3.85977e-04	7.11621e-01	2.84649e-01	7.02020e-07	5.48322e-07	9.41028e-09	1.09286e-07	8.58400e-10	1.75729e-09	1	2.94800e-01	-7.00000e-01	2.50000e-01	7.48000e-02
-4.64491e-02	-1.64163e-05	-5.20828e-05	5.01914e-04	7.11623e-01	2.84650e-01	7.02091e-07	5.48247e-07	9.37843e-09	1.09371e-07	1.18994e-09	1.72747e-09	1	2.97000e-01	-7.00000e-01	2.50000e-01	7.70000e-02
-4.64842e-02	-1.23509e-05	-3.38903e-05	5.08055e-04	7.11624e-01	2.84651e-01	7.02177e-07	5.48168e-07	9.33067e-09	1.09436e-07	1.52070e-09	1.69624e-09	1	2.99200e-01	-7.00000e-01	2.50000e-01	7.92000e-02
-4.65121e-02	-3.17662e-06	1.98416e-06	4.80702e-04	7.11626e-01	2.84651e-01	7.02282e-07	5.48083e-07	9.26865e-09	1.09489e-07	1.84941e-09	1.66285e-09	1	3.01400e-01	-7.00000e-01	2.50000e-01	8.14000e-02
-4.65289e-02	1.01656e-06	1.03545e-05	4.79980e-04	7.11627e-01	2.84652e-01	7.02408e-07	5.47992e-07	9.19419e-09	1.09531e-07	2.17483e-09	1.62649e-09	1	3.03600e-01	-7.00000e-01	2.50000e-01	8.36000e-02
-4.65323e-02	4.02569e-06	3.61196e-05	5.07149e-04	7.11629e-01	2.84653e-01	7.02556e-07	5.47895e-07	9.10914e-09	1.09565e-07	2.49590e-09	1.58676e-09	1	3.05800e-01	-7.00000e-01	2.50000e-01	8.58000e-02
-4.65235e-02	1.18979e-05	6.49390e-05	5.12082e-04	7.11631e-01	2.84653e-01	7.02719e-07	5.47794e-07	9.01525e-09	1.09584e-07	2.81195e-09	1.54363e-09	1	3.08000e-01	-7.00000e-01	2.50000e-01	8.80000e-02
-4.64968e-02	2.89130e-05	-1.21103e-05	3.82122e-04	7.11632e-01	2.84654e-01	7.02891e-07	5.47689e-07	8.91432e-09	1.09583e-07	3.12273e-09	1.49731e-09	1	3.10200e-01	-7.00000e-01	2.50000e-01	9.02000e-02
-4.64590e-02	4.62839e-05	-1.29675e-04	2.33618e-04	7.11633e-01	2.84654e-01	7.03079e-07	5.47563e-07	8.80834e-09	1.09562e-07	3.42781e-09	1.44936e-09	1	3.12400e-01	-7.00000e-01	2.50000e-01	9.24000e-02
-4.65452e-02	3.08731e-05	-1.42557e-04	2.08203e-04	7.11635e-01	2.84654e-01	7.03308e-07	5.47482e-07	8.70139e-09	1.09594e-07	3.73050e-09	1.40407e-09	1	3.14600e-01	-7.00000e-01	2.50000e-01	9.46000e-02
-4.67127e-02	-4.17415e-06	-3.94079e-06	2.87324e-04	7.11637e-01	2.84655e-01	7.03588e-07	5.47445e-07	8.59650e-09	1.09696e-07	4.03117e-09	1.36190e-09	1	3.16800e-01	-7.00000e-01	2.50000e-01	9.68000e-02
-4.65813e-02	5.11942e-05	2.00422e-04	5.59091e-04	7.11640e-01	2.84658e-01	7.03881e-07	5.47403e-07	8.49330e-09	1.09763e-07	4.32041e-09	1.32026e-09	1	3.19000e-01	-7.00000e-01	2.50000e-01	9.90000e-02
-4.66319e-02	-9.47653e-06	-1.22996e-04	2.30366e-04	7.11641e-01	2.84659e-01	7.04165e-07	5.47339e-07	8.39385e-09	1.09800e-07	4.60172e-09	1.27251e-09	1	3.21200e-01	-7.00000e-01	2.50000e-01	1.01200e-01
-4.67146e-02	-8.03342e-06	-1.09626e-04	2.46450e-04	7.11643e-01	2.84663e-01	7.04437e-07	5.47237e-07	8.29935e-09	1.09785e-07	4.87229e-09	1.22012e-09	1	3.23400e-01	-7.00000e-01	2.50000e-01	1.03400e-01
-4.65952e-02	1.42770e-04	4.07792e-04	7.04736e-04	7.11645e-01	2.84670e-01	7.04695e-07	5.47077e-07	8.21058e-09	1.09681e-07	5.12705e-09	1.16673e-09	1	3.25600e-01	-7.00000e-01	2.50000e-01	1.05600e-01
-4.67400e-02	-1.59805e-04	-8.17858e-04	-5.76452e-04	7.11647e-01	2.84664e-01	7.05031e-07	5.47056e-07	8.13857e-09	1.09771e-07	5.39344e-09	1.11688e-09	1	3.27800e-01	-7.00000e-01	2.50000e-01	1.07800e-01
-4.61122e-02	1.63094e-03	6.55828e-03	7.10388e-03	7.11650e-01	2.85451e-01	7.05424e-07	5.47020e-07	8.07882e-09	1.09831e-07	5.64190e-09	1.08072e-09	1	3.30000e-01	-7.00000e-01	2.50000e-01	1.10000e-01
-4.63722e-02	9.68232e-04	-5.78561e-04	1.04196e-03	7.11650e-01	2.84690e-01	7.05852e-07	5.46926e-07	8.03194e-09	1.09836e-07	5.84458e-09	1.02958e-09	1	3.32200e-01	-7.00000e-01	2.50000e-01	1.12200e-01
-4.70205e-02	8.16165e-04	-3.63493e-04	1.04571e-03	7.11650e-01	2.84697e-01	7.06187e-07	5.46835e-07	8.00200e-09	1.09865e-07	6.05415e-09	9.69672e-10	1	3.34400e-01	-7.00000e-01	2.50000e-01	1.14400e-01
-4.66081e-02	-1.16677e-03	5.44707e-04	-7.38048e-04	7.11653e-01	2.84673e-01	7.06523e-07	5.46757e-07	7.98972e-09	1.09854e-07	6.28722e-09	9.21491e-10	1	3.36600e-01	-7.00000e-01	2.50000e-01	1.16600e-01
-4.67442e-02	-1.53147e-04	5.98941e-05	1.74862e-04	7.11655e-01	2.84663e-01	7.06956e-07	5.46730e-07	7.99416e-09	1.09834e-07	6.52515e-09	8.75018e-10	1	3.38800e-01	-7.00000e-01	2.50000e-01	1.18800e-01
-4.69558e-02	6.00238e-04	-2.66724e-04	9.46822e-04	7.11657e-01	2.84671e-01	7.07317e-07	5.46646e-07	8.01743e-09	1.09834e-07	6.72876e-09	8.17274e-10	1	3.41000e-01	-7.00000e-01	2.50000e-01	1.21000e-01
-4.69473e-02	3.69616e-04	-1.51330e-04	7.56691e-04	7.11659e-01	2.84673e-01	7.07693e-07	5.46574e-07	8.05735e-09	1.09827e-07	6.93319e-09	7.63424e-10	1	3.43200e-01	-7.00000e-01	2.50000e-01	1.23200e-01
-4.67629e-02	-5.02871e-04	2.27387e-04	-3.41330e-04	7.11662e-01	2.84671e-01	7.08107e-07	5.46523e-07	8.11362e-09	1.09809e-07	7.14058e-09	7.13441e-10	1	3.45400e-01	-7.00000e-01	2.50000e-01	1.25400e-01
-4.68161e-02	-4.00455e-04	1.81136e-04	-2.99003e-04	7.11664e-01	2.84670e-01	7.08529e-07	5.46473e-07	8.18556e-09	1.09786e-07	7.34302e-09	6.63387e-10	1	3.47600e-01	-7.00000e-01	2.50000e-01	1.27600e-01
-4.69628e-02	-1.59894e-05	1.14013e-05	2.92240e-04	7.11666e-01	2.84670e-01	7.08953e-07	5.46422e-07	8.27165e-09	1.09760e-07	7.53886e-09	6.12293e-10	1	3.49800e-01	-7.00000e-01	2.50000e-01	1.29800e-01
-4.70691e-02	1.45425e-04	-5.21638e-05	7.43400e-04	7.11668e-01	2.84671e-01	7.09359e-07	5.46364e-07	8.36991e-09	1.09733e-07	7.72605e-09	5.59841e-10	1	3.52000e-01	-7.00000e-01	2.50000e-01	1.32000e-01
-4.71091e-02	1.05987e-04	-2.94109e-05	8.89394e-04	7.11670e-01	2.84672e-01	7.09787e-07	5.46312e-07	8.47943e-09	1.09705e-07	7.90718e-09	5.04911e-10	1	3.54200e-01	-7.00000e-01	2.50000e-01	1.34200e-01
-4.71104e-02	2.00992e-05	7.16767e-06	8.23357e-04	7.11672e-01	2.84672e-01	7.10237e-07	5.46267e-07	8.59825e-09	1.09675e-07	8.08468e-09	4.48933e-10	1	3.56400e-01	-7.00000e-01	2.50000e-01	1.36400e-01
-4.71365e-02	-6.13642e-05	5.63615e-05	8.21585e-04	7.11675e-01	2.84673e-01	7.10687e-07	5.46222e-07	8.72367e-09	1.09642e-07	8.25832e-09	3.93787e-10	1	3.58600e-01	-7.00000e-01	2.50000e-01	1.38600e-01
-4.71834e-02	-1.45881e-04	9.21385e-05	8.88792e-04	7.11677e-01	2.84674e-01	7.11136e-07	5.46177e-07	8.85358e-09	1.09607e-07	8.42756e-09	3.39728e-10	1	3.60800e-01	-7.00000e-01	2.50000e-01	1.40800e-01
-4.71890e-02	-1.77674e-04	1.03435e-04	7.44594e-04	7.11679e-01	2.84676e-01	7.11607e-07	5.46140e-07	8.98654e-09	1.09571e-07	8.59356e-09	2.85676e-10	1	3.63000e-01	-7.00000e-01	2.50000e-01	1.43000e-01
-4.71239e-02	2.17129e-05	-1.84497e-05	2.94801e-04	7.11681e-01	2.84677e-01	7.12100e-07	5.46109e-07	9.12053e-09	1.09533e-07	8.75624e-09	2.30571e-10	1	3.65200e-01	-7.00000e-01	2.50000e-01	1.45200e-01
-4.70129e-02	4.48883e-04	-2.53408e-04	-3.12301e-04	7.11684e-01	2.84679e-01	7.12576e-07	5.46072e-07	9.25261e-09	1.09497e-07	8.91228e-09	1.74375e-10	1	3.67400e-01	-7.00000e-01	2.50000e-01	1.47400e-01
-4.70021e-02	5.51659e-04	-2.95649e-04	-3.50756e-04	7.11686e-01	2.84682e-01	7.13051e-07	5.46034e-07	9.38143e-09	1.09458e-07	9.06342e-09	1.16394e-10	1	3.69600e-01	-7.00000e-01	2.50000e-01	1.49600e-01
-4.72635e-02	-4.05583e-04	2.07473e-04	7.68915e-04	7.11688e-01	2.84686e-01	7.13535e-07	5.45998e-07	9.50562e-09	1.09416e-07	9.21104e-09	5.73794e-11	1	3.71800e-01	-7.00000e-01	2.50000e-01	1.51800e-01
-4.73245e-02	-6.53447e-04	3.20757e-04	9.67701e-04	7.11690e-01	2.84685e-01	7.14055e-07	5.45985e-07	9.62287e-09	1.09363e-07	9.34915e-09	-5.26060e-12	1	3.74000e-01	-7.00000e-01	2.50000e-01	1.54000e-01
-4.71366e-02	1.61883e-04	-8.46816e-05	1.81888e-04	7.11692e-01	2.84678e-01	7.14587e-07	5.45984e-07	9.73126e-09	1.09305e-07	9.47609e-09	-6.98698e-11	1	3.76200e-01	-7.00000e-01	2.50000e-01	1.56200e-01
-4.70101e-02	1.32960e-03	-6.64817e-04	-7.93888e-04	7.11695e-01	2.84693e-01	7.15048e-07	5.45928e-07	9.83218e-09	1.09273e-07	9.62056e-09	-1.22317e-10	1	3.78400e-01	-7.00000e-01	2.50000e-01	1.58400e-01
-4.75465e-02	-9.48885e-04	4.59057e-04	1.11192e-03	7.11696e-01	2.84721e-01	7.15603e-07	5.45924e-07	9.92152e-09	1.09231e-07	9.75172e-09	-1.80312e-10	1	3.80600e-01	-7.00000e-01	2.50000e-01	1.60600e-01
-4.69802e-02	-9.37362e-04	5.69819e-04	1.05414e-03	7.11699e-01	2.84709e-01	7.16147e-07	5.45932e-07	9.99707e-09	1.09147e-07	9.84369e-09	-2.54025e-10	1	3.82800e-01	-7.00000e-01	2.50000e-01	1.62800e-01
-4.67521e-02	-1.85889e-03	-6.52035e-03	7.14378e-03	7.11704e-01	2.85455e-01	7.16601e-07	5.45949e-07	1.00572e-08	1.09092e-07	9.90690e-09	-3.19431e-10	1	3.85000e-01	-7.00000e-01	2.50000e-01	1.65000e-01
-4.73603e-02	2.13193e-04	8.47747e-04	-6.52455e-04	7.11705e-01	2.84687e-01	7.17073e-07	5.45909e-07	1.01027e-08	1.08986e-07	9.98388e-09	-3.76952e-10	1	3.87200e-01	-7.00000e-01	2.50000e-01	1.67200e-01
-4.72691e-02	-6.00316e-05	-3.79179e-04	6.94956e-04	7.11707e-01	2.84694e-01	7.17580e-07	5.45853e-07	1.01337e-08	1.08847e-07	1.00666e-08	-4.46254e-10	1	3.89400e-01	-7.00000e-01	2.50000e-01	1.69400e-01
-4.74204e-02	2.37923e-05	1.06624e-04	2.33065e-04	7.11709e-01	2.84690e-01	7.18210e-07	5.45937e-07	1.01532e-08	1.08909e-07	1.01635e-08	-5.00602e-10	1	3.91600e-01	-7.00000e-01	2.50000e-01	1.71600e-01
-4.73747e-02	-1.70399e-05	1.17999e-04	2.20269e-04	7.11711e-01	2.84687e-01	7.18806e-07	5.45967e-07	1.01543e-08	1.08884e-07	1.02416e-08	-5.60042e-10	1	3.93800e-01	-7.00000e-01	2.50000e-01	1.73800e-01
-4.73725e-02	-5.18242e-05	-1.90995e-04	5.54912e-04	7.11713e-01	2.84687e-01	7.19362e-07	5.45961e-07	1.01375e-08	1.08807e-07	1.02990e-08	-6.19882e-10	1	3.96000e-01	-7.00000e-01	2.50000e-01	1.76000e-01
-4.75416e-02	1.75397e-05	1.24656e-05	2.78217e-04	7.11714e-01	2.84686e-01	7.19883e-07	5.45935e-07	1.01035e-08	1.08699e-07	1.03355e-08	-6.77757e-10	1	3.98200e-01	-7.00000e-01	2.50000e-01	1.78200e-01
-4.74086e-02	-4.06626e-05	1.54382e-04	2.07456e-04	7.11716e-01	2.84687e-01	7.20396e-07	5.45905e-07	1.00537e-08	1.08556e-07	1.03593e-08	-7.39159e-10	1	4.00400e-01	-7.00000e-01	2.50000e-01	1.80400e-01
-4.73624e-02	-5.09237e-05	1.46872e-04	2.26279e-04	7.11718e-01	2.84688e-01	7.20971e-07	5.45921e-07	9.99088e-09	1.08486e-07	1.03815e-08	-7.97341e-10	1	4.02600e-01	-7.00000e-01	2.50000e-01	1.82600e-01
-4.74426e-02	-3.24629e-05	8.10094e-06	3.74494e-04	7.11720e-01	2.84689e-01	7.21592e-07	5.45983e-07	9.91535e-09	1.08473e-07	1.04004e-08	-8.51707e-10	1	4.04800e-01	-7.00000e-01	2.50000e-01	1.84800e-01
-4.75146e-02	-1.36235e-05	-4.19941e-05	4.87363e-04	7.11722e-01	2.84690e-01	7.22204e-07	5.46026e-07	9.82629e-09	1.08440e-07	1.04040e-08	-9.03399e-10	1	4.07000e-01	-7.00000e-01	2.50000e-01	1.87000e-01
-4.75568e-02	-1.04423e-05	-2.80893e-05	4.96493e-04	7.11723e-01	2.84690e-01	7.22802e-07	5.46068e-07	9.72486e-09	1.08388e-07	1.03921e-08	-9.52631e-10	1	4.09200e-01	-7.00000e-01	2.50000e-01	1.89200e-01
-4.75846e-02	-4.70836e-06	-8.68027e-06	4.72941e-04	7.11725e-01	2.84691e-01	7.23393e-07	5.46108e-07	9.61235e-09	1.08323e-07	1.03645e-08	-1.00064e-09	1	4.11400e-01	-7.00000e-01	2.50000e-01	1.91400e-01
-4.76045e-02	-1.95124e-06	1.79252e-05	4.70289e-04	7.11727e-01	2.84692e-01	7.23983e-07	5.46144e-07	9.48988e-09	1.08247e-07	1.03215e-08	-1.04827e-09	1	4.13600e-01	-7.00000e-01	2.50000e-01	1.93600e-01
-4.76128e-02	8.35431e-06	3.98176e-05	4.98343e-04	7.11728e-01	2.84692e-01	7.24572e-07	5.46175e-07	9.35846e-09	1.08161e-07	1.02636e-08	-1.09543e-09	1	4.15800e-01	-7.00000e-01	2.50000e-01	1.95800e-01
-4.76058e-02	6.32966e-06	4.74809e-05	4.87844e-04	7.11729e-01	2.84693e-01	7.25153e-07	5.46204e-07	9.21917e-09	1.08060e-07	1.01915e-08	-1.14164e-09	1	4.18000e-01	-7.00000e-01	2.50000e-01	1.98000e-01
-4.75746e-02	3.09388e-05	-3.26053e-06	3.80685e-04	7.11731e-01	2.84693e-01	7.25716e-07	5.46230e-07	9.07345e-09	1.07939e-07	1.01054e-08	-1.18659e-09	1	4.20200e-01	-7.00000e-01	2.50000e-01	2.00200e-01
-4.75264e-02	3.86044e-05	-1.30414e-04	2.26092e-04	7.11731e-01	2.84693e-01	7.26268e-07	5.46238e-07	8.92326e-09	1.07799e-07	1.00055e-08	-1.22935e-09	1	4.22400e-01	-7.00000e-01	2.50000e-01	2.02400e-01
-4.76143e-02	4.18397e-05	-1.55169e-04	2.04234e-04	7.11733e-01	2.84693e-01	7.26868e-07	5.46291e-07	8.77175e-09	1.07714e-07	9.90239e-09	-1.26837e-09	1	4.24600e-01	-7.00000e-01	2.50000e-01	2.04600e-01
-4.77786e-02	-1.74236e-05	-1.63913e-06	2.85034e-04	7.11734e-01	2.84694e-01	7.27538e-07	5.46388e-07	8.62116e-09	1.07702e-07	9.79698e-09	-1.30464e-09	1	4.26800e-01	-7.00000e-01	2.50000e-01	2.06800e-01
-4.76508e-02	4.40005e-05	1.92442e-04	5.58127e-04	7.11736e-01	2.84696e-01	7.28198e-07	5.46481e-07	8.47162e-09	1.07656e-07	9.67295e-09	-1.33821e-09	1	4.29000e-01	-7.00000e-01	2.50000e-01	2.09000e-01
-4.76894e-02	8.39907e-06	-1.17426e-04	2.21835e-04	7.11737e-01	2.84697e-01	7.28814e-07	5.46552e-07	8.32520e-09	1.07579e-07	9.53495e-09	-1.37470e-09	1	4.31200e-01	-7.00000e-01	2.50000e-01	2.11200e-01
-4.77695e-02	-9.22544e-07	-1.09806e-04	2.37490e-04	7.11738e-01	2.84701e-01	7.29373e-07	5.46587e-07	8.18330e-09	1.07448e-07	9.38051e-09	-1.41121e-09	1	4.33400e-01	-7.00000e-01	2.50000e-01	2.13400e-01
-4.76499e-02	7.24014e-05	3.92078e-04	7.02084e-04	7.11739e-01	2.84707e-01	7.29867e-07	5.46563e-07	8.04721e-09	1.07227e-07	9.20408e-09	-1.44293e-09	1	4.35600e-01	-7.00000e-01	2.50000e-01	2.15600e-01
-4.77743e-02	-2.49347e-04	-8.70816e-04	-6.25877e-04	7.11739e-01	2.84701e-01	7.30516e-07	5.46680e-07	7.92157e-09	1.07208e-07	9.04751e-09	-1.47568e-09	1	4.37800e-01	-7.00000e-01	2.50000e-01	2.17800e-01
-4.72478e-02	1.74101e-03	6.78670e-03	7.30808e-03	7.11741e-01	2.85511e-01	7.31200e-07	5.46781e-07	7.80571e-09	1.07159e-07	8.86841e-09	-1.49325e-09	1	4.40000e-01	-7.00000e-01	2.50000e-01	2.20000e-01
