"Density"	"Momentum:0"	"Momentum:1"	"Momentum:2"	"StagnationEnergy"	"Pressure"	"Function0"	"Function1"	"Function2"	"Function3"	"Function4"	"Function5"	"vtkValidPointMask"	"arc_length"	"Points:0"	"Points:1"	"Points:2"
-8.36287e-03	-7.75899e-01	-1.30698e+00	5.93913e-02	6.82475e-01	1.01691e+01	1.34493e-03	8.59568e-04	1.71740e-03	-9.82550e-05	1.33257e-04	9.34744e-05	1	0.00000e+00	-5.00000e-02	1.50000e-01	-2.20000e-01
3.04336e-02	-5.62244e-01	-1.21576e+00	3.17857e-01	6.82602e-01	-8.51246e+00	1.27524e-03	8.30580e-04	1.73496e-03	-7.58912e-05	7.64926e-05	6.91587e-05	1	2.19999e-03	-5.00000e-02	1.50000e-01	-2.17800e-01
-1.46686e-01	-1.43323e-01	-1.09870e+00	4.37540e-01	6.82724e-01	1.57469e+00	1.17705e-03	8.02881e-04	1.72313e-03	-6.38053e-05	3.68210e-05	6.22881e-05	1	4.40000e-03	-5.00000e-02	1.50000e-01	-2.15600e-01
-3.38415e-01	2.18920e-01	-1.00430e+00	4.41593e-01	6.82844e-01	1.92189e+00	1.08450e-03	7.53035e-04	1.66637e-03	-5.40301e-05	1.05208e-05	7.02653e-05	1	6.59999e-03	-5.00000e-02	1.50000e-01	-2.13400e-01
-4.26807e-01	3.69661e-01	-9.44097e-01	4.12037e-01	6.82962e-01	9.14129e-01	1.02742e-03	6.81649e-04	1.58891e-03	-5.03465e-05	-7.21482e-06	8.47161e-05	1	8.80000e-03	-5.00000e-02	1.50000e-01	-2.11200e-01
-4.18238e-01	3.95788e-01	-8.67162e-01	4.00498e-01	6.83075e-01	8.24915e-01	9.95324e-04	6.01881e-04	1.51124e-03	-5.65022e-05	-1.76821e-05	1.03901e-04	1	1.10000e-02	-5.00000e-02	1.50000e-01	-2.09000e-01
-3.31174e-01	4.39428e-01	-7.39174e-01	4.04347e-01	6.83178e-01	1.11847e+00	9.67285e-04	5.30505e-04	1.44778e-03	-5.79987e-05	-2.37408e-05	1.29579e-04	1	1.32000e-02	-5.00000e-02	1.50000e-01	-2.06800e-01
-2.23898e-01	4.68105e-01	-5.60026e-01	3.89337e-01	6.83269e-01	-3.00331e+00	9.35615e-04	4.89539e-04	1.40595e-03	-4.36038e-05	-2.41320e-05	1.55899e-04	1	1.54000e-02	-5.00000e-02	1.50000e-01	-2.04600e-01
-1.73727e-01	3.35751e-01	-3.58158e-01	3.33901e-01	6.83352e-01	2.26323e+00	8.97418e-04	4.81516e-04	1.38381e-03	-1.89481e-05	-1.67624e-05	1.72316e-04	1	1.76000e-02	-5.00000e-02	1.50000e-01	-2.02400e-01
-1.55401e-01	2.55583e-02	-2.04239e-01	2.68469e-01	6.83433e-01	4.57746e-01	8.40150e-04	4.85070e-04	1.37214e-03	-5.64511e-06	-5.99672e-06	1.71934e-04	1	1.98000e-02	-5.00000e-02	1.50000e-01	-2.00200e-01
-1.32610e-01	-2.69813e-01	-1.55365e-01	2.31850e-01	6.83510e-01	5.53958e-01	7.70273e-04	4.78189e-04	1.36264e-03	-1.12403e-05	3.58123e-06	1.60701e-04	1	2.20000e-02	-5.00000e-02	1.50000e-01	-1.98000e-01
-1.14175e-01	-3.97091e-01	-1.86880e-01	2.38694e-01	6.83586e-01	8.01825e-01	7.08076e-04	4.60769e-04	1.35172e-03	-2.18279e-05	1.47978e-05	1.51331e-04	1	2.42000e-02	-5.00000e-02	1.50000e-01	-1.95800e-01
-8.44782e-02	-3.30479e-01	-1.85460e-01	2.97921e-01	6.83657e-01	8.75669e-01	6.50029e-04	4.43094e-04	1.34059e-03	-1.96681e-05	2.67039e-05	1.51170e-04	1	2.64000e-02	-5.00000e-02	1.50000e-01	-1.93600e-01
-3.31080e-02	-1.53746e-01	-7.58995e-02	3.93264e-01	6.83723e-01	-2.72407e+00	5.92739e-04	4.38794e-04	1.33155e-03	-5.13747e-06	3.08782e-05	1.62648e-04	1	2.86000e-02	-5.00000e-02	1.50000e-01	-1.91400e-01
1.63140e-02	1.68774e-02	8.98432e-02	4.68786e-01	6.83789e-01	1.73072e+00	5.56366e-04	4.63928e-04	1.32393e-03	3.13390e-06	2.26091e-05	1.87152e-04	1	3.08000e-02	-5.00000e-02	1.50000e-01	-1.89200e-01
3.29450e-02	1.54264e-01	2.04352e-01	4.69561e-01	6.83856e-01	4.73652e+00	5.42061e-04	5.07640e-04	1.31524e-03	3.82284e-06	3.09976e-06	2.17729e-04	1	3.30000e-02	-5.00000e-02	1.50000e-01	-1.87000e-01
1.52104e-02	2.85861e-01	2.48381e-01	3.92652e-01	6.83925e-01	1.37355e+00	5.33601e-04	5.45125e-04	1.29948e-03	8.74113e-06	-2.36102e-05	2.36927e-04	1	3.52000e-02	-5.00000e-02	1.50000e-01	-1.84800e-01
-2.22192e-02	3.11964e-01	2.80474e-01	2.88632e-01	6.83992e-01	-4.28559e-01	5.26898e-04	5.64745e-04	1.26408e-03	1.44756e-05	-5.42546e-05	2.24363e-04	1	3.74000e-02	-5.00000e-02	1.50000e-01	-1.82600e-01
-5.68753e-02	8.11279e-02	2.98151e-01	2.08245e-01	6.84057e-01	1.05775e+00	5.25205e-04	5.63579e-04	1.20392e-03	1.70978e-05	-8.33415e-05	1.74812e-04	1	3.96000e-02	-5.00000e-02	1.50000e-01	-1.80400e-01
2.15346e-02	-3.04569e-01	3.16763e-01	1.74530e-01	6.84118e-01	4.01115e+00	5.25860e-04	5.35532e-04	1.13365e-03	2.11884e-05	-9.89351e-05	1.18817e-04	1	4.18000e-02	-5.00000e-02	1.50000e-01	-1.78200e-01
1.47238e-01	-5.63811e-01	4.00114e-01	1.72866e-01	6.84178e-01	-6.89169e-01	5.25564e-04	5.01066e-04	1.07246e-03	2.41600e-05	-9.32551e-05	7.79860e-05	1	4.40000e-02	-5.00000e-02	1.50000e-01	-1.76000e-01
1.49416e-01	-5.61861e-01	4.76866e-01	1.80684e-01	6.84240e-01	-8.52228e-01	5.20653e-04	4.96445e-04	1.02571e-03	3.28217e-05	-7.46727e-05	5.03660e-05	1	4.62000e-02	-5.00000e-02	1.50000e-01	-1.73800e-01
6.73996e-03	-4.07316e-01	3.62772e-01	1.77567e-01	6.84305e-01	-3.23780e+00	5.20852e-04	5.12806e-04	9.88332e-04	4.50674e-05	-5.57103e-05	3.22637e-05	1	4.84000e-02	-5.00000e-02	1.50000e-01	-1.71600e-01
-1.31396e-01	-3.10824e-01	8.65274e-02	1.60293e-01	6.84370e-01	5.45663e-01	5.58627e-04	5.25646e-04	9.63735e-04	3.99889e-05	-4.24264e-05	2.54905e-05	1	5.06000e-02	-5.00000e-02	1.50000e-01	-1.69400e-01
-8.25731e-02	-4.14659e-01	-6.32795e-02	1.59102e-01	6.84427e-01	8.48398e-01	6.25912e-04	5.32120e-04	9.53962e-04	2.06640e-05	-4.18538e-05	3.72270e-05	1	5.28000e-02	-5.00000e-02	1.50000e-01	-1.67200e-01
1.08887e-01	-6.24595e-01	1.26912e-02	2.20337e-01	6.84468e-01	3.57185e-01	6.75963e-04	5.35752e-04	9.54044e-04	5.84114e-06	-5.94685e-05	5.77307e-05	1	5.50000e-02	-5.00000e-02	1.50000e-01	-1.65000e-01
2.41841e-01	-7.23456e-01	1.54051e-01	3.38962e-01	6.84498e-01	-2.87867e-01	7.19031e-04	5.32663e-04	9.66565e-04	-7.45234e-07	-8.33786e-05	7.93335e-05	1	5.72000e-02	-5.00000e-02	1.50000e-01	-1.62800e-01
2.29117e-01	-6.49694e-01	2.40376e-01	4.37929e-01	6.84524e-01	-3.29653e-01	7.71017e-04	5.33736e-04	9.83530e-04	-7.80029e-06	-1.00376e-04	1.02617e-04	1	5.94000e-02	-5.00000e-02	1.50000e-01	-1.60600e-01
1.38547e-01	-4.74590e-01	2.31024e-01	4.46482e-01	6.84547e-01	-4.35597e-01	8.25367e-04	5.42903e-04	9.97590e-04	-2.49871e-05	-1.06522e-04	1.22350e-04	1	6.16000e-02	-5.00000e-02	1.50000e-01	-1.58400e-01
3.18814e-02	-2.70545e-01	1.32561e-01	3.59446e-01	6.84566e-01	-1.17832e+00	8.88486e-04	5.45970e-04	1.00917e-03	-5.11526e-05	-1.04741e-04	1.33588e-04	1	6.38000e-02	-5.00000e-02	1.50000e-01	-1.56200e-01
-5.94624e-02	-7.56892e-02	5.48320e-02	2.37039e-01	6.84573e-01	5.16011e-01	9.57626e-04	5.40442e-04	1.02654e-03	-7.51724e-05	-1.01355e-04	1.37825e-04	1	6.60000e-02	-5.00000e-02	1.50000e-01	-1.54000e-01
-1.07020e-01	8.45238e-02	1.30341e-01	1.51679e-01	6.84569e-01	3.72737e-01	1.01103e-03	5.54999e-04	1.05705e-03	-8.64254e-05	-1.07603e-04	1.42081e-04	1	6.82000e-02	-5.00000e-02	1.50000e-01	-1.51800e-01
-1.39398e-01	2.14171e-01	3.41286e-01	1.20369e-01	6.84554e-01	5.51431e-01	1.01398e-03	6.02064e-04	1.09500e-03	-9.08154e-05	-1.19372e-04	1.44892e-04	1	7.04000e-02	-5.00000e-02	1.50000e-01	-1.49600e-01
-1.76710e-01	2.60530e-01	4.97104e-01	9.43577e-02	6.84528e-01	6.76749e-01	9.89484e-04	6.52809e-04	1.13295e-03	-9.68496e-05	-1.23499e-04	1.46274e-04	1	7.26000e-02	-5.00000e-02	1.50000e-01	-1.47400e-01
-1.71922e-01	1.88840e-01	4.70762e-01	2.59980e-02	6.84489e-01	6.07345e-01	9.87974e-04	6.82961e-04	1.17100e-03	-9.27678e-05	-1.11025e-04	1.45151e-04	1	7.48000e-02	-5.00000e-02	1.50000e-01	-1.45200e-01
-1.26981e-01	2.60829e-02	3.92302e-01	-9.99797e-02	6.84441e-01	5.55431e-01	1.00566e-03	7.13878e-04	1.20395e-03	-8.18347e-05	-8.04602e-05	1.34170e-04	1	7.70000e-02	-5.00000e-02	1.50000e-01	-1.43000e-01
-3.49865e-02	-2.24442e-01	4.07848e-01	-2.52586e-01	6.84390e-01	1.93558e+00	1.01864e-03	7.70236e-04	1.21532e-03	-8.99686e-05	-4.75939e-05	1.08634e-04	1	7.92000e-02	-5.00000e-02	1.50000e-01	-1.40800e-01
1.82077e-01	-5.82751e-01	4.64638e-01	-3.41424e-01	6.84344e-01	-6.20481e-01	1.00445e-03	8.62192e-04	1.19975e-03	-1.22677e-04	-3.99997e-05	7.79530e-05	1	8.14000e-02	-5.00000e-02	1.50000e-01	-1.38600e-01
5.39790e-01	-9.83532e-01	5.33563e-01	-3.24791e-01	6.84305e-01	-2.64024e-01	9.71048e-04	9.71478e-04	1.16882e-03	-1.55704e-04	-5.54178e-05	3.88258e-05	1	8.36000e-02	-5.00000e-02	1.50000e-01	-1.36400e-01
9.43281e-01	-1.30091e+00	6.87984e-01	-3.06709e-01	6.84270e-01	-2.23719e-01	9.71634e-04	1.06510e-03	1.14093e-03	-1.67356e-04	-6.72631e-05	-3.05044e-05	1	8.58000e-02	-5.00000e-02	1.50000e-01	-1.34200e-01
1.16354e+00	-1.42224e+00	8.79562e-01	-3.93358e-01	6.84236e-01	-2.59540e-01	9.88761e-04	1.16149e-03	1.13895e-03	-1.46552e-04	-7.02014e-05	-1.28846e-04	1	8.80000e-02	-5.00000e-02	1.50000e-01	-1.32000e-01
9.16659e-01	-1.28712e+00	9.24360e-01	-5.15030e-01	6.84203e-01	-4.60512e-01	9.82637e-04	1.28399e-03	1.17007e-03	-1.00618e-04	-7.53258e-05	-2.40196e-04	1	9.02000e-02	-5.00000e-02	1.50000e-01	-1.29800e-01
2.64710e-01	-9.78515e-01	7.40314e-01	-5.56972e-01	6.84170e-01	4.83795e-01	9.63136e-04	1.41845e-03	1.22229e-03	-5.05428e-05	-9.21775e-05	-3.43326e-04	1	9.24000e-02	-5.00000e-02	1.50000e-01	-1.27600e-01
-3.90983e-01	-6.39101e-01	5.01998e-01	-5.64131e-01	6.84130e-01	5.14682e+00	9.58014e-04	1.53989e-03	1.28505e-03	-1.93352e-06	-1.22380e-04	-4.20804e-04	1	9.46000e-02	-5.00000e-02	1.50000e-01	-1.25400e-01
-7.09764e-01	-3.37464e-01	4.88707e-01	-6.34701e-01	6.84072e-01	5.50257e-01	1.01018e-03	1.64859e-03	1.36338e-03	5.22683e-05	-1.64165e-04	-4.75221e-04	1	9.68000e-02	-5.00000e-02	1.50000e-01	-1.23200e-01
-5.98746e-01	-1.16596e-01	7.36624e-01	-7.20367e-01	6.83996e-01	6.76861e-01	1.11656e-03	1.76304e-03	1.46760e-03	1.05981e-04	-2.13780e-04	-5.14111e-04	1	9.90000e-02	-5.00000e-02	1.50000e-01	-1.21000e-01
-2.96941e-01	-1.46700e-04	1.07016e+00	-7.41794e-01	6.83902e-01	1.60035e+00	1.21377e-03	1.88315e-03	1.59788e-03	1.36725e-04	-2.71594e-04	-5.36958e-04	1	1.01200e-01	-5.00000e-02	1.50000e-01	-1.18800e-01
-8.77099e-02	6.45650e-02	1.41085e+00	-8.02206e-01	6.83785e-01	5.07508e+00	1.28563e-03	2.00202e-03	1.75916e-03	1.52592e-04	-3.51461e-04	-5.34392e-04	1	1.03400e-01	-5.00000e-02	1.50000e-01	-1.16600e-01
6.28290e-02	1.65393e-01	1.69069e+00	-9.80490e-01	6.83670e-01	-6.29328e-01	1.36340e-03	2.12661e-03	1.90209e-03	1.82105e-04	-4.33763e-04	-5.38263e-04	1	1.05600e-01	-5.00000e-02	1.50000e-01	-1.14400e-01
3.81919e-01	2.33138e-01	1.91570e+00	-1.15791e+00	6.83558e-01	-1.04684e+01	1.47238e-03	2.20660e-03	2.00306e-03	2.15495e-04	-5.07400e-04	-5.61694e-04	1	1.07800e-01	-5.00000e-02	1.50000e-01	-1.12200e-01
7.73711e-01	2.41094e-01	2.08596e+00	-1.17239e+00	6.83458e-01	-1.37253e+00	1.62817e-03	2.22231e-03	2.05630e-03	2.54619e-04	-5.46190e-04	-5.91424e-04	1	1.10000e-01	-5.00000e-02	1.50000e-01	-1.10000e-01
8.55086e-01	3.20265e-01	2.04827e+00	-1.03106e+00	6.83375e-01	-1.05694e+00	1.85396e-03	2.26560e-03	2.07437e-03	2.99793e-04	-5.51700e-04	-6.17468e-04	1	1.12200e-01	-5.00000e-02	1.50000e-01	-1.07800e-01
4.36006e-01	6.05812e-01	1.63951e+00	-8.75407e-01	6.83280e-01	-1.74222e+00	2.15621e-03	2.32293e-03	2.13371e-03	3.04082e-04	-5.80318e-04	-6.20401e-04	1	1.14400e-01	-5.00000e-02	1.50000e-01	-1.05600e-01
1.40489e-01	9.41906e-01	1.20191e+00	-8.23195e-01	6.83173e-01	-6.00366e-01	2.36598e-03	2.38084e-03	2.24106e-03	2.12121e-04	-6.18051e-04	-5.86698e-04	1	1.16600e-01	-5.00000e-02	1.50000e-01	-1.03400e-01
1.02790e-01	1.06529e+00	9.65473e-01	-8.88990e-01	6.83064e-01	-6.18310e+00	2.50308e-03	2.51085e-03	2.36733e-03	5.01511e-05	-6.49034e-04	-5.58347e-04	1	1.18800e-01	-5.00000e-02	1.50000e-01	-1.01200e-01
1.28608e-02	8.74110e-01	9.07109e-01	-1.09365e+00	6.82960e-01	1.40832e+00	2.64565e-03	2.68716e-03	2.51410e-03	-7.16854e-05	-7.12511e-04	-5.84118e-04	1	1.21000e-01	-5.00000e-02	1.50000e-01	-9.90000e-02
-4.72348e-03	5.52292e-01	1.07793e+00	-1.44405e+00	6.82860e-01	4.75260e+00	2.78548e-03	2.89898e-03	2.70358e-03	-1.24963e-04	-8.24723e-04	-6.55073e-04	1	1.23200e-01	-5.00000e-02	1.50000e-01	-9.68000e-02
9.53880e-02	3.10880e-01	1.35671e+00	-1.77826e+00	6.82761e-01	-2.00201e+01	2.95955e-03	3.15043e-03	2.94898e-03	-1.14876e-04	-9.64759e-04	-7.49055e-04	1	1.25400e-01	-5.00000e-02	1.50000e-01	-9.46000e-02
-2.47908e-01	3.59044e-02	1.57543e+00	-1.91657e+00	6.82664e-01	1.41643e+00	3.19103e-03	3.37820e-03	3.21294e-03	-1.70639e-05	-1.10433e-03	-8.65083e-04	1	1.27600e-01	-5.00000e-02	1.50000e-01	-9.24000e-02
-9.19513e-01	-2.77252e-01	1.87434e+00	-1.94587e+00	6.82573e-01	2.49147e+00	3.46228e-03	3.48160e-03	3.43138e-03	1.62641e-04	-1.23913e-03	-9.98077e-04	1	1.29800e-01	-5.00000e-02	1.50000e-01	-9.02000e-02
-1.76945e+00	-3.75692e-01	2.13508e+00	-1.95419e+00	6.82500e-01	1.95698e+00	3.76804e-03	3.49417e-03	3.58757e-03	3.31523e-04	-1.38054e-03	-1.12323e-03	1	1.32000e-01	-5.00000e-02	1.50000e-01	-8.80000e-02
-2.97633e+00	-3.19300e-01	2.20634e+00	-1.83139e+00	6.82466e-01	9.85113e-01	4.13165e-03	3.44884e-03	3.69076e-03	4.17750e-04	-1.52109e-03	-1.20235e-03	1	1.34200e-01	-5.00000e-02	1.50000e-01	-8.58000e-02
-4.38995e+00	-1.04435e-01	2.10401e+00	-1.59305e+00	6.82478e-01	6.39513e-01	4.41455e-03	3.33555e-03	3.75724e-03	3.97445e-04	-1.62480e-03	-1.22005e-03	1	1.36400e-01	-5.00000e-02	1.50000e-01	-8.36000e-02
-4.80101e+00	3.64733e-01	1.83268e+00	-1.39023e+00	6.82533e-01	5.14797e-01	4.55766e-03	3.22412e-03	3.77757e-03	2.87468e-04	-1.70300e-03	-1.20081e-03	1	1.38600e-01	-5.00000e-02	1.50000e-01	-8.14000e-02
-3.55809e+00	8.07256e-01	1.40644e+00	-1.30865e+00	6.82614e-01	5.29867e-01	4.62664e-03	3.20562e-03	3.75606e-03	1.67875e-04	-1.78350e-03	-1.16679e-03	1	1.40800e-01	-5.00000e-02	1.50000e-01	-7.92000e-02
-2.19203e+00	8.66570e-01	1.13502e+00	-1.39534e+00	6.82697e-01	6.63123e-01	4.63913e-03	3.16975e-03	3.73076e-03	1.08211e-04	-1.85258e-03	-1.14132e-03	1	1.43000e-01	-5.00000e-02	1.50000e-01	-7.70000e-02
-1.43944e+00	6.97864e-01	1.25609e+00	-1.63858e+00	6.82751e-01	1.03087e+00	4.63750e-03	3.04073e-03	3.68899e-03	1.28386e-04	-1.87233e-03	-1.10926e-03	1	1.45200e-01	-5.00000e-02	1.50000e-01	-7.48000e-02
-9.20135e-01	6.11692e-01	1.45525e+00	-1.80918e+00	6.82780e-01	1.82421e+00	4.62924e-03	2.85375e-03	3.59088e-03	6.87160e-05	-1.81924e-03	-9.99338e-04	1	1.47400e-01	-5.00000e-02	1.50000e-01	-7.26000e-02
-1.19982e+00	6.81438e-01	1.32358e+00	-1.67389e+00	6.82772e-01	1.16009e+00	4.69855e-03	2.71518e-03	3.48268e-03	-9.05781e-05	-1.73123e-03	-8.62979e-04	1	1.49600e-01	-5.00000e-02	1.50000e-01	-7.04000e-02
-2.19020e+00	8.85232e-01	1.07692e+00	-1.49130e+00	6.82762e-01	7.23621e-01	4.86965e-03	2.64221e-03	3.42995e-03	-2.43884e-04	-1.60924e-03	-7.98775e-04	1	1.51800e-01	-5.00000e-02	1.50000e-01	-6.82000e-02
-3.33909e+00	1.18997e+00	9.62444e-01	-1.44584e+00	6.82771e-01	5.98834e-01	5.12084e-03	2.58792e-03	3.41988e-03	-3.78989e-04	-1.47247e-03	-7.68076e-04	1	1.54000e-01	-5.00000e-02	1.50000e-01	-6.60000e-02
-3.94718e+00	1.31634e+00	8.78649e-01	-1.43782e+00	6.82803e-01	5.54368e-01	5.31164e-03	2.61562e-03	3.40960e-03	-4.81414e-04	-1.35887e-03	-7.61018e-04	1	1.56200e-01	-5.00000e-02	1.50000e-01	-6.38000e-02
-3.78204e+00	1.07679e+00	7.83318e-01	-1.44920e+00	6.82851e-01	5.02620e-01	5.33258e-03	2.78351e-03	3.37632e-03	-5.73075e-04	-1.27117e-03	-7.75082e-04	1	1.58400e-01	-5.00000e-02	1.50000e-01	-6.16000e-02
-3.27122e+00	7.71571e-01	8.58665e-01	-1.59695e+00	6.82902e-01	5.24321e-01	5.26327e-03	3.02845e-03	3.31055e-03	-6.78277e-04	-1.17336e-03	-7.84185e-04	1	1.60600e-01	-5.00000e-02	1.50000e-01	-5.94000e-02
-2.56852e+00	7.67871e-01	1.13552e+00	-1.85976e+00	6.82928e-01	7.04988e-01	5.23631e-03	3.26335e-03	3.24073e-03	-7.70832e-04	-1.06859e-03	-8.01894e-04	1	1.62800e-01	-5.00000e-02	1.50000e-01	-5.72000e-02
-2.24898e+00	8.61850e-01	1.28768e+00	-2.04557e+00	6.82925e-01	8.86021e-01	5.31182e-03	3.44498e-03	3.22502e-03	-7.96058e-04	-9.95244e-04	-8.13593e-04	1	1.65000e-01	-5.00000e-02	1.50000e-01	-5.50000e-02
-2.12643e+00	9.53007e-01	1.18464e+00	-2.15400e+00	6.82942e-01	1.02380e+00	5.46353e-03	3.55492e-03	3.24878e-03	-7.50729e-04	-9.74814e-04	-7.96749e-04	1	1.67200e-01	-5.00000e-02	1.50000e-01	-5.28000e-02
-1.16631e+00	1.16058e+00	1.09379e+00	-2.23393e+00	6.82951e-01	2.40519e+00	5.68907e-03	3.62944e-03	3.33892e-03	-7.51657e-04	-9.90103e-04	-7.63392e-04	1	1.69400e-01	-5.00000e-02	1.50000e-01	-5.06000e-02
3.89173e-01	1.35719e+00	1.22192e+00	-2.32295e+00	6.82927e-01	-8.83088e-01	5.97380e-03	3.66252e-03	3.50516e-03	-8.84564e-04	-1.01063e-03	-7.30778e-04	1	1.71600e-01	-5.00000e-02	1.50000e-01	-4.84000e-02
1.59250e+00	1.21112e+00	1.31437e+00	-2.44609e+00	6.82871e-01	-9.01627e-01	6.33688e-03	3.69516e-03	3.68053e-03	-1.09133e-03	-1.03463e-03	-7.05254e-04	1	1.73800e-01	-5.00000e-02	1.50000e-01	-4.62000e-02
1.10056e+00	5.73959e-01	1.05501e+00	-2.39670e+00	6.82799e-01	-5.06256e-01	6.69172e-03	3.74238e-03	3.75937e-03	-1.21711e-03	-1.08908e-03	-6.74737e-04	1	1.76000e-01	-5.00000e-02	1.50000e-01	-4.40000e-02
6.43870e-02	-7.31604e-02	8.66031e-01	-2.16444e+00	6.82745e-01	-9.19010e-01	6.97955e-03	3.69668e-03	3.80149e-03	-1.20913e-03	-1.08414e-03	-6.79171e-04	1	1.78200e-01	-5.00000e-02	1.50000e-01	-4.18000e-02
-5.93589e-01	-2.02922e-01	1.13737e+00	-1.85994e+00	6.82709e-01	2.22073e+00	7.20294e-03	3.61295e-03	3.81014e-03	-1.11076e-03	-1.01315e-03	-7.07906e-04	1	1.80400e-01	-5.00000e-02	1.50000e-01	-3.96000e-02
-8.79228e-01	5.52772e-02	1.51736e+00	-1.74811e+00	6.82696e-01	1.55713e+00	7.31648e-03	3.60238e-03	3.79518e-03	-1.05095e-03	-9.35492e-04	-7.01765e-04	1	1.82600e-01	-5.00000e-02	1.50000e-01	-3.74000e-02
-1.26204e+00	1.46548e-01	1.56350e+00	-1.85109e+00	6.82694e-01	1.27072e+00	7.38452e-03	3.71062e-03	3.78987e-03	-1.08894e-03	-9.00078e-04	-6.55793e-04	1	1.84800e-01	-5.00000e-02	1.50000e-01	-3.52000e-02
-1.65600e+00	6.93179e-02	1.60336e+00	-2.00346e+00	6.82694e-01	1.12211e+00	7.39705e-03	3.87931e-03	3.79556e-03	-1.12549e-03	-8.78849e-04	-6.31289e-04	1	1.87000e-01	-5.00000e-02	1.50000e-01	-3.30000e-02
-1.16920e+00	8.77697e-02	1.91737e+00	-2.19495e+00	6.82708e-01	1.86220e+00	7.38403e-03	4.02987e-03	3.79354e-03	-1.08895e-03	-8.43027e-04	-6.72762e-04	1	1.89200e-01	-5.00000e-02	1.50000e-01	-3.08000e-02
-8.58592e-02	1.00371e-01	2.12596e+00	-2.48201e+00	6.82743e-01	-8.21698e+00	7.37725e-03	4.14591e-03	3.79841e-03	-9.91159e-04	-8.22579e-04	-7.78699e-04	1	1.91400e-01	-5.00000e-02	1.50000e-01	-2.86000e-02
4.51900e-01	-1.79797e-02	1.92491e+00	-2.78067e+00	6.82792e-01	-5.94137e+00	7.36422e-03	4.17560e-03	3.82893e-03	-9.21496e-04	-8.32058e-04	-9.07130e-04	1	1.93600e-01	-5.00000e-02	1.50000e-01	-2.64000e-02
6.35994e-01	-2.21654e-01	1.47872e+00	-2.97727e+00	6.82834e-01	-3.36247e+00	7.41320e-03	4.07220e-03	3.87196e-03	-9.13324e-04	-8.79081e-04	-1.00928e-03	1	1.95800e-01	-5.00000e-02	1.50000e-01	-2.42000e-02
1.20693e+00	-5.24269e-01	1.08873e+00	-3.07810e+00	6.82860e-01	-1.60446e+00	7.44208e-03	3.95758e-03	3.92286e-03	-8.97318e-04	-9.56274e-04	-1.08633e-03	1	1.98000e-01	-5.00000e-02	1.50000e-01	-2.20000e-02
2.04402e+00	-8.53666e-01	8.82207e-01	-3.16582e+00	6.82852e-01	-8.74882e-01	7.42546e-03	3.93285e-03	3.97658e-03	-8.51726e-04	-1.04909e-03	-1.13981e-03	1	2.00200e-01	-5.00000e-02	1.50000e-01	-1.98000e-02
2.35158e+00	-9.37704e-01	8.24462e-01	-3.26704e+00	6.82803e-01	-7.87747e-01	7.43214e-03	4.02047e-03	4.03195e-03	-8.27085e-04	-1.14764e-03	-1.15141e-03	1	2.02400e-01	-5.00000e-02	1.50000e-01	-1.76000e-02
1.89349e+00	-7.02485e-01	9.68800e-01	-3.32219e+00	6.82737e-01	-1.07075e+00	7.52823e-03	4.11972e-03	4.12066e-03	-8.87013e-04	-1.23757e-03	-1.14343e-03	1	2.04600e-01	-5.00000e-02	1.50000e-01	-1.54000e-02
1.22706e+00	-4.22738e-01	1.45066e+00	-3.26661e+00	6.82668e-01	-1.94461e+00	7.76560e-03	4.17107e-03	4.26702e-03	-1.01380e-03	-1.30483e-03	-1.14505e-03	1	2.06800e-01	-5.00000e-02	1.50000e-01	-1.32000e-02
9.22104e-01	-2.37592e-01	2.17532e+00	-3.06873e+00	6.82599e-01	-3.08609e+00	8.07762e-03	4.19204e-03	4.45418e-03	-1.14881e-03	-1.36974e-03	-1.11916e-03	1	2.09000e-01	-5.00000e-02	1.50000e-01	-1.10000e-02
1.21361e+00	4.41850e-03	2.77130e+00	-2.75829e+00	6.82553e-01	-2.04399e+00	8.32283e-03	4.18458e-03	4.61095e-03	-1.30822e-03	-1.44902e-03	-1.03069e-03	1	2.11200e-01	-5.00000e-02	1.50000e-01	-8.80000e-03
1.21322e+00	2.84433e-01	2.80931e+00	-2.48534e+00	6.82570e-01	-2.73080e+00	8.45319e-03	4.16879e-03	4.68792e-03	-1.47970e-03	-1.55694e-03	-9.02355e-04	1	2.13400e-01	-5.00000e-02	1.50000e-01	-6.60000e-03
5.17106e-01	5.06871e-01	2.50077e+00	-2.34518e+00	6.82633e-01	-3.95126e+00	8.56218e-03	4.06643e-03	4.75144e-03	-1.57113e-03	-1.69684e-03	-7.64195e-04	1	2.15600e-01	-5.00000e-02	1.50000e-01	-4.40000e-03
-4.10769e-01	6.45014e-01	2.11797e+00	-2.28984e+00	6.82696e-01	2.61745e+01	8.62137e-03	3.92235e-03	4.81569e-03	-1.53276e-03	-1.79154e-03	-6.55226e-04	1	2.17800e-01	-5.00000e-02	1.50000e-01	-2.20000e-03
-9.84628e-01	5.59820e-01	1.70155e+00	-2.26282e+00	6.82718e-01	2.76813e+00	8.58008e-03	3.86391e-03	4.88184e-03	-1.42211e-03	-1.81506e-03	-5.97787e-04	1	2.20000e-01	-5.00000e-02	1.50000e-01	0.00000e+00
-1.31010e+00	2.07659e-01	1.26506e+00	-2.09683e+00	6.82687e-01	1.27692e+00	8.47807e-03	3.90880e-03	4.94304e-03	-1.27064e-03	-1.82557e-03	-5.73751e-04	1	2.22200e-01	-5.00000e-02	1.50000e-01	2.20000e-03
-1.91849e+00	-4.87860e-02	1.03560e+00	-1.73490e+00	6.82632e-01	7.23153e-01	8.28293e-03	3.99262e-03	4.99593e-03	-1.05751e-03	-1.87523e-03	-5.76744e-04	1	2.24400e-01	-5.00000e-02	1.50000e-01	4.40000e-03
-2.61495e+00	-2.21343e-03	1.04375e+00	-1.55886e+00	6.82558e-01	5.68748e-01	8.03244e-03	4.04421e-03	5.06327e-03	-8.01367e-04	-1.93934e-03	-5.83500e-04	1	2.26600e-01	-5.00000e-02	1.50000e-01	6.60000e-03
-2.78136e+00	2.35023e-02	9.85006e-01	-1.79568e+00	6.82453e-01	6.23216e-01	7.84759e-03	4.03736e-03	5.12073e-03	-5.81481e-04	-1.95243e-03	-5.76514e-04	1	2.28800e-01	-5.00000e-02	1.50000e-01	8.80000e-03
-2.09111e+00	-1.63053e-01	7.38397e-01	-2.19549e+00	6.82333e-01	9.00023e-01	7.72895e-03	3.94825e-03	5.13802e-03	-4.11003e-04	-1.91824e-03	-5.18558e-04	1	2.31000e-01	-5.00000e-02	1.50000e-01	1.10000e-02
-9.91231e-01	-4.95078e-01	3.88454e-01	-2.38760e+00	6.82242e-01	2.14002e+00	7.79162e-03	3.76925e-03	5.09107e-03	-2.95482e-04	-1.85749e-03	-4.04068e-04	1	2.33200e-01	-5.00000e-02	1.50000e-01	1.32000e-02
-3.29465e-03	-9.04994e-01	3.59572e-02	-2.29599e+00	6.82220e-01	-2.42074e+01	8.00896e-03	3.62541e-03	4.97104e-03	-3.25193e-04	-1.74764e-03	-3.09837e-04	1	2.35400e-01	-5.00000e-02	1.50000e-01	1.54000e-02
5.09814e-01	-1.23256e+00	-1.94312e-01	-2.13639e+00	6.82234e-01	-2.05704e+00	8.11521e-03	3.57954e-03	4.84763e-03	-4.45007e-04	-1.59159e-03	-3.02363e-04	1	2.37600e-01	-5.00000e-02	1.50000e-01	1.76000e-02
6.18545e-01	-1.30223e+00	-2.78343e-01	-2.13130e+00	6.82234e-01	-2.47041e+01	8.01120e-03	3.53375e-03	4.79356e-03	-5.37862e-04	-1.42719e-03	-3.37845e-04	1	2.39800e-01	-5.00000e-02	1.50000e-01	1.98000e-02
5.77090e-01	-1.06609e+00	-3.25341e-01	-2.20679e+00	6.82219e-01	-1.43269e+00	7.83190e-03	3.43591e-03	4.77118e-03	-5.85243e-04	-1.26744e-03	-3.35984e-04	1	2.42000e-01	-5.00000e-02	1.50000e-01	2.20000e-02
1.19788e-01	-5.91576e-01	-4.33955e-01	-2.14095e+00	6.82204e-01	-1.58003e+00	7.69548e-03	3.32659e-03	4.75625e-03	-6.27057e-04	-1.13167e-03	-2.78322e-04	1	2.44200e-01	-5.00000e-02	1.50000e-01	2.42000e-02
-5.85625e-01	-1.81270e-01	-6.52150e-01	-1.94801e+00	6.82195e-01	-6.28985e-01	7.55382e-03	3.26247e-03	4.72546e-03	-6.36924e-04	-1.03925e-03	-1.69963e-04	1	2.46400e-01	-5.00000e-02	1.50000e-01	2.64000e-02
-6.50635e-01	-1.02459e-01	-8.25847e-01	-1.80977e+00	6.82185e-01	-5.66153e+00	7.43049e-03	3.20407e-03	4.68183e-03	-5.74865e-04	-9.78707e-04	-3.33802e-05	1	2.48600e-01	-5.00000e-02	1.50000e-01	2.86000e-02
2.63415e-02	-3.23311e-01	-8.16005e-01	-1.75403e+00	6.82164e-01	-4.73538e-03	7.44039e-03	3.17776e-03	4.64631e-03	-4.85237e-04	-9.36700e-04	8.87399e-05	1	2.50800e-01	-5.00000e-02	1.50000e-01	3.08000e-02
6.94036e-01	-6.01126e-01	-8.12148e-01	-1.71993e+00	6.82148e-01	-1.44362e+00	7.44149e-03	3.18488e-03	4.62117e-03	-4.43473e-04	-9.18206e-04	1.88857e-04	1	2.53000e-01	-5.00000e-02	1.50000e-01	3.30000e-02
5.17499e-01	-6.42109e-01	-8.16621e-01	-1.70576e+00	6.82156e-01	6.47343e-01	7.26201e-03	3.22202e-03	4.58058e-03	-4.69753e-04	-9.22248e-04	2.81992e-04	1	2.55200e-01	-5.00000e-02	1.50000e-01	3.52000e-02
-7.18161e-01	-4.22452e-01	-3.58772e-01	-1.71365e+00	6.82172e-01	1.17617e+00	7.02830e-03	3.32746e-03	4.51702e-03	-5.43540e-04	-9.10709e-04	3.69527e-04	1	2.57400e-01	-5.00000e-02	1.50000e-01	3.74000e-02
-1.57832e+00	-4.07398e-01	4.99640e-01	-1.76133e+00	6.82174e-01	7.48997e-01	6.94156e-03	3.40257e-03	4.48751e-03	-6.00086e-04	-8.82031e-04	4.58521e-04	1	2.59600e-01	-5.00000e-02	1.50000e-01	3.96000e-02
-1.18037e+00	-7.87468e-01	9.37534e-01	-1.79142e+00	6.82146e-01	1.45726e+00	7.06355e-03	3.35186e-03	4.51206e-03	-6.44414e-04	-8.55215e-04	5.68467e-04	1	2.61800e-01	-5.00000e-02	1.50000e-01	4.18000e-02
-4.92296e-01	-1.09278e+00	7.33952e-01	-1.65933e+00	6.82088e-01	-9.51810e-01	7.36805e-03	3.20652e-03	4.56021e-03	-7.01113e-04	-7.91787e-04	6.91146e-04	1	2.64000e-01	-5.00000e-02	1.50000e-01	4.40000e-02
-4.15570e-01	-1.02016e+00	2.72649e-01	-1.36022e+00	6.82017e-01	1.19892e+00	7.79508e-03	3.03984e-03	4.59161e-03	-7.78118e-04	-6.61104e-04	7.54980e-04	1	2.66200e-01	-5.00000e-02	1.50000e-01	4.62000e-02
-1.03708e+00	-7.14390e-01	-1.84316e-01	-1.09623e+00	6.81961e-01	7.07214e-01	8.21660e-03	2.94289e-03	4.58965e-03	-8.55564e-04	-4.71780e-04	7.05040e-04	1	2.68400e-01	-5.00000e-02	1.50000e-01	4.84000e-02
-1.64262e+00	-4.58439e-01	-5.17690e-01	-1.12612e+00	6.81957e-01	4.98900e-01	8.47008e-03	2.89697e-03	4.53971e-03	-8.95226e-04	-2.51068e-04	6.20936e-04	1	2.70600e-01	-5.00000e-02	1.50000e-01	5.06000e-02
-1.45313e+00	-4.67467e-01	-6.93820e-01	-1.48715e+00	6.82000e-01	7.00507e-01	8.49736e-03	2.92257e-03	4.46718e-03	-9.14297e-04	1.12658e-06	5.60163e-04	1	2.72800e-01	-5.00000e-02	1.50000e-01	5.28000e-02
-1.02640e+00	-6.19745e-01	-7.44548e-01	-1.81202e+00	6.82052e-01	1.20011e+00	8.41379e-03	3.01077e-03	4.39090e-03	-8.64523e-04	2.88057e-04	5.10722e-04	1	2.75000e-01	-5.00000e-02	1.50000e-01	5.50000e-02
-1.23302e+00	-4.75691e-01	-3.96665e-01	-1.90785e+00	6.82096e-01	1.01646e+00	8.43657e-03	3.06522e-03	4.29827e-03	-8.26003e-04	5.43420e-04	4.45566e-04	1	2.77200e-01	-5.00000e-02	1.50000e-01	5.72000e-02
-1.60107e+00	-3.93784e-02	1.96938e-01	-1.85505e+00	6.82142e-01	7.38214e-01	8.48745e-03	3.14999e-03	4.19277e-03	-8.84565e-04	7.04489e-04	3.83011e-04	1	2.79400e-01	-5.00000e-02	1.50000e-01	5.94000e-02
-1.54408e+00	-9.38970e-03	2.74310e-01	-1.65761e+00	6.82180e-01	6.53162e-01	8.44740e-03	3.25022e-03	4.07613e-03	-9.49179e-04	7.96206e-04	3.49397e-04	1	2.81600e-01	-5.00000e-02	1.50000e-01	6.16000e-02
-8.24465e-01	-4.69228e-01	-3.55332e-01	-1.30710e+00	6.82182e-01	8.03604e-01	8.41406e-03	3.31567e-03	3.98293e-03	-9.37910e-04	8.71663e-04	3.39517e-04	1	2.83800e-01	-5.00000e-02	1.50000e-01	6.38000e-02
-2.55700e-01	-6.95222e-01	-1.06095e+00	-9.43863e-01	6.82139e-01	4.86218e+00	8.48576e-03	3.34203e-03	3.99144e-03	-8.53778e-04	9.44822e-04	3.29835e-04	1	2.86000e-01	-5.00000e-02	1.50000e-01	6.60000e-02
-6.41183e-01	-5.76337e-01	-1.28653e+00	-7.17954e-01	6.82063e-01	1.08887e+00	8.65920e-03	3.33871e-03	4.07706e-03	-7.60296e-04	9.80380e-04	3.09249e-04	1	2.88200e-01	-5.00000e-02	1.50000e-01	6.82000e-02
-1.00734e+00	-5.42265e-01	-1.17450e+00	-4.95179e-01	6.81973e-01	6.62816e-01	8.94523e-03	3.33362e-03	4.21069e-03	-6.60843e-04	1.00915e-03	3.00939e-04	1	2.90400e-01	-5.00000e-02	1.50000e-01	7.04000e-02
-1.08482e+00	-4.36628e-01	-1.19783e+00	-2.11886e-01	6.81883e-01	5.85537e-01	9.24209e-03	3.32329e-03	4.34874e-03	-5.51964e-04	1.06898e-03	2.92615e-04	1	2.92600e-01	-5.00000e-02	1.50000e-01	7.26000e-02
-1.12747e+00	-8.55972e-02	-1.57493e+00	-3.73136e-02	6.81794e-01	7.63833e-01	9.35861e-03	3.33635e-03	4.42313e-03	-3.92896e-04	1.13815e-03	2.90275e-04	1	2.94800e-01	-5.00000e-02	1.50000e-01	7.48000e-02
-9.84843e-01	1.59564e-02	-1.99094e+00	-8.81826e-02	6.81711e-01	1.24600e+00	9.32319e-03	3.45667e-03	4.39163e-03	-2.35066e-04	1.19507e-03	3.10104e-04	1	2.97000e-01	-5.00000e-02	1.50000e-01	7.70000e-02
-5.39284e-01	-4.47685e-01	-1.98492e+00	-3.10440e-01	6.81625e-01	1.90473e+00	9.31748e-03	3.63076e-03	4.30901e-03	-1.64477e-04	1.24781e-03	3.37617e-04	1	2.99200e-01	-5.00000e-02	1.50000e-01	7.92000e-02
1.22863e-02	-9.13894e-01	-1.58225e+00	-6.17631e-01	6.81521e-01	7.13254e+00	9.38675e-03	3.79494e-03	4.27507e-03	-1.66325e-04	1.31722e-03	3.58297e-04	1	3.01400e-01	-5.00000e-02	1.50000e-01	8.14000e-02
-3.66846e-01	-7.30542e-01	-1.27975e+00	-8.99902e-01	6.81416e-01	-2.83929e-01	9.42428e-03	4.01532e-03	4.31164e-03	-2.09909e-04	1.36433e-03	4.01863e-04	1	3.03600e-01	-5.00000e-02	1.50000e-01	8.36000e-02
-1.30958e+00	2.39093e-02	-1.34106e+00	-1.03305e+00	6.81289e-01	7.54615e-01	9.32867e-03	4.25545e-03	4.39655e-03	-3.05060e-04	1.32544e-03	5.06416e-04	1	3.05800e-01	-5.00000e-02	1.50000e-01	8.58000e-02
-1.73244e+00	6.19504e-01	-1.53214e+00	-1.08659e+00	6.81123e-01	9.30869e-01	8.99011e-03	4.29544e-03	4.52294e-03	-3.89384e-04	1.23804e-03	6.85245e-04	1	3.08000e-01	-5.00000e-02	1.50000e-01	8.80000e-02
-1.79102e+00	4.34329e-01	-1.64380e+00	-1.24394e+00	6.80912e-01	1.27138e+00	8.48940e-03	4.18181e-03	4.69193e-03	-4.18124e-04	1.22138e-03	9.12668e-04	1	3.10200e-01	-5.00000e-02	1.50000e-01	9.02000e-02
-1.58213e+00	-2.99826e-01	-1.70217e+00	-1.46640e+00	6.80678e-01	1.20544e+00	7.99169e-03	4.04541e-03	4.88423e-03	-4.24001e-04	1.24842e-03	1.16173e-03	1	3.12400e-01	-5.00000e-02	1.50000e-01	9.24000e-02
-1.32686e+00	-9.61864e-01	-1.78851e+00	-1.54839e+00	6.80453e-01	-2.82258e-01	7.77182e-03	3.99624e-03	5.05906e-03	-5.38925e-04	1.26556e-03	1.39764e-03	1	3.14600e-01	-5.00000e-02	1.50000e-01	9.46000e-02
-1.16540e+00	-1.38729e+00	-1.99682e+00	-1.44301e+00	6.80268e-01	1.51209e+00	7.80611e-03	4.09150e-03	5.19842e-03	-6.97588e-04	1.28936e-03	1.62272e-03	1	3.16800e-01	-5.00000e-02	1.50000e-01	9.68000e-02
-1.01102e+00	-1.63096e+00	-2.16447e+00	-1.28719e+00	6.80146e-01	2.18879e+00	7.70115e-03	4.18207e-03	5.29415e-03	-6.90084e-04	1.32653e-03	1.84293e-03	1	3.19000e-01	-5.00000e-02	1.50000e-01	9.90000e-02
-1.23924e+00	-1.49616e+00	-2.00696e+00	-1.16160e+00	6.80085e-01	1.52751e+00	7.41796e-03	4.15213e-03	5.31119e-03	-5.87056e-04	1.35632e-03	1.97819e-03	1	3.21200e-01	-5.00000e-02	1.50000e-01	1.01200e-01
-1.87037e+00	-9.06473e-01	-1.73380e+00	-1.09952e+00	6.80082e-01	8.46324e-01	7.07827e-03	4.01997e-03	5.15803e-03	-5.74669e-04	1.26580e-03	1.94560e-03	1	3.23400e-01	-5.00000e-02	1.50000e-01	1.03400e-01
-2.03894e+00	-2.18422e-01	-1.78163e+00	-1.08725e+00	6.80082e-01	7.37522e-01	6.68241e-03	3.84803e-03	4.91978e-03	-6.51428e-04	1.09644e-03	1.82159e-03	1	3.25600e-01	-5.00000e-02	1.50000e-01	1.05600e-01
-1.86182e+00	2.62526e-01	-1.96396e+00	-1.08916e+00	6.80062e-01	8.49261e-01	6.22851e-03	3.69701e-03	4.66142e-03	-7.14025e-04	9.06732e-04	1.66856e-03	1	3.27800e-01	-5.00000e-02	1.50000e-01	1.07800e-01
-1.95983e+00	5.00468e-01	-1.97919e+00	-1.01430e+00	6.80044e-01	8.25094e-01	5.71449e-03	3.54198e-03	4.40166e-03	-7.60767e-04	7.04545e-04	1.54301e-03	1	3.30000e-01	-5.00000e-02	1.50000e-01	1.10000e-01
-2.36419e+00	4.13985e-01	-1.76618e+00	-7.45020e-01	6.80034e-01	6.12612e-01	5.23944e-03	3.44006e-03	4.15382e-03	-8.30390e-04	4.93078e-04	1.48060e-03	1	3.32200e-01	-5.00000e-02	1.50000e-01	1.12200e-01
-2.23109e+00	-1.59264e-01	-1.49210e+00	-4.13229e-01	6.80000e-01	5.37235e-01	4.94478e-03	3.45880e-03	3.95565e-03	-8.86553e-04	3.45361e-04	1.44399e-03	1	3.34400e-01	-5.00000e-02	1.50000e-01	1.14400e-01
-1.06737e+00	-6.99332e-01	-1.51168e+00	-1.56712e-01	6.79910e-01	5.18050e-01	4.82122e-03	3.53079e-03	3.83331e-03	-9.32890e-04	2.56169e-04	1.42024e-03	1	3.36600e-01	-5.00000e-02	1.50000e-01	1.16600e-01
-2.57509e-01	-7.28718e-01	-1.92236e+00	6.07633e-02	6.79797e-01	4.01976e+00	4.67160e-03	3.68867e-03	3.77450e-03	-9.62218e-04	1.77311e-04	1.39409e-03	1	3.38800e-01	-5.00000e-02	1.50000e-01	1.18800e-01
-7.57893e-01	-4.37263e-01	-2.25728e+00	2.56300e-01	6.79691e-01	7.83611e-01	4.55891e-03	3.95744e-03	3.75484e-03	-9.85475e-04	1.18972e-04	1.36748e-03	1	3.41000e-01	-5.00000e-02	1.50000e-01	1.21000e-01
-1.47293e+00	-4.59194e-01	-2.24324e+00	3.68045e-01	6.79594e-01	1.41482e+00	4.51715e-03	4.11151e-03	3.78181e-03	-9.52829e-04	6.58585e-05	1.34408e-03	1	3.43200e-01	-5.00000e-02	1.50000e-01	1.23200e-01
-1.16588e+00	-1.06230e+00	-2.08467e+00	2.95867e-01	6.79480e-01	1.34813e+00	4.39263e-03	4.07221e-03	3.86454e-03	-8.41843e-04	1.20859e-06	1.30557e-03	1	3.45400e-01	-5.00000e-02	1.50000e-01	1.25400e-01
2.96620e-01	-1.77231e+00	-1.83971e+00	9.45521e-02	6.79371e-01	-4.20954e+02	4.16391e-03	3.93702e-03	3.96857e-03	-7.40641e-04	-5.07469e-05	1.21430e-03	1	3.47600e-01	-5.00000e-02	1.50000e-01	1.27600e-01
1.48318e+00	-2.05549e+00	-1.49447e+00	-8.98918e-02	6.79310e-01	-8.29978e-01	3.92422e-03	3.85361e-03	4.00297e-03	-7.20398e-04	-7.66654e-05	1.05368e-03	1	3.49800e-01	-5.00000e-02	1.50000e-01	1.29800e-01
1.63749e+00	-2.03559e+00	-1.17235e+00	-2.35991e-01	6.79312e-01	-5.96440e-01	3.79216e-03	3.84089e-03	3.98328e-03	-7.80519e-04	-9.34123e-05	8.73724e-04	1	3.52000e-01	-5.00000e-02	1.50000e-01	1.32000e-01
1.62777e+00	-1.97323e+00	-1.00211e+00	-4.04147e-01	6.79362e-01	-5.89527e-01	3.81212e-03	3.83583e-03	3.91985e-03	-8.74193e-04	-8.31235e-05	7.13842e-04	1	3.54200e-01	-5.00000e-02	1.50000e-01	1.34200e-01
1.62696e+00	-1.89376e+00	-9.78283e-01	-5.18533e-01	6.79427e-01	-5.13973e-01	3.88391e-03	3.76034e-03	3.81570e-03	-9.46580e-04	-6.05740e-05	5.55527e-04	1	3.56400e-01	-5.00000e-02	1.50000e-01	1.36400e-01
1.61884e+00	-1.90306e+00	-9.55636e-01	-5.07345e-01	6.79465e-01	-4.16162e-01	3.90012e-03	3.54683e-03	3.68557e-03	-9.72850e-04	-3.93985e-05	3.84511e-04	1	3.58600e-01	-5.00000e-02	1.50000e-01	1.38600e-01
1.99687e+00	-2.12601e+00	-7.88545e-01	-4.26940e-01	6.79454e-01	-2.99487e-01	3.84336e-03	3.20228e-03	3.55876e-03	-9.53356e-04	1.77962e-05	2.28935e-04	1	3.60800e-01	-5.00000e-02	1.50000e-01	1.40800e-01
2.46502e+00	-2.32572e+00	-6.73192e-01	-3.85051e-01	6.79415e-01	-2.39071e-01	3.78808e-03	2.82419e-03	3.46519e-03	-8.97961e-04	9.64352e-05	1.07945e-04	1	3.63000e-01	-5.00000e-02	1.50000e-01	1.43000e-01
2.22860e+00	-2.18020e+00	-9.03749e-01	-4.13100e-01	6.79380e-01	-2.62207e-01	3.81103e-03	2.54261e-03	3.41609e-03	-8.04279e-04	1.47490e-04	-6.89180e-06	1	3.65200e-01	-5.00000e-02	1.50000e-01	1.45200e-01
1.65655e+00	-1.76272e+00	-1.33828e+00	-4.53440e-01	6.79367e-01	-3.61822e-01	3.87756e-03	2.38163e-03	3.38298e-03	-7.02928e-04	1.78160e-04	-1.26789e-04	1	3.67400e-01	-5.00000e-02	1.50000e-01	1.47400e-01
1.21509e+00	-1.30071e+00	-1.64630e+00	-4.45589e-01	6.79375e-01	-5.48192e-01	3.94150e-03	2.24835e-03	3.29186e-03	-6.30598e-04	2.10278e-04	-2.02144e-04	1	3.69600e-01	-5.00000e-02	1.50000e-01	1.49600e-01
7.50210e-01	-8.72509e-01	-1.80684e+00	-3.99312e-01	6.79391e-01	-1.42557e+00	3.92008e-03	2.05504e-03	3.16770e-03	-5.86853e-04	2.55438e-04	-2.20370e-04	1	3.71800e-01	-5.00000e-02	1.50000e-01	1.51800e-01
2.69506e-01	-5.40743e-01	-2.07731e+00	-3.38614e-01	6.79413e-01	-1.19243e+00	3.77194e-03	1.83233e-03	3.05588e-03	-5.20933e-04	3.01305e-04	-1.92671e-04	1	3.74000e-01	-5.00000e-02	1.50000e-01	1.54000e-01
1.15670e-01	-3.80621e-01	-2.55822e+00	-2.49963e-01	6.79456e-01	-1.77132e+00	3.59304e-03	1.65600e-03	2.96839e-03	-4.35779e-04	3.27668e-04	-1.30055e-04	1	3.76200e-01	-5.00000e-02	1.50000e-01	1.56200e-01
2.44133e-01	-3.04168e-01	-3.03900e+00	-7.41723e-02	6.79532e-01	5.55647e+00	3.48041e-03	1.53115e-03	2.88174e-03	-3.60118e-04	3.46821e-04	-5.46794e-05	1	3.78400e-01	-5.00000e-02	1.50000e-01	1.58400e-01
6.74927e-02	-1.98749e-01	-3.29039e+00	2.30997e-01	6.79646e-01	3.38770e+00	3.43659e-03	1.42353e-03	2.77629e-03	-3.20561e-04	3.67654e-04	5.33221e-06	1	3.80600e-01	-5.00000e-02	1.50000e-01	1.60600e-01
-1.41787e-01	-1.23800e-01	-3.26937e+00	5.87129e-01	6.79783e-01	4.75001e+00	3.45023e-03	1.41373e-03	2.67188e-03	-3.28263e-04	3.83156e-04	5.20894e-05	1	3.82800e-01	-5.00000e-02	1.50000e-01	1.62800e-01
1.06791e-01	-1.59843e-01	-3.08824e+00	7.15981e-01	6.79922e-01	2.92812e+01	3.52636e-03	1.54199e-03	2.59370e-03	-3.79695e-04	4.24971e-04	9.13143e-05	1	3.85000e-01	-5.00000e-02	1.50000e-01	1.65000e-01
2.54900e-01	-2.01504e-01	-2.76980e+00	6.23987e-01	6.80052e-01	-7.98225e+00	3.59013e-03	1.69697e-03	2.53521e-03	-4.47270e-04	4.97964e-04	1.13508e-04	1	3.87200e-01	-5.00000e-02	1.50000e-01	1.67200e-01
1.65375e-01	-3.03538e-01	-2.31713e+00	4.79738e-01	6.80156e-01	-6.25651e+00	3.57898e-03	1.86214e-03	2.48188e-03	-4.82598e-04	5.83787e-04	1.46785e-04	1	3.89400e-01	-5.00000e-02	1.50000e-01	1.69400e-01
1.82914e-01	-4.94006e-01	-1.98034e+00	4.58219e-01	6.80221e-01	-2.06835e+01	3.52966e-03	2.00360e-03	2.45598e-03	-4.72247e-04	6.53153e-04	2.18095e-04	1	3.91600e-01	-5.00000e-02	1.50000e-01	1.71600e-01
4.75561e-01	-5.82011e-01	-1.93255e+00	5.39342e-01	6.80245e-01	-1.60306e+00	3.50513e-03	2.07564e-03	2.47038e-03	-4.41843e-04	6.97524e-04	3.32969e-04	1	3.93800e-01	-5.00000e-02	1.50000e-01	1.73800e-01
5.92058e-01	-4.34949e-01	-2.04549e+00	4.57610e-01	6.80249e-01	1.07280e+01	3.48658e-03	2.12923e-03	2.46272e-03	-4.21245e-04	7.22321e-04	4.48633e-04	1	3.96000e-01	-5.00000e-02	1.50000e-01	1.76000e-01
5.40905e-01	-2.14110e-01	-2.15957e+00	2.94104e-01	6.80278e-01	-2.78872e+00	3.38409e-03	2.19822e-03	2.42090e-03	-3.95654e-04	7.41300e-04	5.10882e-04	1	3.98200e-01	-5.00000e-02	1.50000e-01	1.78200e-01
5.22820e-01	-1.83797e-01	-2.16710e+00	1.85005e-01	6.80342e-01	-2.85409e+00	3.20742e-03	2.28220e-03	2.35074e-03	-3.59859e-04	7.48365e-04	5.29379e-04	1	4.00400e-01	-5.00000e-02	1.50000e-01	1.80400e-01
3.32368e-01	-2.18309e-01	-1.96807e+00	1.33621e-01	6.80419e-01	2.15224e+01	3.01402e-03	2.33320e-03	2.26459e-03	-3.24567e-04	7.43668e-04	5.17506e-04	1	4.02600e-01	-5.00000e-02	1.50000e-01	1.82600e-01
7.15069e-02	-7.63684e-02	-1.60481e+00	8.91806e-02	6.80496e-01	1.72145e+00	2.82373e-03	2.36555e-03	2.17086e-03	-3.14776e-04	7.17876e-04	4.88967e-04	1	4.04800e-01	-5.00000e-02	1.50000e-01	1.84800e-01
9.50783e-02	4.30132e-02	-1.32305e+00	1.85011e-02	6.80572e-01	1.34101e+00	2.66657e-03	2.40236e-03	2.07459e-03	-3.41357e-04	6.70618e-04	4.58434e-04	1	4.07000e-01	-5.00000e-02	1.50000e-01	1.87000e-01
1.77724e-01	-9.09558e-02	-1.33356e+00	-1.32410e-01	6.80659e-01	-3.17095e+00	2.56135e-03	2.36319e-03	1.97569e-03	-3.47151e-04	6.40093e-04	4.07488e-04	1	4.09200e-01	-5.00000e-02	1.50000e-01	1.89200e-01
3.47108e-02	-2.17862e-01	-1.55727e+00	-3.27718e-01	6.80749e-01	1.84062e+01	2.49906e-03	2.30861e-03	1.89097e-03	-3.15410e-04	6.34549e-04	3.34168e-04	1	4.11400e-01	-5.00000e-02	1.50000e-01	1.91400e-01
-3.29114e-01	-1.12116e-01	-1.70044e+00	-3.98350e-01	6.80838e-01	2.17567e+00	2.44355e-03	2.25040e-03	1.83414e-03	-3.05236e-04	6.26103e-04	2.66939e-04	1	4.13600e-01	-5.00000e-02	1.50000e-01	1.93600e-01
-5.30273e-01	2.73540e-02	-1.64501e+00	-3.18768e-01	6.80939e-01	1.29958e+00	2.33368e-03	2.08975e-03	1.79930e-03	-2.92524e-04	6.44765e-04	2.30855e-04	1	4.15800e-01	-5.00000e-02	1.50000e-01	1.95800e-01
-3.25602e-01	6.53085e-02	-1.54642e+00	-2.28793e-01	6.81048e-01	1.78798e+00	2.20355e-03	1.91525e-03	1.77678e-03	-2.77278e-04	6.86824e-04	2.32459e-04	1	4.18000e-01	-5.00000e-02	1.50000e-01	1.98000e-01
-6.97046e-02	7.83566e-02	-1.49100e+00	-1.87716e-01	6.81161e-01	-2.20860e+01	2.12817e-03	1.77701e-03	1.75278e-03	-2.76653e-04	7.07353e-04	2.44889e-04	1	4.20200e-01	-5.00000e-02	1.50000e-01	2.00200e-01
-1.97959e-02	-1.48775e-02	-1.44256e+00	-1.84870e-01	6.81284e-01	-6.11364e-02	2.07925e-03	1.64818e-03	1.71757e-03	-2.62787e-04	6.82446e-04	2.68870e-04	1	4.22400e-01	-5.00000e-02	1.50000e-01	2.02400e-01
-8.43007e-02	-3.47691e-01	-1.44416e+00	-1.93777e-01	6.81425e-01	-2.77880e-02	2.02513e-03	1.50506e-03	1.66616e-03	-2.14975e-04	6.11116e-04	3.09173e-04	1	4.24600e-01	-5.00000e-02	1.50000e-01	2.04600e-01
-2.68934e-01	-7.10153e-01	-1.51864e+00	-1.27776e-01	6.81584e-01	2.43557e+00	1.96688e-03	1.37420e-03	1.61113e-03	-1.58249e-04	5.20093e-04	3.43584e-04	1	4.26800e-01	-5.00000e-02	1.50000e-01	2.06800e-01
-7.99121e-01	-7.51639e-01	-1.56298e+00	-1.35349e-02	6.81746e-01	1.11442e+00	1.88815e-03	1.27402e-03	1.57831e-03	-1.14752e-04	4.49882e-04	3.43537e-04	1	4.29000e-01	-5.00000e-02	1.50000e-01	2.09000e-01
-1.25293e+00	-5.40735e-01	-1.54238e+00	-5.52074e-02	6.81898e-01	7.08994e-01	1.78772e-03	1.20364e-03	1.58227e-03	-1.06901e-04	4.11010e-04	3.09585e-04	1	4.31200e-01	-5.00000e-02	1.50000e-01	2.11200e-01
-1.03376e+00	-4.70883e-01	-1.51144e+00	-2.77177e-01	6.82049e-01	7.83451e-01	1.64067e-03	1.12473e-03	1.62816e-03	-1.33299e-04	3.65139e-04	2.55597e-04	1	4.33400e-01	-5.00000e-02	1.50000e-01	2.13400e-01
-5.25030e-01	-6.03543e-01	-1.47935e+00	-3.97011e-01	6.82200e-01	1.42910e+00	1.48705e-03	1.00628e-03	1.66503e-03	-1.42507e-04	2.90109e-04	1.90090e-04	1	4.35600e-01	-5.00000e-02	1.50000e-01	2.15600e-01
-1.85530e-01	-7.53660e-01	-1.40502e+00	-2.42229e-01	6.82342e-01	-1.33418e+00	1.39389e-03	9.10847e-04	1.69207e-03	-1.26301e-04	2.05584e-04	1.31671e-04	1	4.37800e-01	-5.00000e-02	1.50000e-01	2.17800e-01
-8.10644e-03	-7.76236e-01	-1.30704e+00	5.93913e-02	6.82475e-01	1.02380e+01	1.34493e-03	8.59568e-04	1.71740e-03	-9.82550e-05	1.33257e-04	9.34744e-05	1	4.40000e-01	-5.00000e-02	1.50000e-01	2.20000e-01
