"Density"	"Momentum:0"	"Momentum:1"	"Momentum:2"	"StagnationEnergy"	"Pressure"	"Function0"	"Function1"	"Function2"	"Function3"	"Function4"	"Function5"	"vtkValidPointMask"	"arc_length"	"Points:0"	"Points:1"	"Points:2"
-6.28731e-03	-2.49711e-01	2.62257e-01	-1.73904e-01	6.88257e-01	4.88309e+00	4.71596e-04	2.83777e-04	5.53750e-04	7.80329e-05	6.99789e-06	8.16005e-05	1	0.00000e+00	1.00000e-01	1.50000e-01	-2.20000e-01
4.33737e-03	-2.70055e-01	2.42317e-01	-1.63291e-01	6.88254e-01	-1.46045e+00	4.48279e-04	2.79025e-04	5.36033e-04	6.32919e-05	-8.17007e-06	6.77486e-05	1	2.19999e-03	1.00000e-01	1.50000e-01	-2.17800e-01
4.22098e-05	-2.72297e-01	2.04988e-01	-1.84905e-01	6.88249e-01	-4.78619e+00	4.25214e-04	2.86377e-04	5.17552e-04	4.06304e-05	-1.47553e-05	5.59716e-05	1	4.40000e-03	1.00000e-01	1.50000e-01	-2.15600e-01
-8.32208e-03	-2.29615e-01	1.82235e-01	-2.23793e-01	6.88243e-01	5.78729e-01	4.04153e-04	2.99113e-04	4.97399e-04	1.10640e-05	-1.22188e-05	4.66884e-05	1	6.59999e-03	1.00000e-01	1.50000e-01	-2.13400e-01
-1.62165e-02	-1.13016e-01	1.69558e-01	-2.65772e-01	6.88237e-01	-5.22121e-01	3.78374e-04	3.05662e-04	4.75702e-04	-1.49737e-05	-5.43193e-06	3.91886e-05	1	8.80000e-03	1.00000e-01	1.50000e-01	-2.11200e-01
-5.06534e-03	-2.67111e-03	1.37171e-01	-2.97053e-01	6.88231e-01	5.93216e-01	3.47029e-04	3.02302e-04	4.56640e-04	-2.68458e-05	1.13781e-06	3.28611e-05	1	1.10000e-02	1.00000e-01	1.50000e-01	-2.09000e-01
2.42007e-02	-2.02910e-02	9.27083e-02	-2.97676e-01	6.88227e-01	-1.10188e+00	3.19062e-04	2.98764e-04	4.44676e-04	-2.64448e-05	8.51757e-06	2.83435e-05	1	1.32000e-02	1.00000e-01	1.50000e-01	-2.06800e-01
3.51161e-02	-1.41645e-01	6.83220e-02	-2.73602e-01	6.88224e-01	-3.76739e-01	3.00119e-04	3.01547e-04	4.38942e-04	-2.78624e-05	1.56676e-05	2.65351e-05	1	1.54000e-02	1.00000e-01	1.50000e-01	-2.04600e-01
2.73280e-02	-1.61800e-01	4.42710e-02	-2.58458e-01	6.88223e-01	-5.98929e-01	2.88294e-04	3.08088e-04	4.34852e-04	-3.91278e-05	1.67769e-05	2.63213e-05	1	1.76000e-02	1.00000e-01	1.50000e-01	-2.02400e-01
1.47720e-02	-3.69775e-03	1.65176e-02	-2.66616e-01	6.88224e-01	-1.43775e+00	2.86194e-04	3.14739e-04	4.31873e-04	-5.54332e-05	1.00996e-05	2.62164e-05	1	1.98000e-02	1.00000e-01	1.50000e-01	-2.00200e-01
-1.21660e-02	1.89260e-01	-1.51967e-02	-2.65845e-01	6.88227e-01	-2.89001e+01	2.90934e-04	3.21542e-04	4.32917e-04	-7.06068e-05	-1.32762e-06	2.68044e-05	1	2.20000e-02	1.00000e-01	1.50000e-01	-1.98000e-01
-6.02673e-02	2.37775e-01	-1.04265e-01	-2.24395e-01	6.88229e-01	7.52748e-01	2.98030e-04	3.34450e-04	4.40189e-04	-8.03916e-05	-1.40820e-05	2.99151e-05	1	2.42000e-02	1.00000e-01	1.50000e-01	-1.95800e-01
-1.09382e-01	1.20083e-01	-2.87332e-01	-1.63935e-01	6.88230e-01	5.19561e-01	3.07369e-04	3.48154e-04	4.52410e-04	-8.44417e-05	-2.45857e-05	3.37087e-05	1	2.64000e-02	1.00000e-01	1.50000e-01	-1.93600e-01
-1.31819e-01	-7.31887e-02	-4.66930e-01	-1.44398e-01	6.88232e-01	6.75835e-01	3.14703e-04	3.50067e-04	4.67284e-04	-8.69680e-05	-2.86366e-05	3.43391e-05	1	2.86000e-02	1.00000e-01	1.50000e-01	-1.91400e-01
-9.38442e-02	-2.78094e-01	-4.93920e-01	-1.93542e-01	6.88233e-01	1.27156e+00	3.17501e-04	3.42687e-04	4.83666e-04	-9.20073e-05	-2.53093e-05	3.18311e-05	1	3.08000e-02	1.00000e-01	1.50000e-01	-1.89200e-01
-3.19534e-03	-4.54117e-01	-3.46173e-01	-2.67103e-01	6.88232e-01	-5.95795e+00	3.20896e-04	3.34482e-04	5.00392e-04	-1.00327e-04	-2.02855e-05	2.98728e-05	1	3.30000e-02	1.00000e-01	1.50000e-01	-1.87000e-01
5.23306e-02	-5.27460e-01	-1.37727e-01	-2.99011e-01	6.88230e-01	-9.16158e-01	3.27204e-04	3.30284e-04	5.15501e-04	-1.06187e-04	-2.19447e-05	3.18520e-05	1	3.52000e-02	1.00000e-01	1.50000e-01	-1.84800e-01
9.37590e-03	-4.42727e-01	-3.80102e-04	-2.87605e-01	6.88226e-01	-2.68262e+00	3.28081e-04	3.26956e-04	5.27784e-04	-1.01742e-04	-3.34071e-05	3.70809e-05	1	3.74000e-02	1.00000e-01	1.50000e-01	-1.82600e-01
-9.07329e-02	-2.44193e-01	-2.09401e-03	-3.03037e-01	6.88221e-01	7.11234e-01	3.18359e-04	3.18301e-04	5.37178e-04	-8.77073e-05	-4.92014e-05	3.95868e-05	1	3.96000e-02	1.00000e-01	1.50000e-01	-1.80400e-01
-1.58454e-01	-4.36254e-02	-1.14999e-01	-3.91677e-01	6.88214e-01	5.41625e-01	3.06918e-04	3.08360e-04	5.45424e-04	-7.26077e-05	-6.11873e-05	3.50424e-05	1	4.18000e-02	1.00000e-01	1.50000e-01	-1.78200e-01
-1.27840e-01	1.02178e-01	-2.25973e-01	-4.99985e-01	6.88208e-01	1.42620e+00	3.00943e-04	3.05053e-04	5.57442e-04	-6.06925e-05	-6.44830e-05	2.42662e-05	1	4.40000e-02	1.00000e-01	1.50000e-01	-1.76000e-01
-2.68057e-02	2.18464e-01	-2.51171e-01	-5.56925e-01	6.88201e-01	1.11790e+00	3.00435e-04	3.06147e-04	5.72193e-04	-4.99156e-05	-6.17569e-05	1.17228e-05	1	4.62000e-02	1.00000e-01	1.50000e-01	-1.73800e-01
5.31746e-02	3.10866e-01	-2.05173e-01	-5.69220e-01	6.88196e-01	-1.87837e+00	3.09814e-04	3.05341e-04	5.88579e-04	-3.75546e-05	-5.69205e-05	-4.60549e-07	1	4.84000e-02	1.00000e-01	1.50000e-01	-1.71600e-01
7.36936e-02	3.12406e-01	-1.46384e-01	-5.77439e-01	6.88191e-01	-9.88521e-01	3.32041e-04	3.10514e-04	6.04022e-04	-2.70742e-05	-5.19018e-05	-9.77515e-06	1	5.06000e-02	1.00000e-01	1.50000e-01	-1.69400e-01
6.51600e-02	1.71669e-01	-8.58223e-02	-5.77867e-01	6.88187e-01	-8.77802e-01	3.61515e-04	3.29357e-04	6.14730e-04	-2.43660e-05	-4.69336e-05	-1.60434e-05	1	5.28000e-02	1.00000e-01	1.50000e-01	-1.67200e-01
6.50168e-02	-5.07974e-02	-3.09829e-03	-5.42725e-01	6.88186e-01	-6.46489e-01	3.87364e-04	3.54405e-04	6.18180e-04	-3.00564e-05	-4.26174e-05	-2.07820e-05	1	5.50000e-02	1.00000e-01	1.50000e-01	-1.65000e-01
8.58252e-02	-2.22328e-01	8.86938e-02	-4.76137e-01	6.88184e-01	-3.96122e-01	3.99019e-04	3.68489e-04	6.15809e-04	-3.69680e-05	-3.82202e-05	-2.51207e-05	1	5.72000e-02	1.00000e-01	1.50000e-01	-1.62800e-01
8.49129e-02	-2.72348e-01	1.45683e-01	-4.11303e-01	6.88179e-01	-3.60783e-01	3.91165e-04	3.73011e-04	6.13005e-04	-3.91745e-05	-3.07277e-05	-2.85091e-05	1	5.94000e-02	1.00000e-01	1.50000e-01	-1.60600e-01
6.03029e-02	-2.54270e-01	1.48662e-01	-3.79513e-01	6.88171e-01	-5.25711e-01	3.76999e-04	3.88409e-04	6.16584e-04	-3.87106e-05	-1.85850e-05	-3.05914e-05	1	6.16000e-02	1.00000e-01	1.50000e-01	-1.58400e-01
6.64054e-02	-2.87360e-01	1.33220e-01	-3.78248e-01	6.88161e-01	-4.98972e-01	3.73414e-04	4.15385e-04	6.23412e-04	-3.51010e-05	-7.28313e-06	-2.95764e-05	1	6.38000e-02	1.00000e-01	1.50000e-01	-1.56200e-01
1.25866e-01	-4.10902e-01	1.42960e-01	-4.05813e-01	6.88147e-01	-3.14292e-01	3.81614e-04	4.39413e-04	6.32131e-04	-2.82742e-05	-1.13969e-06	-2.64648e-05	1	6.60000e-02	1.00000e-01	1.50000e-01	-1.54000e-01
1.99629e-01	-5.51524e-01	1.87350e-01	-4.43079e-01	6.88129e-01	-2.75328e-01	3.96770e-04	4.49510e-04	6.43753e-04	-2.09822e-05	-2.16166e-06	-2.26196e-05	1	6.82000e-02	1.00000e-01	1.50000e-01	-1.51800e-01
2.27407e-01	-6.03600e-01	2.14180e-01	-4.50355e-01	6.88105e-01	-2.67848e-01	4.19801e-04	4.52226e-04	6.61216e-04	-1.54496e-05	-7.01964e-06	-2.05114e-05	1	7.04000e-02	1.00000e-01	1.50000e-01	-1.49600e-01
1.79481e-01	-5.51417e-01	1.50116e-01	-4.03425e-01	6.88076e-01	-2.77079e-01	4.49296e-04	4.58835e-04	6.86826e-04	-1.38574e-05	-7.61189e-06	-2.48586e-05	1	7.26000e-02	1.00000e-01	1.50000e-01	-1.47400e-01
7.27711e-02	-4.60738e-01	-1.72527e-02	-3.37619e-01	6.88040e-01	-7.44018e-01	4.73157e-04	4.63199e-04	7.21490e-04	-1.54757e-05	-1.47667e-06	-3.65227e-05	1	7.48000e-02	1.00000e-01	1.50000e-01	-1.45200e-01
-2.38114e-04	-3.61101e-01	-1.85963e-01	-3.27427e-01	6.87998e-01	2.77997e+00	4.83681e-04	4.61913e-04	7.63304e-04	-1.30362e-05	3.66244e-06	-5.20772e-05	1	7.70000e-02	1.00000e-01	1.50000e-01	-1.43000e-01
2.53384e-02	-2.60214e-01	-2.03865e-01	-4.02729e-01	6.87949e-01	-2.74052e+00	4.92205e-04	4.68592e-04	8.03506e-04	-7.92888e-06	4.23823e-07	-6.70575e-05	1	7.92000e-02	1.00000e-01	1.50000e-01	-1.40800e-01
8.92870e-02	-2.25386e-01	-3.77267e-02	-5.13732e-01	6.87893e-01	1.77751e+00	5.05814e-04	4.90839e-04	8.30463e-04	-1.69059e-05	-9.28744e-06	-7.41498e-05	1	8.14000e-02	1.00000e-01	1.50000e-01	-1.38600e-01
1.32802e-01	-2.73319e-01	1.69859e-01	-5.99786e-01	6.87836e-01	-8.45119e-01	5.18933e-04	5.33979e-04	8.36923e-04	-5.14569e-05	-1.73644e-05	-6.90009e-05	1	8.36000e-02	1.00000e-01	1.50000e-01	-1.36400e-01
1.22034e-01	-2.66628e-01	2.88561e-01	-6.52842e-01	6.87794e-01	-1.54454e+00	5.26992e-04	6.34105e-04	8.29155e-04	-8.04036e-05	-2.12107e-05	-7.01877e-05	1	8.58000e-02	1.00000e-01	1.50000e-01	-1.34200e-01
6.59007e-02	-1.19748e-01	3.65576e-01	-6.78233e-01	6.87778e-01	5.38771e-01	5.31081e-04	7.79234e-04	8.22669e-04	-5.95752e-05	-3.65439e-05	-9.90183e-05	1	8.80000e-02	1.00000e-01	1.50000e-01	-1.32000e-01
3.53152e-02	1.89989e-02	4.79568e-01	-6.43634e-01	6.87784e-01	5.63615e-01	5.56898e-04	8.71335e-04	8.18859e-04	3.97849e-06	-7.86773e-05	-1.41546e-04	1	9.02000e-02	1.00000e-01	1.50000e-01	-1.29800e-01
1.10677e-02	-7.94667e-03	5.50105e-01	-5.30393e-01	6.87799e-01	7.99121e-01	6.06050e-04	8.94675e-04	8.15572e-04	6.02809e-05	-1.30907e-04	-1.81948e-04	1	9.24000e-02	1.00000e-01	1.50000e-01	-1.27600e-01
-6.64605e-02	-1.16191e-01	4.91873e-01	-3.92825e-01	6.87809e-01	2.10926e+00	6.28099e-04	9.14343e-04	8.21556e-04	6.69274e-05	-1.67916e-04	-2.26337e-04	1	9.46000e-02	1.00000e-01	1.50000e-01	-1.25400e-01
-1.88536e-01	-1.44188e-01	4.00312e-01	-3.12545e-01	6.87801e-01	5.74928e-01	6.24196e-04	9.49167e-04	8.45552e-04	1.88783e-05	-1.83732e-04	-2.80855e-04	1	9.68000e-02	1.00000e-01	1.50000e-01	-1.23200e-01
-2.64689e-01	-9.73172e-02	3.72719e-01	-3.23759e-01	6.87775e-01	4.86491e-01	6.58139e-04	9.61387e-04	8.89735e-04	-3.25380e-05	-1.93845e-04	-3.33623e-04	1	9.90000e-02	1.00000e-01	1.50000e-01	-1.21000e-01
-2.84483e-01	-4.27904e-02	3.55159e-01	-3.96927e-01	6.87738e-01	5.25081e-01	7.26861e-04	9.44570e-04	9.50834e-04	-2.48894e-05	-2.21891e-04	-3.72542e-04	1	1.01200e-01	1.00000e-01	1.50000e-01	-1.18800e-01
-2.61787e-01	2.84533e-02	3.37107e-01	-4.80561e-01	6.87690e-01	6.13946e-01	7.82796e-04	9.33288e-04	1.02935e-03	2.14406e-05	-2.65338e-04	-3.99282e-04	1	1.03400e-01	1.00000e-01	1.50000e-01	-1.16600e-01
-1.55776e-01	1.08461e-01	4.31200e-01	-5.55470e-01	6.87632e-01	1.15015e+00	8.07478e-04	9.38756e-04	1.12847e-03	5.31618e-05	-3.02270e-04	-4.13096e-04	1	1.05600e-01	1.00000e-01	1.50000e-01	-1.14400e-01
-6.55922e-02	1.37991e-01	5.74809e-01	-6.25578e-01	6.87573e-01	3.38448e+00	8.21613e-04	9.62385e-04	1.21027e-03	4.97686e-05	-3.07918e-04	-3.94199e-04	1	1.07800e-01	1.00000e-01	1.50000e-01	-1.12200e-01
-5.76521e-02	9.85297e-02	6.03117e-01	-7.31447e-01	6.87520e-01	1.10565e+01	8.61523e-04	9.98962e-04	1.27522e-03	2.49628e-05	-2.87483e-04	-3.46651e-04	1	1.10000e-01	1.00000e-01	1.50000e-01	-1.10000e-01
-4.39348e-02	1.50177e-02	5.80377e-01	-8.93710e-01	6.87484e-01	-8.10386e-01	9.59684e-04	1.07371e-03	1.33918e-03	-4.09179e-06	-2.55241e-04	-2.93898e-04	1	1.12200e-01	1.00000e-01	1.50000e-01	-1.07800e-01
1.12257e-01	-1.13155e-01	7.48819e-01	-1.09627e+00	6.87469e-01	-3.74853e+00	1.13158e-03	1.20959e-03	1.40238e-03	-6.18644e-05	-2.11968e-04	-2.52289e-04	1	1.14400e-01	1.00000e-01	1.50000e-01	-1.05600e-01
3.53558e-01	-2.34178e-01	1.01412e+00	-1.25136e+00	6.87476e-01	-1.35330e+00	1.40908e-03	1.33825e-03	1.44880e-03	-1.91765e-04	-1.62767e-04	-2.04544e-04	1	1.16600e-01	1.00000e-01	1.50000e-01	-1.03400e-01
3.72836e-01	-3.13932e-01	1.00921e+00	-1.25441e+00	6.87489e-01	1.91324e+00	1.79883e-03	1.39602e-03	1.47700e-03	-3.19557e-04	-1.68574e-04	-1.34264e-04	1	1.18800e-01	1.00000e-01	1.50000e-01	-1.01200e-01
3.03341e-01	-4.77761e-01	7.12267e-01	-1.14861e+00	6.87481e-01	-1.07761e+00	2.08896e-03	1.43398e-03	1.51567e-03	-3.45664e-04	-2.67767e-04	-6.38678e-05	1	1.21000e-01	1.00000e-01	1.50000e-01	-9.90000e-02
4.08109e-01	-6.98528e-01	4.40651e-01	-1.07672e+00	6.87452e-01	-8.03146e+00	2.16364e-03	1.46306e-03	1.56845e-03	-2.53345e-04	-3.95624e-04	-1.46126e-05	1	1.23200e-01	1.00000e-01	1.50000e-01	-9.68000e-02
4.07938e-01	-7.12505e-01	3.33002e-01	-1.07680e+00	6.87424e-01	3.58507e-01	2.09816e-03	1.47334e-03	1.59270e-03	-1.04265e-04	-5.03008e-04	1.72110e-07	1	1.25400e-01	1.00000e-01	1.50000e-01	-9.46000e-02
3.28020e-01	-5.84912e-01	2.72384e-01	-1.15278e+00	6.87401e-01	6.45629e-01	2.01399e-03	1.45134e-03	1.60552e-03	1.39776e-05	-5.80947e-04	4.41717e-06	1	1.27600e-01	1.00000e-01	1.50000e-01	-9.24000e-02
4.40357e-01	-5.32655e-01	1.58701e-01	-1.30151e+00	6.87380e-01	-7.60162e-01	1.92636e-03	1.39284e-03	1.60775e-03	9.47133e-05	-6.29619e-04	4.16374e-06	1	1.29800e-01	1.00000e-01	1.50000e-01	-9.02000e-02
6.70021e-01	-5.24519e-01	-2.08259e-02	-1.45444e+00	6.87361e-01	4.58978e-01	1.83685e-03	1.31729e-03	1.60813e-03	1.64175e-04	-6.58925e-04	1.75477e-06	1	1.32000e-01	1.00000e-01	1.50000e-01	-8.80000e-02
7.26190e-01	-4.78447e-01	-1.95954e-01	-1.49631e+00	6.87347e-01	-1.43607e-01	1.75088e-03	1.25681e-03	1.61436e-03	2.30188e-04	-6.86083e-04	6.83790e-06	1	1.34200e-01	1.00000e-01	1.50000e-01	-8.58000e-02
5.17128e-01	-4.54587e-01	-2.67590e-01	-1.38523e+00	6.87339e-01	-5.18499e-01	1.68757e-03	1.23732e-03	1.62657e-03	2.69333e-04	-7.20527e-04	2.30461e-05	1	1.36400e-01	1.00000e-01	1.50000e-01	-8.36000e-02
2.16030e-01	-4.69637e-01	-1.83194e-01	-1.18276e+00	6.87334e-01	-3.84431e-01	1.66255e-03	1.25594e-03	1.63886e-03	2.65736e-04	-7.57272e-04	3.69813e-05	1	1.38600e-01	1.00000e-01	1.50000e-01	-8.14000e-02
-6.25692e-03	-4.46933e-01	4.50443e-02	-9.75645e-01	6.87330e-01	3.82033e-01	1.67810e-03	1.29027e-03	1.64719e-03	2.38442e-04	-7.88778e-04	2.98270e-05	1	1.40800e-01	1.00000e-01	1.50000e-01	-7.92000e-02
-1.61720e-01	-3.92813e-01	3.52068e-01	-7.93776e-01	6.87326e-01	5.79500e-02	1.73843e-03	1.32781e-03	1.65134e-03	2.13412e-04	-8.15926e-04	2.13514e-06	1	1.43000e-01	1.00000e-01	1.50000e-01	-7.70000e-02
-3.61367e-01	-3.74829e-01	6.48134e-01	-6.06272e-01	6.87323e-01	-5.61440e-01	1.82729e-03	1.36490e-03	1.64917e-03	1.94370e-04	-8.37110e-04	-2.56662e-05	1	1.45200e-01	1.00000e-01	1.50000e-01	-7.48000e-02
-6.28907e-01	-3.27890e-01	9.00077e-01	-4.06615e-01	6.87317e-01	9.09350e-01	1.89041e-03	1.38782e-03	1.63513e-03	1.81198e-04	-8.43991e-04	-3.86285e-05	1	1.47400e-01	1.00000e-01	1.50000e-01	-7.26000e-02
-8.86155e-01	-1.33893e-01	1.14985e+00	-2.69617e-01	6.87304e-01	6.23572e-01	1.91451e-03	1.39654e-03	1.59936e-03	1.76844e-04	-8.41522e-04	-3.84744e-05	1	1.49600e-01	1.00000e-01	1.50000e-01	-7.04000e-02
-1.07795e+00	1.56926e-01	1.41732e+00	-2.88930e-01	6.87284e-01	6.74637e-01	1.94945e-03	1.42055e-03	1.53256e-03	1.76179e-04	-8.49228e-04	-3.69539e-05	1	1.51800e-01	1.00000e-01	1.50000e-01	-6.82000e-02
-1.15027e+00	4.26593e-01	1.69185e+00	-5.47805e-01	6.87267e-01	9.18860e-01	2.00843e-03	1.44751e-03	1.45963e-03	1.65206e-04	-8.58799e-04	-3.57290e-05	1	1.54000e-01	1.00000e-01	1.50000e-01	-6.60000e-02
-9.85196e-01	7.02514e-01	2.10860e+00	-8.82808e-01	6.87248e-01	1.59207e+00	2.09597e-03	1.46784e-03	1.41005e-03	1.51051e-04	-8.55237e-04	-4.92534e-05	1	1.56200e-01	1.00000e-01	1.50000e-01	-6.38000e-02
-6.62685e-01	9.55008e-01	2.60575e+00	-1.13067e+00	6.87225e-01	3.25821e+00	2.20932e-03	1.48035e-03	1.39947e-03	8.94625e-05	-8.32657e-04	-6.83445e-05	1	1.58400e-01	1.00000e-01	1.50000e-01	-6.16000e-02
-5.68182e-01	1.12356e+00	2.87315e+00	-1.20338e+00	6.87211e-01	4.47197e+00	2.39987e-03	1.50917e-03	1.41604e-03	-7.13533e-05	-8.05623e-04	-8.90249e-05	1	1.60600e-01	1.00000e-01	1.50000e-01	-5.94000e-02
-7.35029e-01	1.23471e+00	2.74022e+00	-1.17936e+00	6.87219e-01	3.43976e+00	2.72309e-03	1.55908e-03	1.44183e-03	-3.05799e-04	-7.81485e-04	-1.16623e-04	1	1.62800e-01	1.00000e-01	1.50000e-01	-5.72000e-02
-7.95935e-01	1.30559e+00	2.48836e+00	-1.20439e+00	6.87248e-01	2.92127e+00	3.13097e-03	1.62619e-03	1.47181e-03	-5.48159e-04	-7.38320e-04	-1.54589e-04	1	1.65000e-01	1.00000e-01	1.50000e-01	-5.50000e-02
-6.51684e-01	1.29147e+00	2.42714e+00	-1.33652e+00	6.87289e-01	3.83013e+00	3.53307e-03	1.71939e-03	1.50668e-03	-7.91799e-04	-6.45704e-04	-1.90571e-04	1	1.67200e-01	1.00000e-01	1.50000e-01	-5.28000e-02
-5.47294e-01	1.15331e+00	2.34328e+00	-1.48441e+00	6.87341e-01	4.36117e+00	3.86769e-03	1.82886e-03	1.55603e-03	-1.04169e-03	-5.19571e-04	-2.13143e-04	1	1.69400e-01	1.00000e-01	1.50000e-01	-5.06000e-02
-7.39189e-01	9.09957e-01	1.85914e+00	-1.48520e+00	6.87401e-01	3.43505e+00	4.08748e-03	1.91224e-03	1.63759e-03	-1.26018e-03	-4.38559e-04	-2.14412e-04	1	1.71600e-01	1.00000e-01	1.50000e-01	-4.84000e-02
-1.14278e+00	6.22356e-01	1.17170e+00	-1.39600e+00	6.87450e-01	1.61397e+00	4.23089e-03	1.96490e-03	1.73220e-03	-1.43030e-03	-4.21262e-04	-2.09176e-04	1	1.73800e-01	1.00000e-01	1.50000e-01	-4.62000e-02
-1.52389e+00	3.59703e-01	5.46996e-01	-1.35652e+00	6.87501e-01	8.82776e-01	4.32463e-03	1.97386e-03	1.83168e-03	-1.55187e-03	-4.50949e-04	-1.80988e-04	1	1.76000e-01	1.00000e-01	1.50000e-01	-4.40000e-02
-1.66837e+00	1.53113e-01	9.80918e-02	-1.39957e+00	6.87565e-01	8.65253e-01	4.36790e-03	1.95243e-03	1.91857e-03	-1.64457e-03	-5.17113e-04	-1.11041e-04	1	1.78200e-01	1.00000e-01	1.50000e-01	-4.18000e-02
-1.56614e+00	-2.50599e-02	-1.49324e-01	-1.40831e+00	6.87638e-01	1.20436e+00	4.33171e-03	1.91808e-03	1.97915e-03	-1.72386e-03	-6.04257e-04	-1.28101e-06	1	1.80400e-01	1.00000e-01	1.50000e-01	-3.96000e-02
-1.34522e+00	-1.13546e-01	-2.27452e-01	-1.29614e+00	6.87714e-01	1.51152e+00	4.20333e-03	1.87312e-03	2.00334e-03	-1.77511e-03	-6.88204e-04	1.23909e-04	1	1.82600e-01	1.00000e-01	1.50000e-01	-3.74000e-02
-1.12529e+00	-6.18582e-02	-2.21432e-01	-1.13020e+00	6.87795e-01	1.21100e+00	4.00556e-03	1.82121e-03	1.97453e-03	-1.77262e-03	-7.34396e-04	2.27221e-04	1	1.84800e-01	1.00000e-01	1.50000e-01	-3.52000e-02
-9.90182e-01	1.30855e-02	-1.84370e-01	-1.04551e+00	6.87888e-01	9.98018e-01	3.78515e-03	1.77722e-03	1.87672e-03	-1.72329e-03	-7.17197e-04	2.82852e-04	1	1.87000e-01	1.00000e-01	1.50000e-01	-3.30000e-02
-9.33770e-01	3.46258e-02	-1.79389e-01	-1.08206e+00	6.87989e-01	1.11689e+00	3.56724e-03	1.76096e-03	1.72041e-03	-1.65751e-03	-6.53629e-04	2.95913e-04	1	1.89200e-01	1.00000e-01	1.50000e-01	-3.08000e-02
-8.76499e-01	8.69807e-02	-2.91940e-01	-1.14701e+00	6.88079e-01	-1.07709e+01	3.36422e-03	1.78439e-03	1.54894e-03	-1.59625e-03	-5.80833e-04	2.88148e-04	1	1.91400e-01	1.00000e-01	1.50000e-01	-2.86000e-02
-7.82047e-01	1.32194e-01	-4.71470e-01	-1.13468e+00	6.88138e-01	2.85931e-01	3.18818e-03	1.83371e-03	1.40840e-03	-1.53732e-03	-5.08473e-04	2.75960e-04	1	1.93600e-01	1.00000e-01	1.50000e-01	-2.64000e-02
-6.62721e-01	-3.07613e-02	-5.65149e-01	-1.03464e+00	6.88166e-01	3.34745e-01	3.03149e-03	1.87601e-03	1.32696e-03	-1.46663e-03	-4.36295e-04	2.65842e-04	1	1.95800e-01	1.00000e-01	1.50000e-01	-2.42000e-02
-4.55236e-01	-4.14196e-01	-5.41964e-01	-9.08139e-01	6.88171e-01	3.60516e-01	2.88424e-03	1.85178e-03	1.30955e-03	-1.35457e-03	-3.69847e-04	2.42385e-04	1	1.98000e-01	1.00000e-01	1.50000e-01	-2.20000e-02
-1.13411e-01	-8.26514e-01	-4.83497e-01	-8.34197e-01	6.88157e-01	7.38691e-01	2.71313e-03	1.74967e-03	1.32975e-03	-1.18593e-03	-2.99328e-04	1.78558e-04	1	2.00200e-01	1.00000e-01	1.50000e-01	-1.98000e-02
1.21706e-01	-1.07130e+00	-3.74131e-01	-8.64003e-01	6.88135e-01	-4.12696e+00	2.47820e-03	1.67407e-03	1.35834e-03	-9.99367e-04	-2.21147e-04	9.59858e-05	1	2.02400e-01	1.00000e-01	1.50000e-01	-1.76000e-02
-1.67957e-01	-8.62155e-01	-7.49832e-02	-9.53811e-01	6.88112e-01	7.25386e+00	2.22228e-03	1.75173e-03	1.38090e-03	-8.57023e-04	-1.52924e-04	2.39933e-05	1	2.04600e-01	1.00000e-01	1.50000e-01	-1.54000e-02
-7.87991e-01	-1.74600e-02	3.88560e-01	-1.00695e+00	6.88089e-01	7.09957e-01	2.05579e-03	1.92362e-03	1.39909e-03	-7.52058e-04	-1.09776e-04	-6.35479e-05	1	2.06800e-01	1.00000e-01	1.50000e-01	-1.32000e-02
-1.01532e+00	1.01992e+00	7.15702e-01	-1.00813e+00	6.88044e-01	5.55528e-01	2.05807e-03	2.01908e-03	1.44291e-03	-6.64751e-04	-1.12423e-04	-1.69302e-04	1	2.09000e-01	1.00000e-01	1.50000e-01	-1.10000e-02
-1.12263e+00	1.48622e+00	7.76576e-01	-1.03070e+00	6.87977e-01	6.25874e-01	2.14522e-03	2.02060e-03	1.52048e-03	-6.75664e-04	-1.32813e-04	-2.32607e-04	1	2.11200e-01	1.00000e-01	1.50000e-01	-8.80000e-03
-1.58794e+00	1.23150e+00	8.28809e-01	-1.12807e+00	6.87916e-01	8.94618e-01	2.23150e-03	2.04568e-03	1.59614e-03	-7.79463e-04	-1.05099e-04	-2.55252e-04	1	2.13400e-01	1.00000e-01	1.50000e-01	-6.60000e-03
-2.16143e+00	7.19761e-01	9.38272e-01	-1.25960e+00	6.87866e-01	5.63258e-01	2.36347e-03	2.11211e-03	1.65551e-03	-8.70535e-04	-4.71099e-05	-2.85330e-04	1	2.15600e-01	1.00000e-01	1.50000e-01	-4.40000e-03
-2.54574e+00	2.22799e-01	7.51975e-01	-1.30310e+00	6.87807e-01	3.81521e-01	2.51913e-03	2.11465e-03	1.69486e-03	-8.73948e-04	-1.44178e-06	-3.02268e-04	1	2.17800e-01	1.00000e-01	1.50000e-01	-2.20000e-03
-2.58899e+00	-2.65023e-01	3.87538e-01	-1.27444e+00	6.87730e-01	6.37021e-01	2.63264e-03	2.03634e-03	1.74826e-03	-7.94107e-04	2.60651e-05	-2.86504e-04	1	2.20000e-01	1.00000e-01	1.50000e-01	0.00000e+00
-2.26782e+00	-6.49461e-01	2.01976e-01	-1.26797e+00	6.87631e-01	1.26221e+00	2.67278e-03	1.90502e-03	1.83368e-03	-6.64854e-04	4.03909e-05	-2.48866e-04	1	2.22200e-01	1.00000e-01	1.50000e-01	2.20000e-03
-1.84190e+00	-7.11693e-01	1.71821e-01	-1.30096e+00	6.87521e-01	-8.03165e-01	2.65374e-03	1.81923e-03	1.94438e-03	-5.18496e-04	3.85781e-05	-2.11170e-04	1	2.24400e-01	1.00000e-01	1.50000e-01	4.40000e-03
-1.56394e+00	-4.77833e-01	1.29077e-01	-1.29846e+00	6.87419e-01	1.11650e+00	2.59717e-03	1.84564e-03	2.05736e-03	-4.01738e-04	1.32948e-05	-1.83776e-04	1	2.26600e-01	1.00000e-01	1.50000e-01	6.60000e-03
-1.52358e+00	-2.30669e-01	1.21611e-01	-1.23492e+00	6.87342e-01	5.92327e-01	2.52139e-03	1.91772e-03	2.13972e-03	-3.59366e-04	-2.27913e-05	-1.62589e-04	1	2.28800e-01	1.00000e-01	1.50000e-01	8.80000e-03
-1.61807e+00	-2.37384e-01	2.22698e-01	-1.21553e+00	6.87296e-01	5.20794e-01	2.45700e-03	1.96023e-03	2.17390e-03	-3.88767e-04	-6.49575e-05	-1.36526e-04	1	2.31000e-01	1.00000e-01	1.50000e-01	1.10000e-02
-1.70951e+00	-4.77335e-01	4.11436e-01	-1.35136e+00	6.87288e-01	5.75121e-01	2.41957e-03	1.94555e-03	2.16137e-03	-4.58241e-04	-1.10148e-04	-1.01649e-04	1	2.33200e-01	1.00000e-01	1.50000e-01	1.32000e-02
-1.37618e+00	-5.07505e-01	8.03100e-01	-1.70135e+00	6.87298e-01	9.73172e-01	2.41839e-03	1.83603e-03	2.13879e-03	-5.45802e-04	-1.02157e-04	-5.47830e-05	1	2.35400e-01	1.00000e-01	1.50000e-01	1.54000e-02
-8.58258e-01	-2.26371e-01	1.35455e+00	-2.06664e+00	6.87309e-01	1.73922e+00	2.42675e-03	1.69011e-03	2.12526e-03	-5.99051e-04	-4.17793e-05	-3.34805e-05	1	2.37600e-01	1.00000e-01	1.50000e-01	1.76000e-02
-5.19248e-01	1.34266e-01	1.77360e+00	-2.33726e+00	6.87317e-01	3.92524e+00	2.43232e-03	1.55380e-03	2.14293e-03	-5.77125e-04	3.53811e-05	-4.26510e-05	1	2.39800e-01	1.00000e-01	1.50000e-01	1.98000e-02
-6.21504e-01	3.48841e-01	1.87085e+00	-2.45309e+00	6.87324e-01	3.85734e+00	2.45184e-03	1.49500e-03	2.19515e-03	-5.03961e-04	9.46754e-05	-8.84854e-05	1	2.42000e-01	1.00000e-01	1.50000e-01	2.20000e-02
-1.02531e+00	4.42892e-01	1.71410e+00	-2.43884e+00	6.87328e-01	2.29338e+00	2.48428e-03	1.51300e-03	2.27261e-03	-4.18957e-04	1.20630e-04	-1.66535e-04	1	2.44200e-01	1.00000e-01	1.50000e-01	2.42000e-02
-1.34815e+00	5.32806e-01	1.43775e+00	-2.37763e+00	6.87331e-01	1.61285e+00	2.54387e-03	1.55871e-03	2.35796e-03	-3.50298e-04	1.19012e-04	-2.54274e-04	1	2.46400e-01	1.00000e-01	1.50000e-01	2.64000e-02
-1.36990e+00	6.83754e-01	1.17098e+00	-2.30966e+00	6.87333e-01	1.48307e+00	2.64196e-03	1.60155e-03	2.43189e-03	-3.26511e-04	1.17220e-04	-3.36075e-04	1	2.48600e-01	1.00000e-01	1.50000e-01	2.86000e-02
-1.08146e+00	8.95479e-01	9.97626e-01	-2.23789e+00	6.87339e-01	1.86511e+00	2.76733e-03	1.63794e-03	2.47760e-03	-3.53227e-04	1.36001e-04	-4.08438e-04	1	2.50800e-01	1.00000e-01	1.50000e-01	3.08000e-02
-5.36811e-01	1.09563e+00	9.16933e-01	-2.19106e+00	6.87351e-01	-5.77005e+01	2.91425e-03	1.66893e-03	2.48107e-03	-4.12424e-04	1.72592e-04	-4.69306e-04	1	2.53000e-01	1.00000e-01	1.50000e-01	3.30000e-02
-4.58910e-02	1.17404e+00	9.31959e-01	-2.17162e+00	6.87366e-01	2.06599e+01	3.06733e-03	1.68835e-03	2.43968e-03	-4.74803e-04	2.09702e-04	-5.09966e-04	1	2.55200e-01	1.00000e-01	1.50000e-01	3.52000e-02
-4.09878e-03	1.11920e+00	1.03732e+00	-2.10934e+00	6.87375e-01	2.10163e+01	3.19101e-03	1.71113e-03	2.37201e-03	-5.18628e-04	2.28915e-04	-5.21947e-04	1	2.57400e-01	1.00000e-01	1.50000e-01	3.74000e-02
-2.72044e-01	1.08521e+00	1.15238e+00	-1.97335e+00	6.87369e-01	3.31459e+00	3.25777e-03	1.76310e-03	2.30388e-03	-5.50417e-04	2.21958e-04	-5.11078e-04	1	2.59600e-01	1.00000e-01	1.50000e-01	3.96000e-02
-2.51561e-01	1.20632e+00	1.26776e+00	-1.84288e+00	6.87350e-01	5.47975e+00	3.27626e-03	1.83800e-03	2.24583e-03	-5.74886e-04	1.92501e-04	-4.92772e-04	1	2.61800e-01	1.00000e-01	1.50000e-01	4.18000e-02
8.19916e-02	1.42753e+00	1.44912e+00	-1.75522e+00	6.87323e-01	-5.23741e+00	3.29483e-03	1.90261e-03	2.19931e-03	-5.76241e-04	1.56292e-04	-5.04233e-04	1	2.64000e-01	1.00000e-01	1.50000e-01	4.40000e-02
3.32324e-02	1.57466e+00	1.67142e+00	-1.62429e+00	6.87306e-01	5.74966e+01	3.35734e-03	1.92742e-03	2.19236e-03	-5.63764e-04	1.49284e-04	-5.42990e-04	1	2.66200e-01	1.00000e-01	1.50000e-01	4.62000e-02
-5.31712e-01	1.60711e+00	1.76908e+00	-1.45246e+00	6.87299e-01	1.96471e+00	3.46839e-03	1.93289e-03	2.22012e-03	-5.48675e-04	1.71408e-04	-5.87241e-04	1	2.68400e-01	1.00000e-01	1.50000e-01	4.84000e-02
-1.09078e+00	1.60665e+00	1.70192e+00	-1.31134e+00	6.87300e-01	1.00421e+00	3.63184e-03	1.93594e-03	2.25838e-03	-5.40309e-04	1.97250e-04	-6.19272e-04	1	2.70600e-01	1.00000e-01	1.50000e-01	5.06000e-02
-1.35098e+00	1.64441e+00	1.54308e+00	-1.21145e+00	6.87313e-01	8.73047e-01	3.88118e-03	1.94029e-03	2.28784e-03	-5.53285e-04	1.97992e-04	-6.34390e-04	1	2.72800e-01	1.00000e-01	1.50000e-01	5.28000e-02
-1.33744e+00	1.69023e+00	1.33044e+00	-1.09388e+00	6.87338e-01	9.18534e-01	4.21272e-03	1.92239e-03	2.29777e-03	-6.07273e-04	1.77676e-04	-6.24734e-04	1	2.75000e-01	1.00000e-01	1.50000e-01	5.50000e-02
-1.06823e+00	1.66157e+00	1.02152e+00	-9.38772e-01	6.87380e-01	1.07589e+00	4.52244e-03	1.88001e-03	2.27584e-03	-6.89690e-04	1.57050e-04	-5.81658e-04	1	2.77200e-01	1.00000e-01	1.50000e-01	5.72000e-02
-7.03836e-01	1.57373e+00	5.79946e-01	-7.98643e-01	6.87438e-01	5.18731e-01	4.70111e-03	1.84265e-03	2.21831e-03	-7.58980e-04	1.23414e-04	-5.20047e-04	1	2.79400e-01	1.00000e-01	1.50000e-01	5.94000e-02
-5.44548e-01	1.54864e+00	1.92718e-01	-7.54208e-01	6.87502e-01	1.99400e+00	4.75551e-03	1.82401e-03	2.13280e-03	-7.92242e-04	8.01607e-05	-4.48194e-04	1	2.81600e-01	1.00000e-01	1.50000e-01	6.16000e-02
-6.28392e-01	1.56191e+00	9.24805e-03	-7.84278e-01	6.87564e-01	1.39719e+00	4.78944e-03	1.82369e-03	2.04113e-03	-8.28519e-04	5.02348e-05	-3.66582e-04	1	2.83800e-01	1.00000e-01	1.50000e-01	6.38000e-02
-1.08461e+00	1.41326e+00	-8.60816e-02	-8.38370e-01	6.87620e-01	7.94067e-01	4.85588e-03	1.82456e-03	1.94875e-03	-8.61792e-04	2.86625e-05	-2.70453e-04	1	2.86000e-01	1.00000e-01	1.50000e-01	6.60000e-02
-1.93627e+00	1.02734e+00	-3.52431e-01	-8.76049e-01	6.87668e-01	4.99655e-01	4.91870e-03	1.84489e-03	1.85512e-03	-8.79370e-04	1.41349e-05	-1.79697e-04	1	2.88200e-01	1.00000e-01	1.50000e-01	6.82000e-02
-2.63380e+00	6.39522e-01	-7.59472e-01	-9.23234e-01	6.87706e-01	4.53102e-01	4.90388e-03	1.91787e-03	1.77249e-03	-9.17625e-04	2.27128e-05	-1.17255e-04	1	2.90400e-01	1.00000e-01	1.50000e-01	7.04000e-02
-2.87298e+00	4.55673e-01	-1.03434e+00	-1.02581e+00	6.87724e-01	4.88950e-01	4.79729e-03	2.01765e-03	1.73084e-03	-1.00073e-03	4.13318e-05	-8.80784e-05	1	2.92600e-01	1.00000e-01	1.50000e-01	7.26000e-02
-2.78440e+00	4.94816e-01	-1.02907e+00	-1.16270e+00	6.87715e-01	5.09475e-01	4.67661e-03	2.09250e-03	1.74269e-03	-1.08597e-03	2.31262e-05	-8.66648e-05	1	2.94800e-01	1.00000e-01	1.50000e-01	7.48000e-02
-2.49796e+00	7.63100e-01	-7.23592e-01	-1.25332e+00	6.87686e-01	5.23851e-01	4.58548e-03	2.12973e-03	1.77967e-03	-1.11822e-03	-2.07292e-05	-8.67349e-05	1	2.97000e-01	1.00000e-01	1.50000e-01	7.70000e-02
-1.99990e+00	1.15568e+00	-2.25605e-01	-1.25450e+00	6.87640e-01	6.34622e-01	4.47481e-03	2.15382e-03	1.80878e-03	-1.08535e-03	-3.98179e-05	-6.34195e-05	1	2.99200e-01	1.00000e-01	1.50000e-01	7.92000e-02
-1.62342e+00	1.37375e+00	1.41509e-01	-1.19012e+00	6.87578e-01	8.64913e-01	4.27357e-03	2.16214e-03	1.82547e-03	-9.87219e-04	-2.47888e-05	-1.46714e-05	1	3.01400e-01	1.00000e-01	1.50000e-01	8.14000e-02
-1.90959e+00	1.26417e+00	2.18351e-01	-1.09610e+00	6.87520e-01	7.07777e-01	4.01615e-03	2.15783e-03	1.83548e-03	-8.50164e-04	-1.11610e-06	4.46692e-05	1	3.03600e-01	1.00000e-01	1.50000e-01	8.36000e-02
-2.61612e+00	9.12445e-01	2.05490e-01	-1.02120e+00	6.87484e-01	4.66223e-01	3.81593e-03	2.18626e-03	1.85627e-03	-7.37005e-04	1.22924e-05	1.03508e-04	1	3.05800e-01	1.00000e-01	1.50000e-01	8.58000e-02
-3.16130e+00	4.81204e-01	1.55206e-01	-1.03265e+00	6.87470e-01	3.75819e-01	3.69793e-03	2.25080e-03	1.88769e-03	-6.82879e-04	1.79325e-05	1.44111e-04	1	3.08000e-01	1.00000e-01	1.50000e-01	8.80000e-02
-3.28703e+00	2.25958e-01	-1.13454e-01	-1.13254e+00	6.87459e-01	3.67280e-01	3.65784e-03	2.32234e-03	1.91097e-03	-6.74592e-04	3.76802e-05	1.56073e-04	1	3.10200e-01	1.00000e-01	1.50000e-01	9.02000e-02
-2.85907e+00	2.14922e-01	-4.96786e-01	-1.24245e+00	6.87437e-01	4.13250e-01	3.69906e-03	2.38829e-03	1.93510e-03	-6.73382e-04	9.63120e-05	1.52102e-04	1	3.12400e-01	1.00000e-01	1.50000e-01	9.24000e-02
-2.30915e+00	1.24135e-01	-7.37549e-01	-1.29900e+00	6.87419e-01	4.82350e-01	3.76185e-03	2.45047e-03	1.96749e-03	-6.56128e-04	1.87766e-04	1.45175e-04	1	3.14600e-01	1.00000e-01	1.50000e-01	9.46000e-02
-1.82980e+00	-1.71896e-01	-8.36460e-01	-1.27371e+00	6.87418e-01	5.68980e-01	3.82605e-03	2.51056e-03	1.99426e-03	-6.35661e-04	2.72913e-04	1.27646e-04	1	3.16800e-01	1.00000e-01	1.50000e-01	9.68000e-02
-1.36175e+00	-3.39499e-01	-8.07566e-01	-1.14974e+00	6.87444e-01	6.85845e-01	3.91077e-03	2.54558e-03	2.00896e-03	-5.89989e-04	3.31410e-04	1.02470e-04	1	3.19000e-01	1.00000e-01	1.50000e-01	9.90000e-02
-1.23934e+00	-2.31769e-01	-5.54369e-01	-9.75272e-01	6.87496e-01	5.64771e-01	4.00721e-03	2.57722e-03	2.00847e-03	-5.26915e-04	3.71828e-04	9.24850e-05	1	3.21200e-01	1.00000e-01	1.50000e-01	1.01200e-01
-1.47823e+00	-1.13621e-01	-2.14683e-01	-8.51227e-01	6.87565e-01	4.03051e-01	4.10238e-03	2.59065e-03	1.99120e-03	-4.75119e-04	3.88262e-04	8.53531e-05	1	3.23400e-01	1.00000e-01	1.50000e-01	1.03400e-01
-1.68482e+00	-1.35255e-01	-8.58374e-02	-8.19194e-01	6.87638e-01	3.62376e-01	4.17107e-03	2.55528e-03	1.96648e-03	-4.24413e-04	3.72443e-04	4.55474e-05	1	3.25600e-01	1.00000e-01	1.50000e-01	1.05600e-01
-1.81524e+00	-1.54784e-01	-1.73365e-01	-8.53009e-01	6.87685e-01	3.67373e-01	4.19317e-03	2.45930e-03	1.93254e-03	-3.74118e-04	3.38193e-04	-2.97127e-05	1	3.27800e-01	1.00000e-01	1.50000e-01	1.07800e-01
-2.16371e+00	-1.75281e-01	-2.44396e-01	-8.76553e-01	6.87739e-01	3.63041e-01	4.13942e-03	2.36609e-03	1.87563e-03	-3.29967e-04	3.15457e-04	-1.05504e-04	1	3.30000e-01	1.00000e-01	1.50000e-01	1.10000e-01
-2.71409e+00	-2.22933e-01	-2.01056e-01	-8.60651e-01	6.87813e-01	3.46187e-01	4.04122e-03	2.30600e-03	1.79788e-03	-3.11647e-04	3.06776e-04	-1.60024e-04	1	3.32200e-01	1.00000e-01	1.50000e-01	1.12200e-01
-3.28380e+00	-2.29830e-01	-1.55300e-01	-8.31501e-01	6.87903e-01	3.29282e-01	3.94554e-03	2.28140e-03	1.70706e-03	-3.27341e-04	3.10559e-04	-1.88962e-04	1	3.34400e-01	1.00000e-01	1.50000e-01	1.14400e-01
-3.76322e+00	-1.43150e-01	-2.75412e-01	-8.40501e-01	6.87993e-01	3.21861e-01	3.86072e-03	2.27190e-03	1.61608e-03	-3.63222e-04	3.22252e-04	-1.93389e-04	1	3.36600e-01	1.00000e-01	1.50000e-01	1.16600e-01
-4.11473e+00	-1.61728e-02	-5.25318e-01	-8.56331e-01	6.88054e-01	3.27043e-01	3.75525e-03	2.26137e-03	1.54934e-03	-4.15374e-04	3.29588e-04	-1.72768e-04	1	3.38800e-01	1.00000e-01	1.50000e-01	1.18800e-01
-4.33849e+00	5.76339e-02	-7.25155e-01	-7.59614e-01	6.88067e-01	3.32313e-01	3.59893e-03	2.19823e-03	1.51833e-03	-4.51532e-04	3.18042e-04	-1.29830e-04	1	3.41000e-01	1.00000e-01	1.50000e-01	1.21000e-01
-4.55731e+00	-3.14546e-04	-8.50217e-01	-5.45399e-01	6.88043e-01	3.31454e-01	3.37153e-03	2.01998e-03	1.50371e-03	-4.03039e-04	2.87066e-04	-8.68831e-05	1	3.43200e-01	1.00000e-01	1.50000e-01	1.23200e-01
-4.59825e+00	-1.83373e-01	-1.02419e+00	-4.18435e-01	6.87982e-01	3.49184e-01	3.05097e-03	1.83345e-03	1.49311e-03	-2.92272e-04	2.68291e-04	-7.91957e-05	1	3.45400e-01	1.00000e-01	1.50000e-01	1.25400e-01
-4.36107e+00	-3.14213e-01	-1.10983e+00	-4.19334e-01	6.87943e-01	3.69023e-01	2.70579e-03	1.76127e-03	1.47927e-03	-2.07019e-04	2.93502e-04	-1.06428e-04	1	3.47600e-01	1.00000e-01	1.50000e-01	1.27600e-01
-3.80449e+00	-2.62169e-01	-1.08072e+00	-4.85664e-01	6.87922e-01	3.74840e-01	2.50229e-03	1.74311e-03	1.44996e-03	-1.77182e-04	3.58758e-04	-1.45780e-04	1	3.49800e-01	1.00000e-01	1.50000e-01	1.29800e-01
-3.26893e+00	-1.31433e-01	-1.14923e+00	-5.73302e-01	6.87902e-01	3.89794e-01	2.39393e-03	1.69751e-03	1.41815e-03	-1.52599e-04	4.21548e-04	-1.90682e-04	1	3.52000e-01	1.00000e-01	1.50000e-01	1.32000e-01
-2.73632e+00	-1.12689e-01	-1.34629e+00	-6.57588e-01	6.87870e-01	4.47908e-01	2.31980e-03	1.63440e-03	1.40896e-03	-1.08937e-04	4.77255e-04	-2.35976e-04	1	3.54200e-01	1.00000e-01	1.50000e-01	1.34200e-01
-1.98048e+00	-1.66320e-01	-1.36571e+00	-7.25455e-01	6.87830e-01	5.29923e-01	2.31094e-03	1.58371e-03	1.42266e-03	-6.82329e-05	5.42873e-04	-2.78284e-04	1	3.56400e-01	1.00000e-01	1.50000e-01	1.36400e-01
-1.23183e+00	-1.63121e-01	-1.09011e+00	-8.32677e-01	6.87793e-01	6.10549e-01	2.33333e-03	1.52506e-03	1.43833e-03	-4.12059e-05	6.07370e-04	-3.09682e-04	1	3.58600e-01	1.00000e-01	1.50000e-01	1.38600e-01
-7.22334e-01	-1.81582e-01	-8.12140e-01	-1.01281e+00	6.87761e-01	8.27270e-01	2.30123e-03	1.42846e-03	1.44149e-03	-2.84799e-05	6.44427e-04	-3.10968e-04	1	3.60800e-01	1.00000e-01	1.50000e-01	1.40800e-01
-4.13396e-01	-3.36163e-01	-7.19982e-01	-1.15589e+00	6.87737e-01	1.00941e+00	2.19372e-03	1.27844e-03	1.42611e-03	-3.00947e-06	6.47909e-04	-2.81047e-04	1	3.63000e-01	1.00000e-01	1.50000e-01	1.43000e-01
-3.20055e-01	-5.17397e-01	-6.44458e-01	-1.14353e+00	6.87727e-01	3.99009e-01	2.03657e-03	1.10209e-03	1.39110e-03	7.27767e-05	6.25425e-04	-2.35800e-04	1	3.65200e-01	1.00000e-01	1.50000e-01	1.45200e-01
-4.23236e-01	-5.31919e-01	-5.03794e-01	-1.01399e+00	6.87736e-01	5.58626e+00	1.88003e-03	9.62150e-04	1.33899e-03	1.57435e-04	5.79689e-04	-1.89556e-04	1	3.67400e-01	1.00000e-01	1.50000e-01	1.47400e-01
-6.56369e-01	-3.68646e-01	-5.22102e-01	-8.71152e-01	6.87767e-01	9.28212e-01	1.72888e-03	8.94642e-04	1.26812e-03	2.11483e-04	5.10583e-04	-1.48584e-04	1	3.69600e-01	1.00000e-01	1.50000e-01	1.49600e-01
-9.52059e-01	-1.79314e-01	-8.31790e-01	-7.57674e-01	6.87820e-01	6.29087e-01	1.55826e-03	8.68815e-04	1.18278e-03	2.48016e-04	4.38445e-04	-1.13368e-04	1	3.71800e-01	1.00000e-01	1.50000e-01	1.51800e-01
-1.15272e+00	-2.12197e-02	-1.18328e+00	-7.08972e-01	6.87896e-01	6.62567e-01	1.38297e-03	8.32585e-04	1.10762e-03	2.82429e-04	3.80423e-04	-8.46282e-05	1	3.74000e-01	1.00000e-01	1.50000e-01	1.54000e-01
-1.24756e+00	1.28196e-01	-1.28281e+00	-7.00468e-01	6.87978e-01	6.59529e-01	1.25416e-03	7.77197e-04	1.03894e-03	3.07062e-04	3.46095e-04	-6.98127e-05	1	3.76200e-01	1.00000e-01	1.50000e-01	1.56200e-01
-1.19560e+00	2.68761e-01	-1.08549e+00	-6.86937e-01	6.88057e-01	5.93506e-01	1.15688e-03	7.05565e-04	9.73666e-04	3.07686e-04	3.26176e-04	-6.01100e-05	1	3.78400e-01	1.00000e-01	1.50000e-01	1.58400e-01
-9.14535e-01	4.11649e-01	-7.48622e-01	-6.51391e-01	6.88119e-01	5.78618e-01	1.07820e-03	6.31621e-04	9.15802e-04	2.83562e-04	3.09707e-04	-4.71020e-05	1	3.80600e-01	1.00000e-01	1.50000e-01	1.60600e-01
-5.01578e-01	5.75147e-01	-4.69160e-01	-6.36419e-01	6.88159e-01	8.73348e-01	1.00802e-03	5.64486e-04	8.73208e-04	2.48207e-04	2.94681e-04	-2.61751e-05	1	3.82800e-01	1.00000e-01	1.50000e-01	1.62800e-01
-1.77765e-01	6.92818e-01	-3.28683e-01	-6.65554e-01	6.88179e-01	5.85997e+00	9.26584e-04	5.03814e-04	8.42059e-04	2.11315e-04	2.80474e-04	4.66305e-07	1	3.85000e-01	1.00000e-01	1.50000e-01	1.65000e-01
-3.39174e-02	6.90937e-01	-2.68117e-01	-7.05880e-01	6.88187e-01	-1.66638e+01	8.35991e-04	4.58269e-04	8.16919e-04	1.74641e-04	2.65155e-04	2.55157e-05	1	3.87200e-01	1.00000e-01	1.50000e-01	1.67200e-01
-2.89772e-02	5.97259e-01	-2.11401e-01	-7.24819e-01	6.88192e-01	6.77075e+00	7.54796e-04	4.40853e-04	7.98857e-04	1.41024e-04	2.45299e-04	4.30867e-05	1	3.89400e-01	1.00000e-01	1.50000e-01	1.69400e-01
-1.25003e-01	4.56018e-01	-1.59801e-01	-6.95868e-01	6.88204e-01	1.50189e+00	7.02027e-04	4.56609e-04	7.85858e-04	1.21409e-04	2.16159e-04	4.85517e-05	1	3.91600e-01	1.00000e-01	1.50000e-01	1.71600e-01
-2.67303e-01	2.98339e-01	-1.10351e-01	-6.10248e-01	6.88222e-01	6.69199e-01	6.80801e-04	4.86620e-04	7.59850e-04	1.19804e-04	1.91111e-04	4.33707e-05	1	3.93800e-01	1.00000e-01	1.50000e-01	1.73800e-01
-3.96645e-01	1.18193e-01	-5.22656e-02	-4.71650e-01	6.88243e-01	4.16776e-01	6.82451e-04	5.22310e-04	7.25283e-04	1.27652e-04	1.78149e-04	3.59384e-05	1	3.96000e-01	1.00000e-01	1.50000e-01	1.76000e-01
-4.32974e-01	-6.85367e-02	6.71173e-02	-2.98527e-01	6.88266e-01	3.35990e-01	6.90735e-04	5.55478e-04	6.91814e-04	1.35637e-04	1.74899e-04	3.41989e-05	1	3.98200e-01	1.00000e-01	1.50000e-01	1.78200e-01
-3.51930e-01	-1.91870e-01	2.63938e-01	-1.29108e-01	6.88284e-01	3.65864e-01	6.87501e-04	5.79152e-04	6.66637e-04	1.45832e-04	1.74688e-04	3.89828e-05	1	4.00400e-01	1.00000e-01	1.50000e-01	1.80400e-01
-2.33240e-01	-1.74558e-01	4.40958e-01	-1.67898e-02	6.88295e-01	5.06847e-01	6.61348e-04	5.90030e-04	6.51710e-04	1.60560e-04	1.72357e-04	4.57659e-05	1	4.02600e-01	1.00000e-01	1.50000e-01	1.82600e-01
-1.72479e-01	-4.33495e-02	4.91160e-01	1.13309e-02	6.88298e-01	5.92573e-01	6.20027e-04	5.86278e-04	6.45425e-04	1.73396e-04	1.64934e-04	5.18750e-05	1	4.04800e-01	1.00000e-01	1.50000e-01	1.84800e-01
-1.58489e-01	7.31102e-02	4.51835e-01	-1.15375e-02	6.88297e-01	5.69315e-01	5.78153e-04	5.69767e-04	6.43867e-04	1.79975e-04	1.53705e-04	5.89492e-05	1	4.07000e-01	1.00000e-01	1.50000e-01	1.87000e-01
-1.50755e-01	1.06767e-01	4.08317e-01	-3.22990e-02	6.88294e-01	5.43294e-01	5.45818e-04	5.48335e-04	6.42091e-04	1.77401e-04	1.43079e-04	6.83149e-05	1	4.09200e-01	1.00000e-01	1.50000e-01	1.89200e-01
-1.73547e-01	1.07000e-01	3.29619e-01	-3.77112e-02	6.88293e-01	4.41612e-01	5.25807e-04	5.29688e-04	6.38520e-04	1.65868e-04	1.37464e-04	7.97248e-05	1	4.11400e-01	1.00000e-01	1.50000e-01	1.91400e-01
-2.31085e-01	1.08929e-01	1.66921e-01	-4.83741e-02	6.88292e-01	3.35274e-01	5.14390e-04	5.17141e-04	6.37619e-04	1.54601e-04	1.40327e-04	9.34930e-05	1	4.13600e-01	1.00000e-01	1.50000e-01	1.93600e-01
-2.44870e-01	8.76784e-02	-3.05243e-03	-8.15370e-02	6.88289e-01	3.20189e-01	5.10412e-04	5.07265e-04	6.44329e-04	1.48858e-04	1.51128e-04	1.09419e-04	1	4.15800e-01	1.00000e-01	1.50000e-01	1.95800e-01
-1.88693e-01	5.48324e-02	-8.42056e-02	-1.37936e-01	6.88282e-01	3.68190e-01	5.12392e-04	4.85456e-04	6.57078e-04	1.46715e-04	1.63206e-04	1.24498e-04	1	4.18000e-01	1.00000e-01	1.50000e-01	1.98000e-01
-1.29715e-01	6.39013e-02	-8.88487e-02	-2.01056e-01	6.88275e-01	4.77965e-01	5.17247e-04	4.48393e-04	6.68214e-04	1.45778e-04	1.68377e-04	1.35369e-04	1	4.20200e-01	1.00000e-01	1.50000e-01	2.00200e-01
-1.07737e-01	1.25425e-01	-7.54664e-02	-2.46235e-01	6.88269e-01	5.88487e-01	5.19470e-04	4.14950e-04	6.70626e-04	1.42119e-04	1.63856e-04	1.41446e-04	1	4.22400e-01	1.00000e-01	1.50000e-01	2.02400e-01
-1.22131e-01	2.07792e-01	-7.81052e-02	-2.63578e-01	6.88266e-01	5.65738e-01	5.12889e-04	3.94616e-04	6.63799e-04	1.32069e-04	1.50734e-04	1.43510e-04	1	4.24600e-01	1.00000e-01	1.50000e-01	2.04600e-01
-1.65271e-01	2.88062e-01	-1.16739e-01	-2.64023e-01	6.88263e-01	5.24317e-01	5.01783e-04	3.83105e-04	6.52343e-04	1.17521e-04	1.29800e-04	1.42324e-04	1	4.26800e-01	1.00000e-01	1.50000e-01	2.06800e-01
-2.18935e-01	3.42468e-01	-1.73557e-01	-2.62593e-01	6.88259e-01	5.06359e-01	4.98908e-04	3.72441e-04	6.39936e-04	1.04076e-04	1.04084e-04	1.38267e-04	1	4.29000e-01	1.00000e-01	1.50000e-01	2.09000e-01
-2.46724e-01	3.24912e-01	-1.72243e-01	-2.66331e-01	6.88256e-01	4.72023e-01	5.08397e-04	3.56683e-04	6.26728e-04	9.42298e-05	7.85065e-05	1.31469e-04	1	4.31200e-01	1.00000e-01	1.50000e-01	2.11200e-01
-2.18771e-01	2.03409e-01	-6.13119e-02	-2.69699e-01	6.88255e-01	4.11360e-01	5.17092e-04	3.36437e-04	6.10782e-04	8.87910e-05	5.64082e-05	1.21962e-04	1	4.33400e-01	1.00000e-01	1.50000e-01	2.13400e-01
-1.38959e-01	5.57402e-03	1.09804e-01	-2.54588e-01	6.88258e-01	4.08031e-01	5.10027e-04	3.15820e-04	5.90560e-04	8.73381e-05	3.88281e-05	1.09545e-04	1	4.35600e-01	1.00000e-01	1.50000e-01	2.15600e-01
-5.28531e-02	-1.67825e-01	2.28588e-01	-2.12659e-01	6.88258e-01	9.39351e-01	4.92729e-04	2.97938e-04	5.71447e-04	8.60506e-05	2.42443e-05	9.60304e-05	1	4.37800e-01	1.00000e-01	1.50000e-01	2.17800e-01
-6.25612e-03	-2.49630e-01	2.62395e-01	-1.73904e-01	6.88257e-01	4.83485e+00	4.71596e-04	2.83777e-04	5.53750e-04	7.80329e-05	6.99789e-06	8.16005e-05	1	4.40000e-01	1.00000e-01	1.50000e-01	2.20000e-01
