Density	Momentum:0	Momentum:1	Momentum:2	StagnationEnergy	Function0	Function1	Function2	Function3	Function4	Function5	Points:0	Points:1	Points:2
0.945723	-0.113822	-0.00623883	-0.00816116	0.678067	0.00227214	0.00210226	0.00223039	-0.000452088	0.000273762	-0.000456905	-0.3	0.15	-0.22
0.945779	-0.116285	-0.00512869	-0.00809581	0.678127	0.0022024	0.00220213	0.00212267	-0.000666719	0.000248708	-0.000360242	-0.3	0.15	-0.2178
0.945853	-0.11772	-0.0041902	-0.00818779	0.67821	0.00229053	0.00232637	0.0020169	-0.00080892	0.000214774	-0.000313721	-0.3	0.15	-0.2156
0.945871	-0.118347	-0.00374835	-0.00824913	0.678262	0.00244417	0.00236838	0.00192591	-0.000826511	0.000205491	-0.000318916	-0.3	0.15	-0.2134
0.945807	-0.119052	-0.00386073	-0.00835229	0.67824	0.00257191	0.00232749	0.00188623	-0.000742208	0.000216348	-0.00033262	-0.3	0.15	-0.2112
0.94572	-0.120411	-0.00385134	-0.00860225	0.678179	0.00254156	0.00215369	0.00190891	-0.000585348	0.000198028	-0.000299232	-0.3	0.15	-0.209
0.94561	-0.122532	-0.00337332	-0.00874937	0.678096	0.00237492	0.00189969	0.00192855	-0.000398356	0.000166001	-0.000241073	-0.3	0.15	-0.2068
0.945484	-0.125448	-0.00269614	-0.00874759	0.678016	0.0021507	0.0016135	0.00191923	-0.00024238	0.000104671	-0.000141343	-0.3	0.15	-0.2046
0.945398	-0.128606	-0.00202446	-0.00851965	0.677956	0.00191382	0.00139182	0.00189097	-0.000149161	-2.64072E-06	-2.56624E-05	-0.3	0.15	-0.2024
0.945395	-0.131257	-0.00161746	-0.00811716	0.677934	0.00171379	0.00129491	0.00187901	-8.83864E-05	-0.000107785	0.000019047	-0.3	0.15	-0.2002
0.945403	-0.133466	-0.00139005	-0.00775391	0.677938	0.00160982	0.00126268	0.00185834	-5.28955E-05	-0.000167626	1.29233E-05	-0.3	0.15	-0.198
0.945387	-0.135279	-0.00126041	-0.00772173	0.67797	0.00160338	0.00127479	0.00181904	-3.63592E-05	-0.000182836	-1.18092E-05	-0.3	0.15	-0.1958
0.945379	-0.136408	-0.00136973	-0.00801494	0.678007	0.00162482	0.0013199	0.00177553	-3.52363E-05	-0.000171534	-3.00667E-05	-0.3	0.15	-0.1936
0.9454	-0.136444	-0.00210649	-0.00830299	0.67801	0.00163636	0.00136418	0.00175785	-6.53258E-05	-0.000164356	-0.000047873	-0.3	0.15	-0.1914
0.945423	-0.13551	-0.0034289	-0.00821635	0.677973	0.00164814	0.0014077	0.00177389	-0.000113564	-0.000182588	-6.60302E-05	-0.3	0.15	-0.1892
0.945412	-0.134205	-0.004672	-0.00768572	0.677908	0.00168139	0.00148694	0.00181216	-0.000163003	-0.000223574	-8.58015E-05	-0.3	0.15	-0.187
0.94536	-0.132873	-0.00543012	-0.00690359	0.67781	0.00173672	0.00162588	0.00187179	-0.00021638	-0.000279436	-0.00012636	-0.3	0.15	-0.1848
0.94527	-0.13131	-0.00603706	-0.0060353	0.677675	0.00183526	0.0017935	0.00195825	-0.000261192	-0.000351071	-0.000203919	-0.3	0.15	-0.1826
0.945149	-0.128905	-0.00678227	-0.00508681	0.677519	0.00202439	0.00193532	0.00207532	-0.00030503	-0.000448419	-0.00028398	-0.3	0.15	-0.1804
0.945005	-0.125493	-0.00736186	-0.00401746	0.677358	0.00230944	0.00206991	0.00220515	-0.000402524	-0.000525265	-0.000328127	-0.3	0.15	-0.1782
0.944891	-0.121171	-0.0075871	-0.00284889	0.677217	0.00269432	0.00222787	0.00230455	-0.000571904	-0.000552275	-0.000354098	-0.3	0.15	-0.176
0.944881	-0.116359	-0.0074705	-0.00175042	0.677135	0.00316408	0.00239673	0.0023298	-0.000738092	-0.000540334	-0.000369207	-0.3	0.15	-0.1738
0.944979	-0.112004	-0.0075054	-0.000692098	0.677149	0.00370036	0.00247822	0.00229266	-0.000895588	-0.000515508	-0.000296504	-0.3	0.15	-0.1716
0.945075	-0.10858	-0.00775649	0.000547494	0.677194	0.00424094	0.00250623	0.00224906	-0.00106702	-0.000494136	-0.00017617	-0.3	0.15	-0.1694
0.945147	-0.105823	-0.00788142	0.00223252	0.677218	0.00468412	0.00254844	0.00221604	-0.00120843	-0.000428399	-0.000103824	-0.3	0.15	-0.1672
0.945223	-0.102953	-0.00826991	0.00432117	0.6772	0.00496863	0.00270062	0.00220769	-0.00139492	-0.00032532	-0.000091784	-0.3	0.15	-0.165
0.945254	-0.0998222	-0.0091233	0.00636755	0.677106	0.00514227	0.00294681	0.00225401	-0.00162418	-0.000310461	-8.32559E-05	-0.3	0.15	-0.1628
0.945173	-0.097108	-0.0103054	0.00817742	0.676933	0.00532928	0.00317928	0.00236591	-0.00185064	-0.000369246	-3.43193E-05	-0.3	0.15	-0.1606
0.944967	-0.0952525	-0.0117098	0.00958087	0.676689	0.00545867	0.0033342	0.00250461	-0.00197809	-0.000484745	6.33643E-05	-0.3	0.15	-0.1584
0.944698	-0.0941541	-0.0120922	0.0106459	0.676431	0.00538305	0.003307	0.00260763	-0.00186161	-0.000517716	0.000103462	-0.3	0.15	-0.1562
0.944472	-0.0927983	-0.0114969	0.0115996	0.676187	0.00528697	0.00323793	0.00271133	-0.00171539	-0.000471743	6.16844E-05	-0.3	0.15	-0.154
0.944366	-0.0905457	-0.0104604	0.012391	0.676	0.00525185	0.00323319	0.00279572	-0.00162303	-0.000409638	-2.37994E-05	-0.3	0.15	-0.1518
0.944376	-0.0878235	-0.0099382	0.0133164	0.675887	0.00529794	0.00336013	0.00285212	-0.00151983	-0.000350059	-0.000141926	-0.3	0.15	-0.1496
0.944441	-0.0845536	-0.010132	0.0147108	0.675821	0.00544148	0.00351715	0.00287758	-0.00138445	-0.000263435	-0.000258573	-0.3	0.15	-0.1474
0.944465	-0.0793782	-0.010301	0.0165031	0.675716	0.00570249	0.00372068	0.00287482	-0.0012822	-0.000136885	-0.000365339	-0.3	0.15	-0.1452
0.944388	-0.0721653	-0.00964057	0.0180977	0.675563	0.00600501	0.00384343	0.00289169	-0.00116285	-0.000100716	-0.000460674	-0.3	0.15	-0.143
0.944246	-0.06541	-0.00847931	0.0193043	0.675414	0.00623413	0.00391869	0.00297692	-0.000948849	-0.000161325	-0.000517305	-0.3	0.15	-0.1408
0.944146	-0.0601865	-0.00771532	0.0204636	0.675297	0.00631987	0.00408285	0.00315665	-0.000778473	-0.000194362	-0.000541803	-0.3	0.15	-0.1386
0.944121	-0.0552397	-0.00784157	0.0215712	0.675185	0.00632581	0.00429583	0.00342478	-0.000732245	-0.000233559	-0.000532167	-0.3	0.15	-0.1364
0.944197	-0.0498182	-0.00831188	0.0221149	0.675109	0.00646798	0.00445688	0.00371358	-0.000734866	-0.000420002	-0.000454615	-0.3	0.15	-0.1342
0.944392	-0.0441973	-0.0082364	0.0219499	0.675108	0.00680084	0.00467191	0.00401704	-0.0008289	-0.000621265	-0.000462015	-0.3	0.15	-0.132
0.944577	-0.037843	-0.00744286	0.0216227	0.675127	0.00711982	0.00485644	0.00439964	-0.000796762	-0.00076747	-0.000668404	-0.3	0.15	-0.1298
0.944667	-0.0297835	-0.0062737	0.0216997	0.675159	0.00740335	0.00496682	0.004817	-0.000606715	-0.000948456	-0.000927225	-0.3	0.15	-0.1276
0.944771	-0.0206511	-0.00477067	0.0223497	0.675234	0.00804741	0.00519816	0.00511888	-0.000514523	-0.00110664	-0.00115969	-0.3	0.15	-0.1254
0.944844	-0.0116706	-0.00262504	0.0233141	0.675257	0.00899512	0.00549197	0.00527277	-0.000480247	-0.00117601	-0.0012759	-0.3	0.15	-0.1232
0.944853	-0.00348713	-0.000861261	0.0240849	0.675193	0.00977515	0.00563986	0.00534293	-0.000413	-0.00120358	-0.001351	-0.3	0.15	-0.121
0.944864	0.00409169	-7.79314E-05	0.0245824	0.675094	0.0103104	0.00558927	0.00533029	-0.000264237	-0.00128581	-0.00131937	-0.3	0.15	-0.1188
0.945022	0.0115659	0.000985002	0.0250259	0.675007	0.0105625	0.00569639	0.00530071	-0.000177825	-0.00146065	-0.00118229	-0.3	0.15	-0.1166
0.945064	0.0206455	0.00377138	0.0265623	0.674804	0.0106465	0.00573686	0.00527034	-0.000143373	-0.00169735	-0.00113459	-0.3	0.15	-0.1144
0.945012	0.0321083	0.00764813	0.0288989	0.674493	0.0108279	0.00576968	0.00535725	-0.000153257	-0.00199852	-0.00114825	-0.3	0.15	-0.1122
0.944952	0.0448082	0.0124622	0.0316472	0.674138	0.0109952	0.0060579	0.00558773	7.85184E-05	-0.00232824	-0.00112757	-0.3	0.15	-0.11
0.944811	0.058394	0.0171577	0.0350883	0.673732	0.0113753	0.0064464	0.00593775	0.000497094	-0.00253468	-0.00115037	-0.3	0.15	-0.1078
0.944635	0.072479	0.0200824	0.0390684	0.673316	0.0121834	0.00681936	0.00637573	0.000689283	-0.00257556	-0.00115283	-0.3	0.15	-0.1056
0.944411	0.0865086	0.0221796	0.0431648	0.67292	0.0133899	0.00690754	0.00683715	0.000752359	-0.00253676	-0.00109154	-0.3	0.15	-0.1034
0.94418	0.101167	0.0256071	0.0463208	0.672609	0.0144667	0.0066864	0.00719454	0.000681721	-0.00252691	-0.00113243	-0.3	0.15	-0.1012
0.944131	0.115927	0.0307046	0.0478452	0.672476	0.0149235	0.00654344	0.00737308	0.000481211	-0.00251411	-0.00136946	-0.3	0.15	-0.099
0.944276	0.129335	0.0357759	0.0486224	0.672482	0.014971	0.00658394	0.00745313	0.000257186	-0.00253302	-0.00151304	-0.3	0.15	-0.0968
0.944501	0.141495	0.0412747	0.0492482	0.672527	0.0147953	0.00661388	0.00750773	-5.54457E-06	-0.00261611	-0.00151285	-0.3	0.15	-0.0946
0.944816	0.153312	0.0482188	0.0503844	0.672525	0.0147847	0.00682535	0.00749471	-4.18688E-05	-0.00276694	-0.0016484	-0.3	0.15	-0.0924
0.945086	0.165541	0.0559942	0.0523154	0.672413	0.0150166	0.00705844	0.00741972	-0.000106283	-0.00287067	-0.00185171	-0.3	0.15	-0.0902
0.945167	0.178007	0.0636683	0.0546386	0.672211	0.0152263	0.00692072	0.00735345	-0.000217925	-0.00286284	-0.00197246	-0.3	0.15	-0.088
0.945152	0.190142	0.070823	0.0566362	0.672	0.015012	0.00670095	0.00729131	-0.000188967	-0.00290964	-0.00199746	-0.3	0.15	-0.0858
0.945253	0.202495	0.0764269	0.0583096	0.671878	0.0144123	0.00646825	0.00724366	5.48027E-05	-0.00302431	-0.00194508	-0.3	0.15	-0.0836
0.945727	0.215869	0.0798054	0.0598945	0.671958	0.014107	0.00611756	0.00718086	0.00035861	-0.0030047	-0.0018506	-0.3	0.15	-0.0814
0.946591	0.229821	0.0817953	0.061289	0.672237	0.0142002	0.00575944	0.00702963	0.000413665	-0.0028648	-0.00176002	-0.3	0.15	-0.0792
0.947591	0.244005	0.0835824	0.062496	0.672612	0.0139407	0.00535863	0.00677826	0.000221391	-0.00280138	-0.00171713	-0.3	0.15	-0.077
0.948587	0.258824	0.0855016	0.0636485	0.673015	0.0130319	0.00500744	0.00644659	0.00010946	-0.0028035	-0.00160458	-0.3	0.15	-0.0748
0.949642	0.273755	0.0877597	0.0645797	0.673488	0.0118796	0.00473372	0.00605612	0.00011248	-0.00277526	-0.00141794	-0.3	0.15	-0.0726
0.950777	0.286955	0.0912477	0.0650057	0.674016	0.0109256	0.0043753	0.00571151	-0.000057876	-0.00265222	-0.00118634	-0.3	0.15	-0.0704
0.951767	0.297362	0.0954477	0.0651137	0.674472	0.0101199	0.00393913	0.00543301	-0.000309787	-0.00240012	-0.000949033	-0.3	0.15	-0.0682
0.952542	0.305841	0.0992487	0.0652591	0.674851	0.00926644	0.00344924	0.00513361	-0.00049468	-0.00206494	-0.000743014	-0.3	0.15	-0.066
0.953275	0.313147	0.102108	0.0654792	0.675234	0.00845947	0.00306941	0.00480796	-0.000504143	-0.00177703	-0.000513791	-0.3	0.15	-0.0638
0.954165	0.319275	0.10338	0.0655196	0.675692	0.00782479	0.00291922	0.00458975	-0.000386214	-0.00151835	-0.00029096	-0.3	0.15	-0.0616
0.955066	0.323881	0.102953	0.0649122	0.676154	0.00717876	0.00281395	0.00447615	-0.000223269	-0.00122013	-9.51666E-05	-0.3	0.15	-0.0594
0.95581	0.327457	0.101483	0.0637688	0.676586	0.0064027	0.00261741	0.00443806	-8.69032E-05	-0.000831191	4.60195E-05	-0.3	0.15	-0.0572
0.956365	0.329682	0.0994072	0.0620786	0.676978	0.005736	0.00249718	0.00440426	-6.88267E-05	-0.000406347	0.000137001	-0.3	0.15	-0.055
0.956664	0.329967	0.0970235	0.0598671	0.677288	0.00543744	0.00239947	0.00436648	-2.50864E-05	-3.50943E-05	0.000226324	-0.3	0.15	-0.0528
0.956816	0.328407	0.094564	0.05741	0.677563	0.0054328	0.00229217	0.00426863	1.52624E-05	0.000314675	0.00025555	-0.3	0.15	-0.0506
0.956958	0.325447	0.0916242	0.0549202	0.677804	0.00563296	0.00225159	0.00414553	-0.000033017	0.000625202	0.000235746	-0.3	0.15	-0.0484
0.956987	0.321328	0.0881381	0.0521776	0.67794	0.00588184	0.00227769	0.00408257	-9.35708E-05	0.000743275	0.000230618	-0.3	0.15	-0.0462
0.956813	0.315929	0.0853125	0.0488261	0.677969	0.00611924	0.00220351	0.00405056	-0.0002074	0.000704076	0.00017726	-0.3	0.15	-0.044
0.956577	0.309207	0.0838734	0.0449141	0.677955	0.00676823	0.00210125	0.00401332	-0.000378533	0.000700551	6.44413E-05	-0.3	0.15	-0.0418
0.956338	0.302275	0.0833122	0.0405495	0.677942	0.00761146	0.00218911	0.00395469	-0.000555544	0.000765459	-2.09017E-05	-0.3	0.15	-0.0396
0.956049	0.296669	0.0829492	0.0361463	0.67797	0.00791843	0.00236359	0.00385377	-0.000577468	0.000782649	-7.29478E-05	-0.3	0.15	-0.0374
0.955824	0.292819	0.0834627	0.0323211	0.677991	0.00805612	0.002463	0.00371313	-0.000528612	0.000686707	-0.000122218	-0.3	0.15	-0.0352
0.95571	0.290592	0.0856348	0.0292796	0.677987	0.00825712	0.00247908	0.00356146	-0.000537713	0.000434991	-0.000263618	-0.3	0.15	-0.033
0.95564	0.288714	0.0884214	0.0267359	0.677937	0.00852099	0.00269281	0.00345087	-0.000554825	0.000102836	-0.000381202	-0.3	0.15	-0.0308
0.95553	0.286956	0.0910725	0.0244149	0.677873	0.00874638	0.00292024	0.00337294	-0.000525033	-0.000180327	-0.00038155	-0.3	0.15	-0.0286
0.955343	0.286505	0.0943488	0.0225126	0.677796	0.0087553	0.00293702	0.00331275	-0.000456167	-0.00039382	-0.000345165	-0.3	0.15	-0.0264
0.955182	0.287483	0.0989335	0.0214308	0.677726	0.00860288	0.00288126	0.00329035	-0.000537831	-0.00064353	-0.000283206	-0.3	0.15	-0.0242
0.955128	0.289042	0.103907	0.0213555	0.6777	0.00833111	0.00290203	0.0032918	-0.000729143	-0.000847351	-0.000221861	-0.3	0.15	-0.022
0.955236	0.291553	0.107795	0.0221885	0.677749	0.00799713	0.00291193	0.00324659	-0.000905519	-0.000921746	-0.000194621	-0.3	0.15	-0.0198
0.955584	0.295367	0.110503	0.0234173	0.677907	0.00778096	0.00288243	0.00314115	-0.00107936	-0.000917586	-0.000160399	-0.3	0.15	-0.0176
0.956082	0.299835	0.112925	0.0245194	0.678162	0.00760428	0.00295975	0.00306622	-0.00117757	-0.000840574	-0.000125584	-0.3	0.15	-0.0154
0.956626	0.304333	0.115116	0.0254484	0.678504	0.00740234	0.00296669	0.00308117	-0.00113354	-0.000709712	-4.55577E-05	-0.3	0.15	-0.0132
0.957086	0.30834	0.116216	0.026559	0.678843	0.00704042	0.0028437	0.00316498	-0.000997242	-0.000638597	0.000106203	-0.3	0.15	-0.011
0.957437	0.310665	0.115566	0.0280012	0.679153	0.00662893	0.00272895	0.0032966	-0.000843358	-0.000537478	0.000289031	-0.3	0.15	-0.0088
0.957642	0.311232	0.11373	0.0297009	0.679357	0.0063839	0.00283965	0.00352214	-0.000787008	-0.000362561	0.000496721	-0.3	0.15	-0.0066
0.957668	0.310549	0.111366	0.0314536	0.679445	0.00622722	0.00291667	0.00387582	-0.000805182	-0.000159577	0.000674907	-0.3	0.15	-0.0044
0.957619	0.308896	0.108033	0.0331167	0.679462	0.00632492	0.00292369	0.00426756	-0.000751401	8.74445E-05	0.00079597	-0.3	0.15	-0.0022
0.957658	0.306023	0.103823	0.0344575	0.67951	0.00686318	0.00304224	0.00463358	-0.000705947	0.000405815	0.000875261	-0.3	0.15	0
0.957755	0.301514	0.0994148	0.0350215	0.679627	0.00778214	0.00327569	0.00495171	-0.000686431	0.000706911	0.000917891	-0.3	0.15	0.0022
0.957735	0.295229	0.094885	0.034844	0.679776	0.00848869	0.00355151	0.00520794	-0.00069798	0.000900338	0.000964764	-0.3	0.15	0.0044
0.957569	0.28767	0.0898795	0.0342606	0.679927	0.00883418	0.00376207	0.00543338	-0.000785109	0.000999712	0.000972792	-0.3	0.15	0.0066
0.957271	0.279556	0.0844308	0.0330243	0.680034	0.00925205	0.0037705	0.00570202	-0.000765933	0.00117228	0.000853027	-0.3	0.15	0.0088
0.956935	0.271466	0.0791402	0.0308967	0.680065	0.00981798	0.00374599	0.0060399	-0.000613855	0.00138396	0.000698635	-0.3	0.15	0.011
0.956713	0.263595	0.0748241	0.0281764	0.680087	0.0103291	0.00368443	0.00642919	-0.000676544	0.00152182	0.000541208	-0.3	0.15	0.0132
0.956478	0.255561	0.0712067	0.0246119	0.68015	0.0103978	0.00387781	0.00671975	-0.000971256	0.00157205	0.000392351	-0.3	0.15	0.0154
0.956048	0.247114	0.0679952	0.0197693	0.6802	0.0102036	0.00427477	0.006892	-0.00118742	0.00139944	0.000306979	-0.3	0.15	0.0176
0.955605	0.239506	0.0649659	0.0143886	0.680105	0.0103222	0.00446771	0.00714342	-0.00132841	0.00106003	0.000201784	-0.3	0.15	0.0198
0.955426	0.235013	0.0625098	0.00946212	0.67999	0.0102871	0.00468698	0.00741654	-0.00138391	0.000697729	8.94754E-05	-0.3	0.15	0.022
0.955461	0.233901	0.0611495	0.00494158	0.679967	0.0102846	0.0049338	0.00754452	-0.0013286	0.000224153	-0.000045781	-0.3	0.15	0.0242
0.955404	0.234799	0.0600814	0.000532482	0.67993	0.0101418	0.00488556	0.00761519	-0.00124884	-0.00034463	-0.000150827	-0.3	0.15	0.0264
0.955266	0.237363	0.0590234	-0.00411923	0.679835	0.00983115	0.00452316	0.0076267	-0.0011053	-0.000879604	-0.000180488	-0.3	0.15	0.0286
0.955211	0.241594	0.0589399	-0.00959181	0.679723	0.00954352	0.00427828	0.00752677	-0.000939495	-0.00126221	-0.000258485	-0.3	0.15	0.0308
0.955216	0.247138	0.06029	-0.0155832	0.679616	0.0091047	0.00401346	0.00746043	-0.000818974	-0.00145672	-0.000503064	-0.3	0.15	0.033
0.95543	0.254304	0.0633265	-0.0210489	0.679557	0.00883953	0.00388852	0.00734218	-0.000829455	-0.00148748	-0.000758813	-0.3	0.15	0.0352
0.955934	0.263148	0.0678266	-0.0256394	0.67968	0.00872724	0.00387412	0.00697621	-0.000849514	-0.00138687	-0.00101415	-0.3	0.15	0.0374
0.956559	0.272627	0.0725908	-0.0292183	0.679902	0.00871216	0.0036509	0.00642843	-0.00075803	-0.00128042	-0.00106674	-0.3	0.15	0.0396
0.957229	0.281762	0.077298	-0.0318949	0.680144	0.00863445	0.00348963	0.00585573	-0.000781831	-0.00113122	-0.000970716	-0.3	0.15	0.0418
0.957731	0.290199	0.0829789	-0.0339887	0.680313	0.00811631	0.0034386	0.00535597	-0.000830445	-0.00088777	-0.000923864	-0.3	0.15	0.044
0.958042	0.297738	0.0897108	-0.0358564	0.680351	0.00730675	0.00328074	0.00492621	-0.000766115	-0.000605287	-0.000858026	-0.3	0.15	0.0462
0.958265	0.304531	0.0959298	-0.0374099	0.680277	0.00648446	0.00309476	0.00456587	-0.000687593	-0.000347404	-0.000755951	-0.3	0.15	0.0484
0.958408	0.310157	0.100979	-0.0383138	0.680181	0.00598262	0.0029006	0.00425437	-0.000625266	-0.000141975	-0.000633918	-0.3	0.15	0.0506
0.958507	0.31357	0.104932	-0.0386258	0.680115	0.00578989	0.00288298	0.00397288	-0.000653211	4.06507E-05	-0.000571458	-0.3	0.15	0.0528
0.958578	0.314266	0.10786	-0.0385276	0.68005	0.00586011	0.00291693	0.00374016	-0.000790059	0.00019974	-0.000539228	-0.3	0.15	0.055
0.958521	0.312996	0.109622	-0.0380985	0.679939	0.00599187	0.0028563	0.00358677	-0.000757513	0.00037462	-0.000460316	-0.3	0.15	0.0572
0.958253	0.310434	0.110379	-0.0375866	0.679725	0.00619748	0.00277387	0.00353414	-0.000590822	0.000571802	-0.000373786	-0.3	0.15	0.0594
0.957816	0.306331	0.110486	-0.0369617	0.679414	0.00656638	0.00269111	0.0035642	-0.000434104	0.000712409	-0.000337858	-0.3	0.15	0.0616
0.957263	0.300102	0.110301	-0.0359592	0.679081	0.00709307	0.00266154	0.00356093	-0.000452454	0.000820732	-0.00030149	-0.3	0.15	0.0638
0.956571	0.2929	0.109696	-0.0348821	0.678759	0.00765228	0.0026582	0.00357921	-0.000653695	0.000943032	-0.000182217	-0.3	0.15	0.066
0.955868	0.286306	0.108454	-0.0340329	0.678441	0.00796579	0.00279984	0.00367416	-0.000761931	0.00100107	-8.21652E-05	-0.3	0.15	0.0682
0.95535	0.280307	0.106318	-0.0334312	0.67818	0.00817629	0.00301314	0.0037889	-0.000685151	0.000949951	-4.10635E-05	-0.3	0.15	0.0704
0.955008	0.274834	0.10353	-0.0328235	0.677972	0.00839403	0.00328067	0.00390004	-0.000636476	0.000894363	3.02657E-05	-0.3	0.15	0.0726
0.954677	0.270832	0.100629	-0.0321883	0.677755	0.00840402	0.00351631	0.00409002	-0.00072988	0.000880894	0.000160124	-0.3	0.15	0.0748
0.954385	0.269139	0.0975952	-0.0320701	0.677545	0.00820973	0.00359373	0.00433153	-0.00075778	0.000818308	0.000221915	-0.3	0.15	0.077
0.954221	0.269288	0.093977	-0.0330344	0.677394	0.00804953	0.00350457	0.0045417	-0.000716639	0.000693097	0.00021101	-0.3	0.15	0.0792
0.954239	0.270376	0.0898603	-0.0350579	0.67736	0.00790506	0.00329385	0.00468006	-0.000609457	0.000526611	0.000226127	-0.3	0.15	0.0814
0.954405	0.271738	0.0859679	-0.0375533	0.67742	0.00787473	0.00313556	0.00481049	-0.00050231	0.000225333	0.000298814	-0.3	0.15	0.0836
0.954664	0.273922	0.0830885	-0.040054	0.67758	0.00781946	0.00304404	0.00494144	-0.000414418	-0.000215781	0.000396536	-0.3	0.15	0.0858
0.955074	0.278117	0.081632	-0.0426685	0.677824	0.00755173	0.00296436	0.00505453	-0.000380944	-0.000629538	0.000424943	-0.3	0.15	0.088
0.955679	0.283646	0.0812766	-0.0456962	0.678098	0.0071266	0.00291062	0.00515242	-0.000329986	-0.000896426	0.000313607	-0.3	0.15	0.0902
0.956244	0.288921	0.0812783	-0.0491289	0.678328	0.00662956	0.00281948	0.00523461	-0.000235467	-0.000999199	0.000101442	-0.3	0.15	0.0924
0.956554	0.294185	0.0813396	-0.0527564	0.678429	0.00629875	0.00265465	0.00532602	-0.000193655	-0.000917835	-0.000059724	-0.3	0.15	0.0946
0.95669	0.300002	0.0818717	-0.0562848	0.67842	0.00618536	0.00249697	0.0053648	-0.000252283	-0.00064294	-0.000107082	-0.3	0.15	0.0968
0.956761	0.305256	0.0832663	-0.0597739	0.678407	0.00590318	0.00253458	0.0053413	-0.00035064	-0.000349189	-0.000138291	-0.3	0.15	0.099
0.956683	0.308824	0.0855005	-0.0631291	0.678368	0.00548409	0.00266219	0.00530573	-0.00042718	-9.37918E-05	-0.000169099	-0.3	0.15	0.1012
0.95647	0.310679	0.0879558	-0.0659377	0.678263	0.00528849	0.00270836	0.00528182	-0.000455556	0.000161192	-0.000180172	-0.3	0.15	0.1034
0.956209	0.310939	0.0904586	-0.0676181	0.678085	0.00545131	0.00267624	0.00526501	-0.000507651	0.000465131	-0.000146491	-0.3	0.15	0.1056
0.955829	0.309676	0.0930623	-0.0686046	0.677819	0.005777	0.00271012	0.00531171	-0.000555422	0.000777894	-0.000107214	-0.3	0.15	0.1078
0.955232	0.306786	0.0961282	-0.0692352	0.677473	0.00614475	0.00283906	0.00537599	-0.000607897	0.00106779	-5.21748E-05	-0.3	0.15	0.11
0.954566	0.302468	0.0989461	-0.069311	0.677087	0.00660562	0.00310333	0.00549509	-0.000734113	0.00132103	2.84081E-05	-0.3	0.15	0.1122
0.954038	0.296695	0.100506	-0.0687013	0.676754	0.00731146	0.00336683	0.00558661	-0.000923815	0.00156282	0.000165207	-0.3	0.15	0.1144
0.953627	0.288936	0.100838	-0.0674259	0.676513	0.00834921	0.00356252	0.00560674	-0.00109553	0.0017639	0.000354823	-0.3	0.15	0.1166
0.953235	0.279294	0.0998489	-0.0657789	0.676336	0.00970726	0.00371991	0.00566504	-0.00108003	0.00181124	0.000571483	-0.3	0.15	0.1188
0.952822	0.269555	0.0980782	-0.0640939	0.676174	0.011192	0.00390557	0.00572975	-0.000887306	0.00169445	0.000740945	-0.3	0.15	0.121
0.952368	0.260769	0.0958652	-0.0623731	0.676	0.0125838	0.00415644	0.00583447	-0.000697817	0.00151575	0.000864104	-0.3	0.15	0.1232
0.951832	0.252297	0.0933343	-0.06031	0.675842	0.0136798	0.00434439	0.00592331	-0.000468421	0.00136208	0.000950004	-0.3	0.15	0.1254
0.951233	0.242565	0.0904349	-0.0578807	0.675751	0.0144359	0.00454518	0.00593546	-0.000173896	0.00129715	0.00097287	-0.3	0.15	0.1276
0.950635	0.231066	0.0871711	-0.0557415	0.675702	0.0152026	0.00491663	0.00592653	0.00007981	0.00145463	0.000977879	-0.3	0.15	0.1298
0.950039	0.218791	0.0835898	-0.0540368	0.675664	0.0160024	0.00522649	0.00593934	0.000297582	0.0017935	0.00094988	-0.3	0.15	0.132
0.949462	0.205425	0.0793142	-0.0528614	0.675578	0.0165651	0.00543039	0.00598864	0.000570453	0.00211997	0.000904084	-0.3	0.15	0.1342
0.948809	0.19018	0.0744387	-0.0520168	0.675413	0.0165705	0.00562623	0.00610255	0.000794593	0.00237868	0.000914252	-0.3	0.15	0.1364
0.948011	0.174011	0.0689045	-0.0511636	0.675185	0.0161386	0.00590738	0.00625815	0.000958502	0.00270397	0.00105126	-0.3	0.15	0.1386
0.947263	0.159015	0.0619301	-0.0502968	0.674963	0.015958	0.00615743	0.00644126	0.000909786	0.00299218	0.00127818	-0.3	0.15	0.1408
0.946752	0.145295	0.0540705	-0.0495074	0.674815	0.0161636	0.0063207	0.00670528	0.000706588	0.00298339	0.00151207	-0.3	0.15	0.143
0.94633	0.131018	0.0474748	-0.0485685	0.674731	0.0162091	0.00635845	0.00700248	0.000577411	0.00272468	0.0017313	-0.3	0.15	0.1452
0.945959	0.116296	0.0425258	-0.0474438	0.674684	0.01599	0.00644336	0.00729301	0.000463617	0.00246971	0.0018686	-0.3	0.15	0.1474
0.945835	0.103235	0.0384378	-0.0464685	0.674664	0.0158461	0.00691505	0.00751411	0.000039627	0.00228167	0.00193475	-0.3	0.15	0.1496
0.945746	0.0915911	0.0348462	-0.0454152	0.674578	0.0158962	0.00723302	0.00765523	-0.000577423	0.00207519	0.00204368	-0.3	0.15	0.1518
0.945485	0.0803664	0.0318825	-0.0438043	0.67443	0.0156894	0.00690737	0.00767012	-0.000839616	0.00192399	0.00211056	-0.3	0.15	0.154
0.945155	0.0696938	0.0286558	-0.0418275	0.674311	0.0150854	0.00632235	0.00756271	-0.000675599	0.00183996	0.00197624	-0.3	0.15	0.1562
0.9449	0.0594164	0.0243347	-0.0401614	0.674289	0.0144718	0.00588517	0.00739338	-0.000539454	0.00169313	0.00167398	-0.3	0.15	0.1584
0.944808	0.0499302	0.0192699	-0.0389361	0.67441	0.0139035	0.00574087	0.00705794	-0.000643018	0.00152401	0.00136586	-0.3	0.15	0.1606
0.944757	0.0419117	0.014159	-0.0385028	0.674609	0.0133274	0.0055131	0.00666293	-0.000863608	0.00146505	0.00114653	-0.3	0.15	0.1628
0.944631	0.0342976	0.00841617	-0.0390102	0.674778	0.0124229	0.00521147	0.00631856	-0.000999057	0.00158116	0.000887257	-0.3	0.15	0.165
0.944636	0.0260999	0.00263219	-0.0397271	0.674898	0.0116393	0.00512528	0.00596869	-0.00117653	0.00176007	0.000598054	-0.3	0.15	0.1672
0.944664	0.0168512	-0.00252145	-0.0401824	0.675006	0.0109405	0.00493912	0.00583533	-0.00147376	0.00189772	0.000410268	-0.3	0.15	0.1694
0.944569	0.00538839	-0.00679291	-0.0404412	0.675031	0.00996882	0.00487814	0.00594722	-0.00157744	0.00188778	0.000349623	-0.3	0.15	0.1716
0.94451	-0.00696419	-0.0091284	-0.0401329	0.675046	0.00880427	0.00511377	0.00592826	-0.00153052	0.00159672	0.000405212	-0.3	0.15	0.1738
0.944636	-0.0179338	-0.010241	-0.0400872	0.675191	0.00803502	0.0051308	0.00572767	-0.00168118	0.0012498	0.000513315	-0.3	0.15	0.176
0.944757	-0.0268853	-0.0105542	-0.0400544	0.675428	0.00770962	0.00499752	0.00538731	-0.00183842	0.000974638	0.000629755	-0.3	0.15	0.1782
0.944807	-0.0348676	-0.0103296	-0.0392147	0.675694	0.00740088	0.00478263	0.00502575	-0.00184221	0.000900915	0.000615524	-0.3	0.15	0.1804
0.944918	-0.0421276	-0.0103796	-0.0375918	0.675963	0.00720813	0.00465795	0.00467073	-0.00179394	0.000923741	0.000461812	-0.3	0.15	0.1826
0.945056	-0.0480905	-0.0106511	-0.0359426	0.676224	0.00720475	0.0045592	0.00441125	-0.00168276	0.000980363	0.000320654	-0.3	0.15	0.1848
0.945063	-0.0534463	-0.0102663	-0.0344141	0.676455	0.00695124	0.00435208	0.00424556	-0.00147155	0.0010488	0.000181868	-0.3	0.15	0.187
0.944979	-0.0591935	-0.00958577	-0.0329601	0.676624	0.00650296	0.0040965	0.00414027	-0.00123102	0.00113727	7.18823E-05	-0.3	0.15	0.1892
0.944903	-0.0647867	-0.00920083	-0.0316563	0.676737	0.00604295	0.00387525	0.00404769	-0.000985663	0.00116446	-0.00000066	-0.3	0.15	0.1914
0.944887	-0.0695547	-0.00932729	-0.0303539	0.676814	0.00562461	0.00370862	0.00393442	-0.000832748	0.00115677	-1.0917E-06	-0.3	0.15	0.1936
0.944946	-0.0738924	-0.00991578	-0.0287027	0.676892	0.00531999	0.00361537	0.00378636	-0.000777486	0.0011423	0.00010198	-0.3	0.15	0.1958
0.944975	-0.0783813	-0.0106408	-0.0266723	0.676964	0.00494956	0.00355144	0.00364127	-0.000713876	0.00111282	0.000254199	-0.3	0.15	0.198
0.944934	-0.0830847	-0.0111047	-0.0245312	0.677017	0.0043407	0.00342101	0.00353605	-0.000555512	0.00111167	0.000354621	-0.3	0.15	0.2002
0.944909	-0.0876829	-0.0110941	-0.0223723	0.677082	0.0036813	0.0032226	0.00341527	-0.000348233	0.00111152	0.000305669	-0.3	0.15	0.2024
0.944974	-0.0920447	-0.0107635	-0.0201751	0.677184	0.00329866	0.00298396	0.00325632	-0.000236201	0.00103991	0.000116444	-0.3	0.15	0.2046
0.945096	-0.0955753	-0.0103927	-0.0176206	0.677312	0.00325944	0.00273795	0.00308438	-0.000251552	0.000900708	-9.39606E-05	-0.3	0.15	0.2068
0.945229	-0.0983878	-0.0101611	-0.0149204	0.677462	0.00323922	0.00252319	0.00296087	-0.00030274	0.000771575	-0.000229651	-0.3	0.15	0.209
0.945371	-0.100793	-0.00975041	-0.012468	0.677633	0.00312859	0.00235622	0.00283006	-0.000323783	0.000661718	-0.000326352	-0.3	0.15	0.2112
0.945526	-0.103374	-0.00897254	-0.0106467	0.677818	0.00291295	0.00229166	0.00265176	-0.000322526	0.000519212	-0.000413495	-0.3	0.15	0.2134
0.945588	-0.106651	-0.00796329	-0.00943722	0.677926	0.00271132	0.00223857	0.00247295	-0.000294481	0.000422202	-0.000472359	-0.3	0.15	0.2156
0.945649	-0.110458	-0.00714279	-0.00858784	0.677997	0.00248446	0.00214566	0.00234369	-0.000320778	0.000330019	-0.000506962	-0.3	0.15	0.2178
0.945723	-0.113822	-0.00623883	-0.00816116	0.678067	0.00227214	0.00210226	0.00223039	-0.000452088	0.000273762	-0.000456905	-0.3	0.15	0.22
