"Density"	"Momentum:0"	"Momentum:1"	"Momentum:2"	"StagnationEnergy"	"Pressure"	"Function0"	"Function1"	"Function2"	"Function3"	"Function4"	"Function5"	"vtkValidPointMask"	"arc_length"	"Points:0"	"Points:1"	"Points:2"
-8.75563e-02	-1.36278e-05	4.96788e-05	3.13665e-04	7.06569e-01	2.82628e-01	1.62918e-06	9.17382e-07	1.85181e-08	2.81721e-08	5.58339e-08	-1.76461e-08	1	0.00000e+00	-6.00000e-01	2.50000e-01	-2.20000e-01
-8.75777e-02	-2.66887e-05	7.83837e-05	3.16271e-04	7.06572e-01	2.82629e-01	1.63228e-06	9.18112e-07	1.80837e-08	2.70535e-08	5.43127e-08	-1.70147e-08	1	2.19999e-03	-6.00000e-01	2.50000e-01	-2.17800e-01
-8.76623e-02	-3.47962e-05	7.61819e-05	3.20783e-04	7.06574e-01	2.82630e-01	1.63584e-06	9.18871e-07	1.77061e-08	2.61666e-08	5.27977e-08	-1.63701e-08	1	4.40000e-03	-6.00000e-01	2.50000e-01	-2.15600e-01
-8.77526e-02	-3.69252e-05	9.51612e-05	3.20774e-04	7.06576e-01	2.82631e-01	1.63949e-06	9.19743e-07	1.73705e-08	2.52610e-08	5.12383e-08	-1.57141e-08	1	6.59999e-03	-6.00000e-01	2.50000e-01	-2.13400e-01
-8.78319e-02	-4.56601e-05	1.07722e-04	3.19236e-04	7.06578e-01	2.82631e-01	1.64291e-06	9.20533e-07	1.70645e-08	2.44186e-08	4.95986e-08	-1.50284e-08	1	8.80000e-03	-6.00000e-01	2.50000e-01	-2.11200e-01
-8.79003e-02	-5.82032e-05	1.10850e-04	3.15884e-04	7.06580e-01	2.82632e-01	1.64612e-06	9.21267e-07	1.67898e-08	2.36206e-08	4.78882e-08	-1.43148e-08	1	1.10000e-02	-6.00000e-01	2.50000e-01	-2.09000e-01
-8.79576e-02	-5.68836e-05	1.17771e-04	3.21822e-04	7.06581e-01	2.82633e-01	1.64922e-06	9.22047e-07	1.65508e-08	2.27925e-08	4.61235e-08	-1.35807e-08	1	1.32000e-02	-6.00000e-01	2.50000e-01	-2.06800e-01
-8.80103e-02	-6.44806e-05	1.10034e-04	3.15283e-04	7.06582e-01	2.82633e-01	1.65207e-06	9.22708e-07	1.63437e-08	2.20601e-08	4.42924e-08	-1.28196e-08	1	1.54000e-02	-6.00000e-01	2.50000e-01	-2.04600e-01
-8.80508e-02	-5.71300e-05	1.09671e-04	3.23629e-04	7.06583e-01	2.82634e-01	1.65483e-06	9.23441e-07	1.61753e-08	2.12894e-08	4.24160e-08	-1.20457e-08	1	1.76000e-02	-6.00000e-01	2.50000e-01	-2.02400e-01
-8.80833e-02	-5.52465e-05	8.98633e-05	3.26947e-04	7.06584e-01	2.82634e-01	1.65739e-06	9.24090e-07	1.60415e-08	2.06002e-08	4.04823e-08	-1.12538e-08	1	1.98000e-02	-6.00000e-01	2.50000e-01	-2.00200e-01
-8.81153e-02	-3.67922e-05	7.13416e-05	3.27066e-04	7.06585e-01	2.82634e-01	1.65976e-06	9.24685e-07	1.59430e-08	1.99758e-08	3.84973e-08	-1.04465e-08	1	2.20000e-02	-6.00000e-01	2.50000e-01	-1.98000e-01
-8.81334e-02	-2.65548e-05	5.38443e-05	3.24249e-04	7.06585e-01	2.82634e-01	1.66204e-06	9.25329e-07	1.58817e-08	1.93424e-08	3.64730e-08	-9.62576e-09	1	2.42000e-02	-6.00000e-01	2.50000e-01	-1.95800e-01
-8.81512e-02	-1.03778e-05	1.18196e-05	3.26977e-04	7.06585e-01	2.82634e-01	1.66417e-06	9.25927e-07	1.58546e-08	1.87699e-08	3.44073e-08	-8.78718e-09	1	2.64000e-02	-6.00000e-01	2.50000e-01	-1.93600e-01
-8.81654e-02	1.15973e-05	-1.64008e-05	3.26985e-04	7.06585e-01	2.82634e-01	1.66616e-06	9.26491e-07	1.58622e-08	1.82509e-08	3.23062e-08	-7.93202e-09	1	2.86000e-02	-6.00000e-01	2.50000e-01	-1.91400e-01
-8.81750e-02	2.32807e-05	-4.88202e-05	3.21772e-04	7.06585e-01	2.82634e-01	1.66800e-06	9.27019e-07	1.59045e-08	1.77865e-08	3.01730e-08	-7.06328e-09	1	3.08000e-02	-6.00000e-01	2.50000e-01	-1.89200e-01
-8.81804e-02	4.10239e-05	-6.51656e-05	3.28199e-04	7.06584e-01	2.82634e-01	1.66968e-06	9.27499e-07	1.59813e-08	1.73863e-08	2.80090e-08	-6.18473e-09	1	3.30000e-02	-6.00000e-01	2.50000e-01	-1.87000e-01
-8.81775e-02	5.06209e-05	-9.03461e-05	3.25467e-04	7.06583e-01	2.82633e-01	1.67126e-06	9.28026e-07	1.60934e-08	1.69810e-08	2.58205e-08	-5.29903e-09	1	3.52000e-02	-6.00000e-01	2.50000e-01	-1.84800e-01
-8.81734e-02	5.78717e-05	-1.06000e-04	3.25712e-04	7.06582e-01	2.82633e-01	1.67264e-06	9.28493e-07	1.62365e-08	1.66440e-08	2.36035e-08	-4.40660e-09	1	3.74000e-02	-6.00000e-01	2.50000e-01	-1.82600e-01
-8.81574e-02	6.74351e-05	-1.14050e-04	3.23939e-04	7.06580e-01	2.82632e-01	1.67379e-06	9.28871e-07	1.64070e-08	1.63943e-08	2.13611e-08	-3.50793e-09	1	3.96000e-02	-6.00000e-01	2.50000e-01	-1.80400e-01
-8.81340e-02	5.33871e-05	-1.12917e-04	3.20347e-04	7.06579e-01	2.82632e-01	1.67484e-06	9.29314e-07	1.66047e-08	1.61121e-08	1.91049e-08	-2.59975e-09	1	4.18000e-02	-6.00000e-01	2.50000e-01	-1.78200e-01
-8.81006e-02	4.68955e-05	-1.15551e-04	3.21294e-04	7.06577e-01	2.82631e-01	1.67561e-06	9.29628e-07	1.68226e-08	1.59362e-08	1.68327e-08	-1.68761e-09	1	4.40000e-02	-6.00000e-01	2.50000e-01	-1.76000e-01
-8.80584e-02	4.18810e-05	-1.02077e-04	3.17111e-04	7.06575e-01	2.82630e-01	1.67623e-06	9.29978e-07	1.70608e-08	1.57419e-08	1.45547e-08	-7.70444e-10	1	4.62000e-02	-6.00000e-01	2.50000e-01	-1.73800e-01
-8.80025e-02	7.07865e-05	-9.34011e-05	3.18553e-04	7.06573e-01	2.82629e-01	1.67661e-06	9.30260e-07	1.73142e-08	1.56061e-08	1.22708e-08	1.44305e-10	1	4.84000e-02	-6.00000e-01	2.50000e-01	-1.71600e-01
-8.79366e-02	7.94860e-05	-7.87467e-05	3.13981e-04	7.06570e-01	2.82628e-01	1.67672e-06	9.30441e-07	1.75791e-08	1.55490e-08	9.98453e-09	1.05126e-09	1	5.06000e-02	-6.00000e-01	2.50000e-01	-1.69400e-01
-8.78707e-02	4.28386e-05	-6.73532e-05	3.20286e-04	7.06568e-01	2.82627e-01	1.67688e-06	9.30728e-07	1.78600e-08	1.54850e-08	7.69769e-09	1.95854e-09	1	5.28000e-02	-6.00000e-01	2.50000e-01	-1.67200e-01
-8.78684e-02	-4.11525e-06	-5.85078e-05	3.13900e-04	7.06564e-01	2.82626e-01	1.67751e-06	9.31038e-07	1.81646e-08	1.56569e-08	5.39143e-09	2.86502e-09	1	5.50000e-02	-6.00000e-01	2.50000e-01	-1.65000e-01
-8.78500e-02	-3.35658e-05	-4.94240e-05	3.14449e-04	7.06560e-01	2.82624e-01	1.67785e-06	9.31242e-07	1.84712e-08	1.59101e-08	3.08714e-09	3.76414e-09	1	5.72000e-02	-6.00000e-01	2.50000e-01	-1.62800e-01
-8.78188e-02	-2.76580e-05	-3.90362e-05	3.16460e-04	7.06557e-01	2.82623e-01	1.67807e-06	9.31529e-07	1.87807e-08	1.61013e-08	7.90876e-10	4.66698e-09	1	5.94000e-02	-6.00000e-01	2.50000e-01	-1.60600e-01
-8.77759e-02	-7.96964e-06	-2.24815e-05	3.13323e-04	7.06553e-01	2.82621e-01	1.67801e-06	9.31706e-07	1.90859e-08	1.63758e-08	-1.49296e-09	5.55649e-09	1	6.16000e-02	-6.00000e-01	2.50000e-01	-1.58400e-01
-8.77232e-02	-1.31436e-05	3.21241e-06	3.13542e-04	7.06549e-01	2.82620e-01	1.67771e-06	9.31823e-07	1.93847e-08	1.66996e-08	-3.76157e-09	6.43194e-09	1	6.38000e-02	-6.00000e-01	2.50000e-01	-1.56200e-01
-8.76575e-02	-1.80212e-05	7.07744e-06	3.13083e-04	7.06544e-01	2.82618e-01	1.67727e-06	9.31969e-07	1.96763e-08	1.70148e-08	-6.01508e-09	7.29833e-09	1	6.60000e-02	-6.00000e-01	2.50000e-01	-1.54000e-01
-8.75857e-02	-3.37236e-05	4.89745e-06	3.15604e-04	7.06540e-01	2.82616e-01	1.67656e-06	9.31996e-07	1.99544e-08	1.74328e-08	-8.24800e-09	8.14147e-09	1	6.82000e-02	-6.00000e-01	2.50000e-01	-1.51800e-01
-8.75053e-02	-3.35934e-05	2.22594e-05	3.12189e-04	7.06535e-01	2.82614e-01	1.67576e-06	9.32079e-07	2.02220e-08	1.78293e-08	-1.04619e-08	8.97852e-09	1	7.04000e-02	-6.00000e-01	2.50000e-01	-1.49600e-01
-8.74212e-02	-2.91661e-05	2.76809e-05	3.10456e-04	7.06531e-01	2.82612e-01	1.67476e-06	9.32091e-07	2.04745e-08	1.82992e-08	-1.26497e-08	9.79717e-09	1	7.26000e-02	-6.00000e-01	2.50000e-01	-1.47400e-01
-8.73325e-02	-2.21975e-05	1.67868e-05	3.10510e-04	7.06526e-01	2.82611e-01	1.67355e-06	9.32013e-07	2.07106e-08	1.88590e-08	-1.48074e-08	1.05939e-08	1	7.48000e-02	-6.00000e-01	2.50000e-01	-1.45200e-01
-8.72383e-02	-2.21279e-05	1.48245e-05	3.11468e-04	7.06521e-01	2.82608e-01	1.67235e-06	9.32032e-07	2.09359e-08	1.93774e-08	-1.69436e-08	1.13879e-08	1	7.70000e-02	-6.00000e-01	2.50000e-01	-1.43000e-01
-8.71456e-02	-5.41295e-06	4.28122e-06	3.11291e-04	7.06515e-01	2.82606e-01	1.67099e-06	9.31997e-07	2.11445e-08	1.99671e-08	-1.90514e-08	1.21590e-08	1	7.92000e-02	-6.00000e-01	2.50000e-01	-1.40800e-01
-8.70489e-02	-5.27614e-07	-3.49045e-06	3.13724e-04	7.06510e-01	2.82604e-01	1.66951e-06	9.31924e-07	2.13362e-08	2.06163e-08	-2.11318e-08	1.29067e-08	1	8.14000e-02	-6.00000e-01	2.50000e-01	-1.38600e-01
-8.69511e-02	1.08329e-05	-1.40575e-05	3.13800e-04	7.06504e-01	2.82602e-01	1.66792e-06	9.31828e-07	2.15114e-08	2.13159e-08	-2.31835e-08	1.36319e-08	1	8.36000e-02	-6.00000e-01	2.50000e-01	-1.36400e-01
-8.68552e-02	1.91383e-05	-1.58505e-05	3.11218e-04	7.06498e-01	2.82599e-01	1.66622e-06	9.31709e-07	2.16713e-08	2.20631e-08	-2.52028e-08	1.43349e-08	1	8.58000e-02	-6.00000e-01	2.50000e-01	-1.34200e-01
-8.67576e-02	2.37168e-05	-2.65398e-05	3.11825e-04	7.06492e-01	2.82597e-01	1.66439e-06	9.31555e-07	2.18178e-08	2.28624e-08	-2.71852e-08	1.50146e-08	1	8.80000e-02	-6.00000e-01	2.50000e-01	-1.32000e-01
-8.66615e-02	3.53656e-05	-3.51874e-05	3.12242e-04	7.06486e-01	2.82595e-01	1.66243e-06	9.31351e-07	2.19526e-08	2.37218e-08	-2.91263e-08	1.56675e-08	1	9.02000e-02	-6.00000e-01	2.50000e-01	-1.29800e-01
-8.65591e-02	3.85054e-05	-3.42095e-05	3.09039e-04	7.06479e-01	2.82592e-01	1.66047e-06	9.31243e-07	2.20847e-08	2.45354e-08	-3.10368e-08	1.63144e-08	1	9.24000e-02	-6.00000e-01	2.50000e-01	-1.27600e-01
-8.64571e-02	4.23101e-05	-2.54022e-05	3.10619e-04	7.06473e-01	2.82589e-01	1.65834e-06	9.31052e-07	2.22077e-08	2.54239e-08	-3.29013e-08	1.69258e-08	1	9.46000e-02	-6.00000e-01	2.50000e-01	-1.25400e-01
-8.63523e-02	3.22501e-05	-2.09913e-05	3.09652e-04	7.06466e-01	2.82587e-01	1.65604e-06	9.30798e-07	2.23234e-08	2.63690e-08	-3.47183e-08	1.75025e-08	1	9.68000e-02	-6.00000e-01	2.50000e-01	-1.23200e-01
-8.62392e-02	1.94161e-05	-1.26181e-05	3.10702e-04	7.06460e-01	2.82584e-01	1.65369e-06	9.30603e-07	2.24388e-08	2.72797e-08	-3.64950e-08	1.80640e-08	1	9.90000e-02	-6.00000e-01	2.50000e-01	-1.21000e-01
-8.61228e-02	1.70968e-05	8.43265e-06	3.13313e-04	7.06453e-01	2.82581e-01	1.65111e-06	9.30302e-07	2.25478e-08	2.82620e-08	-3.82091e-08	1.85836e-08	1	1.01200e-01	-6.00000e-01	2.50000e-01	-1.18800e-01
-8.60019e-02	2.98210e-05	2.12488e-05	3.09063e-04	7.06446e-01	2.82579e-01	1.64843e-06	9.30035e-07	2.26601e-08	2.92116e-08	-3.98681e-08	1.90853e-08	1	1.03400e-01	-6.00000e-01	2.50000e-01	-1.16600e-01
-8.58723e-02	4.08608e-05	4.63972e-05	3.12524e-04	7.06439e-01	2.82576e-01	1.64558e-06	9.29720e-07	2.27744e-08	3.01786e-08	-4.14593e-08	1.95546e-08	1	1.05600e-01	-6.00000e-01	2.50000e-01	-1.14400e-01
-8.57315e-02	1.09787e-05	5.42284e-05	3.12528e-04	7.06433e-01	2.82573e-01	1.64251e-06	9.29313e-07	2.28913e-08	3.11912e-08	-4.29761e-08	1.99823e-08	1	1.07800e-01	-6.00000e-01	2.50000e-01	-1.12200e-01
-8.55848e-02	-3.53040e-05	5.47838e-05	3.10291e-04	7.06426e-01	2.82571e-01	1.63940e-06	9.28992e-07	2.30224e-08	3.21281e-08	-4.44371e-08	2.03991e-08	1	1.10000e-01	-6.00000e-01	2.50000e-01	-1.10000e-01
-8.54250e-02	-6.85081e-05	8.54426e-05	3.17500e-04	7.06419e-01	2.82568e-01	1.63609e-06	9.28586e-07	2.31608e-08	3.31060e-08	-4.58232e-08	2.07733e-08	1	1.12200e-01	-6.00000e-01	2.50000e-01	-1.07800e-01
-8.53322e-02	-6.30007e-05	8.39333e-05	3.16240e-04	7.06412e-01	2.82565e-01	1.63319e-06	9.28208e-07	2.33579e-08	3.42955e-08	-4.72396e-08	2.11185e-08	1	1.14400e-01	-6.00000e-01	2.50000e-01	-1.05600e-01
-8.52447e-02	-5.31260e-05	1.21802e-04	3.17967e-04	7.06404e-01	2.82562e-01	1.63037e-06	9.27929e-07	2.35899e-08	3.54603e-08	-4.86226e-08	2.14525e-08	1	1.16600e-01	-6.00000e-01	2.50000e-01	-1.03400e-01
-8.51524e-02	-4.73826e-05	1.30844e-04	3.22713e-04	7.06396e-01	2.82559e-01	1.62735e-06	9.27572e-07	2.38378e-08	3.66550e-08	-4.99252e-08	2.17447e-08	1	1.18800e-01	-6.00000e-01	2.50000e-01	-1.01200e-01
-8.50564e-02	-6.95316e-05	1.33505e-04	3.14767e-04	7.06389e-01	2.82556e-01	1.62416e-06	9.27165e-07	2.41039e-08	3.78632e-08	-5.11483e-08	2.20000e-08	1	1.21000e-01	-6.00000e-01	2.50000e-01	-9.90000e-02
-8.49498e-02	-7.60473e-05	1.39123e-04	3.23135e-04	7.06381e-01	2.82553e-01	1.62091e-06	9.26800e-07	2.43931e-08	3.90276e-08	-5.23040e-08	2.22359e-08	1	1.23200e-01	-6.00000e-01	2.50000e-01	-9.68000e-02
-8.48419e-02	-7.94572e-05	1.50047e-04	3.26720e-04	7.06373e-01	2.82550e-01	1.61747e-06	9.26335e-07	2.46954e-08	4.02433e-08	-5.33788e-08	2.24244e-08	1	1.25400e-01	-6.00000e-01	2.50000e-01	-9.46000e-02
-8.47307e-02	-7.78161e-05	1.42323e-04	3.27558e-04	7.06366e-01	2.82547e-01	1.61400e-06	9.25937e-07	2.50184e-08	4.14060e-08	-5.43962e-08	2.25984e-08	1	1.27600e-01	-6.00000e-01	2.50000e-01	-9.24000e-02
-8.46161e-02	-7.33323e-05	1.43701e-04	3.34498e-04	7.06358e-01	2.82544e-01	1.61040e-06	9.25472e-07	2.53504e-08	4.26032e-08	-5.53405e-08	2.27323e-08	1	1.29800e-01	-6.00000e-01	2.50000e-01	-9.02000e-02
-8.45053e-02	-6.40547e-05	1.11942e-04	3.34193e-04	7.06351e-01	2.82541e-01	1.60671e-06	9.24970e-07	2.56896e-08	4.38181e-08	-5.62140e-08	2.28320e-08	1	1.32000e-01	-6.00000e-01	2.50000e-01	-8.80000e-02
-8.43911e-02	-5.08519e-05	8.83987e-05	3.33675e-04	7.06343e-01	2.82538e-01	1.60299e-06	9.24517e-07	2.60384e-08	4.49973e-08	-5.70257e-08	2.29152e-08	1	1.34200e-01	-6.00000e-01	2.50000e-01	-8.58000e-02
-8.42812e-02	-3.61037e-05	5.23373e-05	3.36866e-04	7.06336e-01	2.82535e-01	1.59919e-06	9.24036e-07	2.63888e-08	4.61934e-08	-5.77663e-08	2.29668e-08	1	1.36400e-01	-6.00000e-01	2.50000e-01	-8.36000e-02
-8.41732e-02	-1.12263e-05	2.05773e-05	3.39704e-04	7.06328e-01	2.82532e-01	1.59534e-06	9.23538e-07	2.67379e-08	4.74015e-08	-5.84400e-08	2.29891e-08	1	1.38600e-01	-6.00000e-01	2.50000e-01	-8.14000e-02
-8.40667e-02	8.40939e-06	-1.04774e-05	3.41509e-04	7.06321e-01	2.82529e-01	1.59144e-06	9.23024e-07	2.70814e-08	4.86212e-08	-5.90509e-08	2.29834e-08	1	1.40800e-01	-6.00000e-01	2.50000e-01	-7.92000e-02
-8.39598e-02	2.40620e-05	-5.69215e-05	3.46229e-04	7.06313e-01	2.82526e-01	1.58748e-06	9.22486e-07	2.74134e-08	4.98570e-08	-5.96002e-08	2.29489e-08	1	1.43000e-01	-6.00000e-01	2.50000e-01	-7.70000e-02
-8.38590e-02	3.42821e-05	-7.69145e-05	3.40002e-04	7.06306e-01	2.82523e-01	1.58352e-06	9.21998e-07	2.77338e-08	5.10580e-08	-6.00978e-08	2.29018e-08	1	1.45200e-01	-6.00000e-01	2.50000e-01	-7.48000e-02
-8.37585e-02	4.96146e-05	-9.99467e-05	3.39868e-04	7.06299e-01	2.82520e-01	1.57949e-06	9.21477e-07	2.80313e-08	5.22689e-08	-6.05285e-08	2.28260e-08	1	1.47400e-01	-6.00000e-01	2.50000e-01	-7.26000e-02
-8.36576e-02	5.71767e-05	-1.15064e-04	3.41072e-04	7.06292e-01	2.82517e-01	1.57537e-06	9.20901e-07	2.82997e-08	5.34996e-08	-6.08846e-08	2.27165e-08	1	1.49600e-01	-6.00000e-01	2.50000e-01	-7.04000e-02
-8.35527e-02	5.29391e-05	-1.15493e-04	3.39318e-04	7.06285e-01	2.82514e-01	1.57125e-06	9.20392e-07	2.85444e-08	5.46708e-08	-6.11818e-08	2.25986e-08	1	1.51800e-01	-6.00000e-01	2.50000e-01	-6.82000e-02
-8.34526e-02	3.71516e-05	-1.20942e-04	3.34290e-04	7.06278e-01	2.82511e-01	1.56702e-06	9.19802e-07	2.87503e-08	5.58712e-08	-6.13996e-08	2.24431e-08	1	1.54000e-01	-6.00000e-01	2.50000e-01	-6.60000e-02
-8.33428e-02	4.22355e-05	-1.13907e-04	3.29556e-04	7.06271e-01	2.82509e-01	1.56279e-06	9.19258e-07	2.89239e-08	5.70198e-08	-6.15614e-08	2.22779e-08	1	1.56200e-01	-6.00000e-01	2.50000e-01	-6.38000e-02
-8.32269e-02	5.84121e-05	-1.08491e-04	3.35859e-04	7.06264e-01	2.82506e-01	1.55849e-06	9.18679e-07	2.90551e-08	5.81616e-08	-6.16583e-08	2.20888e-08	1	1.58400e-01	-6.00000e-01	2.50000e-01	-6.16000e-02
-8.31186e-02	7.12285e-05	-9.10999e-05	3.19857e-04	7.06258e-01	2.82504e-01	1.55409e-06	9.18045e-07	2.91388e-08	5.93051e-08	-6.16872e-08	2.18730e-08	1	1.60600e-01	-6.00000e-01	2.50000e-01	-5.94000e-02
-8.30088e-02	4.98072e-05	-8.36562e-05	3.27287e-04	7.06252e-01	2.82501e-01	1.54982e-06	9.17508e-07	2.91968e-08	6.04176e-08	-6.16918e-08	2.16557e-08	1	1.62800e-01	-6.00000e-01	2.50000e-01	-5.72000e-02
-8.29660e-02	-1.19502e-05	-7.34670e-05	3.28127e-04	7.06244e-01	2.82498e-01	1.54590e-06	9.17016e-07	2.92571e-08	6.17225e-08	-6.17230e-08	2.14080e-08	1	1.65000e-01	-6.00000e-01	2.50000e-01	-5.50000e-02
-8.29174e-02	-3.44883e-05	-6.43041e-05	3.24815e-04	7.06237e-01	2.82495e-01	1.54190e-06	9.16465e-07	2.92613e-08	6.30246e-08	-6.16749e-08	2.11307e-08	1	1.67200e-01	-6.00000e-01	2.50000e-01	-5.28000e-02
-8.28657e-02	-3.13515e-05	-4.37641e-05	3.25418e-04	7.06231e-01	2.82492e-01	1.53792e-06	9.15998e-07	2.92204e-08	6.42377e-08	-6.15740e-08	2.08530e-08	1	1.69400e-01	-6.00000e-01	2.50000e-01	-5.06000e-02
-8.28079e-02	-1.41800e-05	-3.60441e-05	3.28093e-04	7.06224e-01	2.82490e-01	1.53388e-06	9.15470e-07	2.91221e-08	6.54495e-08	-6.14033e-08	2.05490e-08	1	1.71600e-01	-6.00000e-01	2.50000e-01	-4.84000e-02
-8.27468e-02	-1.04273e-05	-1.70416e-05	3.29474e-04	7.06218e-01	2.82487e-01	1.52979e-06	9.14919e-07	2.89698e-08	6.66384e-08	-6.11735e-08	2.02282e-08	1	1.73800e-01	-6.00000e-01	2.50000e-01	-4.62000e-02
-8.26851e-02	-2.24139e-05	-2.05442e-06	3.25784e-04	7.06212e-01	2.82485e-01	1.52574e-06	9.14410e-07	2.87701e-08	6.77698e-08	-6.08987e-08	1.99038e-08	1	1.76000e-01	-6.00000e-01	2.50000e-01	-4.40000e-02
-8.26233e-02	-3.73700e-05	2.33388e-06	3.21959e-04	7.06206e-01	2.82483e-01	1.52163e-06	9.13836e-07	2.85154e-08	6.89078e-08	-6.05602e-08	1.95549e-08	1	1.78200e-01	-6.00000e-01	2.50000e-01	-4.18000e-02
-8.25577e-02	-3.77791e-05	1.40809e-05	3.24285e-04	7.06200e-01	2.82480e-01	1.51760e-06	9.13322e-07	2.82188e-08	6.99816e-08	-6.01796e-08	1.92035e-08	1	1.80400e-01	-6.00000e-01	2.50000e-01	-3.96000e-02
-8.24961e-02	-2.93147e-05	1.83775e-05	3.23935e-04	7.06194e-01	2.82478e-01	1.51357e-06	9.12778e-07	2.78751e-08	7.10479e-08	-5.97420e-08	1.88317e-08	1	1.82600e-01	-6.00000e-01	2.50000e-01	-3.74000e-02
-8.24346e-02	-2.58374e-05	1.17002e-05	3.27425e-04	7.06189e-01	2.82476e-01	1.50953e-06	9.12192e-07	2.74862e-08	7.21181e-08	-5.92489e-08	1.84386e-08	1	1.84800e-01	-6.00000e-01	2.50000e-01	-3.52000e-02
-8.23798e-02	-2.06947e-05	7.66730e-06	3.23465e-04	7.06184e-01	2.82474e-01	1.50563e-06	9.11695e-07	2.70666e-08	7.31208e-08	-5.87294e-08	1.80488e-08	1	1.87000e-01	-6.00000e-01	2.50000e-01	-3.30000e-02
-8.23281e-02	-9.01021e-06	5.89105e-06	3.21896e-04	7.06179e-01	2.82472e-01	1.50176e-06	9.11182e-07	2.66103e-08	7.41193e-08	-5.81688e-08	1.76463e-08	1	1.89200e-01	-6.00000e-01	2.50000e-01	-3.08000e-02
-8.22798e-02	-2.82982e-06	1.85630e-06	3.26624e-04	7.06174e-01	2.82470e-01	1.49794e-06	9.10663e-07	2.61219e-08	7.51057e-08	-5.75708e-08	1.72351e-08	1	1.91400e-01	-6.00000e-01	2.50000e-01	-2.86000e-02
-8.22393e-02	1.19148e-05	-1.59873e-05	3.23969e-04	7.06169e-01	2.82468e-01	1.49419e-06	9.10147e-07	2.56062e-08	7.60748e-08	-5.69356e-08	1.68161e-08	1	1.93600e-01	-6.00000e-01	2.50000e-01	-2.64000e-02
-8.22023e-02	1.91579e-05	-1.57953e-05	3.23958e-04	7.06164e-01	2.82466e-01	1.49050e-06	9.09634e-07	2.50675e-08	7.70246e-08	-5.62606e-08	1.63882e-08	1	1.95800e-01	-6.00000e-01	2.50000e-01	-2.42000e-02
-8.21686e-02	2.94316e-05	-2.29886e-05	3.23696e-04	7.06159e-01	2.82464e-01	1.48686e-06	9.09116e-07	2.45097e-08	7.79587e-08	-5.55432e-08	1.59493e-08	1	1.98000e-01	-6.00000e-01	2.50000e-01	-2.20000e-02
-8.21439e-02	3.07958e-05	-2.65201e-05	3.19796e-04	7.06155e-01	2.82462e-01	1.48328e-06	9.08581e-07	2.39364e-08	7.88832e-08	-5.47829e-08	1.54988e-08	1	2.00200e-01	-6.00000e-01	2.50000e-01	-1.98000e-02
-8.21160e-02	4.37141e-05	-2.33328e-05	3.22109e-04	7.06151e-01	2.82461e-01	1.47983e-06	9.08133e-07	2.33603e-08	7.97394e-08	-5.40002e-08	1.50538e-08	1	2.02400e-01	-6.00000e-01	2.50000e-01	-1.76000e-02
-8.20925e-02	4.58064e-05	-2.42941e-05	3.24884e-04	7.06147e-01	2.82459e-01	1.47641e-06	9.07644e-07	2.27761e-08	8.05932e-08	-5.31758e-08	1.46002e-08	1	2.04600e-01	-6.00000e-01	2.50000e-01	-1.54000e-02
-8.20707e-02	3.02882e-05	-9.84997e-06	3.24304e-04	7.06143e-01	2.82457e-01	1.47302e-06	9.07128e-07	2.21898e-08	8.14328e-08	-5.23114e-08	1.41426e-08	1	2.06800e-01	-6.00000e-01	2.50000e-01	-1.32000e-02
-8.20494e-02	2.28319e-05	-3.96776e-06	3.20725e-04	7.06139e-01	2.82456e-01	1.46973e-06	9.06666e-07	2.16126e-08	8.22052e-08	-5.14192e-08	1.36920e-08	1	2.09000e-01	-6.00000e-01	2.50000e-01	-1.10000e-02
-8.20263e-02	2.43688e-05	1.42141e-05	3.21179e-04	7.06136e-01	2.82455e-01	1.46645e-06	9.06145e-07	2.10411e-08	8.29696e-08	-5.04774e-08	1.32332e-08	1	2.11200e-01	-6.00000e-01	2.50000e-01	-8.80000e-03
-8.19974e-02	3.41698e-05	3.28255e-05	3.23154e-04	7.06133e-01	2.82453e-01	1.46324e-06	9.05659e-07	2.04871e-08	8.36679e-08	-4.95008e-08	1.27762e-08	1	2.13400e-01	-6.00000e-01	2.50000e-01	-6.60000e-03
-8.19657e-02	4.29126e-05	5.19610e-05	3.23075e-04	7.06130e-01	2.82452e-01	1.46006e-06	9.05153e-07	1.99510e-08	8.43296e-08	-4.84821e-08	1.23144e-08	1	2.15600e-01	-6.00000e-01	2.50000e-01	-4.40000e-03
-8.19286e-02	1.16590e-05	6.14034e-05	3.22884e-04	7.06128e-01	2.82451e-01	1.45688e-06	9.04592e-07	1.94352e-08	8.49715e-08	-4.74194e-08	1.18466e-08	1	2.17800e-01	-6.00000e-01	2.50000e-01	-2.20000e-03
-8.18834e-02	-3.17021e-05	7.39866e-05	3.31549e-04	7.06126e-01	2.82451e-01	1.45382e-06	9.04104e-07	1.89511e-08	8.55259e-08	-4.63335e-08	1.13872e-08	1	2.20000e-01	-6.00000e-01	2.50000e-01	0.00000e+00
-8.18329e-02	-6.51328e-05	9.44247e-05	3.26831e-04	7.06124e-01	2.82450e-01	1.45077e-06	9.03565e-07	1.84953e-08	8.60581e-08	-4.52065e-08	1.09269e-08	1	2.22200e-01	-6.00000e-01	2.50000e-01	2.20000e-03
-8.18466e-02	-6.16798e-05	1.15153e-04	3.33269e-04	7.06122e-01	2.82449e-01	1.44803e-06	9.03080e-07	1.80979e-08	8.67560e-08	-4.40915e-08	1.04560e-08	1	2.24400e-01	-6.00000e-01	2.50000e-01	4.40000e-03
-8.18729e-02	-4.44060e-05	1.16718e-04	3.33710e-04	7.06119e-01	2.82448e-01	1.44545e-06	9.02681e-07	1.77458e-08	8.74165e-08	-4.29586e-08	9.98870e-09	1	2.26600e-01	-6.00000e-01	2.50000e-01	6.60000e-03
-8.18956e-02	-4.46477e-05	1.34205e-04	3.31726e-04	7.06117e-01	2.82447e-01	1.44288e-06	9.02237e-07	1.74285e-08	8.80517e-08	-4.17809e-08	9.51689e-09	1	2.28800e-01	-6.00000e-01	2.50000e-01	8.80000e-03
-8.19106e-02	-6.17612e-05	1.45774e-04	3.36490e-04	7.06115e-01	2.82446e-01	1.44035e-06	9.01765e-07	1.71487e-08	8.86558e-08	-4.05639e-08	9.04165e-09	1	2.31000e-01	-6.00000e-01	2.50000e-01	1.10000e-02
-8.19237e-02	-7.24443e-05	1.42428e-04	3.34771e-04	7.06113e-01	2.82446e-01	1.43790e-06	9.01334e-07	1.69103e-08	8.91968e-08	-3.93198e-08	8.56766e-09	1	2.33200e-01	-6.00000e-01	2.50000e-01	1.32000e-02
-8.19323e-02	-7.36981e-05	1.50103e-04	3.36837e-04	7.06112e-01	2.82445e-01	1.43549e-06	9.00840e-07	1.67089e-08	8.97319e-08	-3.80383e-08	8.09171e-09	1	2.35400e-01	-6.00000e-01	2.50000e-01	1.54000e-02
-8.19408e-02	-5.97098e-05	1.33326e-04	3.39986e-04	7.06111e-01	2.82445e-01	1.43317e-06	9.00403e-07	1.65496e-08	9.02013e-08	-3.67341e-08	7.62088e-09	1	2.37600e-01	-6.00000e-01	2.50000e-01	1.76000e-02
-8.19454e-02	-6.39537e-05	1.16724e-04	3.40983e-04	7.06110e-01	2.82444e-01	1.43091e-06	8.99927e-07	1.64278e-08	9.06574e-08	-3.53949e-08	7.15033e-09	1	2.39800e-01	-6.00000e-01	2.50000e-01	1.98000e-02
-8.19535e-02	-4.33370e-05	9.01568e-05	3.50802e-04	7.06110e-01	2.82444e-01	1.42872e-06	8.99432e-07	1.63433e-08	9.10936e-08	-3.40227e-08	6.67953e-09	1	2.42000e-01	-6.00000e-01	2.50000e-01	2.20000e-02
-8.19589e-02	-2.93349e-05	5.82850e-05	3.42921e-04	7.06110e-01	2.82444e-01	1.42663e-06	8.98981e-07	1.62974e-08	9.14805e-08	-3.26253e-08	6.20773e-09	1	2.44200e-01	-6.00000e-01	2.50000e-01	2.42000e-02
-8.19652e-02	-1.28012e-05	1.74393e-05	3.49092e-04	7.06110e-01	2.82444e-01	1.42463e-06	8.98518e-07	1.62866e-08	9.18526e-08	-3.11997e-08	5.73257e-09	1	2.46400e-01	-6.00000e-01	2.50000e-01	2.64000e-02
-8.19793e-02	1.40599e-05	-2.17590e-05	3.45736e-04	7.06110e-01	2.82444e-01	1.42271e-06	8.98051e-07	1.63100e-08	9.22079e-08	-2.97500e-08	5.25517e-09	1	2.48600e-01	-6.00000e-01	2.50000e-01	2.86000e-02
-8.19893e-02	2.80722e-05	-5.94909e-05	3.50530e-04	7.06110e-01	2.82444e-01	1.42089e-06	8.97581e-07	1.63666e-08	9.25465e-08	-2.82776e-08	4.77741e-09	1	2.50800e-01	-6.00000e-01	2.50000e-01	3.08000e-02
-8.20065e-02	4.75499e-05	-8.43490e-05	3.47272e-04	7.06111e-01	2.82445e-01	1.41915e-06	8.97100e-07	1.64551e-08	9.28707e-08	-2.67805e-08	4.30071e-09	1	2.53000e-01	-6.00000e-01	2.50000e-01	3.30000e-02
-8.20191e-02	5.92979e-05	-1.25173e-04	3.44912e-04	7.06112e-01	2.82445e-01	1.41753e-06	8.96664e-07	1.65763e-08	9.31470e-08	-2.52610e-08	3.82460e-09	1	2.55200e-01	-6.00000e-01	2.50000e-01	3.52000e-02
-8.20335e-02	6.81325e-05	-1.31345e-04	3.41528e-04	7.06113e-01	2.82445e-01	1.41599e-06	8.96211e-07	1.67266e-08	9.34044e-08	-2.37111e-08	3.34761e-09	1	2.57400e-01	-6.00000e-01	2.50000e-01	3.74000e-02
-8.20463e-02	7.40183e-05	-1.46389e-04	3.42244e-04	7.06114e-01	2.82446e-01	1.41451e-06	8.95721e-07	1.69038e-08	9.36504e-08	-2.21299e-08	2.86857e-09	1	2.59600e-01	-6.00000e-01	2.50000e-01	3.96000e-02
-8.20593e-02	6.40909e-05	-1.46793e-04	3.34778e-04	7.06116e-01	2.82447e-01	1.41316e-06	8.95290e-07	1.71089e-08	9.38328e-08	-2.05271e-08	2.38370e-09	1	2.61800e-01	-6.00000e-01	2.50000e-01	4.18000e-02
-8.20672e-02	5.13298e-05	-1.45303e-04	3.35905e-04	7.06118e-01	2.82447e-01	1.41187e-06	8.94801e-07	1.73365e-08	9.40095e-08	-1.88969e-08	1.89627e-09	1	2.64000e-01	-6.00000e-01	2.50000e-01	4.40000e-02
-8.20644e-02	5.12228e-05	-1.31479e-04	3.36687e-04	7.06120e-01	2.82448e-01	1.41069e-06	8.94356e-07	1.75877e-08	9.41250e-08	-1.72489e-08	1.40345e-09	1	2.66200e-01	-6.00000e-01	2.50000e-01	4.62000e-02
-8.20620e-02	7.29028e-05	-1.24574e-04	3.31385e-04	7.06123e-01	2.82449e-01	1.40958e-06	8.93889e-07	1.78585e-08	9.42073e-08	-1.55778e-08	9.08205e-10	1	2.68400e-01	-6.00000e-01	2.50000e-01	4.84000e-02
-8.20563e-02	8.15751e-05	-9.64387e-05	3.21493e-04	7.06126e-01	2.82451e-01	1.40853e-06	8.93384e-07	1.81461e-08	9.42625e-08	-1.38809e-08	4.11584e-10	1	2.70600e-01	-6.00000e-01	2.50000e-01	5.06000e-02
-8.20542e-02	4.67106e-05	-9.35262e-05	3.26752e-04	7.06129e-01	2.82452e-01	1.40767e-06	8.92968e-07	1.84551e-08	9.42838e-08	-1.21635e-08	-9.18232e-11	1	2.72800e-01	-6.00000e-01	2.50000e-01	5.28000e-02
-8.21229e-02	-1.06109e-05	-7.53670e-05	3.26200e-04	7.06131e-01	2.82452e-01	1.40711e-06	8.92612e-07	1.87929e-08	9.44774e-08	-1.04228e-08	-5.92783e-10	1	2.75000e-01	-6.00000e-01	2.50000e-01	5.50000e-02
-8.21822e-02	-3.36423e-05	-6.85093e-05	3.27067e-04	7.06133e-01	2.82453e-01	1.40662e-06	8.92214e-07	1.91363e-08	9.46479e-08	-8.65347e-09	-1.09707e-09	1	2.77200e-01	-6.00000e-01	2.50000e-01	5.72000e-02
-8.22320e-02	-2.83261e-05	-5.47795e-05	3.25855e-04	7.06136e-01	2.82454e-01	1.40627e-06	8.91892e-07	1.94841e-08	9.47295e-08	-6.86470e-09	-1.61355e-09	1	2.79400e-01	-6.00000e-01	2.50000e-01	5.94000e-02
-8.22788e-02	-9.87334e-06	-2.08867e-05	3.19341e-04	7.06139e-01	2.82456e-01	1.40600e-06	8.91527e-07	1.98272e-08	9.47873e-08	-5.05452e-09	-2.13237e-09	1	2.81600e-01	-6.00000e-01	2.50000e-01	6.16000e-02
-8.23191e-02	-1.61087e-05	-1.71705e-05	3.23143e-04	7.06142e-01	2.82457e-01	1.40582e-06	8.91153e-07	2.01619e-08	9.48047e-08	-3.22534e-09	-2.65522e-09	1	2.83800e-01	-6.00000e-01	2.50000e-01	6.38000e-02
-8.23535e-02	-2.85579e-05	-3.82853e-07	3.22917e-04	7.06146e-01	2.82459e-01	1.40577e-06	8.90824e-07	2.04860e-08	9.47562e-08	-1.37819e-09	-3.18749e-09	1	2.86000e-01	-6.00000e-01	2.50000e-01	6.60000e-02
-8.23885e-02	-3.57326e-05	1.48564e-05	3.19138e-04	7.06150e-01	2.82460e-01	1.40580e-06	8.90450e-07	2.07923e-08	9.46952e-08	4.88652e-10	-3.72039e-09	1	2.88200e-01	-6.00000e-01	2.50000e-01	6.82000e-02
-8.24182e-02	-4.51089e-05	1.55417e-05	3.21666e-04	7.06154e-01	2.82462e-01	1.40599e-06	8.90142e-07	2.10820e-08	9.45673e-08	2.37223e-09	-4.26518e-09	1	2.90400e-01	-6.00000e-01	2.50000e-01	7.04000e-02
-8.24471e-02	-3.92987e-05	2.59332e-05	3.21822e-04	7.06158e-01	2.82464e-01	1.40629e-06	8.89820e-07	2.13486e-08	9.44196e-08	4.26972e-09	-4.81257e-09	1	2.92600e-01	-6.00000e-01	2.50000e-01	7.26000e-02
-8.24850e-02	-3.35949e-05	3.33267e-05	3.17758e-04	7.06163e-01	2.82465e-01	1.40669e-06	8.89475e-07	2.15891e-08	9.42644e-08	6.17647e-09	-5.35927e-09	1	2.94800e-01	-6.00000e-01	2.50000e-01	7.48000e-02
-8.25170e-02	-2.89553e-05	1.16353e-05	3.21664e-04	7.06167e-01	2.82467e-01	1.40729e-06	8.89224e-07	2.18076e-08	9.40393e-08	8.08932e-09	-5.91851e-09	1	2.97000e-01	-6.00000e-01	2.50000e-01	7.70000e-02
-8.25532e-02	-1.92941e-05	2.21984e-05	3.24254e-04	7.06172e-01	2.82469e-01	1.40800e-06	8.88972e-07	2.19994e-08	9.37977e-08	1.00063e-08	-6.47765e-09	1	2.99200e-01	-6.00000e-01	2.50000e-01	7.92000e-02
-8.25948e-02	-1.02667e-05	1.35775e-05	3.25235e-04	7.06177e-01	2.82471e-01	1.40886e-06	8.88733e-07	2.21662e-08	9.35351e-08	1.19274e-08	-7.03776e-09	1	3.01400e-01	-6.00000e-01	2.50000e-01	8.14000e-02
-8.26408e-02	1.28390e-06	1.12204e-06	3.24717e-04	7.06182e-01	2.82473e-01	1.40985e-06	8.88512e-07	2.23096e-08	9.32477e-08	1.38529e-08	-7.59972e-09	1	3.03600e-01	-6.00000e-01	2.50000e-01	8.36000e-02
-8.26893e-02	1.09690e-05	-6.07360e-06	3.26351e-04	7.06188e-01	2.82475e-01	1.41097e-06	8.88313e-07	2.24312e-08	9.29361e-08	1.57814e-08	-8.16332e-09	1	3.05800e-01	-6.00000e-01	2.50000e-01	8.58000e-02
-8.27429e-02	2.05034e-05	-1.40581e-05	3.25198e-04	7.06193e-01	2.82477e-01	1.41224e-06	8.88127e-07	2.25317e-08	9.26049e-08	1.77098e-08	-8.72651e-09	1	3.08000e-01	-6.00000e-01	2.50000e-01	8.80000e-02
-8.28020e-02	2.40481e-05	-1.39668e-05	3.21742e-04	7.06199e-01	2.82480e-01	1.41363e-06	8.87944e-07	2.26116e-08	9.22587e-08	1.96328e-08	-9.28629e-09	1	3.10200e-01	-6.00000e-01	2.50000e-01	9.02000e-02
-8.28548e-02	3.44602e-05	-1.57440e-05	3.25295e-04	7.06204e-01	2.82482e-01	1.41520e-06	8.87861e-07	2.26790e-08	9.18366e-08	2.15519e-08	-9.85784e-09	1	3.12400e-01	-6.00000e-01	2.50000e-01	9.24000e-02
-8.29154e-02	3.88294e-05	-1.57867e-05	3.23346e-04	7.06210e-01	2.82484e-01	1.41688e-06	8.87760e-07	2.27298e-08	9.14030e-08	2.34582e-08	-1.04221e-08	1	3.14600e-01	-6.00000e-01	2.50000e-01	9.46000e-02
-8.29758e-02	2.35104e-05	-2.90261e-06	3.23781e-04	7.06216e-01	2.82487e-01	1.41865e-06	8.87652e-07	2.27692e-08	9.09465e-08	2.53503e-08	-1.09811e-08	1	3.16800e-01	-6.00000e-01	2.50000e-01	9.68000e-02
-8.30333e-02	1.71026e-05	-7.63520e-07	3.23418e-04	7.06222e-01	2.82489e-01	1.42058e-06	8.87621e-07	2.28077e-08	9.04134e-08	2.72324e-08	-1.15504e-08	1	3.19000e-01	-6.00000e-01	2.50000e-01	9.90000e-02
-8.30845e-02	2.43473e-05	2.39956e-05	3.27180e-04	7.06228e-01	2.82492e-01	1.42257e-06	8.87553e-07	2.28426e-08	8.98663e-08	2.90935e-08	-1.21097e-08	1	3.21200e-01	-6.00000e-01	2.50000e-01	1.01200e-01
-8.31337e-02	3.96185e-05	3.24113e-05	3.27074e-04	7.06235e-01	2.82494e-01	1.42469e-06	8.87545e-07	2.28847e-08	8.92429e-08	3.09367e-08	-1.26757e-08	1	3.23400e-01	-6.00000e-01	2.50000e-01	1.03400e-01
-8.31831e-02	4.60230e-05	5.61098e-05	3.27098e-04	7.06242e-01	2.82497e-01	1.42688e-06	8.87541e-07	2.29338e-08	8.85732e-08	3.27528e-08	-1.32368e-08	1	3.25600e-01	-6.00000e-01	2.50000e-01	1.05600e-01
-8.32264e-02	1.05132e-05	6.16005e-05	3.27410e-04	7.06249e-01	2.82500e-01	1.42913e-06	8.87507e-07	2.29911e-08	8.78759e-08	3.45343e-08	-1.37848e-08	1	3.27800e-01	-6.00000e-01	2.50000e-01	1.07800e-01
-8.32581e-02	-3.49128e-05	7.13393e-05	3.32049e-04	7.06256e-01	2.82503e-01	1.43151e-06	8.87573e-07	2.30688e-08	8.70693e-08	3.62895e-08	-1.43435e-08	1	3.30000e-01	-6.00000e-01	2.50000e-01	1.10000e-01
-8.32858e-02	-6.47678e-05	8.03143e-05	3.31689e-04	7.06263e-01	2.82506e-01	1.43394e-06	8.87612e-07	2.31620e-08	8.62309e-08	3.80042e-08	-1.48891e-08	1	3.32200e-01	-6.00000e-01	2.50000e-01	1.12200e-01
-8.33815e-02	-5.27123e-05	8.94679e-05	3.22770e-04	7.06270e-01	2.82508e-01	1.43671e-06	8.87706e-07	2.33243e-08	8.55744e-08	3.97529e-08	-1.54150e-08	1	3.34400e-01	-6.00000e-01	2.50000e-01	1.14400e-01
-8.34761e-02	-3.05077e-05	1.14325e-04	3.34926e-04	7.06276e-01	2.82511e-01	1.43966e-06	8.87913e-07	2.35319e-08	8.48679e-08	4.14960e-08	-1.59498e-08	1	3.36600e-01	-6.00000e-01	2.50000e-01	1.16600e-01
-8.35731e-02	-3.62315e-05	1.10516e-04	3.32926e-04	7.06283e-01	2.82513e-01	1.44267e-06	8.88097e-07	2.37638e-08	8.41307e-08	4.32009e-08	-1.64702e-08	1	3.38800e-01	-6.00000e-01	2.50000e-01	1.18800e-01
-8.36634e-02	-4.66150e-05	1.24860e-04	3.39586e-04	7.06290e-01	2.82516e-01	1.44574e-06	8.88278e-07	2.40189e-08	8.33548e-08	4.48664e-08	-1.69771e-08	1	3.41000e-01	-6.00000e-01	2.50000e-01	1.21000e-01
-8.37505e-02	-5.53789e-05	1.13442e-04	3.35413e-04	7.06297e-01	2.82519e-01	1.44892e-06	8.88531e-07	2.42987e-08	8.24964e-08	4.64982e-08	-1.74822e-08	1	3.43200e-01	-6.00000e-01	2.50000e-01	1.23200e-01
-8.38348e-02	-5.58852e-05	1.14556e-04	3.41609e-04	7.06304e-01	2.82522e-01	1.45214e-06	8.88738e-07	2.45916e-08	8.16299e-08	4.80813e-08	-1.79616e-08	1	3.45400e-01	-6.00000e-01	2.50000e-01	1.25400e-01
-8.39156e-02	-4.31339e-05	9.35100e-05	3.40865e-04	7.06311e-01	2.82525e-01	1.45547e-06	8.89035e-07	2.49048e-08	8.06732e-08	4.96308e-08	-1.84423e-08	1	3.47600e-01	-6.00000e-01	2.50000e-01	1.27600e-01
-8.39937e-02	-4.03296e-05	8.37766e-05	3.39455e-04	7.06318e-01	2.82528e-01	1.45886e-06	8.89313e-07	2.52280e-08	7.97018e-08	5.11328e-08	-1.89024e-08	1	3.49800e-01	-6.00000e-01	2.50000e-01	1.29800e-01
-8.40765e-02	-2.26573e-05	4.98003e-05	3.41134e-04	7.06326e-01	2.82531e-01	1.46231e-06	8.89593e-07	2.55602e-08	7.87079e-08	5.25887e-08	-1.93457e-08	1	3.52000e-01	-6.00000e-01	2.50000e-01	1.32000e-01
-8.41575e-02	-5.70791e-06	1.46101e-05	3.33794e-04	7.06333e-01	2.82533e-01	1.46587e-06	8.89951e-07	2.59035e-08	7.76484e-08	5.40063e-08	-1.97860e-08	1	3.54200e-01	-6.00000e-01	2.50000e-01	1.34200e-01
-8.42384e-02	1.04323e-05	-1.14163e-05	3.37191e-04	7.06340e-01	2.82536e-01	1.46952e-06	8.90320e-07	2.62477e-08	7.65699e-08	5.53761e-08	-2.02064e-08	1	3.56400e-01	-6.00000e-01	2.50000e-01	1.36400e-01
-8.43233e-02	3.49861e-05	-6.35678e-05	3.37714e-04	7.06348e-01	2.82539e-01	1.47324e-06	8.90707e-07	2.65879e-08	7.54691e-08	5.66970e-08	-2.06063e-08	1	3.58600e-01	-6.00000e-01	2.50000e-01	1.38600e-01
-8.44074e-02	5.08676e-05	-8.33798e-05	3.36953e-04	7.06355e-01	2.82542e-01	1.47705e-06	8.91111e-07	2.69186e-08	7.43458e-08	5.79667e-08	-2.09845e-08	1	3.60800e-01	-6.00000e-01	2.50000e-01	1.40800e-01
-8.44992e-02	6.06503e-05	-1.16418e-04	3.31916e-04	7.06363e-01	2.82545e-01	1.48091e-06	8.91524e-07	2.72348e-08	7.32056e-08	5.91808e-08	-2.13394e-08	1	3.63000e-01	-6.00000e-01	2.50000e-01	1.43000e-01
-8.45834e-02	7.66445e-05	-1.31988e-04	3.33177e-04	7.06370e-01	2.82548e-01	1.48487e-06	8.92017e-07	2.75386e-08	7.20010e-08	6.03451e-08	-2.16867e-08	1	3.65200e-01	-6.00000e-01	2.50000e-01	1.45200e-01
-8.46738e-02	7.64369e-05	-1.46297e-04	3.30636e-04	7.06378e-01	2.82551e-01	1.48888e-06	8.92510e-07	2.78204e-08	7.07827e-08	6.14442e-08	-2.20105e-08	1	3.67400e-01	-6.00000e-01	2.50000e-01	1.47400e-01
-8.47580e-02	8.58359e-05	-1.50392e-04	3.29941e-04	7.06385e-01	2.82554e-01	1.49290e-06	8.92980e-07	2.80740e-08	6.95641e-08	6.24701e-08	-2.23050e-08	1	3.69600e-01	-6.00000e-01	2.50000e-01	1.49600e-01
-8.48417e-02	6.82930e-05	-1.40325e-04	3.25930e-04	7.06393e-01	2.82557e-01	1.49701e-06	8.93548e-07	2.83036e-08	6.82628e-08	6.34372e-08	-2.25924e-08	1	3.71800e-01	-6.00000e-01	2.50000e-01	1.51800e-01
-8.49225e-02	6.03753e-05	-1.40845e-04	3.21603e-04	7.06400e-01	2.82560e-01	1.50110e-06	8.94062e-07	2.84918e-08	6.69757e-08	6.43193e-08	-2.28402e-08	1	3.74000e-01	-6.00000e-01	2.50000e-01	1.54000e-01
-8.49980e-02	5.86962e-05	-1.24316e-04	3.19626e-04	7.06408e-01	2.82563e-01	1.50524e-06	8.94652e-07	2.86442e-08	6.56122e-08	6.51338e-08	-2.30731e-08	1	3.76200e-01	-6.00000e-01	2.50000e-01	1.56200e-01
-8.50647e-02	8.10222e-05	-1.13266e-04	3.17323e-04	7.06415e-01	2.82566e-01	1.50936e-06	8.95232e-07	2.87511e-08	6.42274e-08	6.58643e-08	-2.32748e-08	1	3.78400e-01	-6.00000e-01	2.50000e-01	1.58400e-01
-8.51374e-02	7.77552e-05	-8.11576e-05	3.10506e-04	7.06423e-01	2.82569e-01	1.51344e-06	8.95778e-07	2.88088e-08	6.28384e-08	6.65032e-08	-2.34417e-08	1	3.80600e-01	-6.00000e-01	2.50000e-01	1.60600e-01
-8.52034e-02	4.86353e-05	-8.06262e-05	3.16187e-04	7.06430e-01	2.82572e-01	1.51768e-06	8.96448e-07	2.88410e-08	6.14063e-08	6.71016e-08	-2.36041e-08	1	3.82800e-01	-6.00000e-01	2.50000e-01	1.62800e-01
-8.53371e-02	-1.09553e-05	-6.87228e-05	3.19099e-04	7.06437e-01	2.82575e-01	1.52235e-06	8.97168e-07	2.88748e-08	6.01845e-08	6.77299e-08	-2.37406e-08	1	3.85000e-01	-6.00000e-01	2.50000e-01	1.65000e-01
-8.54695e-02	-2.77858e-05	-5.10267e-05	3.08520e-04	7.06444e-01	2.82578e-01	1.52697e-06	8.97847e-07	2.88507e-08	5.89687e-08	6.82592e-08	-2.38395e-08	1	3.87200e-01	-6.00000e-01	2.50000e-01	1.67200e-01
-8.55841e-02	-2.18284e-05	-4.64673e-05	3.13192e-04	7.06450e-01	2.82580e-01	1.53165e-06	8.98637e-07	2.87797e-08	5.76472e-08	6.87165e-08	-2.39293e-08	1	3.89400e-01	-6.00000e-01	2.50000e-01	1.69400e-01
-8.56953e-02	-4.71836e-06	-1.38010e-05	3.10399e-04	7.06457e-01	2.82583e-01	1.53626e-06	8.99380e-07	2.86485e-08	5.63356e-08	6.90733e-08	-2.39781e-08	1	3.91600e-01	-6.00000e-01	2.50000e-01	1.71600e-01
-8.58003e-02	-9.99636e-06	-2.48356e-06	3.09587e-04	7.06463e-01	2.82586e-01	1.54083e-06	9.00113e-07	2.84618e-08	5.50098e-08	6.93365e-08	-2.39943e-08	1	3.93800e-01	-6.00000e-01	2.50000e-01	1.73800e-01
-8.59004e-02	-2.68155e-05	1.28397e-05	3.09212e-04	7.06470e-01	2.82588e-01	1.54541e-06	9.00910e-07	2.82281e-08	5.36251e-08	6.95194e-08	-2.39936e-08	1	3.96000e-01	-6.00000e-01	2.50000e-01	1.76000e-01
-8.59979e-02	-3.66401e-05	1.93418e-05	3.08973e-04	7.06476e-01	2.82591e-01	1.54990e-06	9.01644e-07	2.79406e-08	5.22807e-08	6.95992e-08	-2.39521e-08	1	3.98200e-01	-6.00000e-01	2.50000e-01	1.78200e-01
-8.60898e-02	-4.00337e-05	3.10323e-05	3.08035e-04	7.06483e-01	2.82593e-01	1.55443e-06	9.02463e-07	2.76147e-08	5.08769e-08	6.96053e-08	-2.38973e-08	1	4.00400e-01	-6.00000e-01	2.50000e-01	1.80400e-01
-8.61809e-02	-3.52587e-05	3.41720e-05	3.08040e-04	7.06489e-01	2.82596e-01	1.55891e-06	9.03255e-07	2.72453e-08	4.94990e-08	6.95197e-08	-2.38062e-08	1	4.02600e-01	-6.00000e-01	2.50000e-01	1.82600e-01
-8.62709e-02	-3.24423e-05	2.69624e-05	3.06976e-04	7.06495e-01	2.82598e-01	1.56333e-06	9.04001e-07	2.68352e-08	4.81651e-08	6.93420e-08	-2.36744e-08	1	4.04800e-01	-6.00000e-01	2.50000e-01	1.84800e-01
-8.63585e-02	-2.92205e-05	2.30005e-05	3.12315e-04	7.06501e-01	2.82601e-01	1.56784e-06	9.04863e-07	2.63997e-08	4.67599e-08	6.91053e-08	-2.35294e-08	1	4.07000e-01	-6.00000e-01	2.50000e-01	1.87000e-01
-8.64483e-02	-1.70731e-05	1.96355e-05	3.12675e-04	7.06507e-01	2.82603e-01	1.57231e-06	9.05706e-07	2.59330e-08	4.53864e-08	6.87843e-08	-2.33486e-08	1	4.09200e-01	-6.00000e-01	2.50000e-01	1.89200e-01
-8.65405e-02	-1.44570e-05	1.50871e-05	3.15000e-04	7.06513e-01	2.82605e-01	1.57675e-06	9.06544e-07	2.54400e-08	4.40383e-08	6.83814e-08	-2.31368e-08	1	4.11400e-01	-6.00000e-01	2.50000e-01	1.91400e-01
-8.66323e-02	5.70556e-06	-9.07735e-07	3.16059e-04	7.06518e-01	2.82607e-01	1.58117e-06	9.07387e-07	2.49253e-08	4.27113e-08	6.78978e-08	-2.28971e-08	1	4.13600e-01	-6.00000e-01	2.50000e-01	1.93600e-01
-8.67288e-02	5.11595e-06	-6.11435e-06	3.09112e-04	7.06523e-01	2.82610e-01	1.58557e-06	9.08233e-07	2.43927e-08	4.14079e-08	6.73332e-08	-2.26289e-08	1	4.15800e-01	-6.00000e-01	2.50000e-01	1.95800e-01
-8.68217e-02	2.08282e-05	-1.67955e-05	3.12698e-04	7.06528e-01	2.82612e-01	1.58993e-06	9.09071e-07	2.38453e-08	4.01365e-08	6.66868e-08	-2.23285e-08	1	4.18000e-01	-6.00000e-01	2.50000e-01	1.98000e-01
-8.69118e-02	2.35321e-05	-1.51016e-05	3.15528e-04	7.06533e-01	2.82614e-01	1.59423e-06	9.09883e-07	2.32860e-08	3.89071e-08	6.59569e-08	-2.19914e-08	1	4.20200e-01	-6.00000e-01	2.50000e-01	2.00200e-01
-8.70075e-02	3.14461e-05	-1.77188e-05	3.12856e-04	7.06538e-01	2.82615e-01	1.59859e-06	9.10806e-07	2.27275e-08	3.76117e-08	6.51686e-08	-2.16371e-08	1	4.22400e-01	-6.00000e-01	2.50000e-01	2.02400e-01
-8.70985e-02	3.18875e-05	-2.45393e-05	3.12247e-04	7.06542e-01	2.82617e-01	1.60283e-06	9.11670e-07	2.21642e-08	3.63774e-08	6.42909e-08	-2.12424e-08	1	4.24600e-01	-6.00000e-01	2.50000e-01	2.04600e-01
-8.71861e-02	2.59751e-05	-1.08291e-05	3.14937e-04	7.06547e-01	2.82619e-01	1.60696e-06	9.12488e-07	2.16018e-08	3.51902e-08	6.33253e-08	-2.08126e-08	1	4.26800e-01	-6.00000e-01	2.50000e-01	2.06800e-01
-8.72697e-02	2.55004e-05	-3.78360e-06	3.12207e-04	7.06551e-01	2.82620e-01	1.61105e-06	9.13380e-07	2.10511e-08	3.39592e-08	6.22888e-08	-2.03653e-08	1	4.29000e-01	-6.00000e-01	2.50000e-01	2.09000e-01
-8.73451e-02	2.14683e-05	5.09250e-06	3.14931e-04	7.06555e-01	2.82622e-01	1.61495e-06	9.14181e-07	2.05071e-08	3.28043e-08	6.11552e-08	-1.98793e-08	1	4.31200e-01	-6.00000e-01	2.50000e-01	2.11200e-01
-8.74123e-02	8.06491e-06	1.47380e-05	3.11263e-04	7.06558e-01	2.82624e-01	1.61876e-06	9.15029e-07	1.99805e-08	3.16168e-08	5.99469e-08	-1.93705e-08	1	4.33400e-01	-6.00000e-01	2.50000e-01	2.13400e-01
-8.74704e-02	6.57131e-07	3.80226e-05	3.15657e-04	7.06562e-01	2.82625e-01	1.62241e-06	9.15839e-07	1.94706e-08	3.04544e-08	5.86540e-08	-1.88272e-08	1	4.35600e-01	-6.00000e-01	2.50000e-01	2.15600e-01
-8.75214e-02	-1.40559e-05	5.50069e-05	3.06868e-04	7.06565e-01	2.82626e-01	1.62583e-06	9.16563e-07	1.89791e-08	2.93530e-08	5.72737e-08	-1.82455e-08	1	4.37800e-01	-6.00000e-01	2.50000e-01	2.17800e-01
-8.75563e-02	-1.36001e-05	4.95640e-05	3.13665e-04	7.06569e-01	2.82628e-01	1.62918e-06	9.17382e-07	1.85181e-08	2.81721e-08	5.58339e-08	-1.76461e-08	1	4.40000e-01	-6.00000e-01	2.50000e-01	2.20000e-01
