"Density"	"Momentum:0"	"Momentum:1"	"Momentum:2"	"StagnationEnergy"	"Pressure"	"Function0"	"Function1"	"Function2"	"Function3"	"Function4"	"Function5"	"vtkValidPointMask"	"arc_length"	"Points:0"	"Points:1"	"Points:2"
7.89233e-02	8.48411e-01	4.49664e-01	-2.02002e-01	6.86338e-01	-2.88954e+00	1.94483e-03	1.78617e-03	1.63352e-03	-2.12259e-04	-6.17589e-06	-6.40954e-05	1	0.00000e+00	6.00000e-01	1.50000e-01	-2.20000e-01
1.34531e-01	6.36617e-01	5.19092e-01	-2.55250e-01	6.86355e-01	-1.38567e+01	2.04437e-03	1.75812e-03	1.63224e-03	-2.24126e-04	-1.41533e-05	-2.84509e-05	1	2.19999e-03	6.00000e-01	1.50000e-01	-2.17800e-01
1.02978e-01	4.10359e-01	4.02085e-01	-2.93394e-01	6.86380e-01	1.04922e-01	2.13516e-03	1.77116e-03	1.62816e-03	-2.32719e-04	2.06272e-06	4.78158e-07	1	4.40000e-03	6.00000e-01	1.50000e-01	-2.15600e-01
2.76639e-02	2.52080e-01	1.07773e-01	-2.64007e-01	6.86402e-01	-1.98608e-01	2.16280e-03	1.78668e-03	1.62544e-03	-1.79081e-04	2.71537e-05	3.06628e-05	1	6.59999e-03	6.00000e-01	1.50000e-01	-2.13400e-01
-2.23874e-02	1.25157e-01	-2.02749e-01	-1.68274e-01	6.86415e-01	1.20948e+00	2.13714e-03	1.76277e-03	1.62886e-03	-7.76219e-05	5.32423e-05	7.37079e-05	1	8.80000e-03	6.00000e-01	1.50000e-01	-2.11200e-01
-4.00459e-02	9.87321e-02	-3.46271e-01	-4.69533e-02	6.86416e-01	4.37350e-03	2.09201e-03	1.70286e-03	1.64147e-03	8.78317e-07	7.63740e-05	1.20956e-04	1	1.10000e-02	6.00000e-01	1.50000e-01	-2.09000e-01
-9.72975e-02	1.98723e-01	-3.51620e-01	6.24115e-02	6.86409e-01	9.58945e-01	2.05653e-03	1.64800e-03	1.66508e-03	2.92250e-05	9.08145e-05	1.55975e-04	1	1.32000e-02	6.00000e-01	1.50000e-01	-2.06800e-01
-1.29065e-01	2.12331e-01	-4.24740e-01	1.42619e-01	6.86395e-01	8.65370e-01	2.04066e-03	1.62801e-03	1.69833e-03	6.41217e-06	8.95753e-05	1.70154e-04	1	1.54000e-02	6.00000e-01	1.50000e-01	-2.04600e-01
-3.98801e-02	-2.86536e-02	-6.40833e-01	1.65959e-01	6.86375e-01	1.10093e+00	2.02382e-03	1.63323e-03	1.73664e-03	-5.92413e-05	7.01340e-05	1.65760e-04	1	1.76000e-02	6.00000e-01	1.50000e-01	-2.02400e-01
9.14887e-02	-3.66856e-01	-8.30351e-01	9.41502e-02	6.86350e-01	-1.08006e+00	2.00119e-03	1.63560e-03	1.77502e-03	-1.38977e-04	4.06515e-05	1.46322e-04	1	1.98000e-02	6.00000e-01	1.50000e-01	-2.00200e-01
1.46287e-01	-5.70679e-01	-8.00945e-01	-6.84347e-02	6.86325e-01	-2.33109e-01	2.00007e-03	1.65139e-03	1.80840e-03	-2.12697e-04	1.15899e-05	1.22757e-04	1	2.20000e-02	6.00000e-01	1.50000e-01	-1.98000e-01
1.35466e-01	-6.19228e-01	-5.54286e-01	-2.55001e-01	6.86300e-01	-4.58881e-01	2.03321e-03	1.70088e-03	1.83632e-03	-2.85813e-04	-1.80944e-05	1.07908e-04	1	2.42000e-02	6.00000e-01	1.50000e-01	-1.95800e-01
1.10937e-01	-5.77231e-01	-2.48198e-01	-3.96612e-01	6.86271e-01	-8.66534e-01	2.09030e-03	1.76403e-03	1.86150e-03	-3.51384e-04	-5.39198e-05	9.57562e-05	1	2.64000e-02	6.00000e-01	1.50000e-01	-1.93600e-01
4.92522e-02	-4.71695e-01	7.86792e-03	-4.79402e-01	6.86232e-01	1.18920e+00	2.15278e-03	1.80497e-03	1.88304e-03	-3.80747e-04	-9.40351e-05	7.25031e-05	1	2.86000e-02	6.00000e-01	1.50000e-01	-1.91400e-01
-2.94785e-02	-3.71127e-01	2.24111e-01	-5.15833e-01	6.86185e-01	3.76255e+00	2.19029e-03	1.80748e-03	1.89818e-03	-3.61488e-04	-1.35049e-04	3.99202e-05	1	3.08000e-02	6.00000e-01	1.50000e-01	-1.89200e-01
-5.66413e-02	-3.62350e-01	3.56799e-01	-4.99638e-01	6.86136e-01	1.68341e+01	2.19729e-03	1.79586e-03	1.90896e-03	-3.21379e-04	-1.78150e-04	1.14812e-05	1	3.30000e-02	6.00000e-01	1.50000e-01	-1.87000e-01
-4.88006e-02	-4.36897e-01	2.69194e-01	-4.43356e-01	6.86093e-01	7.83567e-01	2.20482e-03	1.81206e-03	1.92109e-03	-3.03552e-04	-2.26136e-04	-1.76920e-06	1	3.52000e-02	6.00000e-01	1.50000e-01	-1.84800e-01
-3.12247e-02	-4.81221e-01	2.16424e-04	-4.17143e-01	6.86061e-01	1.16467e+01	2.23695e-03	1.87127e-03	1.93841e-03	-3.18589e-04	-2.76399e-04	6.85735e-06	1	3.74000e-02	6.00000e-01	1.50000e-01	-1.82600e-01
-5.08932e-02	-3.73543e-01	-2.03808e-01	-4.70382e-01	6.86040e-01	1.73411e+01	2.28332e-03	1.95207e-03	1.95901e-03	-3.40879e-04	-3.16647e-04	3.12971e-05	1	3.96000e-02	6.00000e-01	1.50000e-01	-1.80400e-01
-8.23373e-02	-1.54499e-01	-2.48303e-01	-5.52298e-01	6.86024e-01	-6.90025e-01	2.32128e-03	1.97967e-03	1.97547e-03	-3.29327e-04	-3.38041e-04	4.92169e-05	1	4.18000e-02	6.00000e-01	1.50000e-01	-1.78200e-01
-6.23032e-02	-5.93403e-02	-2.53150e-01	-5.83286e-01	6.86002e-01	-2.41545e-01	2.35298e-03	1.86781e-03	1.98587e-03	-2.80190e-04	-3.55963e-04	4.60793e-05	1	4.40000e-02	6.00000e-01	1.50000e-01	-1.76000e-01
-2.10724e-02	-2.04030e-01	-2.41062e-01	-5.50122e-01	6.85978e-01	-1.50574e-01	2.40197e-03	1.66786e-03	1.99135e-03	-2.30592e-04	-3.91964e-04	3.79573e-05	1	4.62000e-02	6.00000e-01	1.50000e-01	-1.73800e-01
-1.43944e-02	-3.47774e-01	-1.45050e-01	-4.79734e-01	6.85961e-01	-1.33079e-01	2.47382e-03	1.51102e-03	1.99181e-03	-1.90593e-04	-4.39126e-04	4.36235e-05	1	4.84000e-02	6.00000e-01	1.50000e-01	-1.71600e-01
-5.83482e-02	-2.50232e-01	-6.55429e-02	-3.95040e-01	6.85949e-01	-3.21154e-01	2.53498e-03	1.44080e-03	1.99311e-03	-1.51424e-04	-4.78710e-04	6.05613e-05	1	5.06000e-02	6.00000e-01	1.50000e-01	-1.69400e-01
-1.01452e-01	-6.63218e-02	-1.31072e-01	-3.27067e-01	6.85944e-01	2.15447e+00	2.58750e-03	1.43019e-03	2.00056e-03	-1.21798e-04	-5.02213e-04	8.89885e-05	1	5.28000e-02	6.00000e-01	1.50000e-01	-1.67200e-01
-1.27876e-01	-1.75324e-02	-2.22352e-01	-2.98958e-01	6.85951e-01	3.88522e-01	2.65060e-03	1.44146e-03	2.01174e-03	-1.04946e-04	-5.13034e-04	1.29748e-04	1	5.50000e-02	6.00000e-01	1.50000e-01	-1.65000e-01
-1.42653e-01	1.21833e-02	-1.33860e-01	-2.92132e-01	6.85965e-01	2.14030e-01	2.69604e-03	1.45655e-03	2.02452e-03	-9.73624e-05	-5.24347e-04	1.71595e-04	1	5.72000e-02	6.00000e-01	1.50000e-01	-1.62800e-01
-1.20655e-01	1.54506e-01	1.16155e-01	-2.68889e-01	6.85973e-01	9.24655e-02	2.69827e-03	1.48375e-03	2.04639e-03	-1.27028e-04	-5.45636e-04	2.06156e-04	1	5.94000e-02	6.00000e-01	1.50000e-01	-1.60600e-01
-7.65063e-02	2.29080e-01	3.16112e-01	-2.07489e-01	6.85961e-01	1.14867e-01	2.67358e-03	1.51704e-03	2.08950e-03	-1.95578e-04	-5.68667e-04	2.31259e-04	1	6.16000e-02	6.00000e-01	1.50000e-01	-1.58400e-01
-6.56180e-02	1.01023e-01	3.74468e-01	-1.11123e-01	6.85928e-01	-4.15207e-01	2.65689e-03	1.54843e-03	2.15804e-03	-2.70303e-04	-5.79348e-04	2.40820e-04	1	6.38000e-02	6.00000e-01	1.50000e-01	-1.56200e-01
-6.79759e-02	-5.02674e-02	4.15222e-01	-2.12857e-02	6.85880e-01	4.48600e+00	2.65636e-03	1.61761e-03	2.24365e-03	-3.47624e-04	-5.73118e-04	2.26458e-04	1	6.60000e-02	6.00000e-01	1.50000e-01	-1.54000e-01
-7.95194e-02	-7.06653e-02	5.01866e-01	4.58939e-03	6.85825e-01	1.70459e+00	2.64331e-03	1.75001e-03	2.33049e-03	-4.28846e-04	-5.52903e-04	1.86860e-04	1	6.82000e-02	6.00000e-01	1.50000e-01	-1.51800e-01
-1.13396e-01	-8.03112e-02	4.71168e-01	-3.94987e-02	6.85771e-01	9.57157e-01	2.59639e-03	1.90290e-03	2.40516e-03	-4.99363e-04	-5.26449e-04	1.29539e-04	1	7.04000e-02	6.00000e-01	1.50000e-01	-1.49600e-01
-9.02919e-02	-2.39015e-01	2.21624e-01	-1.03791e-01	6.85723e-01	8.60948e-01	2.54673e-03	2.01517e-03	2.45790e-03	-5.53572e-04	-5.07082e-04	6.66543e-05	1	7.26000e-02	6.00000e-01	1.50000e-01	-1.47400e-01
5.51211e-02	-5.05854e-01	-3.18909e-02	-1.55467e-01	6.85686e-01	5.12424e-01	2.52352e-03	2.06457e-03	2.48059e-03	-5.67923e-04	-4.98732e-04	1.51126e-05	1	7.48000e-02	6.00000e-01	1.50000e-01	-1.45200e-01
1.64455e-01	-6.91162e-01	-6.58179e-02	-2.15594e-01	6.85664e-01	-2.45145e-01	2.54224e-03	2.07049e-03	2.47337e-03	-5.41100e-04	-4.92672e-04	-9.40273e-06	1	7.70000e-02	6.00000e-01	1.50000e-01	-1.43000e-01
1.48525e-01	-6.73400e-01	4.93703e-02	-3.15644e-01	6.85654e-01	1.62961e-01	2.59108e-03	2.05977e-03	2.44558e-03	-5.12895e-04	-4.80303e-04	-1.56222e-05	1	7.92000e-02	6.00000e-01	1.50000e-01	-1.40800e-01
1.12509e-01	-5.55831e-01	1.47989e-01	-4.44360e-01	6.85650e-01	8.20988e+00	2.62797e-03	2.05248e-03	2.40741e-03	-5.04831e-04	-4.54847e-04	-2.78743e-05	1	8.14000e-02	6.00000e-01	1.50000e-01	-1.38600e-01
1.38194e-01	-5.22126e-01	1.86271e-01	-5.57069e-01	6.85645e-01	-1.09190e+00	2.62441e-03	2.06401e-03	2.36630e-03	-5.17659e-04	-4.16194e-04	-5.32376e-05	1	8.36000e-02	6.00000e-01	1.50000e-01	-1.36400e-01
1.92556e-01	-5.97646e-01	1.88367e-01	-6.29223e-01	6.85635e-01	-1.03177e+00	2.59087e-03	2.09393e-03	2.32836e-03	-5.48207e-04	-3.75593e-04	-8.30600e-05	1	8.58000e-02	6.00000e-01	1.50000e-01	-1.34200e-01
2.40278e-01	-6.96595e-01	1.83668e-01	-6.74495e-01	6.85613e-01	-1.13666e+00	2.55240e-03	2.12501e-03	2.29851e-03	-5.83743e-04	-3.44327e-04	-1.05930e-04	1	8.80000e-02	6.00000e-01	1.50000e-01	-1.32000e-01
3.03276e-01	-7.72574e-01	2.08247e-01	-7.07225e-01	6.85580e-01	-6.78919e-01	2.51957e-03	2.14905e-03	2.27981e-03	-6.10057e-04	-3.24647e-04	-1.16069e-04	1	9.02000e-02	6.00000e-01	1.50000e-01	-1.29800e-01
3.72174e-01	-8.24829e-01	2.70180e-01	-7.14141e-01	6.85542e-01	-4.79268e-01	2.50526e-03	2.18433e-03	2.27092e-03	-6.23536e-04	-3.12436e-04	-1.20421e-04	1	9.24000e-02	6.00000e-01	1.50000e-01	-1.27600e-01
4.14362e-01	-8.99181e-01	3.14172e-01	-6.79566e-01	6.85509e-01	-4.45736e-01	2.53077e-03	2.24467e-03	2.26496e-03	-6.36880e-04	-3.04218e-04	-1.19772e-04	1	9.46000e-02	6.00000e-01	1.50000e-01	-1.25400e-01
4.22976e-01	-1.01825e+00	2.56340e-01	-6.26682e-01	6.85484e-01	-5.86546e-01	2.61013e-03	2.32267e-03	2.25289e-03	-6.64687e-04	-2.98968e-04	-1.01114e-04	1	9.68000e-02	6.00000e-01	1.50000e-01	-1.23200e-01
3.49039e-01	-1.02018e+00	6.46064e-02	-6.11520e-01	6.85468e-01	-3.33299e+00	2.73562e-03	2.37970e-03	2.23112e-03	-7.04619e-04	-2.96760e-04	-6.95355e-05	1	9.90000e-02	6.00000e-01	1.50000e-01	-1.21000e-01
1.49958e-01	-7.27998e-01	-1.86621e-01	-6.59844e-01	6.85462e-01	-2.50884e-01	2.87143e-03	2.36336e-03	2.20400e-03	-7.28939e-04	-2.97659e-04	-5.57025e-05	1	1.01200e-01	6.00000e-01	1.50000e-01	-1.18800e-01
-2.59566e-02	-3.07204e-01	-3.25247e-01	-7.23197e-01	6.85458e-01	1.03608e+00	2.95808e-03	2.28109e-03	2.18234e-03	-7.31821e-04	-2.97552e-04	-7.02253e-05	1	1.03400e-01	6.00000e-01	1.50000e-01	-1.16600e-01
-3.69315e-02	-1.03811e-01	-2.09678e-01	-7.33779e-01	6.85453e-01	-2.22247e+00	2.96647e-03	2.18127e-03	2.17422e-03	-7.39582e-04	-2.93173e-04	-8.83896e-05	1	1.05600e-01	6.00000e-01	1.50000e-01	-1.14400e-01
5.85561e-02	-1.85591e-01	6.12925e-02	-6.91058e-01	6.85452e-01	-3.73463e+00	2.91485e-03	2.10966e-03	2.17176e-03	-7.47530e-04	-2.84245e-04	-9.64247e-05	1	1.07800e-01	6.00000e-01	1.50000e-01	-1.12200e-01
1.30707e-01	-3.19329e-01	1.67755e-01	-6.43225e-01	6.85464e-01	-7.44526e-01	2.85246e-03	2.08056e-03	2.16007e-03	-7.25159e-04	-2.71980e-04	-1.05534e-04	1	1.10000e-01	6.00000e-01	1.50000e-01	-1.10000e-01
7.80819e-02	-2.81773e-01	-5.15582e-02	-6.13263e-01	6.85490e-01	5.17370e-01	2.82178e-03	2.06229e-03	2.13946e-03	-6.65418e-04	-2.58378e-04	-1.31427e-04	1	1.12200e-01	6.00000e-01	1.50000e-01	-1.07800e-01
-8.00723e-03	-6.52194e-02	-3.79180e-01	-5.98215e-01	6.85522e-01	3.58249e+00	2.81317e-03	2.01165e-03	2.11839e-03	-5.87005e-04	-2.36160e-04	-1.75224e-04	1	1.14400e-01	6.00000e-01	1.50000e-01	-1.05600e-01
2.60768e-03	1.41897e-01	-5.50558e-01	-5.99727e-01	6.85556e-01	-1.44723e+00	2.77874e-03	1.93637e-03	2.09470e-03	-4.96466e-04	-2.04467e-04	-2.19618e-04	1	1.16600e-01	6.00000e-01	1.50000e-01	-1.03400e-01
4.31940e-02	1.68552e-01	-5.87211e-01	-6.07463e-01	6.85591e-01	-4.99591e+00	2.67772e-03	1.88908e-03	2.05860e-03	-4.08048e-04	-1.73820e-04	-2.47102e-04	1	1.18800e-01	6.00000e-01	1.50000e-01	-1.01200e-01
3.41435e-02	6.45656e-02	-6.24575e-01	-5.99745e-01	6.85627e-01	-4.11081e+00	2.52127e-03	1.87318e-03	2.00102e-03	-3.33161e-04	-1.43503e-04	-2.55263e-04	1	1.21000e-01	6.00000e-01	1.50000e-01	-9.90000e-02
1.12767e-02	-1.67395e-02	-6.74845e-01	-5.89253e-01	6.85661e-01	-7.49325e+00	2.36069e-03	1.84500e-03	1.92384e-03	-2.54728e-04	-1.03525e-04	-2.52661e-04	1	1.23200e-01	6.00000e-01	1.50000e-01	-9.68000e-02
1.21859e-02	-4.60559e-02	-6.72833e-01	-6.11414e-01	6.85691e-01	-2.32512e+00	2.23021e-03	1.80864e-03	1.83874e-03	-1.70315e-04	-5.39000e-05	-2.40145e-04	1	1.25400e-01	6.00000e-01	1.50000e-01	-9.46000e-02
-1.65005e-02	-3.60911e-02	-5.35933e-01	-6.60946e-01	6.85716e-01	2.22209e+01	2.11025e-03	1.80247e-03	1.75469e-03	-8.63546e-05	-1.11091e-06	-2.19367e-04	1	1.27600e-01	6.00000e-01	1.50000e-01	-9.24000e-02
-1.09528e-01	8.69246e-02	-2.10125e-01	-6.88179e-01	6.85732e-01	1.60890e+00	1.97746e-03	1.81648e-03	1.67781e-03	-5.89063e-06	4.34417e-05	-2.01511e-04	1	1.29800e-01	6.00000e-01	1.50000e-01	-9.02000e-02
-1.48649e-01	3.44076e-01	1.78720e-01	-6.56294e-01	6.85734e-01	1.21523e+00	1.84923e-03	1.82810e-03	1.61689e-03	4.85033e-05	6.50512e-05	-1.89045e-04	1	1.32000e-01	6.00000e-01	1.50000e-01	-8.80000e-02
-3.53675e-02	6.31523e-01	3.95438e-01	-5.79891e-01	6.85717e-01	1.04364e+01	1.76215e-03	1.83479e-03	1.57953e-03	5.17136e-05	6.47504e-05	-1.78467e-04	1	1.34200e-01	6.00000e-01	1.50000e-01	-8.58000e-02
1.38851e-01	8.55811e-01	4.22833e-01	-5.08820e-01	6.85681e-01	-3.35529e+00	1.71730e-03	1.82987e-03	1.56787e-03	1.88252e-05	6.03251e-05	-1.68027e-04	1	1.36400e-01	6.00000e-01	1.50000e-01	-8.36000e-02
2.82810e-01	9.71901e-01	4.36347e-01	-4.83842e-01	6.85628e-01	-7.20862e-01	1.70348e-03	1.82700e-03	1.58085e-03	-2.09593e-05	7.26164e-05	-1.57200e-04	1	1.38600e-01	6.00000e-01	1.50000e-01	-8.14000e-02
3.53864e-01	9.60671e-01	4.52323e-01	-5.14289e-01	6.85566e-01	-5.19062e-01	1.72709e-03	1.84726e-03	1.61621e-03	-6.64540e-05	1.03342e-04	-1.53207e-04	1	1.40800e-01	6.00000e-01	1.50000e-01	-7.92000e-02
3.54192e-01	8.75499e-01	3.70979e-01	-5.85489e-01	6.85502e-01	-4.55904e-01	1.75278e-03	1.87356e-03	1.66937e-03	-1.21818e-04	1.37925e-04	-1.61095e-04	1	1.43000e-01	6.00000e-01	1.50000e-01	-7.70000e-02
3.58358e-01	8.00845e-01	2.71524e-01	-6.61072e-01	6.85445e-01	-4.54137e-01	1.74955e-03	1.89189e-03	1.73031e-03	-1.62383e-04	1.71928e-04	-1.77125e-04	1	1.45200e-01	6.00000e-01	1.50000e-01	-7.48000e-02
3.61857e-01	7.47269e-01	2.82552e-01	-6.87601e-01	6.85405e-01	-4.42566e-01	1.73376e-03	1.92380e-03	1.78816e-03	-1.58676e-04	2.07248e-04	-2.05647e-04	1	1.47400e-01	6.00000e-01	1.50000e-01	-7.26000e-02
2.90352e-01	6.81002e-01	3.50566e-01	-6.35503e-01	6.85387e-01	-5.05518e-01	1.74944e-03	1.98759e-03	1.83816e-03	-1.14101e-04	2.36556e-04	-2.54276e-04	1	1.49600e-01	6.00000e-01	1.50000e-01	-7.04000e-02
1.89736e-01	6.21970e-01	4.17723e-01	-5.27152e-01	6.85385e-01	-8.31092e-01	1.81593e-03	2.08463e-03	1.88161e-03	-5.95343e-05	2.55560e-04	-3.16141e-04	1	1.51800e-01	6.00000e-01	1.50000e-01	-6.82000e-02
1.77921e-01	6.39862e-01	5.28540e-01	-3.99424e-01	6.85389e-01	6.94463e-01	1.90792e-03	2.19395e-03	1.92451e-03	-2.53773e-05	2.70800e-04	-3.80615e-04	1	1.54000e-01	6.00000e-01	1.50000e-01	-6.60000e-02
2.36011e-01	7.48406e-01	6.03605e-01	-2.64069e-01	6.85391e-01	1.23807e-01	1.99305e-03	2.27437e-03	1.97243e-03	-1.70031e-05	2.78928e-04	-4.46030e-04	1	1.56200e-01	6.00000e-01	1.50000e-01	-6.38000e-02
2.41697e-01	8.20883e-01	4.84450e-01	-1.24284e-01	6.85394e-01	1.69539e-01	2.07994e-03	2.30396e-03	2.02741e-03	-2.23261e-05	2.79801e-04	-5.08556e-04	1	1.58400e-01	6.00000e-01	1.50000e-01	-6.16000e-02
1.11786e-01	6.79751e-01	2.61641e-01	-4.47469e-03	6.85404e-01	1.24279e-02	2.17933e-03	2.31285e-03	2.08811e-03	-2.61201e-05	2.88202e-04	-5.54168e-04	1	1.60600e-01	6.00000e-01	1.50000e-01	-5.94000e-02
-7.18892e-02	3.47992e-01	2.13642e-01	6.04407e-02	6.85426e-01	3.30173e+00	2.25960e-03	2.36466e-03	2.14669e-03	-3.15990e-05	3.07726e-04	-5.74809e-04	1	1.62800e-01	6.00000e-01	1.50000e-01	-5.72000e-02
-1.02344e-01	8.52038e-02	4.25838e-01	6.99080e-02	6.85456e-01	9.10852e-01	2.29681e-03	2.46667e-03	2.19117e-03	-5.42352e-05	3.26040e-04	-5.78168e-04	1	1.65000e-01	6.00000e-01	1.50000e-01	-5.50000e-02
-2.70080e-03	3.41542e-02	6.72401e-01	6.70162e-02	6.85486e-01	5.65875e-01	2.31216e-03	2.53691e-03	2.21849e-03	-6.98623e-05	3.31959e-04	-5.67778e-04	1	1.67200e-01	6.00000e-01	1.50000e-01	-5.28000e-02
4.40396e-02	3.24418e-02	6.81111e-01	7.53604e-02	6.85509e-01	6.08593e-01	2.35645e-03	2.51122e-03	2.23817e-03	-6.34264e-05	3.25538e-04	-5.39194e-04	1	1.69400e-01	6.00000e-01	1.50000e-01	-5.06000e-02
7.90123e-03	-1.03658e-01	4.30551e-01	6.14175e-02	6.85528e-01	-6.97432e-01	2.43415e-03	2.42246e-03	2.26088e-03	-6.68888e-05	3.11895e-04	-4.94888e-04	1	1.71600e-01	6.00000e-01	1.50000e-01	-4.84000e-02
-1.43346e-02	-3.03178e-01	1.27309e-01	-9.80662e-03	6.85544e-01	-3.02079e-01	2.49082e-03	2.33050e-03	2.29148e-03	-1.03313e-04	2.92094e-04	-4.39761e-04	1	1.73800e-01	6.00000e-01	1.50000e-01	-4.62000e-02
-1.39205e-02	-3.81830e-01	-4.83183e-02	-1.19113e-01	6.85552e-01	8.11878e-01	2.53134e-03	2.23631e-03	2.32894e-03	-1.64370e-04	2.61004e-04	-3.74442e-04	1	1.76000e-01	6.00000e-01	1.50000e-01	-4.40000e-02
-1.81018e-02	-3.63381e-01	-7.71995e-02	-2.19377e-01	6.85543e-01	7.30797e-01	2.61629e-03	2.12208e-03	2.37168e-03	-2.35812e-04	2.13765e-04	-3.03656e-04	1	1.78200e-01	6.00000e-01	1.50000e-01	-4.18000e-02
6.75948e-02	-4.27416e-01	-4.37014e-02	-2.98023e-01	6.85516e-01	8.78411e-01	2.74440e-03	2.01304e-03	2.41783e-03	-3.05842e-04	1.56061e-04	-2.38648e-04	1	1.80400e-01	6.00000e-01	1.50000e-01	-3.96000e-02
2.18691e-01	-5.61168e-01	-6.65802e-02	-3.81713e-01	6.85487e-01	-3.77144e-01	2.86734e-03	1.95223e-03	2.45514e-03	-3.50653e-04	1.00247e-04	-1.87496e-04	1	1.82600e-01	6.00000e-01	1.50000e-01	-3.74000e-02
2.99204e-01	-5.89314e-01	-2.29969e-01	-4.81670e-01	6.85472e-01	-2.51612e-01	2.94116e-03	1.95171e-03	2.46676e-03	-3.62283e-04	4.44866e-05	-1.54457e-04	1	1.84800e-01	6.00000e-01	1.50000e-01	-3.52000e-02
3.10789e-01	-4.96784e-01	-4.71287e-01	-5.74402e-01	6.85473e-01	-3.18935e-01	2.94257e-03	1.97144e-03	2.45580e-03	-3.70143e-04	-1.87417e-05	-1.46398e-04	1	1.87000e-01	6.00000e-01	1.50000e-01	-3.30000e-02
3.05180e-01	-4.09631e-01	-6.10332e-01	-6.39699e-01	6.85476e-01	-4.17940e-01	2.90050e-03	1.94058e-03	2.44389e-03	-3.83521e-04	-7.49907e-05	-1.63031e-04	1	1.89200e-01	6.00000e-01	1.50000e-01	-3.08000e-02
2.60689e-01	-3.84324e-01	-5.18263e-01	-6.78685e-01	6.85473e-01	-4.79142e-01	2.84013e-03	1.88217e-03	2.43850e-03	-3.80734e-04	-1.08608e-04	-1.90893e-04	1	1.91400e-01	6.00000e-01	1.50000e-01	-2.86000e-02
1.76340e-01	-3.93624e-01	-2.04948e-01	-6.98372e-01	6.85461e-01	-1.56352e+00	2.76736e-03	1.86730e-03	2.43020e-03	-3.74187e-04	-1.26626e-04	-2.12858e-04	1	1.93600e-01	6.00000e-01	1.50000e-01	-2.64000e-02
1.42279e-01	-3.66355e-01	1.65407e-01	-7.16223e-01	6.85437e-01	-3.58659e-01	2.70641e-03	1.89125e-03	2.41271e-03	-3.93526e-04	-1.48274e-04	-2.26720e-04	1	1.95800e-01	6.00000e-01	1.50000e-01	-2.42000e-02
2.37843e-01	-2.95453e-01	3.57811e-01	-7.58285e-01	6.85398e-01	-4.93797e-02	2.70343e-03	1.93950e-03	2.38855e-03	-4.39210e-04	-1.84212e-04	-2.44943e-04	1	1.98000e-01	6.00000e-01	1.50000e-01	-2.20000e-02
3.59984e-01	-3.45066e-01	3.28657e-01	-8.09304e-01	6.85348e-01	-4.44673e-01	2.73185e-03	2.02677e-03	2.36819e-03	-5.03272e-04	-2.31182e-04	-2.60510e-04	1	2.00200e-01	6.00000e-01	1.50000e-01	-1.98000e-02
4.29328e-01	-5.77265e-01	2.93132e-01	-8.25855e-01	6.85299e-01	-3.04092e-01	2.75146e-03	2.12773e-03	2.35780e-03	-5.27153e-04	-2.67639e-04	-2.54471e-04	1	2.02400e-01	6.00000e-01	1.50000e-01	-1.76000e-02
4.68924e-01	-7.50226e-01	4.22045e-01	-8.36616e-01	6.85264e-01	-3.92419e-01	2.82031e-03	2.18870e-03	2.34058e-03	-4.79140e-04	-2.74806e-04	-2.44285e-04	1	2.04600e-01	6.00000e-01	1.50000e-01	-1.54000e-02
4.51449e-01	-6.74624e-01	5.95153e-01	-9.09051e-01	6.85239e-01	-4.74212e-01	2.92333e-03	2.22927e-03	2.29713e-03	-4.02383e-04	-2.54036e-04	-2.54242e-04	1	2.06800e-01	6.00000e-01	1.50000e-01	-1.32000e-02
3.87281e-01	-4.02108e-01	5.26619e-01	-1.01133e+00	6.85216e-01	-5.07470e-01	2.98156e-03	2.26693e-03	2.23618e-03	-3.22104e-04	-2.22541e-04	-2.87779e-04	1	2.09000e-01	6.00000e-01	1.50000e-01	-1.10000e-02
3.01637e-01	-4.23780e-02	2.30319e-01	-1.05593e+00	6.85184e-01	-7.08554e-01	2.97763e-03	2.31068e-03	2.17811e-03	-2.17417e-04	-2.08575e-04	-3.32994e-04	1	2.11200e-01	6.00000e-01	1.50000e-01	-8.80000e-03
2.41828e-01	2.16031e-01	1.67541e-01	-1.03388e+00	6.85138e-01	-1.87034e+00	2.88617e-03	2.37485e-03	2.12948e-03	-1.29208e-04	-2.07229e-04	-3.67186e-04	1	2.13400e-01	6.00000e-01	1.50000e-01	-6.60000e-03
1.83312e-01	1.89222e-01	5.30207e-01	-9.96277e-01	6.85076e-01	-1.38069e+00	2.70867e-03	2.40701e-03	2.08990e-03	-1.44389e-04	-2.02547e-04	-3.71733e-04	1	2.15600e-01	6.00000e-01	1.50000e-01	-4.40000e-03
8.97872e-02	5.54795e-02	8.85869e-01	-9.74944e-01	6.84993e-01	-8.54682e+00	2.55713e-03	2.37899e-03	2.07132e-03	-2.00754e-04	-2.27331e-04	-3.62021e-04	1	2.17800e-01	6.00000e-01	1.50000e-01	-2.20000e-03
2.26483e-02	1.35373e-01	9.63724e-01	-9.55255e-01	6.84899e-01	-7.19262e+00	2.46283e-03	2.34335e-03	2.07222e-03	-2.13554e-04	-2.84810e-04	-3.58210e-04	1	2.20000e-01	6.00000e-01	1.50000e-01	0.00000e+00
1.29335e-01	3.72778e-01	9.75744e-01	-9.05309e-01	6.84814e-01	2.47967e+00	2.39011e-03	2.32665e-03	2.07474e-03	-2.14116e-04	-3.44627e-04	-3.38986e-04	1	2.22200e-01	6.00000e-01	1.50000e-01	2.20000e-03
2.61297e-01	4.98524e-01	1.04313e+00	-8.38984e-01	6.84750e-01	-1.62055e+00	2.36071e-03	2.31954e-03	2.07561e-03	-2.12209e-04	-4.05001e-04	-2.89800e-04	1	2.24400e-01	6.00000e-01	1.50000e-01	4.40000e-03
2.37278e-01	4.46666e-01	1.06734e+00	-7.96939e-01	6.84720e-01	-1.95700e+00	2.39006e-03	2.28846e-03	2.07106e-03	-2.24241e-04	-4.64105e-04	-2.21496e-04	1	2.26600e-01	6.00000e-01	1.50000e-01	6.60000e-03
1.23018e-01	3.98837e-01	1.04625e+00	-7.66540e-01	6.84721e-01	-2.25893e+01	2.44509e-03	2.26546e-03	2.05257e-03	-2.61791e-04	-5.00902e-04	-1.44176e-04	1	2.28800e-01	6.00000e-01	1.50000e-01	8.80000e-03
3.76610e-02	4.94958e-01	1.02303e+00	-6.92983e-01	6.84743e-01	-2.26234e+01	2.46955e-03	2.24996e-03	2.02799e-03	-3.36123e-04	-5.02348e-04	-6.73157e-05	1	2.31000e-01	6.00000e-01	1.50000e-01	1.10000e-02
-3.44977e-02	5.91087e-01	8.86665e-01	-5.65101e-01	6.84771e-01	1.55380e+00	2.44903e-03	2.24878e-03	2.01485e-03	-4.37736e-04	-4.87662e-04	-2.53913e-06	1	2.33200e-01	6.00000e-01	1.50000e-01	1.32000e-02
-1.39581e-01	4.71606e-01	5.06941e-01	-4.42152e-01	6.84803e-01	9.06627e-01	2.39856e-03	2.28762e-03	2.02514e-03	-5.16527e-04	-4.84466e-04	3.93953e-05	1	2.35400e-01	6.00000e-01	1.50000e-01	1.54000e-02
-1.58861e-01	2.08976e-01	4.08464e-02	-3.96148e-01	6.84843e-01	7.63337e+00	2.36941e-03	2.33239e-03	2.05852e-03	-5.40213e-04	-4.99057e-04	4.81721e-05	1	2.37600e-01	6.00000e-01	1.50000e-01	1.76000e-02
-9.97947e-02	4.87556e-02	-1.00522e-01	-4.51842e-01	6.84888e-01	6.33648e-01	2.38999e-03	2.35058e-03	2.10211e-03	-5.32834e-04	-5.21682e-04	2.90996e-05	1	2.39800e-01	6.00000e-01	1.50000e-01	1.98000e-02
5.83552e-02	1.43515e-01	1.92681e-01	-5.81154e-01	6.84936e-01	2.06431e+00	2.44829e-03	2.36818e-03	2.13887e-03	-5.36449e-04	-5.40674e-04	7.60801e-06	1	2.42000e-01	6.00000e-01	1.50000e-01	2.20000e-02
2.97227e-01	5.33728e-01	4.64989e-01	-7.40036e-01	6.84986e-01	3.02078e+00	2.55604e-03	2.44411e-03	2.15819e-03	-5.26207e-04	-5.53542e-04	2.03662e-06	1	2.44200e-01	6.00000e-01	1.50000e-01	2.42000e-02
2.08161e-01	1.04205e+00	3.57680e-01	-9.03364e-01	6.85036e-01	4.55532e-01	2.70619e-03	2.57443e-03	2.16516e-03	-4.50693e-04	-5.66701e-04	1.06635e-06	1	2.46400e-01	6.00000e-01	1.50000e-01	2.64000e-02
1.46980e-01	1.25548e+00	1.48327e-01	-1.06712e+00	6.85090e-01	1.65083e+00	2.85996e-03	2.62524e-03	2.17435e-03	-3.57109e-04	-5.67771e-04	-2.16211e-05	1	2.48600e-01	6.00000e-01	1.50000e-01	2.86000e-02
3.83038e-01	9.19152e-01	2.00881e-01	-1.20612e+00	6.85155e-01	-1.09886e+00	2.99137e-03	2.50764e-03	2.19023e-03	-3.26107e-04	-5.47026e-04	-8.68613e-05	1	2.50800e-01	6.00000e-01	1.50000e-01	3.08000e-02
3.22731e-01	2.63611e-01	3.79688e-01	-1.25363e+00	6.85229e-01	-3.04956e+00	3.04494e-03	2.28456e-03	2.19623e-03	-3.34028e-04	-5.13131e-04	-1.70570e-04	1	2.53000e-01	6.00000e-01	1.50000e-01	3.30000e-02
3.00544e-02	-1.67830e-01	4.13390e-01	-1.18502e+00	6.85309e-01	-4.54413e-01	3.01860e-03	2.09097e-03	2.17736e-03	-3.02201e-04	-4.62118e-04	-2.26037e-04	1	2.55200e-01	6.00000e-01	1.50000e-01	3.52000e-02
-1.35179e-01	-8.43813e-02	3.75390e-01	-1.07284e+00	6.85387e-01	-1.19284e+00	2.96501e-03	2.02905e-03	2.14638e-03	-2.19237e-04	-3.87077e-04	-2.49824e-04	1	2.57400e-01	6.00000e-01	1.50000e-01	3.74000e-02
1.20126e-02	2.18801e-01	4.82217e-01	-9.91939e-01	6.85452e-01	3.35625e+00	2.90341e-03	2.04925e-03	2.12563e-03	-1.22895e-04	-2.90641e-04	-2.54942e-04	1	2.59600e-01	6.00000e-01	1.50000e-01	3.96000e-02
2.59695e-01	3.38985e-01	7.20676e-01	-9.51721e-01	6.85494e-01	1.88783e+00	2.81638e-03	2.06167e-03	2.11985e-03	-2.39341e-05	-1.91929e-04	-2.49164e-04	1	2.61800e-01	6.00000e-01	1.50000e-01	4.18000e-02
3.94174e-01	2.97562e-01	9.28384e-01	-9.48723e-01	6.85511e-01	-8.97573e-01	2.69593e-03	2.08619e-03	2.11819e-03	6.60509e-05	-1.08187e-04	-2.38823e-04	1	2.64000e-01	6.00000e-01	1.50000e-01	4.40000e-02
4.61404e-01	2.67566e-01	1.06565e+00	-9.86544e-01	6.85513e-01	-7.37595e-01	2.57164e-03	2.15741e-03	2.11501e-03	1.29820e-04	-3.56304e-05	-2.20170e-04	1	2.66200e-01	6.00000e-01	1.50000e-01	4.62000e-02
5.37734e-01	2.41982e-01	1.20629e+00	-1.05268e+00	6.85501e-01	-7.12984e-01	2.47775e-03	2.23680e-03	2.11660e-03	1.63469e-04	3.01783e-05	-1.87818e-04	1	2.68400e-01	6.00000e-01	1.50000e-01	4.84000e-02
6.21117e-01	1.87889e-01	1.37632e+00	-1.11466e+00	6.85482e-01	-7.64882e-01	2.42751e-03	2.30840e-03	2.13138e-03	1.74270e-04	8.74465e-05	-1.43815e-04	1	2.70600e-01	6.00000e-01	1.50000e-01	5.06000e-02
5.88634e-01	1.07285e-01	1.48504e+00	-1.12708e+00	6.85458e-01	-1.02232e+00	2.40616e-03	2.42131e-03	2.15780e-03	1.77490e-04	1.33677e-04	-8.81006e-05	1	2.72800e-01	6.00000e-01	1.50000e-01	5.28000e-02
3.13906e-01	-5.03394e-03	1.40763e+00	-1.08624e+00	6.85434e-01	1.03169e+02	2.38389e-03	2.58466e-03	2.18357e-03	1.96239e-04	1.56790e-04	-2.13844e-05	1	2.75000e-01	6.00000e-01	1.50000e-01	5.50000e-02
-2.87940e-02	-1.06012e-01	1.20498e+00	-1.06138e+00	6.85411e-01	4.94008e+00	2.34056e-03	2.76677e-03	2.19674e-03	2.36514e-04	1.52116e-04	4.96607e-05	1	2.77200e-01	6.00000e-01	1.50000e-01	5.72000e-02
-1.86243e-01	-2.10446e-01	1.09428e+00	-1.10286e+00	6.85392e-01	3.31651e+01	2.24224e-03	2.92642e-03	2.19033e-03	2.73103e-04	1.36326e-04	1.18946e-04	1	2.79400e-01	6.00000e-01	1.50000e-01	5.94000e-02
-1.07730e-01	-3.86228e-01	1.08460e+00	-1.18734e+00	6.85380e-01	-2.90656e+00	2.10044e-03	3.01113e-03	2.16028e-03	2.88176e-04	1.18033e-04	1.83404e-04	1	2.81600e-01	6.00000e-01	1.50000e-01	6.16000e-02
1.31244e-01	-5.19441e-01	9.43462e-01	-1.28068e+00	6.85366e-01	7.97418e+00	2.02132e-03	2.98883e-03	2.11192e-03	2.84990e-04	8.62842e-05	2.21859e-04	1	2.83800e-01	6.00000e-01	1.50000e-01	6.38000e-02
3.25965e-01	-4.25780e-01	5.84439e-01	-1.34731e+00	6.85341e-01	1.47392e+01	2.04511e-03	2.87188e-03	2.06646e-03	2.65774e-04	3.99709e-05	2.16422e-04	1	2.86000e-01	6.00000e-01	1.50000e-01	6.60000e-02
3.10974e-01	-1.88274e-01	1.65306e-01	-1.31835e+00	6.85303e-01	1.09161e+01	2.12803e-03	2.70663e-03	2.03680e-03	2.39467e-04	-8.01240e-06	1.98066e-04	1	2.88200e-01	6.00000e-01	1.50000e-01	6.82000e-02
1.42958e-01	2.58585e-03	-1.53488e-01	-1.15063e+00	6.85260e-01	8.74574e+00	2.22279e-03	2.55717e-03	2.01630e-03	2.41469e-04	-5.14760e-05	1.89343e-04	1	2.90400e-01	6.00000e-01	1.50000e-01	7.04000e-02
-4.66954e-03	1.22541e-01	-3.10741e-01	-9.01215e-01	6.85221e-01	3.64738e+00	2.28342e-03	2.42312e-03	2.00001e-03	2.70728e-04	-9.84355e-05	1.75412e-04	1	2.92600e-01	6.00000e-01	1.50000e-01	7.26000e-02
-6.82333e-02	1.57845e-01	-3.20211e-01	-6.81472e-01	6.85190e-01	-2.89132e-01	2.32053e-03	2.27876e-03	1.98916e-03	2.89726e-04	-1.46865e-04	1.45672e-04	1	2.94800e-01	6.00000e-01	1.50000e-01	7.48000e-02
-7.03662e-02	4.86754e-02	-2.49099e-01	-5.46982e-01	6.85168e-01	-8.43305e+00	2.39025e-03	2.12825e-03	1.98081e-03	2.67844e-04	-1.83032e-04	1.03465e-04	1	2.97000e-01	6.00000e-01	1.50000e-01	7.70000e-02
-5.35668e-02	-1.64551e-01	-1.75687e-01	-4.78395e-01	6.85155e-01	-9.40232e-02	2.47265e-03	1.99780e-03	1.96916e-03	1.93672e-04	-1.95655e-04	5.55316e-05	1	2.99200e-01	6.00000e-01	1.50000e-01	7.92000e-02
-1.78506e-02	-3.85756e-01	-2.03827e-01	-4.53289e-01	6.85145e-01	-4.91292e-02	2.52441e-03	1.89410e-03	1.95548e-03	8.62727e-05	-1.83820e-04	6.61833e-06	1	3.01400e-01	6.00000e-01	1.50000e-01	8.14000e-02
5.78890e-02	-5.44669e-01	-4.48483e-01	-4.69121e-01	6.85136e-01	3.44805e-03	2.53958e-03	1.81614e-03	1.94882e-03	-2.12085e-05	-1.58766e-04	-4.26694e-05	1	3.03600e-01	6.00000e-01	1.50000e-01	8.36000e-02
2.00429e-01	-6.04350e-01	-8.93145e-01	-5.06458e-01	6.85123e-01	7.53476e-01	2.50819e-03	1.77630e-03	1.95629e-03	-9.94048e-05	-1.41673e-04	-9.53949e-05	1	3.05800e-01	6.00000e-01	1.50000e-01	8.58000e-02
3.40979e-01	-6.13379e-01	-1.31752e+00	-5.23810e-01	6.85107e-01	2.77140e-01	2.45247e-03	1.76544e-03	1.97144e-03	-1.46706e-04	-1.52842e-04	-1.42976e-04	1	3.08000e-01	6.00000e-01	1.50000e-01	8.80000e-02
2.93977e-01	-6.38658e-01	-1.44538e+00	-4.74498e-01	6.85091e-01	7.29090e+01	2.42768e-03	1.74760e-03	1.98220e-03	-1.80491e-04	-1.85650e-04	-1.68633e-04	1	3.10200e-01	6.00000e-01	1.50000e-01	9.02000e-02
1.33979e-01	-6.64743e-01	-1.22639e+00	-3.37142e-01	6.85082e-01	5.79104e+00	2.43676e-03	1.71944e-03	1.98380e-03	-2.17971e-04	-2.15918e-04	-1.67485e-04	1	3.12400e-01	6.00000e-01	1.50000e-01	9.24000e-02
3.08083e-02	-6.70084e-01	-9.34171e-01	-1.67060e-01	6.85086e-01	5.61918e-01	2.43616e-03	1.68924e-03	1.97927e-03	-2.39059e-04	-2.31156e-04	-1.43119e-04	1	3.14600e-01	6.00000e-01	1.50000e-01	9.46000e-02
1.84280e-02	-6.27133e-01	-8.38566e-01	-6.10452e-02	6.85105e-01	2.34611e-01	2.40332e-03	1.66085e-03	1.97626e-03	-2.08250e-04	-2.23136e-04	-1.03955e-04	1	3.16800e-01	6.00000e-01	1.50000e-01	9.68000e-02
6.96222e-02	-4.87965e-01	-9.02750e-01	-5.56132e-02	6.85137e-01	4.38608e-01	2.34939e-03	1.67517e-03	1.97981e-03	-1.39012e-04	-1.85505e-04	-7.24593e-05	1	3.19000e-01	6.00000e-01	1.50000e-01	9.90000e-02
1.68896e-01	-3.98363e-01	-9.74878e-01	-1.36715e-01	6.85181e-01	1.19500e+00	2.33324e-03	1.74215e-03	1.98661e-03	-6.53316e-05	-1.27404e-04	-7.19711e-05	1	3.21200e-01	6.00000e-01	1.50000e-01	1.01200e-01
4.08185e-01	-6.19596e-01	-1.01024e+00	-2.86390e-01	6.85231e-01	-1.63499e+00	2.39115e-03	1.83217e-03	1.99125e-03	4.57043e-06	-6.48678e-05	-9.95649e-05	1	3.23400e-01	6.00000e-01	1.50000e-01	1.03400e-01
7.55959e-01	-1.03011e+00	-9.63027e-01	-4.35861e-01	6.85282e-01	-3.74522e-01	2.45316e-03	1.89543e-03	1.99657e-03	7.98643e-05	-1.26069e-05	-1.35856e-04	1	3.25600e-01	6.00000e-01	1.50000e-01	1.05600e-01
8.28918e-01	-1.19217e+00	-7.96277e-01	-4.94767e-01	6.85325e-01	-2.99729e-01	2.45417e-03	1.88992e-03	2.00894e-03	1.46873e-04	1.79985e-05	-1.78418e-04	1	3.27800e-01	6.00000e-01	1.50000e-01	1.07800e-01
4.72159e-01	-9.83968e-01	-6.09893e-01	-4.76263e-01	6.85364e-01	-4.25327e-01	2.41432e-03	1.83233e-03	2.03013e-03	1.83070e-04	2.89284e-05	-2.41370e-04	1	3.30000e-01	6.00000e-01	1.50000e-01	1.10000e-01
3.45903e-02	-6.59983e-01	-4.78394e-01	-4.65686e-01	6.85405e-01	7.72497e-01	2.39330e-03	1.74511e-03	2.04773e-03	1.91373e-04	3.42651e-05	-3.16379e-04	1	3.32200e-01	6.00000e-01	1.50000e-01	1.12200e-01
-2.19016e-01	-4.02588e-01	-3.29360e-01	-4.87299e-01	6.85453e-01	8.66629e-01	2.40809e-03	1.65468e-03	2.04147e-03	1.81035e-04	5.20719e-05	-3.74592e-04	1	3.34400e-01	6.00000e-01	1.50000e-01	1.14400e-01
-2.65961e-01	-2.48115e-01	-1.71665e-01	-5.05258e-01	6.85510e-01	5.60834e-01	2.43029e-03	1.59899e-03	2.00706e-03	1.59235e-04	9.22704e-05	-3.95753e-04	1	3.36600e-01	6.00000e-01	1.50000e-01	1.16600e-01
-1.65787e-01	-2.19517e-01	-1.39820e-01	-5.09906e-01	6.85571e-01	8.02197e-01	2.47905e-03	1.58067e-03	1.96293e-03	1.28669e-04	1.29290e-04	-3.73981e-04	1	3.38800e-01	6.00000e-01	1.50000e-01	1.18800e-01
-1.15859e-01	-1.88891e-01	-1.65610e-01	-5.24236e-01	6.85624e-01	1.77982e+00	2.55955e-03	1.57452e-03	1.92718e-03	1.21198e-04	1.36906e-04	-3.21897e-04	1	3.41000e-01	6.00000e-01	1.50000e-01	1.21000e-01
-2.47626e-01	4.80817e-02	-4.83508e-02	-5.50187e-01	6.85660e-01	9.12946e-01	2.63123e-03	1.58778e-03	1.90315e-03	1.64378e-04	1.17310e-04	-2.64537e-04	1	3.43200e-01	6.00000e-01	1.50000e-01	1.23200e-01
-4.32565e-01	3.97679e-01	1.42484e-01	-5.71919e-01	6.85677e-01	5.99923e-01	2.70117e-03	1.62636e-03	1.89154e-03	2.12503e-04	7.95170e-05	-2.16205e-04	1	3.45400e-01	6.00000e-01	1.50000e-01	1.25400e-01
-5.94386e-01	5.57890e-01	1.83392e-01	-5.92675e-01	6.85683e-01	5.67477e-01	2.77847e-03	1.68078e-03	1.89126e-03	2.05909e-04	4.05285e-05	-1.72087e-04	1	3.47600e-01	6.00000e-01	1.50000e-01	1.27600e-01
-7.43988e-01	4.84074e-01	5.75921e-02	-6.27300e-01	6.85690e-01	4.76194e-01	2.86278e-03	1.77129e-03	1.89392e-03	1.56141e-04	1.41810e-05	-1.29792e-04	1	3.49800e-01	6.00000e-01	1.50000e-01	1.29800e-01
-8.12437e-01	4.04568e-01	-1.01068e-01	-6.80302e-01	6.85697e-01	4.43623e-01	2.91770e-03	1.88498e-03	1.89303e-03	1.04374e-04	3.26841e-06	-1.01160e-04	1	3.52000e-01	6.00000e-01	1.50000e-01	1.32000e-01
-7.68271e-01	4.43746e-01	-1.99088e-01	-7.45422e-01	6.85697e-01	5.21100e-01	2.91278e-03	1.98434e-03	1.88737e-03	5.85899e-05	3.81222e-06	-9.58713e-05	1	3.54200e-01	6.00000e-01	1.50000e-01	1.34200e-01
-6.56635e-01	4.97592e-01	-2.20342e-01	-8.04622e-01	6.85688e-01	6.62560e-01	2.90393e-03	2.05870e-03	1.87918e-03	5.29678e-06	8.97756e-06	-1.05099e-04	1	3.56400e-01	6.00000e-01	1.50000e-01	1.36400e-01
-4.63232e-01	4.00884e-01	-2.67322e-01	-8.32179e-01	6.85675e-01	9.62635e-01	2.97575e-03	2.11619e-03	1.87776e-03	-6.83675e-05	3.66248e-06	-1.05800e-04	1	3.58600e-01	6.00000e-01	1.50000e-01	1.38600e-01
-1.76445e-01	1.03841e-01	-4.10925e-01	-8.12599e-01	6.85661e-01	1.23899e+00	3.15185e-03	2.17891e-03	1.88943e-03	-1.66543e-04	-2.69842e-05	-7.88460e-05	1	3.60800e-01	6.00000e-01	1.50000e-01	1.40800e-01
1.39119e-01	-3.01802e-01	-4.53089e-01	-7.50805e-01	6.85644e-01	-3.18599e+00	3.36000e-03	2.27287e-03	1.90521e-03	-2.50669e-04	-7.28726e-05	-2.49979e-05	1	3.63000e-01	6.00000e-01	1.50000e-01	1.43000e-01
3.36804e-01	-7.42301e-01	-2.02865e-01	-6.62095e-01	6.85618e-01	-3.75691e-01	3.45887e-03	2.36031e-03	1.91060e-03	-2.68057e-04	-1.14835e-04	3.36617e-05	1	3.65200e-01	6.00000e-01	1.50000e-01	1.45200e-01
3.98503e-01	-1.17018e+00	1.00722e-01	-5.51060e-01	6.85574e-01	-5.98897e-01	3.41451e-03	2.34693e-03	1.89875e-03	-2.06862e-04	-1.47962e-04	7.09349e-05	1	3.67400e-01	6.00000e-01	1.50000e-01	1.47400e-01
3.83429e-01	-1.37253e+00	8.73746e-02	-4.18522e-01	6.85523e-01	-1.22303e+00	3.33336e-03	2.24142e-03	1.87407e-03	-9.03134e-05	-1.70488e-04	7.81004e-05	1	3.69600e-01	6.00000e-01	1.50000e-01	1.49600e-01
2.52858e-01	-1.14639e+00	-2.16384e-01	-2.99836e-01	6.85475e-01	-4.66931e+00	3.28981e-03	2.14728e-03	1.85003e-03	3.45229e-05	-1.85137e-04	7.36458e-05	1	3.71800e-01	6.00000e-01	1.50000e-01	1.51800e-01
3.33866e-02	-6.38672e-01	-5.36327e-01	-2.51825e-01	6.85432e-01	-5.45567e-01	3.30061e-03	2.11203e-03	1.83880e-03	9.38346e-05	-2.04445e-04	7.17173e-05	1	3.74000e-01	6.00000e-01	1.50000e-01	1.54000e-01
-1.94017e-01	-1.60833e-01	-6.90008e-01	-2.75198e-01	6.85394e-01	2.81103e-01	3.33210e-03	2.11649e-03	1.84031e-03	7.97314e-05	-2.40794e-04	6.63011e-05	1	3.76200e-01	6.00000e-01	1.50000e-01	1.56200e-01
-4.19053e-01	1.59363e-01	-5.61617e-01	-2.97243e-01	6.85363e-01	1.31516e+00	3.35002e-03	2.11472e-03	1.84466e-03	5.71768e-05	-2.91248e-04	6.28642e-05	1	3.78400e-01	6.00000e-01	1.50000e-01	1.58400e-01
-5.74990e-01	3.08616e-01	-2.35088e-01	-2.47952e-01	6.85344e-01	4.03564e-01	3.35124e-03	2.08757e-03	1.84413e-03	7.40258e-05	-3.44726e-04	7.88925e-05	1	3.80600e-01	6.00000e-01	1.50000e-01	1.60600e-01
-5.53086e-01	2.58215e-01	-7.89317e-02	-1.28651e-01	6.85338e-01	3.38699e-01	3.30661e-03	2.08414e-03	1.84365e-03	1.16712e-04	-3.88734e-04	1.16247e-04	1	3.82800e-01	6.00000e-01	1.50000e-01	1.62800e-01
-4.01773e-01	9.04509e-02	-2.11751e-01	-2.18715e-02	6.85346e-01	3.26826e-01	3.14897e-03	2.12479e-03	1.84992e-03	1.56527e-04	-4.00364e-04	1.56119e-04	1	3.85000e-01	6.00000e-01	1.50000e-01	1.65000e-01
-2.71906e-01	2.91884e-02	-3.53714e-01	-2.38412e-02	6.85372e-01	4.37907e-01	2.93487e-03	2.18868e-03	1.85559e-03	1.63067e-04	-3.71975e-04	1.82113e-04	1	3.87200e-01	6.00000e-01	1.50000e-01	1.67200e-01
-1.44529e-01	1.95447e-01	-4.62362e-01	-1.30203e-01	6.85417e-01	3.02434e-01	2.79128e-03	2.24283e-03	1.85628e-03	1.25488e-04	-3.25281e-04	2.00139e-04	1	3.89400e-01	6.00000e-01	1.50000e-01	1.69400e-01
8.96270e-02	4.61608e-01	-7.37905e-01	-2.36457e-01	6.85475e-01	-2.45573e+00	2.69045e-03	2.23674e-03	1.85457e-03	6.20795e-05	-2.69115e-04	2.13800e-04	1	3.91600e-01	6.00000e-01	1.50000e-01	1.71600e-01
2.73618e-01	6.50480e-01	-1.00765e+00	-2.74523e-01	6.85537e-01	-7.24871e+00	2.57653e-03	2.17625e-03	1.85057e-03	-3.30056e-05	-2.01906e-04	2.19747e-04	1	3.93800e-01	6.00000e-01	1.50000e-01	1.73800e-01
2.87775e-01	7.27088e-01	-8.98657e-01	-2.81680e-01	6.85600e-01	-1.77842e+00	2.47298e-03	2.10313e-03	1.84480e-03	-1.48177e-04	-1.30486e-04	2.19491e-04	1	3.96000e-01	6.00000e-01	1.50000e-01	1.76000e-01
2.32851e-01	7.21094e-01	-4.99832e-01	-3.31192e-01	6.85658e-01	-3.72351e+00	2.38947e-03	2.05015e-03	1.83730e-03	-2.48284e-04	-6.49592e-05	2.11506e-04	1	3.98200e-01	6.00000e-01	1.50000e-01	1.78200e-01
2.04820e-01	5.90996e-01	-2.37193e-01	-4.37681e-01	6.85704e-01	-6.56195e-01	2.28162e-03	2.03126e-03	1.82791e-03	-3.13489e-04	-1.45001e-05	1.92998e-04	1	4.00400e-01	6.00000e-01	1.50000e-01	1.80400e-01
1.77436e-01	3.48165e-01	-2.35594e-01	-5.32326e-01	6.85736e-01	-4.36778e-01	2.15466e-03	2.04874e-03	1.81775e-03	-3.53228e-04	1.71609e-05	1.62622e-04	1	4.02600e-01	6.00000e-01	1.50000e-01	1.82600e-01
1.28584e-01	2.03381e-01	-2.97041e-01	-5.30656e-01	6.85756e-01	-1.41433e-01	2.06093e-03	2.08462e-03	1.80649e-03	-3.88787e-04	3.81626e-05	1.08352e-04	1	4.04800e-01	6.00000e-01	1.50000e-01	1.84800e-01
4.06360e-02	2.74064e-01	-3.48256e-01	-4.19425e-01	6.85768e-01	-8.44149e-01	1.99424e-03	2.10987e-03	1.79497e-03	-4.18957e-04	5.43486e-05	2.10040e-05	1	4.07000e-01	6.00000e-01	1.50000e-01	1.87000e-01
-3.01383e-02	3.43520e-01	-4.45833e-01	-2.63305e-01	6.85776e-01	-7.66494e-01	1.93499e-03	2.09953e-03	1.78843e-03	-4.20165e-04	7.01427e-05	-8.50534e-05	1	4.09200e-01	6.00000e-01	1.50000e-01	1.89200e-01
-6.63918e-02	2.32946e-01	-4.99800e-01	-1.38199e-01	6.85782e-01	5.12366e-01	1.89460e-03	2.06284e-03	1.79135e-03	-3.97377e-04	8.87248e-05	-1.83971e-04	1	4.11400e-01	6.00000e-01	1.50000e-01	1.91400e-01
-1.19357e-01	9.14103e-02	-3.97428e-01	-6.92904e-02	6.85793e-01	7.79536e-01	1.88899e-03	2.02191e-03	1.80150e-03	-3.68318e-04	1.13673e-04	-2.60291e-04	1	4.13600e-01	6.00000e-01	1.50000e-01	1.93600e-01
-1.78145e-01	4.46257e-02	-2.39198e-01	-3.26285e-02	6.85810e-01	4.78411e-01	1.92284e-03	1.98876e-03	1.81339e-03	-3.41475e-04	1.43634e-04	-3.08612e-04	1	4.15800e-01	6.00000e-01	1.50000e-01	1.95800e-01
-1.60281e-01	-7.23510e-03	-1.79400e-01	-2.79089e-02	6.85835e-01	5.77231e-01	1.98050e-03	1.97196e-03	1.82707e-03	-3.22107e-04	1.68163e-04	-3.20562e-04	1	4.18000e-01	6.00000e-01	1.50000e-01	1.98000e-01
-5.85403e-02	-9.56730e-02	-2.06781e-01	-1.12425e-01	6.85863e-01	5.61666e-01	2.04026e-03	1.98345e-03	1.84194e-03	-3.11447e-04	1.77010e-04	-2.99244e-04	1	4.20200e-01	6.00000e-01	1.50000e-01	2.00200e-01
4.89967e-02	-1.85355e-01	-2.54836e-01	-2.90115e-01	6.85901e-01	4.27205e+00	2.06976e-03	2.01380e-03	1.84992e-03	-3.01310e-04	1.70611e-04	-2.62277e-04	1	4.22400e-01	6.00000e-01	1.50000e-01	2.02400e-01
1.24634e-01	-3.64784e-01	-3.50680e-01	-4.34850e-01	6.85961e-01	5.38380e-01	2.05547e-03	2.04163e-03	1.84193e-03	-2.84037e-04	1.51697e-04	-2.09487e-04	1	4.24600e-01	6.00000e-01	1.50000e-01	2.04600e-01
1.41729e-01	-5.59038e-01	-5.07942e-01	-4.54990e-01	6.86045e-01	6.04093e-03	1.99884e-03	2.06298e-03	1.81154e-03	-2.53997e-04	1.24054e-04	-1.45565e-04	1	4.26800e-01	6.00000e-01	1.50000e-01	2.06800e-01
-2.42773e-02	-4.77484e-01	-6.11465e-01	-4.33490e-01	6.86141e-01	-9.05060e-01	1.91281e-03	2.07566e-03	1.75607e-03	-2.23377e-04	1.04255e-04	-1.03846e-04	1	4.29000e-01	6.00000e-01	1.50000e-01	2.09000e-01
-2.92481e-01	-1.15237e-01	-5.32148e-01	-4.51469e-01	6.86228e-01	1.35592e-01	1.84991e-03	2.05808e-03	1.68984e-03	-2.24990e-04	9.89526e-05	-9.21886e-05	1	4.31200e-01	6.00000e-01	1.50000e-01	2.11200e-01
-3.69261e-01	2.69892e-01	-2.84222e-01	-4.34398e-01	6.86292e-01	9.71860e-01	1.85212e-03	1.99938e-03	1.63959e-03	-2.61974e-04	9.12576e-05	-9.28276e-05	1	4.33400e-01	6.00000e-01	1.50000e-01	2.13400e-01
-2.59908e-01	5.96701e-01	1.17839e-02	-3.24998e-01	6.86325e-01	1.17304e+00	1.87301e-03	1.92597e-03	1.62114e-03	-2.75613e-04	6.59312e-05	-9.59212e-05	1	4.35600e-01	6.00000e-01	1.50000e-01	2.15600e-01
-7.27147e-02	8.38925e-01	2.65386e-01	-2.16278e-01	6.86334e-01	5.08030e-01	1.88694e-03	1.85061e-03	1.62665e-03	-2.39511e-04	2.63475e-05	-9.00029e-05	1	4.37800e-01	6.00000e-01	1.50000e-01	2.17800e-01
7.89755e-02	8.48565e-01	4.49775e-01	-2.02002e-01	6.86338e-01	-2.88384e+00	1.94483e-03	1.78617e-03	1.63352e-03	-2.12259e-04	-6.17589e-06	-6.40954e-05	1	4.40000e-01	6.00000e-01	1.50000e-01	2.20000e-01
