"Density"	"Momentum:0"	"Momentum:1"	"Momentum:2"	"StagnationEnergy"	"Pressure"	"Points:0"	"Points:1"	"Points:2"
1.81874e-02	-6.92843e-04	8.70169e-04	4.40205e-04	-1.47480e-01	-5.90078e-02	-5.13572e-01	0.00000e+00	9.02000e-02
2.49940e-04	7.31134e-05	8.56109e-06	1.25393e-04	-4.44502e-01	-1.77818e-01	-5.13520e-01	2.24940e-03	9.02000e-02
4.99091e-03	8.71681e-05	2.31836e-04	1.49461e-04	-3.34473e-01	-1.33793e-01	-5.13363e-01	4.49390e-03	9.02000e-02
1.23648e-02	1.26344e-04	5.79633e-04	1.70678e-04	-4.00955e-01	-1.60388e-01	-5.13100e-01	6.72848e-03	9.02000e-02
1.52067e-02	2.04951e-04	7.01043e-04	1.60721e-04	-4.13632e-01	-1.65460e-01	-5.12732e-01	8.94813e-03	9.02000e-02
1.84095e-02	2.45340e-04	8.45261e-04	1.57654e-04	-4.71223e-01	-1.88498e-01	-5.12259e-01	1.11480e-02	9.02000e-02
2.09112e-02	3.24948e-04	9.44250e-04	1.37218e-04	-5.56761e-01	-2.22714e-01	-5.11685e-01	1.33235e-02	9.02000e-02
2.23504e-02	3.74041e-04	9.97126e-04	1.23102e-04	-6.11370e-01	-2.44558e-01	-5.11012e-01	1.54704e-02	9.02000e-02
2.34384e-02	4.31040e-04	1.02812e-03	1.03418e-04	-7.02430e-01	-2.80983e-01	-5.10243e-01	1.75849e-02	9.02000e-02
2.38668e-02	4.75334e-04	1.02869e-03	8.73353e-05	-7.65744e-01	-3.06309e-01	-5.09428e-01	1.95618e-02	9.02000e-02
2.40145e-02	5.07720e-04	1.01879e-03	7.51612e-05	-8.26455e-01	-3.30593e-01	-5.08610e-01	2.13445e-02	9.02000e-02
2.39309e-02	5.37358e-04	9.97002e-04	6.34958e-05	-8.83918e-01	-3.53578e-01	-5.07790e-01	2.29823e-02	9.02000e-02
2.36730e-02	5.56016e-04	9.70757e-04	5.61809e-05	-9.26526e-01	-3.70621e-01	-5.06966e-01	2.45076e-02	9.02000e-02
2.33619e-02	5.73803e-04	9.41359e-04	4.90477e-05	-9.72179e-01	-3.88882e-01	-5.06135e-01	2.59433e-02	9.02000e-02
2.29621e-02	5.85516e-04	9.10031e-04	4.45204e-05	-1.00765e+00	-4.03069e-01	-5.05296e-01	2.73061e-02	9.02000e-02
2.25316e-02	5.94818e-04	8.77915e-04	4.09289e-05	-1.04187e+00	-4.16759e-01	-5.04448e-01	2.86088e-02	9.02000e-02
2.20867e-02	6.01828e-04	8.45965e-04	3.85110e-05	-1.07241e+00	-4.28974e-01	-5.03590e-01	2.98613e-02	9.02000e-02
2.15713e-02	6.04807e-04	8.12308e-04	3.72266e-05	-1.09908e+00	-4.39640e-01	-5.02720e-01	3.10715e-02	9.02000e-02
2.10990e-02	6.07661e-04	7.80790e-04	3.66067e-05	-1.12431e+00	-4.49734e-01	-5.01837e-01	3.22460e-02	9.02000e-02
2.05896e-02	6.07684e-04	7.48845e-04	3.68843e-05	-1.14630e+00	-4.58530e-01	-5.00940e-01	3.33899e-02	9.02000e-02
2.00896e-02	6.06716e-04	7.17882e-04	3.77078e-05	-1.16660e+00	-4.66650e-01	-5.00026e-01	3.45079e-02	9.02000e-02
1.95943e-02	6.04574e-04	6.87826e-04	3.90841e-05	-1.18502e+00	-4.74016e-01	-4.99096e-01	3.56036e-02	9.02000e-02
1.91027e-02	6.01339e-04	6.58615e-04	4.09709e-05	-1.20142e+00	-4.80578e-01	-4.98147e-01	3.66801e-02	9.02000e-02
1.86141e-02	5.97116e-04	6.30178e-04	4.31910e-05	-1.21656e+00	-4.86630e-01	-4.97179e-01	3.77402e-02	9.02000e-02
1.81381e-02	5.92274e-04	6.02833e-04	4.57835e-05	-1.23006e+00	-4.92031e-01	-4.96190e-01	3.87862e-02	9.02000e-02
1.76676e-02	5.86651e-04	5.76320e-04	4.86188e-05	-1.24223e+00	-4.96901e-01	-4.95180e-01	3.98201e-02	9.02000e-02
1.72108e-02	5.80608e-04	5.50887e-04	5.16730e-05	-1.25324e+00	-5.01305e-01	-4.94146e-01	4.08436e-02	9.02000e-02
1.67714e-02	5.74333e-04	5.26605e-04	5.49366e-05	-1.26300e+00	-5.05207e-01	-4.93089e-01	4.18581e-02	9.02000e-02
1.63435e-02	5.67680e-04	5.03281e-04	5.83301e-05	-1.27177e+00	-5.08714e-01	-4.92006e-01	4.28650e-02	9.02000e-02
1.59249e-02	5.60645e-04	4.80807e-04	6.18174e-05	-1.27950e+00	-5.11806e-01	-4.90898e-01	4.38654e-02	9.02000e-02
1.55303e-02	5.53786e-04	4.59608e-04	6.53951e-05	-1.28631e+00	-5.14531e-01	-4.89762e-01	4.48601e-02	9.02000e-02
1.51487e-02	5.46771e-04	4.39329e-04	6.89855e-05	-1.29228e+00	-5.16920e-01	-4.88598e-01	4.58500e-02	9.02000e-02
1.47826e-02	5.39740e-04	4.20006e-04	7.25747e-05	-1.29743e+00	-5.18980e-01	-4.87406e-01	4.68358e-02	9.02000e-02
1.44373e-02	5.32936e-04	4.01762e-04	7.61743e-05	-1.30187e+00	-5.20754e-01	-4.86183e-01	4.78181e-02	9.02000e-02
1.41073e-02	5.26200e-04	3.84404e-04	7.97675e-05	-1.30562e+00	-5.22255e-01	-4.84930e-01	4.87974e-02	9.02000e-02
1.38005e-02	5.19878e-04	3.68119e-04	8.34014e-05	-1.30877e+00	-5.23513e-01	-4.83645e-01	4.97740e-02	9.02000e-02
1.35137e-02	5.13887e-04	3.52776e-04	8.70603e-05	-1.31136e+00	-5.24550e-01	-4.82327e-01	5.07483e-02	9.02000e-02
1.32414e-02	5.08060e-04	3.38205e-04	9.07047e-05	-1.31345e+00	-5.25385e-01	-4.80976e-01	5.17205e-02	9.02000e-02
1.29898e-02	5.02673e-04	3.24530e-04	9.43684e-05	-1.31509e+00	-5.26043e-01	-4.79591e-01	5.26909e-02	9.02000e-02
1.27622e-02	4.97884e-04	3.11793e-04	9.80881e-05	-1.31634e+00	-5.26541e-01	-4.78170e-01	5.36596e-02	9.02000e-02
1.25507e-02	4.93429e-04	2.99761e-04	1.01824e-04	-1.31724e+00	-5.26901e-01	-4.76715e-01	5.46267e-02	9.02000e-02
1.23643e-02	4.89689e-04	2.88611e-04	1.05678e-04	-1.31784e+00	-5.27143e-01	-4.75222e-01	5.55921e-02	9.02000e-02
1.21989e-02	4.86538e-04	2.78214e-04	1.09662e-04	-1.31820e+00	-5.27285e-01	-4.73693e-01	5.65561e-02	9.02000e-02
1.20546e-02	4.84009e-04	2.68524e-04	1.13820e-04	-1.31835e+00	-5.27347e-01	-4.72126e-01	5.75183e-02	9.02000e-02
1.19321e-02	4.82157e-04	2.59528e-04	1.18208e-04	-1.31834e+00	-5.27340e-01	-4.70520e-01	5.84790e-02	9.02000e-02
1.18278e-02	4.80864e-04	2.51105e-04	1.22832e-04	-1.31817e+00	-5.27273e-01	-4.68876e-01	5.94378e-02	9.02000e-02
1.17465e-02	4.80345e-04	2.43320e-04	1.27770e-04	-1.31786e+00	-5.27148e-01	-4.67191e-01	6.03947e-02	9.02000e-02
1.16833e-02	4.80427e-04	2.36042e-04	1.32994e-04	-1.31741e+00	-5.26968e-01	-4.65467e-01	6.13496e-02	9.02000e-02
1.16359e-02	4.81021e-04	2.29196e-04	1.38482e-04	-1.31681e+00	-5.26730e-01	-4.63702e-01	6.23022e-02	9.02000e-02
1.16061e-02	4.82227e-04	2.22801e-04	1.44249e-04	-1.31604e+00	-5.26421e-01	-4.61895e-01	6.32524e-02	9.02000e-02
1.15885e-02	4.83822e-04	2.16740e-04	1.50194e-04	-1.31505e+00	-5.26024e-01	-4.60047e-01	6.41999e-02	9.02000e-02
1.15816e-02	4.85749e-04	2.10981e-04	1.56220e-04	-1.31378e+00	-5.25517e-01	-4.58156e-01	6.51446e-02	9.02000e-02
1.15819e-02	4.87862e-04	2.05462e-04	1.62163e-04	-1.31214e+00	-5.24862e-01	-4.56223e-01	6.60861e-02	9.02000e-02
1.15861e-02	4.90016e-04	2.00143e-04	1.67841e-04	-1.31002e+00	-5.24014e-01	-4.54247e-01	6.70241e-02	9.02000e-02
1.15906e-02	4.92068e-04	1.94977e-04	1.73016e-04	-1.30725e+00	-5.22904e-01	-4.52226e-01	6.79585e-02	9.02000e-02
1.15903e-02	4.93779e-04	1.89910e-04	1.77359e-04	-1.30374e+00	-5.21503e-01	-4.50162e-01	6.88889e-02	9.02000e-02
1.15814e-02	4.94972e-04	1.84940e-04	1.80512e-04	-1.29936e+00	-5.19748e-01	-4.48054e-01	6.98150e-02	9.02000e-02
1.15569e-02	4.95352e-04	1.79981e-04	1.82091e-04	-1.29386e+00	-5.17549e-01	-4.45901e-01	7.07365e-02	9.02000e-02
1.15132e-02	4.94751e-04	1.75029e-04	1.81808e-04	-1.28713e+00	-5.14856e-01	-4.43703e-01	7.16531e-02	9.02000e-02
1.14364e-02	4.92562e-04	1.69933e-04	1.79054e-04	-1.27899e+00	-5.11602e-01	-4.41459e-01	7.25645e-02	9.02000e-02
1.13211e-02	4.88537e-04	1.64664e-04	1.73420e-04	-1.26938e+00	-5.07757e-01	-4.39170e-01	7.34703e-02	9.02000e-02
1.11540e-02	4.82108e-04	1.59082e-04	1.64720e-04	-1.25836e+00	-5.03351e-01	-4.36835e-01	7.43701e-02	9.02000e-02
1.09316e-02	4.73127e-04	1.53161e-04	1.52833e-04	-1.24598e+00	-4.98395e-01	-4.34454e-01	7.52637e-02	9.02000e-02
1.06519e-02	4.61478e-04	1.46998e-04	1.37288e-04	-1.23277e+00	-4.93115e-01	-4.32027e-01	7.61507e-02	9.02000e-02
1.02995e-02	4.46494e-04	1.40424e-04	1.18254e-04	-1.21904e+00	-4.87619e-01	-4.29553e-01	7.70307e-02	9.02000e-02
9.92965e-03	4.30577e-04	1.34228e-04	9.64906e-05	-1.20393e+00	-4.81578e-01	-4.27032e-01	7.79034e-02	9.02000e-02
9.59995e-03	4.16179e-04	1.29355e-04	7.01180e-05	-1.18786e+00	-4.75148e-01	-4.24464e-01	7.87685e-02	9.02000e-02
9.34844e-03	4.04983e-04	1.26253e-04	3.99667e-05	-1.17211e+00	-4.68849e-01	-4.21850e-01	7.96255e-02	9.02000e-02
9.28966e-03	4.02314e-04	1.25341e-04	1.36474e-05	-1.15695e+00	-4.62784e-01	-4.19188e-01	8.04742e-02	9.02000e-02
9.36300e-03	4.05467e-04	1.25983e-04	-9.62319e-06	-1.14612e+00	-4.58450e-01	-4.16479e-01	8.13141e-02	9.02000e-02
9.16759e-03	3.96657e-04	1.24196e-04	-4.14404e-05	-1.14333e+00	-4.57334e-01	-4.13722e-01	8.21449e-02	9.02000e-02
8.82741e-03	3.81442e-04	1.21103e-04	-7.71327e-05	-1.14035e+00	-4.56142e-01	-4.10918e-01	8.29662e-02	9.02000e-02
8.90659e-03	3.84866e-04	1.22116e-04	-1.01920e-04	-1.13163e+00	-4.52658e-01	-4.08067e-01	8.37777e-02	9.02000e-02
9.04962e-03	3.91266e-04	1.23301e-04	-1.26580e-04	-1.12736e+00	-4.50949e-01	-4.05168e-01	8.45791e-02	9.02000e-02
8.89457e-03	3.84193e-04	1.22687e-04	-1.57667e-04	-1.12411e+00	-4.49649e-01	-4.02222e-01	8.53700e-02	9.02000e-02
9.28016e-03	4.01642e-04	1.25166e-04	-1.74360e-04	-1.10820e+00	-4.43286e-01	-3.99228e-01	8.61500e-02	9.02000e-02
1.02424e-02	4.44845e-04	1.32183e-04	-1.76257e-04	-1.09559e+00	-4.38240e-01	-3.96187e-01	8.69188e-02	9.02000e-02
1.08717e-02	4.73232e-04	1.36171e-04	-1.72203e-04	-1.09745e+00	-4.38985e-01	-3.93098e-01	8.76760e-02	9.02000e-02
1.06989e-02	4.66947e-04	1.28955e-04	-1.51992e-04	-1.10155e+00	-4.40623e-01	-3.89962e-01	8.84214e-02	9.02000e-02
9.78185e-03	4.28074e-04	1.12986e-04	-1.25131e-04	-1.09743e+00	-4.38977e-01	-3.86779e-01	8.91545e-02	9.02000e-02
8.81907e-03	3.86386e-04	9.99431e-05	-1.20872e-04	-1.07789e+00	-4.31158e-01	-3.83548e-01	8.98751e-02	9.02000e-02
8.28486e-03	3.63243e-04	9.27844e-05	-1.38394e-04	-1.05396e+00	-4.21587e-01	-3.80271e-01	9.05828e-02	9.02000e-02
7.93062e-03	3.48055e-04	8.73265e-05	-1.46229e-04	-1.03834e+00	-4.15339e-01	-3.76946e-01	9.12773e-02	9.02000e-02
7.59636e-03	3.34178e-04	7.98673e-05	-1.27220e-04	-1.02585e+00	-4.10345e-01	-3.73575e-01	9.19583e-02	9.02000e-02
6.97964e-03	3.07526e-04	7.10408e-05	-1.04583e-04	-1.01530e+00	-4.06125e-01	-3.70157e-01	9.26255e-02	9.02000e-02
5.85085e-03	2.58099e-04	5.80143e-05	-1.03019e-04	-1.00736e+00	-4.02945e-01	-3.66692e-01	9.32786e-02	9.02000e-02
4.55166e-03	2.00615e-04	4.62099e-05	-1.10904e-04	-1.00353e+00	-4.01415e-01	-3.63182e-01	9.39173e-02	9.02000e-02
3.49915e-03	1.53986e-04	3.70685e-05	-1.09276e-04	-9.98523e-01	-3.99411e-01	-3.59625e-01	9.45413e-02	9.02000e-02
3.00434e-03	1.32330e-04	3.13353e-05	-9.89981e-05	-9.82440e-01	-3.92978e-01	-3.56022e-01	9.51503e-02	9.02000e-02
2.89376e-03	1.27745e-04	2.86247e-05	-8.74986e-05	-9.64269e-01	-3.85709e-01	-3.52374e-01	9.57440e-02	9.02000e-02
2.40225e-03	1.05970e-04	2.44475e-05	-8.74542e-05	-9.53773e-01	-3.81511e-01	-3.48680e-01	9.63222e-02	9.02000e-02
1.60889e-03	7.05574e-05	1.93492e-05	-1.02471e-04	-9.42068e-01	-3.76829e-01	-3.44942e-01	9.68847e-02	9.02000e-02
1.28057e-03	5.58618e-05	1.77479e-05	-1.20001e-04	-9.26515e-01	-3.70609e-01	-3.41158e-01	9.74311e-02	9.02000e-02
1.52683e-03	6.68622e-05	1.96992e-05	-1.30237e-04	-9.12487e-01	-3.64998e-01	-3.37330e-01	9.79613e-02	9.02000e-02
1.87507e-03	8.24139e-05	2.23678e-05	-1.43281e-04	-8.99022e-01	-3.59612e-01	-3.33458e-01	9.84750e-02	9.02000e-02
2.02761e-03	8.93011e-05	2.32107e-05	-1.56542e-04	-8.87594e-01	-3.55041e-01	-3.29542e-01	9.89719e-02	9.02000e-02
1.94674e-03	8.58909e-05	2.14758e-05	-1.51848e-04	-8.81380e-01	-3.52555e-01	-3.25583e-01	9.94519e-02	9.02000e-02
1.92999e-03	8.53984e-05	1.95790e-05	-1.34372e-04	-8.73943e-01	-3.49580e-01	-3.21580e-01	9.99148e-02	9.02000e-02
2.22117e-03	9.86635e-05	1.94747e-05	-1.19886e-04	-8.59877e-01	-3.43953e-01	-3.17535e-01	1.00360e-01	9.02000e-02
2.40136e-03	1.06985e-04	1.83498e-05	-1.10500e-04	-8.47878e-01	-3.39153e-01	-3.13447e-01	1.00788e-01	9.02000e-02
2.02517e-03	9.01697e-05	1.63105e-05	-1.11632e-04	-8.43237e-01	-3.37297e-01	-3.09318e-01	1.01199e-01	9.02000e-02
1.55214e-03	6.89247e-05	1.47727e-05	-1.26652e-04	-8.36825e-01	-3.34733e-01	-3.05146e-01	1.01591e-01	9.02000e-02
1.61010e-03	7.15343e-05	1.53665e-05	-1.37957e-04	-8.26827e-01	-3.30734e-01	-3.00934e-01	1.01965e-01	9.02000e-02
2.03991e-03	9.09494e-05	1.61802e-05	-1.33467e-04	-8.19264e-01	-3.27708e-01	-2.96681e-01	1.02321e-01	9.02000e-02
2.41543e-03	1.07940e-04	1.64858e-05	-1.24346e-04	-8.12073e-01	-3.24832e-01	-2.92387e-01	1.02659e-01	9.02000e-02
2.71704e-03	1.21653e-04	1.57753e-05	-1.14432e-04	-8.04151e-01	-3.21662e-01	-2.88054e-01	1.02979e-01	9.02000e-02
2.91348e-03	1.30654e-04	1.42459e-05	-9.19320e-05	-8.01928e-01	-3.20773e-01	-2.83681e-01	1.03279e-01	9.02000e-02
2.81679e-03	1.26450e-04	1.19184e-05	-6.61298e-05	-8.03531e-01	-3.21414e-01	-2.79269e-01	1.03562e-01	9.02000e-02
2.60118e-03	1.16835e-04	1.00766e-05	-5.65378e-05	-8.02334e-01	-3.20935e-01	-2.74819e-01	1.03825e-01	9.02000e-02
2.61677e-03	1.17579e-04	9.47635e-06	-5.59828e-05	-7.99024e-01	-3.19611e-01	-2.70331e-01	1.04069e-01	9.02000e-02
2.77217e-03	1.24623e-04	8.94982e-06	-4.87230e-05	-7.96291e-01	-3.18518e-01	-2.65806e-01	1.04295e-01	9.02000e-02
2.68009e-03	1.20526e-04	7.82113e-06	-4.17256e-05	-7.95131e-01	-3.18054e-01	-2.61244e-01	1.04501e-01	9.02000e-02
2.32264e-03	1.04463e-04	6.60409e-06	-4.82614e-05	-7.95201e-01	-3.18082e-01	-2.56646e-01	1.04689e-01	9.02000e-02
2.07599e-03	9.33646e-05	6.22009e-06	-5.99876e-05	-7.95657e-01	-3.18264e-01	-2.52011e-01	1.04857e-01	9.02000e-02
2.09451e-03	9.42170e-05	5.93070e-06	-5.98710e-05	-7.94869e-01	-3.17949e-01	-2.47342e-01	1.05006e-01	9.02000e-02
2.19154e-03	9.86192e-05	5.12118e-06	-4.94292e-05	-7.91092e-01	-3.16438e-01	-2.42638e-01	1.05136e-01	9.02000e-02
2.22859e-03	1.00311e-04	4.38371e-06	-4.20417e-05	-7.86372e-01	-3.14550e-01	-2.37900e-01	1.05247e-01	9.02000e-02
2.25851e-03	1.01671e-04	3.98159e-06	-4.17125e-05	-7.83263e-01	-3.13306e-01	-2.33128e-01	1.05339e-01	9.02000e-02
2.32165e-03	1.04522e-04	3.83830e-06	-4.62492e-05	-7.80703e-01	-3.12282e-01	-2.28324e-01	1.05411e-01	9.02000e-02
2.37023e-03	1.06720e-04	3.51498e-06	-5.26115e-05	-7.77879e-01	-3.11153e-01	-2.23487e-01	1.05464e-01	9.02000e-02
2.41455e-03	1.08725e-04	2.89363e-06	-5.15237e-05	-7.75951e-01	-3.10382e-01	-2.18618e-01	1.05498e-01	9.02000e-02
2.46571e-03	1.11036e-04	1.96433e-06	-3.93036e-05	-7.75003e-01	-3.10002e-01	-2.13719e-01	1.05513e-01	9.02000e-02
2.41607e-03	1.08802e-04	1.05907e-06	-2.55507e-05	-7.73818e-01	-3.09528e-01	-2.08789e-01	1.05508e-01	9.02000e-02
2.22540e-03	1.00213e-04	2.62407e-07	-1.73198e-05	-7.71884e-01	-3.08754e-01	-2.03829e-01	1.05485e-01	9.02000e-02
2.04642e-03	9.21480e-05	-3.41281e-07	-1.00674e-05	-7.69526e-01	-3.07811e-01	-1.98841e-01	1.05443e-01	9.02000e-02
1.98934e-03	8.95682e-05	-9.81921e-07	3.37333e-07	-7.67305e-01	-3.06923e-01	-1.93823e-01	1.05382e-01	9.02000e-02
1.91840e-03	8.63658e-05	-1.36615e-06	7.90832e-06	-7.65362e-01	-3.06145e-01	-1.88778e-01	1.05302e-01	9.02000e-02
1.67817e-03	7.55425e-05	-1.52538e-06	7.00311e-06	-7.62604e-01	-3.05042e-01	-1.83706e-01	1.05203e-01	9.02000e-02
1.40361e-03	6.31772e-05	-1.46847e-06	4.72784e-06	-7.57939e-01	-3.03176e-01	-1.78608e-01	1.05085e-01	9.02000e-02
1.35198e-03	6.08402e-05	-1.85243e-06	1.03491e-05	-7.52559e-01	-3.01024e-01	-1.73483e-01	1.04949e-01	9.02000e-02
1.46383e-03	6.58593e-05	-2.39997e-06	1.89972e-05	-7.48508e-01	-2.99404e-01	-1.68334e-01	1.04795e-01	9.02000e-02
1.49046e-03	6.70489e-05	-2.61701e-06	1.81216e-05	-7.44814e-01	-2.97926e-01	-1.63160e-01	1.04622e-01	9.02000e-02
1.36572e-03	6.14363e-05	-2.38243e-06	6.89068e-06	-7.41644e-01	-2.96658e-01	-1.57963e-01	1.04431e-01	9.02000e-02
1.16426e-03	5.23785e-05	-1.88761e-06	-2.96283e-06	-7.40263e-01	-2.96106e-01	-1.52743e-01	1.04223e-01	9.02000e-02
9.79381e-04	4.40572e-05	-1.67701e-06	-4.81798e-06	-7.38255e-01	-2.95302e-01	-1.47500e-01	1.03996e-01	9.02000e-02
8.77297e-04	3.94627e-05	-1.55741e-06	-4.74821e-06	-7.35151e-01	-2.94061e-01	-1.42236e-01	1.03751e-01	9.02000e-02
8.22988e-04	3.70187e-05	-1.49037e-06	-7.33122e-06	-7.33164e-01	-2.93266e-01	-1.36951e-01	1.03489e-01	9.02000e-02
7.47414e-04	3.36138e-05	-1.46747e-06	-5.30438e-06	-7.32008e-01	-2.92804e-01	-1.31646e-01	1.03210e-01	9.02000e-02
6.63847e-04	2.98367e-05	-1.64168e-06	4.70827e-06	-7.30077e-01	-2.92031e-01	-1.26322e-01	1.02913e-01	9.02000e-02
6.30462e-04	2.83218e-05	-1.79765e-06	1.32979e-05	-7.26442e-01	-2.90577e-01	-1.20979e-01	1.02600e-01	9.02000e-02
6.09866e-04	2.73864e-05	-1.89123e-06	1.55737e-05	-7.22052e-01	-2.88821e-01	-1.15619e-01	1.02269e-01	9.02000e-02
4.62077e-04	2.07422e-05	-1.53990e-06	1.64299e-05	-7.18389e-01	-2.87356e-01	-1.10242e-01	1.01922e-01	9.02000e-02
2.42939e-04	1.08947e-05	-9.57838e-07	1.81356e-05	-7.13314e-01	-2.85326e-01	-1.04848e-01	1.01559e-01	9.02000e-02
1.74687e-04	7.82956e-06	-7.42848e-07	1.82839e-05	-7.06251e-01	-2.82501e-01	-9.94387e-02	1.01179e-01	9.02000e-02
1.46955e-04	6.58481e-06	-6.42767e-07	1.97229e-05	-7.01010e-01	-2.80405e-01	-9.40148e-02	1.00783e-01	9.02000e-02
-1.43259e-04	-6.45495e-06	1.56755e-07	2.83227e-05	-6.96220e-01	-2.78487e-01	-8.85770e-02	1.00372e-01	9.02000e-02
-4.94413e-04	-2.22283e-05	1.19120e-06	4.12725e-05	-6.86379e-01	-2.74551e-01	-8.31259e-02	9.99447e-02	9.02000e-02
-4.81103e-04	-2.16443e-05	1.00015e-06	5.08249e-05	-6.74528e-01	-2.69810e-01	-7.76626e-02	9.95023e-02	9.02000e-02
-2.21991e-04	-1.00206e-05	7.68228e-08	5.46738e-05	-6.67197e-01	-2.66876e-01	-7.21876e-02	9.90449e-02	9.02000e-02
-3.62932e-05	-1.69370e-06	-6.18602e-07	5.35235e-05	-6.62336e-01	-2.64918e-01	-6.67018e-02	9.85726e-02	9.02000e-02
3.57705e-05	1.54018e-06	-8.48327e-07	4.92661e-05	-6.57387e-01	-2.62968e-01	-6.12060e-02	9.80857e-02	9.02000e-02
-4.49086e-05	-2.06894e-06	-4.24722e-07	4.59203e-05	-6.53817e-01	-2.61518e-01	-5.57010e-02	9.75844e-02	9.02000e-02
-3.04001e-04	-1.36801e-05	6.64625e-07	4.48750e-05	-6.49787e-01	-2.59913e-01	-5.01876e-02	9.70691e-02	9.02000e-02
-5.38629e-04	-2.41826e-05	1.77797e-06	4.45183e-05	-6.43936e-01	-2.57574e-01	-4.46666e-02	9.65398e-02	9.02000e-02
-6.26517e-04	-2.81140e-05	2.22748e-06	4.46764e-05	-6.38625e-01	-2.55449e-01	-3.91388e-02	9.59971e-02	9.02000e-02
-6.50373e-04	-2.91717e-05	2.45021e-06	4.43366e-05	-6.33875e-01	-2.53549e-01	-3.36049e-02	9.54410e-02	9.02000e-02
-6.24257e-04	-2.79934e-05	2.42786e-06	4.11396e-05	-6.27997e-01	-2.51198e-01	-2.80659e-02	9.48718e-02	9.02000e-02
-5.53122e-04	-2.47994e-05	2.19853e-06	3.78679e-05	-6.22566e-01	-2.49026e-01	-2.25225e-02	9.42898e-02	9.02000e-02
-5.42596e-04	-2.43214e-05	2.21974e-06	4.00322e-05	-6.18657e-01	-2.47462e-01	-1.69755e-02	9.36954e-02	9.02000e-02
-6.30805e-04	-2.82747e-05	2.59447e-06	4.70367e-05	-6.14390e-01	-2.45755e-01	-1.14257e-02	9.30887e-02	9.02000e-02
-7.41511e-04	-3.32269e-05	3.14943e-06	5.26160e-05	-6.09152e-01	-2.43660e-01	-5.87398e-03	9.24700e-02	9.02000e-02
-8.19241e-04	-3.66949e-05	3.62159e-06	5.47594e-05	-6.03761e-01	-2.41504e-01	-3.21116e-04	9.18396e-02	9.02000e-02
-8.31561e-04	-3.72365e-05	3.77344e-06	5.72660e-05	-5.98810e-01	-2.39523e-01	5.23207e-03	9.11979e-02	9.02000e-02
-7.47946e-04	-3.34964e-05	3.36706e-06	6.13430e-05	-5.94696e-01	-2.37877e-01	1.07848e-02	9.05450e-02	9.02000e-02
-5.81020e-04	-2.60364e-05	2.49212e-06	6.34536e-05	-5.91308e-01	-2.36522e-01	1.63362e-02	8.98812e-02	9.02000e-02
-4.12091e-04	-1.84760e-05	1.69660e-06	6.16243e-05	-5.88093e-01	-2.35235e-01	2.18855e-02	8.92069e-02	9.02000e-02
-3.81519e-04	-1.71049e-05	1.58126e-06	5.86096e-05	-5.85402e-01	-2.34159e-01	2.74318e-02	8.85223e-02	9.02000e-02
-5.62408e-04	-2.51720e-05	2.68213e-06	5.83759e-05	-5.83011e-01	-2.33203e-01	3.29744e-02	8.78277e-02	9.02000e-02
-8.41474e-04	-3.76266e-05	4.30134e-06	6.00563e-05	-5.79177e-01	-2.31669e-01	3.85125e-02	8.71234e-02	9.02000e-02
-1.03104e-03	-4.60763e-05	5.48650e-06	5.97263e-05	-5.73835e-01	-2.29533e-01	4.40452e-02	8.64096e-02	9.02000e-02
-1.01482e-03	-4.53362e-05	5.51973e-06	5.71024e-05	-5.67805e-01	-2.27121e-01	4.95717e-02	8.56867e-02	9.02000e-02
-8.25686e-04	-3.68885e-05	4.48351e-06	5.33757e-05	-5.62399e-01	-2.24958e-01	5.50912e-02	8.49550e-02	9.02000e-02
-6.15320e-04	-2.74909e-05	3.33989e-06	4.82274e-05	-5.59324e-01	-2.23729e-01	6.06029e-02	8.42147e-02	9.02000e-02
-4.66113e-04	-2.08244e-05	2.53502e-06	4.38302e-05	-5.57144e-01	-2.22857e-01	6.61060e-02	8.34661e-02	9.02000e-02
-3.62808e-04	-1.62160e-05	1.92626e-06	4.28025e-05	-5.55094e-01	-2.22036e-01	7.15996e-02	8.27095e-02	9.02000e-02
-3.72910e-04	-1.66618e-05	2.02423e-06	4.32224e-05	-5.54302e-01	-2.21719e-01	7.70831e-02	8.19452e-02	9.02000e-02
-5.20475e-04	-2.32334e-05	2.98274e-06	4.23151e-05	-5.52866e-01	-2.21145e-01	8.25555e-02	8.11735e-02	9.02000e-02
-6.40771e-04	-2.85841e-05	3.81056e-06	4.05461e-05	-5.49937e-01	-2.19974e-01	8.80162e-02	8.03947e-02	9.02000e-02
-6.39386e-04	-2.85128e-05	3.87096e-06	3.89829e-05	-5.47705e-01	-2.19081e-01	9.34642e-02	7.96090e-02	9.02000e-02
-5.90996e-04	-2.63500e-05	3.61373e-06	3.67872e-05	-5.46373e-01	-2.18548e-01	9.88988e-02	7.88167e-02	9.02000e-02
-5.42457e-04	-2.41791e-05	3.36438e-06	3.30752e-05	-5.45068e-01	-2.18027e-01	1.04319e-01	7.80181e-02	9.02000e-02
-5.12095e-04	-2.28170e-05	3.23710e-06	2.87750e-05	-5.44276e-01	-2.17710e-01	1.09725e-01	7.72136e-02	9.02000e-02
-5.36379e-04	-2.38893e-05	3.45637e-06	2.56159e-05	-5.44019e-01	-2.17607e-01	1.15114e-01	7.64032e-02	9.02000e-02
-5.71045e-04	-2.54244e-05	3.73944e-06	2.43500e-05	-5.43524e-01	-2.17409e-01	1.20487e-01	7.55875e-02	9.02000e-02
-5.26858e-04	-2.34533e-05	3.47567e-06	2.41701e-05	-5.42942e-01	-2.17176e-01	1.25843e-01	7.47666e-02	9.02000e-02
-4.29466e-04	-1.91161e-05	2.84544e-06	2.33445e-05	-5.43050e-01	-2.17219e-01	1.31181e-01	7.39407e-02	9.02000e-02
-3.84144e-04	-1.70953e-05	2.56800e-06	2.08458e-05	-5.43606e-01	-2.17442e-01	1.36499e-01	7.31103e-02	9.02000e-02
-4.05940e-04	-1.80578e-05	2.76241e-06	1.75118e-05	-5.43854e-01	-2.17541e-01	1.41799e-01	7.22755e-02	9.02000e-02
-4.26458e-04	-1.89620e-05	2.95581e-06	1.47329e-05	-5.43942e-01	-2.17577e-01	1.47077e-01	7.14367e-02	9.02000e-02
-4.19800e-04	-1.86603e-05	2.94588e-06	1.30854e-05	-5.44379e-01	-2.17752e-01	1.52335e-01	7.05940e-02	9.02000e-02
-4.14896e-04	-1.84383e-05	2.93644e-06	1.23603e-05	-5.45152e-01	-2.18060e-01	1.57571e-01	6.97478e-02	9.02000e-02
-4.31409e-04	-1.91680e-05	3.07899e-06	1.17584e-05	-5.46006e-01	-2.18402e-01	1.62784e-01	6.88984e-02	9.02000e-02
-4.63535e-04	-2.05887e-05	3.34940e-06	1.05561e-05	-5.46762e-01	-2.18705e-01	1.67973e-01	6.80460e-02	9.02000e-02
-4.99020e-04	-2.21579e-05	3.64799e-06	9.05990e-06	-5.47325e-01	-2.18930e-01	1.73139e-01	6.71908e-02	9.02000e-02
-5.30699e-04	-2.35579e-05	3.91937e-06	8.03099e-06	-5.47798e-01	-2.19119e-01	1.78280e-01	6.63331e-02	9.02000e-02
-5.56073e-04	-2.46781e-05	4.14315e-06	7.51576e-06	-5.48323e-01	-2.19329e-01	1.83395e-01	6.54733e-02	9.02000e-02
-5.73137e-04	-2.54299e-05	4.30307e-06	7.00655e-06	-5.48949e-01	-2.19579e-01	1.88484e-01	6.46115e-02	9.02000e-02
-5.81587e-04	-2.57986e-05	4.40282e-06	6.09300e-06	-5.49723e-01	-2.19889e-01	1.93545e-01	6.37480e-02	9.02000e-02
-5.84926e-04	-2.59402e-05	4.46628e-06	4.74269e-06	-5.50594e-01	-2.20237e-01	1.98580e-01	6.28831e-02	9.02000e-02
-5.88937e-04	-2.61117e-05	4.53397e-06	3.39755e-06	-5.51468e-01	-2.20587e-01	2.03585e-01	6.20171e-02	9.02000e-02
-6.02620e-04	-2.67125e-05	4.67257e-06	2.56217e-06	-5.52362e-01	-2.20945e-01	2.08562e-01	6.11501e-02	9.02000e-02
-6.34038e-04	-2.80994e-05	4.94920e-06	2.22252e-06	-5.53259e-01	-2.21303e-01	2.13509e-01	6.02824e-02	9.02000e-02
-6.76589e-04	-2.99790e-05	5.31615e-06	1.98121e-06	-5.54005e-01	-2.21602e-01	2.18425e-01	5.94143e-02	9.02000e-02
-7.12618e-04	-3.15691e-05	5.63429e-06	1.60611e-06	-5.54557e-01	-2.21823e-01	2.23311e-01	5.85461e-02	9.02000e-02
-7.36248e-04	-3.26092e-05	5.85844e-06	1.14452e-06	-5.55090e-01	-2.22036e-01	2.28164e-01	5.76779e-02	9.02000e-02
-7.57904e-04	-3.35614e-05	6.06961e-06	7.13836e-07	-5.55696e-01	-2.22278e-01	2.32986e-01	5.68100e-02	9.02000e-02
-7.83629e-04	-3.46935e-05	6.31455e-06	4.46129e-07	-5.56303e-01	-2.22521e-01	2.37774e-01	5.59427e-02	9.02000e-02
-8.11970e-04	-3.59412e-05	6.58138e-06	4.74364e-07	-5.56863e-01	-2.22745e-01	2.42528e-01	5.50762e-02	9.02000e-02
-8.46639e-04	-3.74687e-05	6.90062e-06	7.83439e-07	-5.57390e-01	-2.22956e-01	2.47248e-01	5.42108e-02	9.02000e-02
-8.93291e-04	-3.95259e-05	7.32142e-06	1.25222e-06	-5.57851e-01	-2.23140e-01	2.51933e-01	5.33466e-02	9.02000e-02
-9.46374e-04	-4.18666e-05	7.80001e-06	1.90875e-06	-5.58208e-01	-2.23283e-01	2.56583e-01	5.24840e-02	9.02000e-02
-9.91956e-04	-4.38750e-05	8.21893e-06	2.94086e-06	-5.58512e-01	-2.23405e-01	2.61197e-01	5.16231e-02	9.02000e-02
-1.02222e-03	-4.52053e-05	8.51301e-06	4.34252e-06	-5.58883e-01	-2.23553e-01	2.65773e-01	5.07642e-02	9.02000e-02
-1.04115e-03	-4.60341e-05	8.71513e-06	5.69688e-06	-5.59368e-01	-2.23747e-01	2.70313e-01	4.99074e-02	9.02000e-02
-1.05945e-03	-4.68351e-05	8.91206e-06	6.55084e-06	-5.59863e-01	-2.23945e-01	2.74814e-01	4.90532e-02	9.02000e-02
-1.08433e-03	-4.79264e-05	9.16557e-06	6.90950e-06	-5.60254e-01	-2.24101e-01	2.79278e-01	4.82016e-02	9.02000e-02
-1.11624e-03	-4.93273e-05	9.48562e-06	7.04268e-06	-5.60552e-01	-2.24220e-01	2.83702e-01	4.73528e-02	9.02000e-02
-1.15116e-03	-5.08596e-05	9.83675e-06	6.93647e-06	-5.60808e-01	-2.24323e-01	2.88086e-01	4.65072e-02	9.02000e-02
-1.18591e-03	-5.23842e-05	1.01892e-05	6.44230e-06	-5.60995e-01	-2.24397e-01	2.92431e-01	4.56649e-02	9.02000e-02
-1.21695e-03	-5.37449e-05	1.05102e-05	5.73064e-06	-5.61083e-01	-2.24433e-01	2.96735e-01	4.48262e-02	9.02000e-02
-1.23934e-03	-5.47233e-05	1.07562e-05	5.09891e-06	-5.61128e-01	-2.24451e-01	3.00998e-01	4.39912e-02	9.02000e-02
-1.25251e-03	-5.52943e-05	1.09240e-05	4.58047e-06	-5.61187e-01	-2.24474e-01	3.05219e-01	4.31603e-02	9.02000e-02
-1.26199e-03	-5.57019e-05	1.10620e-05	4.04430e-06	-5.61224e-01	-2.24489e-01	3.09399e-01	4.23335e-02	9.02000e-02
-1.27171e-03	-5.61202e-05	1.12003e-05	3.42348e-06	-5.61220e-01	-2.24487e-01	3.13535e-01	4.15111e-02	9.02000e-02
-1.28391e-03	-5.66479e-05	1.13603e-05	2.71542e-06	-5.61253e-01	-2.24501e-01	3.17629e-01	4.06933e-02	9.02000e-02
-1.30169e-03	-5.74219e-05	1.15702e-05	2.01417e-06	-5.61304e-01	-2.24521e-01	3.21679e-01	3.98803e-02	9.02000e-02
-1.32695e-03	-5.85260e-05	1.18460e-05	1.47362e-06	-5.61244e-01	-2.24497e-01	3.25686e-01	3.90723e-02	9.02000e-02
-1.35704e-03	-5.98424e-05	1.21673e-05	9.95658e-07	-5.61033e-01	-2.24413e-01	3.29648e-01	3.82696e-02	9.02000e-02
-1.38744e-03	-6.11711e-05	1.24982e-05	3.55482e-07	-5.60735e-01	-2.24293e-01	3.33565e-01	3.74723e-02	9.02000e-02
-1.41700e-03	-6.24621e-05	1.28250e-05	-1.73642e-07	-5.60406e-01	-2.24162e-01	3.37438e-01	3.66805e-02	9.02000e-02
-1.44538e-03	-6.37023e-05	1.31343e-05	-2.01000e-08	-5.60045e-01	-2.24017e-01	3.41265e-01	3.58946e-02	9.02000e-02
-1.46752e-03	-6.46667e-05	1.33905e-05	6.41247e-07	-5.59630e-01	-2.23851e-01	3.45045e-01	3.51147e-02	9.02000e-02
-1.47862e-03	-6.51441e-05	1.35478e-05	9.75706e-07	-5.59243e-01	-2.23697e-01	3.48780e-01	3.43409e-02	9.02000e-02
-1.48994e-03	-6.56316e-05	1.37066e-05	8.68997e-07	-5.58935e-01	-2.23573e-01	3.52468e-01	3.35735e-02	9.02000e-02
-1.51500e-03	-6.67242e-05	1.39909e-05	1.08203e-06	-5.58543e-01	-2.23417e-01	3.56110e-01	3.28127e-02	9.02000e-02
-1.54502e-03	-6.80326e-05	1.43315e-05	1.76706e-06	-5.57989e-01	-2.23195e-01	3.59704e-01	3.20585e-02	9.02000e-02
-1.56152e-03	-6.87452e-05	1.45526e-05	1.95969e-06	-5.57404e-01	-2.22961e-01	3.63250e-01	3.13113e-02	9.02000e-02
-1.56750e-03	-6.89985e-05	1.46544e-05	9.71028e-07	-5.56880e-01	-2.22752e-01	3.66749e-01	3.05711e-02	9.02000e-02
-1.58018e-03	-6.95459e-05	1.48233e-05	-5.42227e-07	-5.56384e-01	-2.22553e-01	3.70199e-01	2.98382e-02	9.02000e-02
-1.60087e-03	-7.04438e-05	1.50765e-05	-1.46034e-06	-5.55782e-01	-2.22312e-01	3.73601e-01	2.91127e-02	9.02000e-02
-1.60941e-03	-7.08057e-05	1.52230e-05	-1.38869e-06	-5.55046e-01	-2.22018e-01	3.76955e-01	2.83947e-02	9.02000e-02
-1.59688e-03	-7.02420e-05	1.51610e-05	-7.29013e-07	-5.54288e-01	-2.21715e-01	3.80260e-01	2.76845e-02	9.02000e-02
-1.58040e-03	-6.95061e-05	1.50548e-05	-2.89609e-07	-5.53617e-01	-2.21446e-01	3.83516e-01	2.69822e-02	9.02000e-02
-1.58515e-03	-6.97031e-05	1.51559e-05	-6.07136e-07	-5.53041e-01	-2.21216e-01	3.86722e-01	2.62879e-02	9.02000e-02
-1.61646e-03	-7.10695e-05	1.55036e-05	-1.18069e-06	-5.52433e-01	-2.20972e-01	3.89879e-01	2.56017e-02	9.02000e-02
-1.65805e-03	-7.28869e-05	1.59521e-05	-1.17168e-06	-5.51650e-01	-2.20659e-01	3.92987e-01	2.49239e-02	9.02000e-02
-1.68561e-03	-7.40862e-05	1.62736e-05	-8.53059e-07	-5.50724e-01	-2.20289e-01	3.96045e-01	2.42545e-02	9.02000e-02
-1.69107e-03	-7.43134e-05	1.63852e-05	-1.07693e-06	-5.49842e-01	-2.19936e-01	3.99053e-01	2.35938e-02	9.02000e-02
-1.69099e-03	-7.42969e-05	1.64435e-05	-1.74497e-06	-5.49112e-01	-2.19644e-01	4.02011e-01	2.29418e-02	9.02000e-02
-1.70017e-03	-7.46882e-05	1.65851e-05	-2.13852e-06	-5.48433e-01	-2.19372e-01	4.04918e-01	2.22986e-02	9.02000e-02
-1.71630e-03	-7.53866e-05	1.67896e-05	-2.26936e-06	-5.47614e-01	-2.19045e-01	4.07776e-01	2.16644e-02	9.02000e-02
-1.72833e-03	-7.59045e-05	1.69537e-05	-2.56491e-06	-5.46553e-01	-2.18620e-01	4.10584e-01	2.10392e-02	9.02000e-02
-1.72507e-03	-7.57503e-05	1.69712e-05	-2.53421e-06	-5.45309e-01	-2.18123e-01	4.13341e-01	2.04233e-02	9.02000e-02
-1.70008e-03	-7.46389e-05	1.67884e-05	-1.21787e-06	-5.44055e-01	-2.17621e-01	4.16048e-01	1.98167e-02	9.02000e-02
-1.65436e-03	-7.26173e-05	1.63999e-05	1.17197e-06	-5.42899e-01	-2.17159e-01	4.18704e-01	1.92195e-02	9.02000e-02
-1.60171e-03	-7.02954e-05	1.59259e-05	3.28715e-06	-5.41871e-01	-2.16748e-01	4.21311e-01	1.86318e-02	9.02000e-02
-1.56367e-03	-6.86169e-05	1.55886e-05	4.19922e-06	-5.40959e-01	-2.16383e-01	4.23867e-01	1.80537e-02	9.02000e-02
-1.55291e-03	-6.81362e-05	1.55188e-05	4.14747e-06	-5.40075e-01	-2.16029e-01	4.26372e-01	1.74852e-02	9.02000e-02
-1.55771e-03	-6.83376e-05	1.56055e-05	3.68391e-06	-5.39170e-01	-2.15667e-01	4.28828e-01	1.69265e-02	9.02000e-02
-1.56281e-03	-6.85515e-05	1.57003e-05	2.99962e-06	-5.38298e-01	-2.15319e-01	4.31233e-01	1.63777e-02	9.02000e-02
-1.57307e-03	-6.89896e-05	1.58555e-05	2.46028e-06	-5.37464e-01	-2.14985e-01	4.33589e-01	1.58388e-02	9.02000e-02
-1.59092e-03	-6.97600e-05	1.60889e-05	2.75101e-06	-5.36559e-01	-2.14623e-01	4.35894e-01	1.53098e-02	9.02000e-02
-1.58744e-03	-6.95992e-05	1.60897e-05	4.02126e-06	-5.35598e-01	-2.14238e-01	4.38150e-01	1.47908e-02	9.02000e-02
-1.54126e-03	-6.75678e-05	1.56505e-05	5.54380e-06	-5.34772e-01	-2.13908e-01	4.40356e-01	1.42819e-02	9.02000e-02
-1.48342e-03	-6.50238e-05	1.51002e-05	6.45446e-06	-5.34129e-01	-2.13651e-01	4.42513e-01	1.37832e-02	9.02000e-02
-1.45864e-03	-6.39308e-05	1.48772e-05	6.62129e-06	-5.33431e-01	-2.13372e-01	4.44620e-01	1.32945e-02	9.02000e-02
-1.46217e-03	-6.40799e-05	1.49361e-05	6.63828e-06	-5.32554e-01	-2.13021e-01	4.46679e-01	1.28161e-02	9.02000e-02
-1.46374e-03	-6.41393e-05	1.49930e-05	6.97011e-06	-5.31684e-01	-2.12673e-01	4.48689e-01	1.23479e-02	9.02000e-02
-1.46348e-03	-6.41187e-05	1.50304e-05	7.60011e-06	-5.30937e-01	-2.12374e-01	4.50650e-01	1.18898e-02	9.02000e-02
-1.47731e-03	-6.47193e-05	1.51940e-05	8.51272e-06	-5.30197e-01	-2.12078e-01	4.52563e-01	1.14420e-02	9.02000e-02
-1.50529e-03	-6.59386e-05	1.55105e-05	9.80676e-06	-5.29392e-01	-2.11756e-01	4.54428e-01	1.10045e-02	9.02000e-02
-1.53560e-03	-6.72550e-05	1.58705e-05	1.14621e-05	-5.28503e-01	-2.11401e-01	4.56245e-01	1.05772e-02	9.02000e-02
-1.55825e-03	-6.82371e-05	1.61461e-05	1.33433e-05	-5.27483e-01	-2.10993e-01	4.58015e-01	1.01601e-02	9.02000e-02
-1.56779e-03	-6.86483e-05	1.62715e-05	1.51386e-05	-5.26379e-01	-2.10551e-01	4.59739e-01	9.75315e-03	9.02000e-02
-1.56381e-03	-6.84672e-05	1.62609e-05	1.64466e-05	-5.25299e-01	-2.10119e-01	4.61415e-01	9.35641e-03	9.02000e-02
-1.54637e-03	-6.76939e-05	1.61204e-05	1.72245e-05	-5.24311e-01	-2.09724e-01	4.63046e-01	8.96982e-03	9.02000e-02
-1.51509e-03	-6.63144e-05	1.58370e-05	1.79225e-05	-5.23434e-01	-2.09373e-01	4.64631e-01	8.59333e-03	9.02000e-02
-1.48096e-03	-6.48131e-05	1.55100e-05	1.90721e-05	-5.22628e-01	-2.09050e-01	4.66171e-01	8.22689e-03	9.02000e-02
-1.45402e-03	-6.36289e-05	1.52502e-05	2.05963e-05	-5.21838e-01	-2.08735e-01	4.67666e-01	7.87045e-03	9.02000e-02
-1.42594e-03	-6.23915e-05	1.49911e-05	2.17802e-05	-5.21104e-01	-2.08441e-01	4.69116e-01	7.52395e-03	9.02000e-02
-1.39066e-03	-6.08427e-05	1.46417e-05	2.21851e-05	-5.20490e-01	-2.08195e-01	4.70523e-01	7.18731e-03	9.02000e-02
-1.37059e-03	-5.99662e-05	1.44233e-05	2.20699e-05	-5.19938e-01	-2.07974e-01	4.71887e-01	6.86045e-03	9.02000e-02
-1.38138e-03	-6.04338e-05	1.45568e-05	2.16923e-05	-5.19348e-01	-2.07739e-01	4.73208e-01	6.54329e-03	9.02000e-02
-1.40228e-03	-6.13376e-05	1.48200e-05	2.10560e-05	-5.18737e-01	-2.07494e-01	4.74488e-01	6.23573e-03	9.02000e-02
-1.41190e-03	-6.17527e-05	1.49455e-05	2.05608e-05	-5.18122e-01	-2.07248e-01	4.75725e-01	5.93768e-03	9.02000e-02
-1.40650e-03	-6.15134e-05	1.49019e-05	2.07679e-05	-5.17471e-01	-2.06988e-01	4.76922e-01	5.64901e-03	9.02000e-02
-1.38526e-03	-6.05784e-05	1.47012e-05	2.13954e-05	-5.16822e-01	-2.06728e-01	4.78079e-01	5.36961e-03	9.02000e-02
-1.35631e-03	-5.93108e-05	1.44004e-05	2.17410e-05	-5.16189e-01	-2.06475e-01	4.79197e-01	5.09936e-03	9.02000e-02
-1.32998e-03	-5.81597e-05	1.41195e-05	2.19407e-05	-5.15576e-01	-2.06230e-01	4.80275e-01	4.83812e-03	9.02000e-02
-1.30098e-03	-5.68823e-05	1.38493e-05	2.25517e-05	-5.15071e-01	-2.06028e-01	4.81316e-01	4.58574e-03	9.02000e-02
-1.26332e-03	-5.52277e-05	1.34826e-05	2.34609e-05	-5.14680e-01	-2.05872e-01	4.82320e-01	4.34208e-03	9.02000e-02
-1.22824e-03	-5.36914e-05	1.31186e-05	2.41258e-05	-5.14323e-01	-2.05729e-01	4.83287e-01	4.10698e-03	9.02000e-02
-1.21013e-03	-5.28955e-05	1.29418e-05	2.43343e-05	-5.13948e-01	-2.05579e-01	4.84219e-01	3.88027e-03	9.02000e-02
-1.20401e-03	-5.26248e-05	1.28899e-05	2.43495e-05	-5.13539e-01	-2.05415e-01	4.85116e-01	3.66177e-03	9.02000e-02
-1.19418e-03	-5.21923e-05	1.27958e-05	2.45435e-05	-5.13143e-01	-2.05256e-01	4.85979e-01	3.45129e-03	9.02000e-02
-1.17150e-03	-5.11934e-05	1.25858e-05	2.48606e-05	-5.12792e-01	-2.05116e-01	4.86809e-01	3.24866e-03	9.02000e-02
-1.14199e-03	-4.99005e-05	1.22815e-05	2.49718e-05	-5.12484e-01	-2.04993e-01	4.87606e-01	3.05366e-03	9.02000e-02
-1.11670e-03	-4.87966e-05	1.20047e-05	2.47466e-05	-5.12185e-01	-2.04873e-01	4.88373e-01	2.86610e-03	9.02000e-02
-1.10299e-03	-4.81982e-05	1.18551e-05	2.42690e-05	-5.11856e-01	-2.04742e-01	4.89110e-01	2.68574e-03	9.02000e-02
-1.10147e-03	-4.81300e-05	1.18460e-05	2.36725e-05	-5.11497e-01	-2.04598e-01	4.89817e-01	2.51237e-03	9.02000e-02
-1.10698e-03	-4.83665e-05	1.19222e-05	2.32563e-05	-5.11062e-01	-2.04424e-01	4.90496e-01	2.34576e-03	9.02000e-02
-1.10823e-03	-4.84187e-05	1.19447e-05	2.32433e-05	-5.10627e-01	-2.04250e-01	4.91149e-01	2.18566e-03	9.02000e-02
-1.09684e-03	-4.79136e-05	1.18526e-05	2.35196e-05	-5.10221e-01	-2.04088e-01	4.91775e-01	2.03182e-03	9.02000e-02
-1.07076e-03	-4.67706e-05	1.15858e-05	2.38123e-05	-5.09831e-01	-2.03932e-01	4.92376e-01	1.88399e-03	9.02000e-02
-1.04009e-03	-4.54295e-05	1.12594e-05	2.40241e-05	-5.09546e-01	-2.03818e-01	4.92954e-01	1.74189e-03	9.02000e-02
-1.00573e-03	-4.39210e-05	1.09192e-05	2.41733e-05	-5.09188e-01	-2.03674e-01	4.93509e-01	1.60526e-03	9.02000e-02
-9.73900e-04	-4.25403e-05	1.05356e-05	2.43070e-05	-5.08993e-01	-2.03597e-01	4.94042e-01	1.47382e-03	9.02000e-02
-9.41721e-04	-4.11115e-05	1.02814e-05	2.44451e-05	-5.08679e-01	-2.03471e-01	4.94555e-01	1.34727e-03	9.02000e-02
-9.10296e-04	-3.97649e-05	9.83579e-06	2.45666e-05	-5.08471e-01	-2.03388e-01	4.95050e-01	1.22530e-03	9.02000e-02
-8.80273e-04	-3.84213e-05	9.64178e-06	2.46456e-05	-5.08262e-01	-2.03304e-01	4.95527e-01	1.10763e-03	9.02000e-02
-8.46752e-04	-3.69889e-05	9.14997e-06	2.46825e-05	-5.07893e-01	-2.03157e-01	4.95987e-01	9.93927e-04	9.02000e-02
-8.12724e-04	-3.54837e-05	8.85827e-06	2.47058e-05	-5.07884e-01	-2.03153e-01	4.96432e-01	8.83871e-04	9.02000e-02
-7.72119e-04	-3.37008e-05	8.45624e-06	2.47358e-05	-5.07319e-01	-2.02927e-01	4.96864e-01	7.77130e-04	9.02000e-02
-7.19865e-04	-3.14639e-05	7.70697e-06	2.48152e-05	-5.07443e-01	-2.02977e-01	4.97283e-01	6.73365e-04	9.02000e-02
-6.72015e-04	-2.92512e-05	7.68428e-06	2.48549e-05	-5.06999e-01	-2.02799e-01	4.97692e-01	5.72227e-04	9.02000e-02
-5.90281e-04	-2.58597e-05	6.07887e-06	2.50142e-05	-5.06729e-01	-2.02691e-01	4.98091e-01	4.73360e-04	9.02000e-02
-5.62725e-04	-2.43253e-05	7.11559e-06	2.51870e-05	-5.07330e-01	-2.02932e-01	4.98483e-01	3.76399e-04	9.02000e-02
-4.71665e-04	-2.06387e-05	4.95636e-06	2.52276e-05	-5.05810e-01	-2.02323e-01	4.98868e-01	2.80970e-04	9.02000e-02
-5.53903e-04	-2.39799e-05	6.85805e-06	2.64303e-05	-5.10289e-01	-2.04115e-01	4.99248e-01	1.86693e-04	9.02000e-02
-8.36329e-04	-3.46232e-05	1.67348e-05	2.60451e-05	-5.09647e-01	-2.03858e-01	4.99625e-01	9.31767e-05	9.02000e-02
-6.51434e-04	-3.94363e-05	-3.71596e-05	1.85869e-05	-5.14353e-01	-2.05740e-01	5.00000e-01	0.00000e+00	9.02000e-02
