"Density"	"Momentum:0"	"Momentum:1"	"Momentum:2"	"StagnationEnergy"	"Pressure"	"Points:0"	"Points:1"	"Points:2"
2.01306e-02	-5.97859e-04	1.17629e-03	8.36614e-04	-5.19732e-01	-2.07917e-01	-4.96270e-01	0.00000e+00	1.14400e-01
3.74590e-03	2.61543e-04	2.06744e-04	2.47448e-04	-8.12461e-01	-3.24994e-01	-4.96217e-01	2.24938e-03	1.14400e-01
9.12880e-03	3.18420e-04	5.04973e-04	3.17091e-04	-7.25374e-01	-2.90159e-01	-4.96057e-01	4.49368e-03	1.14400e-01
1.53551e-02	3.69879e-04	8.50230e-04	3.23135e-04	-8.26091e-01	-3.30449e-01	-4.95789e-01	6.72772e-03	1.14400e-01
1.68875e-02	4.37234e-04	9.14145e-04	2.97041e-04	-8.61590e-01	-3.44649e-01	-4.95414e-01	8.94631e-03	1.14400e-01
1.89785e-02	4.72446e-04	1.01465e-03	2.93684e-04	-9.45188e-01	-3.78089e-01	-4.94934e-01	1.11444e-02	1.14400e-01
2.03200e-02	5.34227e-04	1.06219e-03	2.63586e-04	-1.04176e+00	-4.16720e-01	-4.94350e-01	1.33173e-02	1.14400e-01
2.08236e-02	5.65028e-04	1.06636e-03	2.50706e-04	-1.10746e+00	-4.42997e-01	-4.93666e-01	1.54608e-02	1.14400e-01
2.10964e-02	5.99782e-04	1.05401e-03	2.26607e-04	-1.20123e+00	-4.80508e-01	-4.92885e-01	1.75709e-02	1.14400e-01
2.08530e-02	6.19945e-04	1.01541e-03	2.09685e-04	-1.26242e+00	-5.04981e-01	-4.92057e-01	1.95431e-02	1.14400e-01
2.04408e-02	6.29444e-04	9.71864e-04	1.95330e-04	-1.31910e+00	-5.27654e-01	-4.91227e-01	2.13213e-02	1.14400e-01
1.98805e-02	6.34887e-04	9.21593e-04	1.79996e-04	-1.36746e+00	-5.46998e-01	-4.90394e-01	2.29547e-02	1.14400e-01
1.91803e-02	6.29777e-04	8.68761e-04	1.69658e-04	-1.40059e+00	-5.60247e-01	-4.89557e-01	2.44756e-02	1.14400e-01
1.84573e-02	6.22991e-04	8.16068e-04	1.56848e-04	-1.43370e+00	-5.73490e-01	-4.88714e-01	2.59066e-02	1.14400e-01
1.76439e-02	6.09152e-04	7.62504e-04	1.46865e-04	-1.45537e+00	-5.82161e-01	-4.87863e-01	2.72644e-02	1.14400e-01
1.68272e-02	5.93137e-04	7.10831e-04	1.35869e-04	-1.47463e+00	-5.89861e-01	-4.87004e-01	2.85618e-02	1.14400e-01
1.59750e-02	5.73180e-04	6.60192e-04	1.25247e-04	-1.48855e+00	-5.95428e-01	-4.86134e-01	2.98086e-02	1.14400e-01
1.51043e-02	5.50351e-04	6.11127e-04	1.14467e-04	-1.49807e+00	-5.99239e-01	-4.85253e-01	3.10127e-02	1.14400e-01
1.42262e-02	5.25157e-04	5.64069e-04	1.02974e-04	-1.50503e+00	-6.02020e-01	-4.84359e-01	3.21806e-02	1.14400e-01
1.33391e-02	4.97647e-04	5.18997e-04	9.12134e-05	-1.50822e+00	-6.03295e-01	-4.83450e-01	3.33175e-02	1.14400e-01
1.24602e-02	4.68611e-04	4.76516e-04	7.84961e-05	-1.50926e+00	-6.03710e-01	-4.82527e-01	3.44278e-02	1.14400e-01
1.15869e-02	4.38048e-04	4.36534e-04	6.48977e-05	-1.50797e+00	-6.03196e-01	-4.81587e-01	3.55154e-02	1.14400e-01
1.07248e-02	4.06464e-04	3.99070e-04	5.05677e-05	-1.50458e+00	-6.01837e-01	-4.80628e-01	3.65833e-02	1.14400e-01
9.87637e-03	3.74234e-04	3.63995e-04	3.57603e-05	-1.49982e+00	-5.99934e-01	-4.79651e-01	3.76343e-02	1.14400e-01
9.03884e-03	3.41545e-04	3.30965e-04	2.07859e-05	-1.49363e+00	-5.97457e-01	-4.78654e-01	3.86705e-02	1.14400e-01
8.21683e-03	3.08581e-04	3.00150e-04	5.38964e-06	-1.48660e+00	-5.94644e-01	-4.77636e-01	3.96942e-02	1.14400e-01
7.42559e-03	2.75978e-04	2.72056e-04	-1.06378e-05	-1.47901e+00	-5.91608e-01	-4.76595e-01	4.07068e-02	1.14400e-01
6.69432e-03	2.45063e-04	2.47495e-04	-2.70901e-05	-1.47103e+00	-5.88417e-01	-4.75531e-01	4.17100e-02	1.14400e-01
6.05855e-03	2.17605e-04	2.27217e-04	-4.30639e-05	-1.46308e+00	-5.85236e-01	-4.74442e-01	4.27050e-02	1.14400e-01
5.52973e-03	1.94657e-04	2.10827e-04	-5.71094e-05	-1.45537e+00	-5.82150e-01	-4.73328e-01	4.36929e-02	1.14400e-01
5.09868e-03	1.76364e-04	1.97269e-04	-6.78273e-05	-1.44830e+00	-5.79322e-01	-4.72188e-01	4.46746e-02	1.14400e-01
4.72444e-03	1.61462e-04	1.84593e-04	-7.42801e-05	-1.44215e+00	-5.76863e-01	-4.71020e-01	4.56510e-02	1.14400e-01
4.35664e-03	1.47996e-04	1.70940e-04	-7.62995e-05	-1.43708e+00	-5.74836e-01	-4.69824e-01	4.66228e-02	1.14400e-01
3.95764e-03	1.34256e-04	1.55248e-04	-7.44851e-05	-1.43316e+00	-5.73265e-01	-4.68598e-01	4.75906e-02	1.14400e-01
3.51423e-03	1.19378e-04	1.37451e-04	-6.98438e-05	-1.43029e+00	-5.72119e-01	-4.67343e-01	4.85548e-02	1.14400e-01
3.04003e-03	1.03549e-04	1.18406e-04	-6.34566e-05	-1.42842e+00	-5.71369e-01	-4.66057e-01	4.95159e-02	1.14400e-01
2.56529e-03	8.77052e-05	9.93885e-05	-5.61641e-05	-1.42742e+00	-5.70970e-01	-4.64739e-01	5.04743e-02	1.14400e-01
2.12201e-03	7.29765e-05	8.15646e-05	-4.84199e-05	-1.42717e+00	-5.70870e-01	-4.63388e-01	5.14301e-02	1.14400e-01
1.73268e-03	6.02176e-05	6.56552e-05	-4.03887e-05	-1.42753e+00	-5.71014e-01	-4.62004e-01	5.23837e-02	1.14400e-01
1.40097e-03	4.95985e-05	5.17001e-05	-3.19804e-05	-1.42834e+00	-5.71338e-01	-4.60586e-01	5.33351e-02	1.14400e-01
1.11756e-03	4.07613e-05	3.93633e-05	-2.30864e-05	-1.42945e+00	-5.71782e-01	-4.59133e-01	5.42844e-02	1.14400e-01
8.57102e-04	3.27408e-05	2.77920e-05	-1.33887e-05	-1.43073e+00	-5.72294e-01	-4.57645e-01	5.52318e-02	1.14400e-01
5.85711e-04	2.42325e-05	1.58923e-05	-2.38610e-06	-1.43206e+00	-5.72826e-01	-4.56120e-01	5.61772e-02	1.14400e-01
2.69288e-04	1.39085e-05	2.60480e-06	1.04155e-05	-1.43325e+00	-5.73300e-01	-4.54559e-01	5.71207e-02	1.14400e-01
-1.11354e-04	9.74360e-07	-1.25727e-05	2.52580e-05	-1.43406e+00	-5.73623e-01	-4.52960e-01	5.80621e-02	1.14400e-01
-5.60611e-04	-1.47948e-05	-2.96645e-05	4.22803e-05	-1.43439e+00	-5.73757e-01	-4.51323e-01	5.90015e-02	1.14400e-01
-1.06826e-03	-3.29884e-05	-4.83585e-05	6.16698e-05	-1.43432e+00	-5.73728e-01	-4.49647e-01	5.99386e-02	1.14400e-01
-1.60712e-03	-5.26438e-05	-6.76320e-05	8.27058e-05	-1.43402e+00	-5.73606e-01	-4.47933e-01	6.08733e-02	1.14400e-01
-2.15222e-03	-7.31065e-05	-8.61033e-05	1.03176e-04	-1.43359e+00	-5.73432e-01	-4.46178e-01	6.18055e-02	1.14400e-01
-2.68673e-03	-9.39775e-05	-1.02697e-04	1.20968e-04	-1.43267e+00	-5.73067e-01	-4.44383e-01	6.27350e-02	1.14400e-01
-3.14964e-03	-1.12545e-04	-1.16134e-04	1.35986e-04	-1.43066e+00	-5.72261e-01	-4.42548e-01	6.36616e-02	1.14400e-01
-3.46360e-03	-1.25196e-04	-1.25250e-04	1.49353e-04	-1.42799e+00	-5.71194e-01	-4.40671e-01	6.45851e-02	1.14400e-01
-3.65717e-03	-1.33089e-04	-1.30859e-04	1.61077e-04	-1.42536e+00	-5.70140e-01	-4.38752e-01	6.55052e-02	1.14400e-01
-3.83536e-03	-1.41024e-04	-1.34637e-04	1.68875e-04	-1.42161e+00	-5.68641e-01	-4.36792e-01	6.64217e-02	1.14400e-01
-4.06574e-03	-1.52469e-04	-1.36677e-04	1.69113e-04	-1.41581e+00	-5.66319e-01	-4.34788e-01	6.73343e-02	1.14400e-01
-4.31656e-03	-1.66470e-04	-1.35124e-04	1.58298e-04	-1.40778e+00	-5.63109e-01	-4.32742e-01	6.82428e-02	1.14400e-01
-4.47169e-03	-1.77533e-04	-1.28394e-04	1.36853e-04	-1.39708e+00	-5.58829e-01	-4.30653e-01	6.91468e-02	1.14400e-01
-4.51502e-03	-1.84250e-04	-1.17704e-04	1.09198e-04	-1.38437e+00	-5.53746e-01	-4.28520e-01	7.00461e-02	1.14400e-01
-4.66060e-03	-1.95649e-04	-1.07852e-04	7.75727e-05	-1.36952e+00	-5.47804e-01	-4.26343e-01	7.09404e-02	1.14400e-01
-4.98403e-03	-2.15486e-04	-9.89769e-05	3.84636e-05	-1.35128e+00	-5.40511e-01	-4.24122e-01	7.18293e-02	1.14400e-01
-5.16124e-03	-2.29699e-04	-8.45563e-05	-9.81226e-06	-1.32989e+00	-5.31952e-01	-4.21857e-01	7.27125e-02	1.14400e-01
-4.86062e-03	-2.22201e-04	-6.26893e-05	-5.80473e-05	-1.30737e+00	-5.22946e-01	-4.19546e-01	7.35898e-02	1.14400e-01
-4.22434e-03	-1.97494e-04	-4.10528e-05	-8.99641e-05	-1.28679e+00	-5.14713e-01	-4.17191e-01	7.44607e-02	1.14400e-01
-3.66848e-03	-1.73960e-04	-2.72331e-05	-1.03442e-04	-1.26764e+00	-5.07054e-01	-4.14791e-01	7.53250e-02	1.14400e-01
-3.31355e-03	-1.58598e-04	-1.88155e-05	-1.11284e-04	-1.24836e+00	-4.99341e-01	-4.12345e-01	7.61823e-02	1.14400e-01
-2.99936e-03	-1.45042e-04	-1.11262e-05	-1.18198e-04	-1.23056e+00	-4.92220e-01	-4.09853e-01	7.70323e-02	1.14400e-01
-2.57438e-03	-1.25959e-04	-3.66159e-06	-1.19000e-04	-1.21383e+00	-4.85529e-01	-4.07316e-01	7.78746e-02	1.14400e-01
-2.07877e-03	-1.03264e-04	3.16938e-06	-1.16082e-04	-1.19837e+00	-4.79348e-01	-4.04733e-01	7.87089e-02	1.14400e-01
-1.67534e-03	-8.52151e-05	1.01098e-05	-1.20426e-04	-1.18650e+00	-4.74597e-01	-4.02104e-01	7.95348e-02	1.14400e-01
-1.39924e-03	-7.40292e-05	1.90411e-05	-1.39974e-04	-1.17523e+00	-4.70089e-01	-3.99429e-01	8.03521e-02	1.14400e-01
-1.32995e-03	-7.27834e-05	2.77025e-05	-1.69705e-04	-1.16305e+00	-4.65213e-01	-3.96708e-01	8.11603e-02	1.14400e-01
-1.55521e-03	-8.43497e-05	3.16043e-05	-1.95416e-04	-1.15089e+00	-4.60350e-01	-3.93940e-01	8.19591e-02	1.14400e-01
-1.61782e-03	-8.78362e-05	3.51424e-05	-2.12976e-04	-1.13664e+00	-4.54648e-01	-3.91127e-01	8.27482e-02	1.14400e-01
-1.30051e-03	-7.41129e-05	4.29170e-05	-2.30226e-04	-1.12274e+00	-4.49087e-01	-3.88267e-01	8.35272e-02	1.14400e-01
-1.22782e-03	-7.19926e-05	5.02163e-05	-2.57979e-04	-1.10856e+00	-4.43411e-01	-3.85360e-01	8.42958e-02	1.14400e-01
-1.40442e-03	-8.16202e-05	5.71286e-05	-2.99614e-04	-1.08842e+00	-4.35355e-01	-3.82407e-01	8.50537e-02	1.14400e-01
-1.23916e-03	-7.56035e-05	6.73006e-05	-3.36505e-04	-1.06612e+00	-4.26428e-01	-3.79409e-01	8.58006e-02	1.14400e-01
-8.40157e-04	-5.76505e-05	7.44131e-05	-3.52555e-04	-1.04540e+00	-4.18129e-01	-3.76363e-01	8.65360e-02	1.14400e-01
-4.14718e-04	-3.81542e-05	8.02106e-05	-3.64317e-04	-1.02473e+00	-4.09825e-01	-3.73272e-01	8.72597e-02	1.14400e-01
1.26371e-04	-1.40701e-05	8.98103e-05	-3.88895e-04	-1.00675e+00	-4.02952e-01	-3.70134e-01	8.79713e-02	1.14400e-01
5.42292e-04	4.54562e-06	9.73674e-05	-4.09986e-04	-9.91091e-01	-3.96502e-01	-3.66951e-01	8.86706e-02	1.14400e-01
8.58933e-04	1.98404e-05	9.84687e-05	-4.11144e-04	-9.71253e-01	-3.88543e-01	-3.63722e-01	8.93572e-02	1.14400e-01
1.36351e-03	4.39735e-05	9.92086e-05	-4.03589e-04	-9.52616e-01	-3.81072e-01	-3.60446e-01	9.00309e-02	1.14400e-01
1.89580e-03	6.88847e-05	1.02092e-04	-4.01972e-04	-9.39008e-01	-3.75622e-01	-3.57126e-01	9.06912e-02	1.14400e-01
2.33557e-03	8.97157e-05	1.03293e-04	-4.01380e-04	-9.22698e-01	-3.69095e-01	-3.53759e-01	9.13380e-02	1.14400e-01
2.73081e-03	1.08964e-04	1.01394e-04	-3.88863e-04	-9.07443e-01	-3.62990e-01	-3.50348e-01	9.19709e-02	1.14400e-01
2.81014e-03	1.14163e-04	9.51564e-05	-3.64078e-04	-8.96365e-01	-3.58557e-01	-3.46891e-01	9.25896e-02	1.14400e-01
2.60800e-03	1.06602e-04	8.64565e-05	-3.39144e-04	-8.84379e-01	-3.53762e-01	-3.43390e-01	9.31939e-02	1.14400e-01
2.63943e-03	1.09457e-04	7.99009e-05	-3.16769e-04	-8.73777e-01	-3.49520e-01	-3.39843e-01	9.37835e-02	1.14400e-01
3.04657e-03	1.29274e-04	7.56363e-05	-2.89306e-04	-8.67941e-01	-3.47183e-01	-3.36253e-01	9.43581e-02	1.14400e-01
3.47772e-03	1.50005e-04	7.19391e-05	-2.60532e-04	-8.65085e-01	-3.46040e-01	-3.32618e-01	9.49175e-02	1.14400e-01
3.45186e-03	1.49705e-04	6.70159e-05	-2.42841e-04	-8.62117e-01	-3.44852e-01	-3.28939e-01	9.54615e-02	1.14400e-01
3.00243e-03	1.30086e-04	6.02088e-05	-2.32976e-04	-8.55680e-01	-3.42277e-01	-3.25217e-01	9.59897e-02	1.14400e-01
2.73536e-03	1.18756e-04	5.40995e-05	-2.17403e-04	-8.46195e-01	-3.38483e-01	-3.21451e-01	9.65020e-02	1.14400e-01
2.84657e-03	1.24600e-04	4.94750e-05	-1.94214e-04	-8.36363e-01	-3.34549e-01	-3.17642e-01	9.69981e-02	1.14400e-01
2.92060e-03	1.28711e-04	4.45540e-05	-1.71012e-04	-8.28476e-01	-3.31394e-01	-3.13791e-01	9.74778e-02	1.14400e-01
2.86336e-03	1.26702e-04	3.99689e-05	-1.53042e-04	-8.23907e-01	-3.29565e-01	-3.09897e-01	9.79410e-02	1.14400e-01
2.86621e-03	1.27363e-04	3.57768e-05	-1.33212e-04	-8.22961e-01	-3.29187e-01	-3.05961e-01	9.83873e-02	1.14400e-01
2.85970e-03	1.27677e-04	3.04235e-05	-1.04654e-04	-8.20871e-01	-3.28350e-01	-3.01983e-01	9.88167e-02	1.14400e-01
2.81500e-03	1.26229e-04	2.47186e-05	-7.76942e-05	-8.13799e-01	-3.25521e-01	-2.97964e-01	9.92289e-02	1.14400e-01
2.77449e-03	1.24678e-04	2.15833e-05	-6.57886e-05	-8.09550e-01	-3.23821e-01	-2.93904e-01	9.96238e-02	1.14400e-01
2.59321e-03	1.16527e-04	2.01499e-05	-6.52890e-05	-8.11331e-01	-3.24534e-01	-2.89804e-01	1.00001e-01	1.14400e-01
2.29866e-03	1.03279e-04	1.79705e-05	-6.16777e-05	-8.11388e-01	-3.24557e-01	-2.85663e-01	1.00361e-01	1.14400e-01
2.08249e-03	9.36935e-05	1.47120e-05	-5.02044e-05	-8.09755e-01	-3.23903e-01	-2.81483e-01	1.00703e-01	1.14400e-01
1.99092e-03	8.96952e-05	1.24011e-05	-3.96074e-05	-8.09115e-01	-3.23647e-01	-2.77263e-01	1.01027e-01	1.14400e-01
1.99164e-03	8.97761e-05	1.16052e-05	-3.80949e-05	-8.06743e-01	-3.22698e-01	-2.73005e-01	1.01333e-01	1.14400e-01
1.86439e-03	8.40100e-05	1.12170e-05	-4.26565e-05	-8.05726e-01	-3.22291e-01	-2.68708e-01	1.01621e-01	1.14400e-01
1.42032e-03	6.39398e-05	9.51393e-06	-4.31068e-05	-8.05657e-01	-3.22264e-01	-2.64374e-01	1.01890e-01	1.14400e-01
9.38149e-04	4.21840e-05	7.24071e-06	-3.71898e-05	-8.00791e-01	-3.20317e-01	-2.60002e-01	1.02142e-01	1.14400e-01
8.17430e-04	3.67631e-05	6.31651e-06	-3.40550e-05	-7.93610e-01	-3.17445e-01	-2.55593e-01	1.02374e-01	1.14400e-01
1.02636e-03	4.62187e-05	6.87746e-06	-3.77147e-05	-7.88193e-01	-3.15278e-01	-2.51148e-01	1.02589e-01	1.14400e-01
1.30974e-03	5.90477e-05	7.36619e-06	-4.03487e-05	-7.84164e-01	-3.13666e-01	-2.46667e-01	1.02784e-01	1.14400e-01
1.53643e-03	6.93326e-05	7.04178e-06	-3.73642e-05	-7.81737e-01	-3.12696e-01	-2.42150e-01	1.02961e-01	1.14400e-01
1.72778e-03	7.80238e-05	6.21019e-06	-3.05110e-05	-7.80615e-01	-3.12247e-01	-2.37599e-01	1.03120e-01	1.14400e-01
1.93753e-03	8.75504e-05	4.85023e-06	-1.94912e-05	-7.80444e-01	-3.12179e-01	-2.33013e-01	1.03259e-01	1.14400e-01
2.06592e-03	9.33828e-05	3.35897e-06	-7.97625e-06	-7.82399e-01	-3.12961e-01	-2.28394e-01	1.03380e-01	1.14400e-01
2.04807e-03	9.25790e-05	2.29147e-06	-6.05495e-07	-7.85709e-01	-3.14285e-01	-2.23741e-01	1.03482e-01	1.14400e-01
2.04223e-03	9.23107e-05	1.32769e-06	5.74523e-06	-7.88932e-01	-3.15574e-01	-2.19056e-01	1.03566e-01	1.14400e-01
2.06517e-03	9.33404e-05	1.68240e-07	1.34405e-05	-7.92316e-01	-3.16927e-01	-2.14339e-01	1.03631e-01	1.14400e-01
1.90968e-03	8.62976e-05	-6.54018e-07	1.85951e-05	-7.94572e-01	-3.17830e-01	-2.09591e-01	1.03676e-01	1.14400e-01
1.58179e-03	7.14639e-05	-1.17491e-06	2.02837e-05	-7.94205e-01	-3.17683e-01	-2.04811e-01	1.03704e-01	1.14400e-01
1.20124e-03	5.42565e-05	-1.55717e-06	2.14299e-05	-7.92425e-01	-3.16970e-01	-2.00002e-01	1.03712e-01	1.14400e-01
7.44029e-04	3.35925e-05	-1.79331e-06	2.31083e-05	-7.89513e-01	-3.15806e-01	-1.95163e-01	1.03702e-01	1.14400e-01
3.12337e-04	1.40868e-05	-2.03608e-06	2.59749e-05	-7.84226e-01	-3.13691e-01	-1.90295e-01	1.03673e-01	1.14400e-01
2.08105e-04	9.36939e-06	-2.23599e-06	2.97040e-05	-7.76977e-01	-3.10792e-01	-1.85398e-01	1.03626e-01	1.14400e-01
5.12344e-04	2.30890e-05	-2.54773e-06	3.01908e-05	-7.70559e-01	-3.08224e-01	-1.80474e-01	1.03561e-01	1.14400e-01
8.24646e-04	3.71760e-05	-2.42688e-06	2.57085e-05	-7.67613e-01	-3.07046e-01	-1.75523e-01	1.03477e-01	1.14400e-01
7.36486e-04	3.31914e-05	-2.16932e-06	2.14406e-05	-7.66907e-01	-3.06763e-01	-1.70545e-01	1.03374e-01	1.14400e-01
3.45715e-04	1.55594e-05	-1.66099e-06	2.07569e-05	-7.64735e-01	-3.05894e-01	-1.65542e-01	1.03254e-01	1.14400e-01
3.22242e-05	1.41771e-06	-1.24774e-06	1.87143e-05	-7.59842e-01	-3.03939e-01	-1.60514e-01	1.03115e-01	1.14400e-01
-1.13255e-04	-5.13139e-06	-6.26361e-07	1.27489e-05	-7.55445e-01	-3.02178e-01	-1.55461e-01	1.02959e-01	1.14400e-01
-2.52488e-04	-1.13962e-05	-5.92220e-08	9.37463e-06	-7.52108e-01	-3.00843e-01	-1.50385e-01	1.02785e-01	1.14400e-01
-3.55226e-04	-1.60299e-05	1.60480e-08	1.25946e-05	-7.46842e-01	-2.98736e-01	-1.45285e-01	1.02593e-01	1.14400e-01
-3.25901e-04	-1.47157e-05	-1.91942e-07	1.57663e-05	-7.40314e-01	-2.96125e-01	-1.40164e-01	1.02383e-01	1.14400e-01
-2.90834e-04	-1.31310e-05	-1.22190e-07	1.36220e-05	-7.34978e-01	-2.93991e-01	-1.35020e-01	1.02156e-01	1.14400e-01
-2.94159e-04	-1.32713e-05	9.90630e-08	1.24061e-05	-7.30346e-01	-2.92138e-01	-1.29856e-01	1.01912e-01	1.14400e-01
-1.77921e-04	-8.05151e-06	-4.04268e-07	1.79108e-05	-7.25249e-01	-2.90099e-01	-1.24672e-01	1.01650e-01	1.14400e-01
-2.85252e-05	-1.34990e-06	-1.13284e-06	2.46389e-05	-7.21477e-01	-2.88586e-01	-1.19468e-01	1.01372e-01	1.14400e-01
-1.29851e-04	-5.91780e-06	-9.65843e-07	2.65393e-05	-7.19283e-01	-2.87712e-01	-1.14246e-01	1.01077e-01	1.14400e-01
-3.66620e-04	-1.65611e-05	-1.56183e-07	2.59160e-05	-7.14235e-01	-2.85694e-01	-1.09005e-01	1.00765e-01	1.14400e-01
-3.67518e-04	-1.66045e-05	-1.65474e-07	2.72059e-05	-7.06087e-01	-2.82434e-01	-1.03747e-01	1.00437e-01	1.14400e-01
-1.60006e-04	-7.28672e-06	-9.21142e-07	3.09717e-05	-7.00321e-01	-2.80127e-01	-9.84733e-02	1.00093e-01	1.14400e-01
-3.57190e-05	-1.71552e-06	-1.47292e-06	3.51484e-05	-6.98028e-01	-2.79204e-01	-9.31833e-02	9.97324e-02	1.14400e-01
-8.61694e-05	-3.99882e-06	-1.47698e-06	3.99608e-05	-6.96306e-01	-2.78519e-01	-8.78783e-02	9.93563e-02	1.14400e-01
-2.11558e-04	-9.65576e-06	-1.31802e-06	4.72083e-05	-6.93802e-01	-2.77518e-01	-8.25590e-02	9.89646e-02	1.14400e-01
-3.49827e-04	-1.58905e-05	-1.09637e-06	5.49047e-05	-6.90582e-01	-2.76231e-01	-7.72262e-02	9.85575e-02	1.14400e-01
-5.21264e-04	-2.35943e-05	-4.95473e-07	5.91688e-05	-6.86109e-01	-2.74442e-01	-7.18807e-02	9.81353e-02	1.14400e-01
-7.01361e-04	-3.16672e-05	3.65612e-07	5.77156e-05	-6.78587e-01	-2.71433e-01	-6.65232e-02	9.76982e-02	1.14400e-01
-7.97708e-04	-3.59585e-05	1.16245e-06	4.96667e-05	-6.68635e-01	-2.67453e-01	-6.11545e-02	9.72464e-02	1.14400e-01
-7.83463e-04	-3.52744e-05	1.65430e-06	3.93855e-05	-6.59457e-01	-2.63782e-01	-5.57753e-02	9.67801e-02	1.14400e-01
-7.46347e-04	-3.35886e-05	1.75976e-06	3.53749e-05	-6.52621e-01	-2.61048e-01	-5.03865e-02	9.62996e-02	1.14400e-01
-7.94070e-04	-3.57323e-05	1.93614e-06	3.92666e-05	-6.47461e-01	-2.58984e-01	-4.49888e-02	9.58051e-02	1.14400e-01
-9.17838e-04	-4.12814e-05	2.47388e-06	4.28928e-05	-6.41961e-01	-2.56784e-01	-3.95830e-02	9.52969e-02	1.14400e-01
-9.63025e-04	-4.32839e-05	2.92283e-06	3.95783e-05	-6.34883e-01	-2.53953e-01	-3.41699e-02	9.47752e-02	1.14400e-01
-8.43558e-04	-3.78938e-05	2.78006e-06	3.19540e-05	-6.28173e-01	-2.51269e-01	-2.87502e-02	9.42403e-02	1.14400e-01
-7.12938e-04	-3.20199e-05	2.41941e-06	2.72359e-05	-6.23990e-01	-2.49596e-01	-2.33248e-02	9.36924e-02	1.14400e-01
-7.18032e-04	-3.22401e-05	2.52790e-06	2.84136e-05	-6.20189e-01	-2.48075e-01	-1.78944e-02	9.31318e-02	1.14400e-01
-7.65060e-04	-3.43563e-05	2.65988e-06	3.21928e-05	-6.14878e-01	-2.45951e-01	-1.24599e-02	9.25587e-02	1.14400e-01
-7.61555e-04	-3.41985e-05	2.66298e-06	3.50801e-05	-6.10584e-01	-2.44233e-01	-7.02191e-03	9.19735e-02	1.14400e-01
-7.54663e-04	-3.38852e-05	2.68537e-06	3.74954e-05	-6.07771e-01	-2.43108e-01	-1.58138e-03	9.13764e-02	1.14400e-01
-7.59115e-04	-3.40842e-05	2.72158e-06	4.07049e-05	-6.04419e-01	-2.41767e-01	3.86096e-03	9.07676e-02	1.14400e-01
-7.61951e-04	-3.42093e-05	2.76404e-06	4.33524e-05	-6.01156e-01	-2.40462e-01	9.30430e-03	9.01474e-02	1.14400e-01
-7.82139e-04	-3.51016e-05	2.97197e-06	4.39367e-05	-5.98373e-01	-2.39348e-01	1.47478e-02	8.95161e-02	1.14400e-01
-7.70777e-04	-3.45780e-05	3.05636e-06	4.31300e-05	-5.94810e-01	-2.37923e-01	2.01908e-02	8.88740e-02	1.14400e-01
-6.96801e-04	-3.12639e-05	2.73578e-06	4.21321e-05	-5.91401e-01	-2.36560e-01	2.56324e-02	8.82213e-02	1.14400e-01
-6.46181e-04	-2.89884e-05	2.58290e-06	4.14738e-05	-5.89499e-01	-2.35799e-01	3.10718e-02	8.75584e-02	1.14400e-01
-6.68164e-04	-2.99619e-05	2.78327e-06	4.07896e-05	-5.87899e-01	-2.35159e-01	3.65082e-02	8.68854e-02	1.14400e-01
-7.50936e-04	-3.36440e-05	3.37394e-06	3.94943e-05	-5.85748e-01	-2.34298e-01	4.19409e-02	8.62027e-02	1.14400e-01
-9.28897e-04	-4.15786e-05	4.48386e-06	3.95465e-05	-5.82884e-01	-2.33153e-01	4.73690e-02	8.55106e-02	1.14400e-01
-1.14390e-03	-5.11766e-05	5.72877e-06	4.37835e-05	-5.78374e-01	-2.31349e-01	5.27917e-02	8.48093e-02	1.14400e-01
-1.19133e-03	-5.32934e-05	6.01276e-06	4.99075e-05	-5.72301e-01	-2.28919e-01	5.82083e-02	8.40991e-02	1.14400e-01
-1.00531e-03	-4.49872e-05	4.96578e-06	5.21183e-05	-5.66637e-01	-2.26654e-01	6.36180e-02	8.33802e-02	1.14400e-01
-7.49815e-04	-3.35653e-05	3.62758e-06	4.89406e-05	-5.62424e-01	-2.24969e-01	6.90199e-02	8.26531e-02	1.14400e-01
-5.82187e-04	-2.60703e-05	2.75863e-06	4.34747e-05	-5.59136e-01	-2.23654e-01	7.44133e-02	8.19179e-02	1.14400e-01
-5.40672e-04	-2.41974e-05	2.66884e-06	3.77816e-05	-5.56948e-01	-2.22778e-01	7.97974e-02	8.11749e-02	1.14400e-01
-5.89028e-04	-2.63318e-05	3.12645e-06	3.27175e-05	-5.55149e-01	-2.22059e-01	8.51715e-02	8.04244e-02	1.14400e-01
-6.49569e-04	-2.90149e-05	3.61691e-06	2.92571e-05	-5.52847e-01	-2.21138e-01	9.05346e-02	7.96667e-02	1.14400e-01
-6.75259e-04	-3.01451e-05	3.88485e-06	2.70905e-05	-5.50996e-01	-2.20398e-01	9.58861e-02	7.89021e-02	1.14400e-01
-6.65779e-04	-2.97105e-05	3.91120e-06	2.50885e-05	-5.49670e-01	-2.19867e-01	1.01225e-01	7.81308e-02	1.14400e-01
-6.20269e-04	-2.76726e-05	3.69448e-06	2.27286e-05	-5.48446e-01	-2.19378e-01	1.06551e-01	7.73531e-02	1.14400e-01
-5.70324e-04	-2.54348e-05	3.46360e-06	2.01787e-05	-5.47777e-01	-2.19110e-01	1.11863e-01	7.65693e-02	1.14400e-01
-5.63768e-04	-2.51312e-05	3.50022e-06	1.80779e-05	-5.47280e-01	-2.18912e-01	1.17160e-01	7.57797e-02	1.14400e-01
-5.91513e-04	-2.63573e-05	3.74535e-06	1.67414e-05	-5.46632e-01	-2.18653e-01	1.22442e-01	7.49845e-02	1.14400e-01
-6.15883e-04	-2.74319e-05	3.97489e-06	1.56463e-05	-5.46174e-01	-2.18469e-01	1.27707e-01	7.41840e-02	1.14400e-01
-6.08123e-04	-2.70772e-05	3.98420e-06	1.45660e-05	-5.45700e-01	-2.18280e-01	1.32955e-01	7.33785e-02	1.14400e-01
-5.58902e-04	-2.48807e-05	3.69447e-06	1.38817e-05	-5.45397e-01	-2.18158e-01	1.38186e-01	7.25682e-02	1.14400e-01
-5.11090e-04	-2.27477e-05	3.40793e-06	1.33532e-05	-5.45745e-01	-2.18298e-01	1.43398e-01	7.17535e-02	1.14400e-01
-5.11256e-04	-2.27487e-05	3.45020e-06	1.24203e-05	-5.46320e-01	-2.18528e-01	1.48591e-01	7.09345e-02	1.14400e-01
-5.35560e-04	-2.38213e-05	3.66987e-06	1.13119e-05	-5.46676e-01	-2.18670e-01	1.53763e-01	7.01116e-02	1.14400e-01
-5.37954e-04	-2.39199e-05	3.73557e-06	1.03935e-05	-5.47021e-01	-2.18808e-01	1.58915e-01	6.92850e-02	1.14400e-01
-5.22547e-04	-2.32283e-05	3.66976e-06	9.52740e-06	-5.47550e-01	-2.19020e-01	1.64046e-01	6.84550e-02	1.14400e-01
-5.17034e-04	-2.29768e-05	3.67053e-06	8.87508e-06	-5.48229e-01	-2.19291e-01	1.69154e-01	6.76218e-02	1.14400e-01
-5.25647e-04	-2.33544e-05	3.76335e-06	9.06341e-06	-5.48980e-01	-2.19592e-01	1.74239e-01	6.67857e-02	1.14400e-01
-5.35891e-04	-2.38052e-05	3.86263e-06	9.89524e-06	-5.49792e-01	-2.19916e-01	1.79301e-01	6.59470e-02	1.14400e-01
-5.45519e-04	-2.42275e-05	3.96462e-06	1.00952e-05	-5.50646e-01	-2.20258e-01	1.84338e-01	6.51059e-02	1.14400e-01
-5.61994e-04	-2.49513e-05	4.13179e-06	8.87940e-06	-5.51422e-01	-2.20569e-01	1.89350e-01	6.42627e-02	1.14400e-01
-5.85830e-04	-2.59999e-05	4.36349e-06	6.89641e-06	-5.52052e-01	-2.20821e-01	1.94336e-01	6.34176e-02	1.14400e-01
-6.11912e-04	-2.71485e-05	4.61065e-06	5.31286e-06	-5.52615e-01	-2.21046e-01	1.99296e-01	6.25708e-02	1.14400e-01
-6.39491e-04	-2.83643e-05	4.86320e-06	4.56251e-06	-5.53204e-01	-2.21281e-01	2.04229e-01	6.17227e-02	1.14400e-01
-6.72996e-04	-2.98433e-05	5.15889e-06	4.29211e-06	-5.53818e-01	-2.21527e-01	2.09134e-01	6.08735e-02	1.14400e-01
-7.11655e-04	-3.15502e-05	5.49730e-06	4.06377e-06	-5.54409e-01	-2.21763e-01	2.14010e-01	6.00234e-02	1.14400e-01
-7.49784e-04	-3.32329e-05	5.83570e-06	3.73414e-06	-5.54963e-01	-2.21985e-01	2.18858e-01	5.91727e-02	1.14400e-01
-7.86471e-04	-3.48510e-05	6.16577e-06	3.31348e-06	-5.55483e-01	-2.22193e-01	2.23675e-01	5.83216e-02	1.14400e-01
-8.23175e-04	-3.64696e-05	6.49729e-06	2.82899e-06	-5.55937e-01	-2.22375e-01	2.28462e-01	5.74703e-02	1.14400e-01
-8.54911e-04	-3.78676e-05	6.79216e-06	2.39470e-06	-5.56312e-01	-2.22525e-01	2.33218e-01	5.66191e-02	1.14400e-01
-8.73795e-04	-3.86960e-05	6.98684e-06	2.11619e-06	-5.56663e-01	-2.22665e-01	2.37942e-01	5.57683e-02	1.14400e-01
-8.81843e-04	-3.90444e-05	7.09509e-06	1.83823e-06	-5.57063e-01	-2.22825e-01	2.42634e-01	5.49180e-02	1.14400e-01
-8.91344e-04	-3.94567e-05	7.21708e-06	1.26520e-06	-5.57522e-01	-2.23008e-01	2.47292e-01	5.40686e-02	1.14400e-01
-9.12585e-04	-4.03882e-05	7.43664e-06	3.67242e-07	-5.57959e-01	-2.23183e-01	2.51917e-01	5.32202e-02	1.14400e-01
-9.42459e-04	-4.17009e-05	7.73081e-06	-6.70773e-07	-5.58281e-01	-2.23312e-01	2.56508e-01	5.23730e-02	1.14400e-01
-9.68091e-04	-4.28252e-05	7.99341e-06	-1.78855e-06	-5.58483e-01	-2.23393e-01	2.61064e-01	5.15274e-02	1.14400e-01
-9.84101e-04	-4.35239e-05	8.17621e-06	-2.81088e-06	-5.58704e-01	-2.23481e-01	2.65585e-01	5.06835e-02	1.14400e-01
-1.00326e-03	-4.43627e-05	8.38155e-06	-3.13386e-06	-5.59032e-01	-2.23612e-01	2.70070e-01	4.98415e-02	1.14400e-01
-1.03932e-03	-4.59496e-05	8.72217e-06	-2.32887e-06	-5.59349e-01	-2.23739e-01	2.74518e-01	4.90017e-02	1.14400e-01
-1.08648e-03	-4.80266e-05	9.15819e-06	-7.72156e-07	-5.59553e-01	-2.23821e-01	2.78929e-01	4.81644e-02	1.14400e-01
-1.12821e-03	-4.98629e-05	9.55551e-06	8.40313e-07	-5.59711e-01	-2.23884e-01	2.83302e-01	4.73296e-02	1.14400e-01
-1.15576e-03	-5.10714e-05	9.83595e-06	2.23475e-06	-5.59924e-01	-2.23969e-01	2.87637e-01	4.64977e-02	1.14400e-01
-1.17403e-03	-5.18700e-05	1.00361e-05	3.39279e-06	-5.60205e-01	-2.24082e-01	2.91934e-01	4.56688e-02	1.14400e-01
-1.18951e-03	-5.25448e-05	1.02148e-05	4.09739e-06	-5.60445e-01	-2.24177e-01	2.96191e-01	4.48432e-02	1.14400e-01
-1.19669e-03	-5.28518e-05	1.03286e-05	4.14898e-06	-5.60608e-01	-2.24243e-01	3.00409e-01	4.40211e-02	1.14400e-01
-1.18901e-03	-5.25022e-05	1.03158e-05	3.70260e-06	-5.60830e-01	-2.24332e-01	3.04586e-01	4.32027e-02	1.14400e-01
-1.17655e-03	-5.19422e-05	1.02559e-05	3.05407e-06	-5.61139e-01	-2.24455e-01	3.08723e-01	4.23882e-02	1.14400e-01
-1.17525e-03	-5.18755e-05	1.02913e-05	2.30546e-06	-5.61383e-01	-2.24553e-01	3.12818e-01	4.15778e-02	1.14400e-01
-1.18759e-03	-5.24094e-05	1.04530e-05	1.34619e-06	-5.61498e-01	-2.24599e-01	3.16872e-01	4.07718e-02	1.14400e-01
-1.20942e-03	-5.33618e-05	1.07009e-05	1.26616e-07	-5.61528e-01	-2.24611e-01	3.20884e-01	3.99702e-02	1.14400e-01
-1.24444e-03	-5.48962e-05	1.10653e-05	-1.07841e-06	-5.61502e-01	-2.24600e-01	3.24853e-01	3.91734e-02	1.14400e-01
-1.29804e-03	-5.72497e-05	1.15951e-05	-1.88987e-06	-5.61348e-01	-2.24539e-01	3.28780e-01	3.83814e-02	1.14400e-01
-1.36228e-03	-6.00715e-05	1.22243e-05	-2.31141e-06	-5.60980e-01	-2.24391e-01	3.32663e-01	3.75946e-02	1.14400e-01
-1.41874e-03	-6.25498e-05	1.27882e-05	-2.61649e-06	-5.60489e-01	-2.24195e-01	3.36502e-01	3.68131e-02	1.14400e-01
-1.46219e-03	-6.44535e-05	1.32387e-05	-2.70022e-06	-5.60038e-01	-2.24015e-01	3.40297e-01	3.60371e-02	1.14400e-01
-1.50099e-03	-6.61515e-05	1.36483e-05	-2.17768e-06	-5.59585e-01	-2.23833e-01	3.44048e-01	3.52667e-02	1.14400e-01
-1.53507e-03	-6.76416e-05	1.40148e-05	-1.28887e-06	-5.59042e-01	-2.23616e-01	3.47753e-01	3.45023e-02	1.14400e-01
-1.55682e-03	-6.85884e-05	1.42700e-05	-8.57899e-07	-5.58523e-01	-2.23409e-01	3.51414e-01	3.37439e-02	1.14400e-01
-1.57315e-03	-6.92971e-05	1.44719e-05	-1.05652e-06	-5.58061e-01	-2.23224e-01	3.55029e-01	3.29917e-02	1.14400e-01
-1.59669e-03	-7.03216e-05	1.47467e-05	-1.08808e-06	-5.57481e-01	-2.22992e-01	3.58598e-01	3.22459e-02	1.14400e-01
-1.61830e-03	-7.12605e-05	1.50065e-05	-3.70247e-07	-5.56735e-01	-2.22693e-01	3.62120e-01	3.15067e-02	1.14400e-01
-1.61674e-03	-7.11793e-05	1.50521e-05	8.35401e-07	-5.56031e-01	-2.22412e-01	3.65597e-01	3.07742e-02	1.14400e-01
-1.59416e-03	-7.01725e-05	1.49017e-05	2.00960e-06	-5.55540e-01	-2.22215e-01	3.69026e-01	3.00487e-02	1.14400e-01
-1.57755e-03	-6.94289e-05	1.48047e-05	2.74340e-06	-5.55157e-01	-2.22062e-01	3.72409e-01	2.93302e-02	1.14400e-01
-1.58678e-03	-6.98242e-05	1.49425e-05	2.71423e-06	-5.54674e-01	-2.21869e-01	3.75744e-01	2.86190e-02	1.14400e-01
-1.61667e-03	-7.11289e-05	1.52741e-05	1.92160e-06	-5.54051e-01	-2.21620e-01	3.79031e-01	2.79152e-02	1.14400e-01
-1.64794e-03	-7.24915e-05	1.56305e-05	5.92775e-07	-5.53389e-01	-2.21355e-01	3.82271e-01	2.72190e-02	1.14400e-01
-1.67082e-03	-7.34835e-05	1.59130e-05	-1.23576e-06	-5.52733e-01	-2.21093e-01	3.85463e-01	2.65305e-02	1.14400e-01
-1.68758e-03	-7.42071e-05	1.61365e-05	-3.54625e-06	-5.51977e-01	-2.20790e-01	3.88607e-01	2.58498e-02	1.14400e-01
-1.69920e-03	-7.47064e-05	1.62997e-05	-5.87021e-06	-5.51018e-01	-2.20407e-01	3.91702e-01	2.51771e-02	1.14400e-01
-1.70657e-03	-7.50183e-05	1.64273e-05	-7.31696e-06	-5.50027e-01	-2.20010e-01	3.94749e-01	2.45126e-02	1.14400e-01
-1.71635e-03	-7.54342e-05	1.65856e-05	-7.28166e-06	-5.49136e-01	-2.19654e-01	3.97747e-01	2.38563e-02	1.14400e-01
-1.72846e-03	-7.59547e-05	1.67546e-05	-6.08963e-06	-5.48252e-01	-2.19300e-01	4.00697e-01	2.32085e-02	1.14400e-01
-1.72926e-03	-7.59783e-05	1.68144e-05	-4.57268e-06	-5.47369e-01	-2.18947e-01	4.03597e-01	2.25692e-02	1.14400e-01
-1.71245e-03	-7.52283e-05	1.67041e-05	-3.36463e-06	-5.46609e-01	-2.18643e-01	4.06449e-01	2.19385e-02	1.14400e-01
-1.69258e-03	-7.43431e-05	1.65644e-05	-2.86450e-06	-5.46030e-01	-2.18411e-01	4.09251e-01	2.13166e-02	1.14400e-01
-1.69270e-03	-7.43375e-05	1.66141e-05	-3.09343e-06	-5.45349e-01	-2.18139e-01	4.12005e-01	2.07036e-02	1.14400e-01
-1.70890e-03	-7.50392e-05	1.68166e-05	-3.53283e-06	-5.44316e-01	-2.17726e-01	4.14709e-01	2.00996e-02	1.14400e-01
-1.71998e-03	-7.55103e-05	1.69951e-05	-3.88325e-06	-5.43178e-01	-2.17271e-01	4.17364e-01	1.95047e-02	1.14400e-01
-1.71997e-03	-7.54968e-05	1.70535e-05	-4.43702e-06	-5.42118e-01	-2.16847e-01	4.19969e-01	1.89190e-02	1.14400e-01
-1.70854e-03	-7.49867e-05	1.69759e-05	-5.26780e-06	-5.41109e-01	-2.16443e-01	4.22526e-01	1.83426e-02	1.14400e-01
-1.69085e-03	-7.41999e-05	1.68457e-05	-5.95351e-06	-5.40200e-01	-2.16080e-01	4.25033e-01	1.77756e-02	1.14400e-01
-1.68728e-03	-7.40287e-05	1.68745e-05	-6.07393e-06	-5.39403e-01	-2.15761e-01	4.27492e-01	1.72180e-02	1.14400e-01
-1.71388e-03	-7.51835e-05	1.71951e-05	-5.53702e-06	-5.38567e-01	-2.15426e-01	4.29901e-01	1.66700e-02	1.14400e-01
-1.75262e-03	-7.68769e-05	1.76094e-05	-4.79653e-06	-5.37514e-01	-2.15005e-01	4.32261e-01	1.61315e-02	1.14400e-01
-1.76381e-03	-7.73577e-05	1.77655e-05	-4.59486e-06	-5.36317e-01	-2.14526e-01	4.34572e-01	1.56028e-02	1.14400e-01
-1.73094e-03	-7.59005e-05	1.75023e-05	-5.30920e-06	-5.35255e-01	-2.14101e-01	4.36835e-01	1.50838e-02	1.14400e-01
-1.67749e-03	-7.35454e-05	1.70116e-05	-6.61258e-06	-5.34435e-01	-2.13773e-01	4.39048e-01	1.45746e-02	1.14400e-01
-1.64341e-03	-7.20445e-05	1.66950e-05	-7.57738e-06	-5.33741e-01	-2.13496e-01	4.41214e-01	1.40752e-02	1.14400e-01
-1.64245e-03	-7.19961e-05	1.67127e-05	-7.46906e-06	-5.32992e-01	-2.13196e-01	4.43331e-01	1.35858e-02	1.14400e-01
-1.64829e-03	-7.22454e-05	1.68003e-05	-6.67611e-06	-5.32130e-01	-2.12851e-01	4.45399e-01	1.31062e-02	1.14400e-01
-1.62934e-03	-7.14055e-05	1.66463e-05	-6.20805e-06	-5.31289e-01	-2.12515e-01	4.47420e-01	1.26366e-02	1.14400e-01
-1.59282e-03	-6.97964e-05	1.63111e-05	-6.30678e-06	-5.30546e-01	-2.12218e-01	4.49393e-01	1.21770e-02	1.14400e-01
-1.57248e-03	-6.88970e-05	1.61366e-05	-6.27976e-06	-5.29817e-01	-2.11926e-01	4.51319e-01	1.17273e-02	1.14400e-01
-1.57543e-03	-6.90171e-05	1.62058e-05	-5.62892e-06	-5.29038e-01	-2.11615e-01	4.53198e-01	1.12877e-02	1.14400e-01
-1.57230e-03	-6.88699e-05	1.62166e-05	-4.55513e-06	-5.28302e-01	-2.11320e-01	4.55030e-01	1.08580e-02	1.14400e-01
-1.54870e-03	-6.78257e-05	1.60182e-05	-3.50929e-06	-5.27755e-01	-2.11101e-01	4.56815e-01	1.04384e-02	1.14400e-01
-1.52556e-03	-6.68032e-05	1.58168e-05	-3.04537e-06	-5.27260e-01	-2.10903e-01	4.58554e-01	1.00287e-02	1.14400e-01
-1.51416e-03	-6.63003e-05	1.57145e-05	-3.61553e-06	-5.26564e-01	-2.10625e-01	4.60247e-01	9.62901e-03	1.14400e-01
-1.49730e-03	-6.55556e-05	1.55660e-05	-5.01730e-06	-5.25732e-01	-2.10292e-01	4.61894e-01	9.23926e-03	1.14400e-01
-1.47150e-03	-6.44162e-05	1.53408e-05	-6.63552e-06	-5.24940e-01	-2.09976e-01	4.63497e-01	8.85942e-03	1.14400e-01
-1.45113e-03	-6.35162e-05	1.51615e-05	-8.17337e-06	-5.24176e-01	-2.09670e-01	4.65055e-01	8.48944e-03	1.14400e-01
-1.43173e-03	-6.26624e-05	1.49801e-05	-9.64112e-06	-5.23377e-01	-2.09350e-01	4.66568e-01	8.12930e-03	1.14400e-01
-1.39300e-03	-6.09605e-05	1.46015e-05	-1.08559e-05	-5.22638e-01	-2.09055e-01	4.68038e-01	7.77892e-03	1.14400e-01
-1.33573e-03	-5.84455e-05	1.40379e-05	-1.15851e-05	-5.22055e-01	-2.08822e-01	4.69465e-01	7.43825e-03	1.14400e-01
-1.28507e-03	-5.62235e-05	1.35286e-05	-1.18103e-05	-5.21577e-01	-2.08630e-01	4.70849e-01	7.10721e-03	1.14400e-01
-1.25705e-03	-5.49939e-05	1.32482e-05	-1.15762e-05	-5.21120e-01	-2.08448e-01	4.72190e-01	6.78574e-03	1.14400e-01
-1.24521e-03	-5.44682e-05	1.31567e-05	-1.11276e-05	-5.20654e-01	-2.08261e-01	4.73490e-01	6.47374e-03	1.14400e-01
-1.23080e-03	-5.38265e-05	1.30516e-05	-1.08193e-05	-5.20181e-01	-2.08072e-01	4.74749e-01	6.17113e-03	1.14400e-01
-1.20951e-03	-5.28930e-05	1.28342e-05	-1.07235e-05	-5.19706e-01	-2.07882e-01	4.75968e-01	5.87780e-03	1.14400e-01
-1.19403e-03	-5.22245e-05	1.26358e-05	-1.06733e-05	-5.19214e-01	-2.07685e-01	4.77146e-01	5.59364e-03	1.14400e-01
-1.18817e-03	-5.19672e-05	1.25777e-05	-1.05844e-05	-5.18753e-01	-2.07501e-01	4.78285e-01	5.31854e-03	1.14400e-01
-1.17694e-03	-5.14635e-05	1.25104e-05	-1.06013e-05	-5.18365e-01	-2.07346e-01	4.79386e-01	5.05237e-03	1.14400e-01
-1.15407e-03	-5.04559e-05	1.22982e-05	-1.09929e-05	-5.18026e-01	-2.07210e-01	4.80449e-01	4.79501e-03	1.14400e-01
-1.12952e-03	-4.93847e-05	1.20290e-05	-1.17520e-05	-5.17723e-01	-2.07089e-01	4.81475e-01	4.54631e-03	1.14400e-01
-1.11325e-03	-4.86760e-05	1.18444e-05	-1.26058e-05	-5.17433e-01	-2.06973e-01	4.82465e-01	4.30613e-03	1.14400e-01
-1.10453e-03	-4.82934e-05	1.17566e-05	-1.33637e-05	-5.17122e-01	-2.06848e-01	4.83419e-01	4.07430e-03	1.14400e-01
-1.09844e-03	-4.80222e-05	1.17121e-05	-1.39077e-05	-5.16780e-01	-2.06711e-01	4.84338e-01	3.85068e-03	1.14400e-01
-1.09035e-03	-4.76647e-05	1.16418e-05	-1.41130e-05	-5.16406e-01	-2.06562e-01	4.85223e-01	3.63507e-03	1.14400e-01
-1.07761e-03	-4.71059e-05	1.15130e-05	-1.40556e-05	-5.16023e-01	-2.06409e-01	4.86075e-01	3.42731e-03	1.14400e-01
-1.05770e-03	-4.62330e-05	1.13108e-05	-1.40159e-05	-5.15645e-01	-2.06257e-01	4.86894e-01	3.22721e-03	1.14400e-01
-1.03280e-03	-4.51389e-05	1.10686e-05	-1.42697e-05	-5.15310e-01	-2.06123e-01	4.87683e-01	3.03458e-03	1.14400e-01
-1.01277e-03	-4.42569e-05	1.08800e-05	-1.49054e-05	-5.15009e-01	-2.06003e-01	4.88441e-01	2.84919e-03	1.14400e-01
-9.99926e-04	-4.37010e-05	1.07201e-05	-1.57067e-05	-5.14703e-01	-2.05881e-01	4.89169e-01	2.67086e-03	1.14400e-01
-9.84984e-04	-4.30535e-05	1.05374e-05	-1.64072e-05	-5.14446e-01	-2.05778e-01	4.89869e-01	2.49935e-03	1.14400e-01
-9.60038e-04	-4.19525e-05	1.03138e-05	-1.69056e-05	-5.14247e-01	-2.05698e-01	4.90542e-01	2.33444e-03	1.14400e-01
-9.31110e-04	-4.06762e-05	1.00528e-05	-1.72097e-05	-5.14117e-01	-2.05647e-01	4.91188e-01	2.17590e-03	1.14400e-01
-9.05100e-04	-3.95331e-05	9.79948e-06	-1.72540e-05	-5.14006e-01	-2.05602e-01	4.91808e-01	2.02347e-03	1.14400e-01
-8.79188e-04	-3.84017e-05	9.51747e-06	-1.70353e-05	-5.13866e-01	-2.05546e-01	4.92404e-01	1.87691e-03	1.14400e-01
-8.55242e-04	-3.73545e-05	9.26345e-06	-1.66170e-05	-5.13798e-01	-2.05519e-01	4.92977e-01	1.73596e-03	1.14400e-01
-8.30657e-04	-3.62718e-05	9.03328e-06	-1.60570e-05	-5.13626e-01	-2.05450e-01	4.93528e-01	1.60034e-03	1.14400e-01
-8.10621e-04	-3.54066e-05	8.77600e-06	-1.54029e-05	-5.13572e-01	-2.05428e-01	4.94058e-01	1.46979e-03	1.14400e-01
-7.90539e-04	-3.45103e-05	8.63587e-06	-1.47200e-05	-5.13372e-01	-2.05348e-01	4.94568e-01	1.34402e-03	1.14400e-01
-7.70870e-04	-3.36775e-05	8.31668e-06	-1.40909e-05	-5.13245e-01	-2.05297e-01	4.95060e-01	1.22273e-03	1.14400e-01
-7.50027e-04	-3.27354e-05	8.21911e-06	-1.35459e-05	-5.13111e-01	-2.05244e-01	4.95534e-01	1.10564e-03	1.14400e-01
-7.24478e-04	-3.16468e-05	7.83206e-06	-1.31001e-05	-5.12809e-01	-2.05123e-01	4.95993e-01	9.92417e-04	1.14400e-01
-6.97001e-04	-3.04289e-05	7.60605e-06	-1.27588e-05	-5.12845e-01	-2.05137e-01	4.96437e-01	8.82762e-04	1.14400e-01
-6.63927e-04	-2.89722e-05	7.29720e-06	-1.24983e-05	-5.12347e-01	-2.04938e-01	4.96867e-01	7.76344e-04	1.14400e-01
-6.18532e-04	-2.70342e-05	6.62477e-06	-1.22995e-05	-5.12478e-01	-2.04991e-01	4.97286e-01	6.72833e-04	1.14400e-01
-5.78336e-04	-2.51598e-05	6.66901e-06	-1.20883e-05	-5.12104e-01	-2.04841e-01	4.97693e-01	5.71889e-04	1.14400e-01
-5.03832e-04	-2.20794e-05	5.16045e-06	-1.18819e-05	-5.11823e-01	-2.04729e-01	4.98092e-01	4.73161e-04	1.14400e-01
-4.83430e-04	-2.08701e-05	6.22360e-06	-1.16288e-05	-5.12491e-01	-2.04996e-01	4.98483e-01	3.76295e-04	1.14400e-01
-4.03704e-04	-1.76647e-05	4.24319e-06	-1.12593e-05	-5.10986e-01	-2.04394e-01	4.98868e-01	2.80925e-04	1.14400e-01
-5.03637e-04	-2.17818e-05	6.32400e-06	-1.09422e-05	-5.15540e-01	-2.06216e-01	4.99248e-01	1.86679e-04	1.14400e-01
-8.21107e-04	-3.39176e-05	1.67346e-05	-9.95678e-06	-5.14945e-01	-2.05978e-01	4.99625e-01	9.31744e-05	1.14400e-01
-6.59436e-04	-3.99305e-05	-3.76545e-05	-7.40550e-06	-5.19299e-01	-2.07719e-01	5.00000e-01	0.00000e+00	1.14400e-01
