"Density"	"Momentum:0"	"Momentum:1"	"Momentum:2"	"StagnationEnergy"	"Pressure"	"Points:0"	"Points:1"	"Points:2"
2.27366e-02	-8.01492e-04	1.24368e-03	-7.76304e-04	-6.55361e-01	-2.62169e-01	-4.91183e-01	0.00000e+00	-6.60000e-02
3.41305e-03	2.38418e-04	1.75608e-04	-2.66248e-04	-1.02474e+00	-4.09904e-01	-4.91130e-01	2.24937e-03	-6.60000e-02
9.12308e-03	3.04637e-04	4.71925e-04	-3.58945e-04	-9.16367e-01	-3.66556e-01	-4.90969e-01	4.49362e-03	-6.60000e-02
1.62506e-02	3.52981e-04	8.45008e-04	-3.67433e-04	-1.02373e+00	-4.09506e-01	-4.90700e-01	6.72749e-03	-6.60000e-02
1.79153e-02	4.27817e-04	9.10414e-04	-3.38589e-04	-1.05895e+00	-4.23592e-01	-4.90324e-01	8.94575e-03	-6.60000e-02
1.99702e-02	4.56723e-04	1.00399e-03	-3.33841e-04	-1.14021e+00	-4.56097e-01	-4.89841e-01	1.11433e-02	-6.60000e-02
2.11715e-02	5.18501e-04	1.04044e-03	-2.99351e-04	-1.24004e+00	-4.96031e-01	-4.89254e-01	1.33155e-02	-6.60000e-02
2.12960e-02	5.39536e-04	1.02643e-03	-2.81277e-04	-1.29639e+00	-5.18569e-01	-4.88566e-01	1.54578e-02	-6.60000e-02
2.10988e-02	5.62538e-04	9.92947e-04	-2.49946e-04	-1.38336e+00	-5.53356e-01	-4.87782e-01	1.75666e-02	-6.60000e-02
2.03008e-02	5.67437e-04	9.32159e-04	-2.24649e-04	-1.43127e+00	-5.72522e-01	-4.86950e-01	1.95374e-02	-6.60000e-02
1.92753e-02	5.57329e-04	8.66054e-04	-2.00879e-04	-1.47187e+00	-5.88758e-01	-4.86116e-01	2.13143e-02	-6.60000e-02
1.80850e-02	5.42058e-04	7.93895e-04	-1.74381e-04	-1.50413e+00	-6.01662e-01	-4.85280e-01	2.29464e-02	-6.60000e-02
1.67402e-02	5.13485e-04	7.20825e-04	-1.52187e-04	-1.51780e+00	-6.07131e-01	-4.84439e-01	2.44659e-02	-6.60000e-02
1.53751e-02	4.82491e-04	6.49164e-04	-1.26055e-04	-1.53206e+00	-6.12832e-01	-4.83592e-01	2.58955e-02	-6.60000e-02
1.39131e-02	4.42806e-04	5.78148e-04	-1.01620e-04	-1.53362e+00	-6.13457e-01	-4.82738e-01	2.72519e-02	-6.60000e-02
1.24466e-02	4.00052e-04	5.10169e-04	-7.52553e-05	-1.53294e+00	-6.13182e-01	-4.81875e-01	2.85476e-02	-6.60000e-02
1.09772e-02	3.53791e-04	4.45700e-04	-4.86047e-05	-1.52737e+00	-6.10955e-01	-4.81002e-01	2.97927e-02	-6.60000e-02
9.51823e-03	3.05236e-04	3.84839e-04	-2.19528e-05	-1.51801e+00	-6.07207e-01	-4.80117e-01	3.09950e-02	-6.60000e-02
8.11662e-03	2.56717e-04	3.28900e-04	4.66256e-06	-1.50750e+00	-6.03003e-01	-4.79220e-01	3.21609e-02	-6.60000e-02
6.79955e-03	2.09459e-04	2.78672e-04	2.98729e-05	-1.49480e+00	-5.97923e-01	-4.78308e-01	3.32957e-02	-6.60000e-02
5.63171e-03	1.66344e-04	2.35988e-04	5.37228e-05	-1.48209e+00	-5.92839e-01	-4.77381e-01	3.44039e-02	-6.60000e-02
4.66777e-03	1.29705e-04	2.02377e-04	7.51860e-05	-1.46944e+00	-5.87781e-01	-4.76438e-01	3.54891e-02	-6.60000e-02
3.94667e-03	1.01888e-04	1.78185e-04	9.24415e-05	-1.45728e+00	-5.82914e-01	-4.75477e-01	3.65544e-02	-6.60000e-02
3.46240e-03	8.37350e-05	1.61924e-04	1.03357e-04	-1.44658e+00	-5.78636e-01	-4.74497e-01	3.76027e-02	-6.60000e-02
3.13516e-03	7.31194e-05	1.49715e-04	1.06548e-04	-1.43735e+00	-5.74941e-01	-4.73498e-01	3.86361e-02	-6.60000e-02
2.84977e-03	6.58927e-05	1.37200e-04	1.02605e-04	-1.43009e+00	-5.72039e-01	-4.72477e-01	3.96567e-02	-6.60000e-02
2.50152e-03	5.77023e-05	1.21111e-04	9.37076e-05	-1.42473e+00	-5.69893e-01	-4.71434e-01	4.06662e-02	-6.60000e-02
2.04969e-03	4.62701e-05	1.00810e-04	8.25881e-05	-1.42083e+00	-5.68332e-01	-4.70368e-01	4.16660e-02	-6.60000e-02
1.52909e-03	3.21350e-05	7.82789e-05	7.15755e-05	-1.41816e+00	-5.67264e-01	-4.69277e-01	4.26575e-02	-6.60000e-02
1.01737e-03	1.77058e-05	5.66592e-05	6.18793e-05	-1.41630e+00	-5.66520e-01	-4.68162e-01	4.36417e-02	-6.60000e-02
5.92819e-04	5.67030e-06	3.88097e-05	5.36778e-05	-1.41517e+00	-5.66069e-01	-4.67020e-01	4.46197e-02	-6.60000e-02
2.95087e-04	-2.36503e-06	2.58758e-05	4.64586e-05	-1.41466e+00	-5.65866e-01	-4.65850e-01	4.55921e-02	-6.60000e-02
1.24443e-04	-6.12037e-06	1.75180e-05	3.95303e-05	-1.41470e+00	-5.65882e-01	-4.64653e-01	4.65598e-02	-6.60000e-02
5.50745e-05	-6.31591e-06	1.25696e-05	3.23855e-05	-1.41528e+00	-5.66115e-01	-4.63427e-01	4.75233e-02	-6.60000e-02
4.64570e-05	-4.30755e-06	9.49879e-06	2.47084e-05	-1.41633e+00	-5.66537e-01	-4.62171e-01	4.84831e-02	-6.60000e-02
5.52461e-05	-1.64421e-06	6.81042e-06	1.62765e-05	-1.41784e+00	-5.67137e-01	-4.60884e-01	4.94397e-02	-6.60000e-02
4.98074e-05	4.77325e-07	3.51365e-06	7.04187e-06	-1.41965e+00	-5.67862e-01	-4.59566e-01	5.03934e-02	-6.60000e-02
1.56822e-05	1.38774e-06	-6.59769e-07	-2.65370e-06	-1.42173e+00	-5.68692e-01	-4.58216e-01	5.13444e-02	-6.60000e-02
-5.48181e-05	6.84306e-07	-5.76157e-06	-1.23739e-05	-1.42408e+00	-5.69631e-01	-4.56832e-01	5.22930e-02	-6.60000e-02
-1.70185e-04	-1.94852e-06	-1.20276e-05	-2.22885e-05	-1.42665e+00	-5.70660e-01	-4.55414e-01	5.32393e-02	-6.60000e-02
-3.38227e-04	-6.79403e-06	-1.96833e-05	-3.27922e-05	-1.42945e+00	-5.71778e-01	-4.53962e-01	5.41835e-02	-6.60000e-02
-5.60785e-04	-1.39519e-05	-2.87061e-05	-4.38617e-05	-1.43231e+00	-5.72923e-01	-4.52475e-01	5.51256e-02	-6.60000e-02
-8.26724e-04	-2.30199e-05	-3.86962e-05	-5.53329e-05	-1.43515e+00	-5.74059e-01	-4.50952e-01	5.60656e-02	-6.60000e-02
-1.11196e-03	-3.31639e-05	-4.87631e-05	-6.69803e-05	-1.43826e+00	-5.75305e-01	-4.49392e-01	5.70035e-02	-6.60000e-02
-1.37053e-03	-4.26484e-05	-5.74726e-05	-7.75551e-05	-1.44162e+00	-5.76648e-01	-4.47795e-01	5.79393e-02	-6.60000e-02
-1.57789e-03	-5.05999e-05	-6.39526e-05	-8.55989e-05	-1.44472e+00	-5.77888e-01	-4.46161e-01	5.88729e-02	-6.60000e-02
-1.77524e-03	-5.88610e-05	-6.88917e-05	-9.03533e-05	-1.44698e+00	-5.78790e-01	-4.44487e-01	5.98042e-02	-6.60000e-02
-1.99636e-03	-6.88757e-05	-7.29144e-05	-9.10841e-05	-1.44774e+00	-5.79096e-01	-4.42775e-01	6.07330e-02	-6.60000e-02
-2.19572e-03	-7.86922e-05	-7.49647e-05	-8.74745e-05	-1.44680e+00	-5.78719e-01	-4.41024e-01	6.16593e-02	-6.60000e-02
-2.29291e-03	-8.46869e-05	-7.36496e-05	-8.07300e-05	-1.44450e+00	-5.77799e-01	-4.39232e-01	6.25827e-02	-6.60000e-02
-2.26889e-03	-8.57604e-05	-6.91371e-05	-7.22202e-05	-1.44148e+00	-5.76591e-01	-4.37400e-01	6.35032e-02	-6.60000e-02
-2.22328e-03	-8.62453e-05	-6.33223e-05	-6.02496e-05	-1.43848e+00	-5.75390e-01	-4.35528e-01	6.44204e-02	-6.60000e-02
-2.29654e-03	-9.23829e-05	-5.84764e-05	-4.32386e-05	-1.43574e+00	-5.74295e-01	-4.33613e-01	6.53343e-02	-6.60000e-02
-2.46870e-03	-1.03200e-04	-5.42914e-05	-2.08349e-05	-1.43218e+00	-5.72872e-01	-4.31657e-01	6.62444e-02	-6.60000e-02
-2.70413e-03	-1.17223e-04	-4.98170e-05	6.99958e-06	-1.42780e+00	-5.71119e-01	-4.29659e-01	6.71507e-02	-6.60000e-02
-3.25677e-03	-1.45721e-04	-4.89524e-05	4.20292e-05	-1.42281e+00	-5.69121e-01	-4.27618e-01	6.80527e-02	-6.60000e-02
-4.18776e-03	-1.91859e-04	-5.12607e-05	9.03790e-05	-1.41359e+00	-5.65435e-01	-4.25534e-01	6.89502e-02	-6.60000e-02
-4.96778e-03	-2.32823e-04	-4.65376e-05	1.54610e-04	-1.39812e+00	-5.59244e-01	-4.23407e-01	6.98430e-02	-6.60000e-02
-5.19135e-03	-2.49820e-04	-3.04187e-05	2.21839e-04	-1.37935e+00	-5.51737e-01	-4.21237e-01	7.07307e-02	-6.60000e-02
-4.90714e-03	-2.42613e-04	-9.94808e-06	2.74595e-04	-1.35745e+00	-5.42973e-01	-4.19022e-01	7.16130e-02	-6.60000e-02
-4.27417e-03	-2.17505e-04	9.92297e-06	3.08978e-04	-1.33146e+00	-5.32576e-01	-4.16764e-01	7.24897e-02	-6.60000e-02
-3.60214e-03	-1.88980e-04	2.60097e-05	3.28380e-04	-1.30574e+00	-5.22290e-01	-4.14461e-01	7.33603e-02	-6.60000e-02
-3.06179e-03	-1.64830e-04	3.61175e-05	3.33737e-04	-1.28331e+00	-5.13316e-01	-4.12113e-01	7.42246e-02	-6.60000e-02
-2.40292e-03	-1.33995e-04	4.36495e-05	3.22911e-04	-1.26452e+00	-5.05799e-01	-4.09720e-01	7.50822e-02	-6.60000e-02
-1.56854e-03	-9.42519e-05	4.99021e-05	2.97639e-04	-1.25098e+00	-5.00381e-01	-4.07283e-01	7.59328e-02	-6.60000e-02
-9.59477e-04	-6.44223e-05	5.21205e-05	2.72462e-04	-1.23943e+00	-4.95756e-01	-4.04800e-01	7.67761e-02	-6.60000e-02
-7.45069e-04	-5.31160e-05	5.14981e-05	2.60888e-04	-1.22488e+00	-4.89932e-01	-4.02272e-01	7.76117e-02	-6.60000e-02
-8.24616e-04	-5.59651e-05	5.01575e-05	2.62636e-04	-1.20811e+00	-4.83225e-01	-3.99698e-01	7.84393e-02	-6.60000e-02
-1.12667e-03	-6.94124e-05	4.82249e-05	2.74992e-04	-1.19006e+00	-4.76007e-01	-3.97079e-01	7.92586e-02	-6.60000e-02
-1.41128e-03	-8.27460e-05	4.88949e-05	2.97771e-04	-1.17077e+00	-4.68296e-01	-3.94413e-01	8.00692e-02	-6.60000e-02
-1.30013e-03	-7.89660e-05	5.64305e-05	3.26300e-04	-1.15120e+00	-4.60462e-01	-3.91703e-01	8.08707e-02	-6.60000e-02
-8.25838e-04	-5.85872e-05	6.70845e-05	3.51211e-04	-1.13087e+00	-4.52314e-01	-3.88946e-01	8.16629e-02	-6.60000e-02
-5.69589e-04	-4.71932e-05	7.25872e-05	3.68054e-04	-1.11218e+00	-4.44823e-01	-3.86143e-01	8.24454e-02	-6.60000e-02
-8.63613e-04	-6.01154e-05	7.09728e-05	3.81917e-04	-1.09517e+00	-4.38031e-01	-3.83294e-01	8.32179e-02	-6.60000e-02
-1.18607e-03	-7.47623e-05	7.09524e-05	4.03467e-04	-1.07268e+00	-4.29044e-01	-3.80400e-01	8.39800e-02	-6.60000e-02
-1.00727e-03	-6.70957e-05	7.69240e-05	4.30343e-04	-1.04278e+00	-4.17072e-01	-3.77459e-01	8.47314e-02	-6.60000e-02
-4.84943e-04	-4.36510e-05	8.49071e-05	4.49000e-04	-1.01316e+00	-4.05179e-01	-3.74472e-01	8.54717e-02	-6.60000e-02
1.13964e-04	-1.61928e-05	9.11099e-05	4.54886e-04	-9.88271e-01	-3.95687e-01	-3.71440e-01	8.62008e-02	-6.60000e-02
6.85312e-04	1.05858e-05	9.43820e-05	4.48398e-04	-9.64362e-01	-3.85806e-01	-3.68362e-01	8.69181e-02	-6.60000e-02
1.24229e-03	3.73150e-05	9.44531e-05	4.30820e-04	-9.39373e-01	-3.75781e-01	-3.65238e-01	8.76234e-02	-6.60000e-02
1.85934e-03	6.66170e-05	9.50822e-05	4.11863e-04	-9.19968e-01	-3.68007e-01	-3.62068e-01	8.83164e-02	-6.60000e-02
2.29682e-03	8.75401e-05	9.50823e-05	3.98367e-04	-9.08564e-01	-3.63441e-01	-3.58853e-01	8.89968e-02	-6.60000e-02
2.31206e-03	8.96307e-05	9.03942e-05	3.84805e-04	-8.98655e-01	-3.59476e-01	-3.55592e-01	8.96643e-02	-6.60000e-02
2.35546e-03	9.30540e-05	8.52521e-05	3.65575e-04	-8.87195e-01	-3.54891e-01	-3.52286e-01	9.03186e-02	-6.60000e-02
2.86395e-03	1.17263e-04	8.40836e-05	3.44798e-04	-8.75671e-01	-3.50278e-01	-3.48935e-01	9.09593e-02	-6.60000e-02
3.40237e-03	1.42696e-04	8.32737e-05	3.23842e-04	-8.66588e-01	-3.46643e-01	-3.45539e-01	9.15863e-02	-6.60000e-02
3.45851e-03	1.46610e-04	7.73013e-05	2.97557e-04	-8.62011e-01	-3.44811e-01	-3.42098e-01	9.21991e-02	-6.60000e-02
3.25765e-03	1.38976e-04	6.88876e-05	2.68574e-04	-8.58167e-01	-3.43273e-01	-3.38613e-01	9.27977e-02	-6.60000e-02
3.27311e-03	1.40860e-04	6.29030e-05	2.44132e-04	-8.51188e-01	-3.40480e-01	-3.35083e-01	9.33815e-02	-6.60000e-02
3.41670e-03	1.48175e-04	5.94886e-05	2.25016e-04	-8.44914e-01	-3.37970e-01	-3.31510e-01	9.39506e-02	-6.60000e-02
3.37853e-03	1.47217e-04	5.50950e-05	2.07794e-04	-8.40874e-01	-3.36354e-01	-3.27892e-01	9.45044e-02	-6.60000e-02
3.26984e-03	1.43163e-04	4.94026e-05	1.88115e-04	-8.39609e-01	-3.35847e-01	-3.24231e-01	9.50429e-02	-6.60000e-02
3.17720e-03	1.39818e-04	4.35522e-05	1.60267e-04	-8.41099e-01	-3.36443e-01	-3.20526e-01	9.55658e-02	-6.60000e-02
2.98646e-03	1.32046e-04	3.67776e-05	1.28398e-04	-8.38291e-01	-3.35319e-01	-3.16779e-01	9.60728e-02	-6.60000e-02
2.83071e-03	1.25620e-04	3.16126e-05	1.07649e-04	-8.31618e-01	-3.32649e-01	-3.12988e-01	9.65638e-02	-6.60000e-02
2.70798e-03	1.20367e-04	2.89238e-05	1.00992e-04	-8.28120e-01	-3.31250e-01	-3.09156e-01	9.70384e-02	-6.60000e-02
2.44858e-03	1.08931e-04	2.55869e-05	9.47413e-05	-8.27431e-01	-3.30974e-01	-3.05281e-01	9.74966e-02	-6.60000e-02
2.20896e-03	9.83688e-05	2.24306e-05	8.48434e-05	-8.27540e-01	-3.31018e-01	-3.01365e-01	9.79381e-02	-6.60000e-02
2.11961e-03	9.44398e-05	2.12841e-05	8.35511e-05	-8.26866e-01	-3.30748e-01	-2.97407e-01	9.83627e-02	-6.60000e-02
2.08130e-03	9.27593e-05	2.09026e-05	9.09085e-05	-8.23883e-01	-3.29555e-01	-2.93408e-01	9.87703e-02	-6.60000e-02
2.09479e-03	9.34938e-05	1.99418e-05	8.76558e-05	-8.21435e-01	-3.28576e-01	-2.89369e-01	9.91607e-02	-6.60000e-02
2.10637e-03	9.43191e-05	1.68876e-05	6.77719e-05	-8.22585e-01	-3.29035e-01	-2.85289e-01	9.95336e-02	-6.60000e-02
1.97611e-03	8.86879e-05	1.35948e-05	4.82693e-05	-8.23928e-01	-3.29572e-01	-2.81170e-01	9.98891e-02	-6.60000e-02
1.86394e-03	8.37317e-05	1.18886e-05	4.44656e-05	-8.21374e-01	-3.28551e-01	-2.77011e-01	1.00227e-01	-6.60000e-02
1.89745e-03	8.52285e-05	1.22537e-05	5.12369e-05	-8.19779e-01	-3.27913e-01	-2.72813e-01	1.00547e-01	-6.60000e-02
1.88563e-03	8.46957e-05	1.22956e-05	5.52392e-05	-8.21394e-01	-3.28559e-01	-2.68577e-01	1.00849e-01	-6.60000e-02
1.73420e-03	7.79486e-05	1.05898e-05	4.93591e-05	-8.22122e-01	-3.28850e-01	-2.64303e-01	1.01133e-01	-6.60000e-02
1.57886e-03	7.10500e-05	8.34225e-06	3.64269e-05	-8.20134e-01	-3.28055e-01	-2.59991e-01	1.01399e-01	-6.60000e-02
1.59736e-03	7.19818e-05	6.67059e-06	2.49547e-05	-8.15814e-01	-3.26326e-01	-2.55642e-01	1.01646e-01	-6.60000e-02
1.75231e-03	7.90281e-05	5.95677e-06	1.71018e-05	-8.13378e-01	-3.25352e-01	-2.51256e-01	1.01876e-01	-6.60000e-02
1.75045e-03	7.89869e-05	4.84110e-06	1.01482e-05	-8.14366e-01	-3.25747e-01	-2.46834e-01	1.02087e-01	-6.60000e-02
1.55498e-03	7.01824e-05	3.68243e-06	6.25256e-06	-8.14345e-01	-3.25739e-01	-2.42377e-01	1.02279e-01	-6.60000e-02
1.46191e-03	6.59805e-05	3.22529e-06	5.86816e-06	-8.12689e-01	-3.25076e-01	-2.37885e-01	1.02453e-01	-6.60000e-02
1.54294e-03	6.96442e-05	2.91069e-06	4.40230e-06	-8.11937e-01	-3.24775e-01	-2.33358e-01	1.02609e-01	-6.60000e-02
1.61850e-03	7.30657e-05	2.30355e-06	-4.52636e-07	-8.12183e-01	-3.24874e-01	-2.28797e-01	1.02745e-01	-6.60000e-02
1.53529e-03	6.93243e-05	1.08293e-06	-8.91038e-06	-8.13631e-01	-3.25453e-01	-2.24202e-01	1.02864e-01	-6.60000e-02
1.28490e-03	5.80254e-05	-4.63172e-08	-1.76714e-05	-8.14612e-01	-3.25845e-01	-2.19575e-01	1.02963e-01	-6.60000e-02
1.10842e-03	5.00486e-05	-3.48995e-07	-1.85589e-05	-8.11792e-01	-3.24717e-01	-2.14915e-01	1.03044e-01	-6.60000e-02
1.12101e-03	5.06009e-05	4.44381e-10	-1.05821e-05	-8.08240e-01	-3.23296e-01	-2.10224e-01	1.03107e-01	-6.60000e-02
1.09042e-03	4.92084e-05	3.27435e-07	-3.55963e-06	-8.06601e-01	-3.22641e-01	-2.05501e-01	1.03151e-01	-6.60000e-02
9.72107e-04	4.38640e-05	2.70497e-09	-3.61769e-06	-8.04350e-01	-3.21740e-01	-2.00748e-01	1.03176e-01	-6.60000e-02
9.34349e-04	4.21540e-05	-3.90524e-07	-8.32501e-06	-8.02270e-01	-3.20908e-01	-1.95965e-01	1.03183e-01	-6.60000e-02
9.32704e-04	4.20711e-05	-8.66512e-07	-1.23680e-05	-8.01683e-01	-3.20674e-01	-1.91153e-01	1.03171e-01	-6.60000e-02
8.17505e-04	3.68671e-05	-9.14435e-07	-1.21651e-05	-8.01652e-01	-3.20661e-01	-1.86311e-01	1.03141e-01	-6.60000e-02
6.18619e-04	2.78909e-05	-8.75546e-07	-1.07565e-05	-8.01256e-01	-3.20502e-01	-1.81442e-01	1.03092e-01	-6.60000e-02
4.76706e-04	2.14834e-05	-1.02156e-06	-1.40297e-05	-7.99413e-01	-3.19766e-01	-1.76545e-01	1.03025e-01	-6.60000e-02
4.02341e-04	1.81171e-05	-1.43795e-06	-2.01986e-05	-7.96159e-01	-3.18464e-01	-1.71622e-01	1.02940e-01	-6.60000e-02
2.59070e-04	1.16491e-05	-1.50111e-06	-2.22588e-05	-7.92070e-01	-3.16828e-01	-1.66672e-01	1.02836e-01	-6.60000e-02
5.02131e-05	2.23886e-06	-9.76927e-07	-1.86268e-05	-7.86378e-01	-3.14553e-01	-1.61697e-01	1.02715e-01	-6.60000e-02
-9.00588e-05	-4.08047e-06	-6.49331e-07	-1.57657e-05	-7.80341e-01	-3.12136e-01	-1.56697e-01	1.02576e-01	-6.60000e-02
-1.80879e-04	-8.17768e-06	-6.27127e-07	-1.89877e-05	-7.75387e-01	-3.10154e-01	-1.51672e-01	1.02419e-01	-6.60000e-02
-3.23169e-04	-1.46000e-05	-7.11024e-07	-2.39935e-05	-7.69963e-01	-3.07985e-01	-1.46625e-01	1.02244e-01	-6.60000e-02
-5.17741e-04	-2.33587e-05	-2.18768e-07	-2.57273e-05	-7.64174e-01	-3.05669e-01	-1.41554e-01	1.02052e-01	-6.60000e-02
-6.59038e-04	-2.97149e-05	2.15755e-07	-2.58177e-05	-7.58412e-01	-3.03364e-01	-1.36462e-01	1.01842e-01	-6.60000e-02
-6.37285e-04	-2.87312e-05	3.01238e-07	-2.57104e-05	-7.51833e-01	-3.00733e-01	-1.31348e-01	1.01615e-01	-6.60000e-02
-4.91542e-04	-2.21694e-05	7.23191e-08	-2.48585e-05	-7.45076e-01	-2.98030e-01	-1.26213e-01	1.01370e-01	-6.60000e-02
-4.06924e-04	-1.83649e-05	-1.40542e-07	-2.52896e-05	-7.39443e-01	-2.95777e-01	-1.21058e-01	1.01109e-01	-6.60000e-02
-5.05478e-04	-2.28009e-05	9.11171e-08	-2.81613e-05	-7.35161e-01	-2.94064e-01	-1.15884e-01	1.00831e-01	-6.60000e-02
-6.84359e-04	-3.08450e-05	6.01088e-07	-3.04225e-05	-7.30440e-01	-2.92175e-01	-1.10691e-01	1.00536e-01	-6.60000e-02
-7.63767e-04	-3.44022e-05	1.06328e-06	-2.95342e-05	-7.23551e-01	-2.89420e-01	-1.05481e-01	1.00225e-01	-6.60000e-02
-7.69176e-04	-3.46352e-05	1.25727e-06	-2.63748e-05	-7.16389e-01	-2.86555e-01	-1.00254e-01	9.98978e-02	-6.60000e-02
-8.45343e-04	-3.80426e-05	1.73421e-06	-2.41012e-05	-7.10747e-01	-2.84298e-01	-9.50097e-02	9.95544e-02	-6.60000e-02
-9.62837e-04	-4.33172e-05	2.16993e-06	-2.57922e-05	-7.04594e-01	-2.81837e-01	-8.97502e-02	9.91950e-02	-6.60000e-02
-1.00222e-03	-4.50877e-05	2.28637e-06	-3.00974e-05	-6.97047e-01	-2.78818e-01	-8.44758e-02	9.88200e-02	-6.60000e-02
-9.57416e-04	-4.30773e-05	2.12328e-06	-3.37708e-05	-6.89193e-01	-2.75677e-01	-7.91873e-02	9.84295e-02	-6.60000e-02
-9.24332e-04	-4.15935e-05	2.00596e-06	-3.76677e-05	-6.81977e-01	-2.72790e-01	-7.38855e-02	9.80237e-02	-6.60000e-02
-1.02652e-03	-4.61790e-05	2.40854e-06	-4.21251e-05	-6.75733e-01	-2.70293e-01	-6.85710e-02	9.76029e-02	-6.60000e-02
-1.24734e-03	-5.60838e-05	3.30340e-06	-4.41480e-05	-6.68115e-01	-2.67245e-01	-6.32446e-02	9.71674e-02	-6.60000e-02
-1.38378e-03	-6.21932e-05	3.98570e-06	-4.30645e-05	-6.57702e-01	-2.63080e-01	-5.79072e-02	9.67172e-02	-6.60000e-02
-1.36640e-03	-6.13942e-05	4.15210e-06	-4.04079e-05	-6.47914e-01	-2.59165e-01	-5.25594e-02	9.62527e-02	-6.60000e-02
-1.35970e-03	-6.10711e-05	4.39085e-06	-3.91457e-05	-6.41010e-01	-2.56403e-01	-4.72021e-02	9.57740e-02	-6.60000e-02
-1.38896e-03	-6.23706e-05	4.65486e-06	-4.20651e-05	-6.33899e-01	-2.53559e-01	-4.18360e-02	9.52816e-02	-6.60000e-02
-1.30426e-03	-5.85725e-05	4.32657e-06	-4.54010e-05	-6.25505e-01	-2.50201e-01	-3.64618e-02	9.47754e-02	-6.60000e-02
-1.15910e-03	-5.20491e-05	3.90344e-06	-4.47191e-05	-6.19000e-01	-2.47599e-01	-3.10804e-02	9.42560e-02	-6.60000e-02
-1.15374e-03	-5.17958e-05	4.02962e-06	-4.41523e-05	-6.14566e-01	-2.45826e-01	-2.56926e-02	9.37234e-02	-6.60000e-02
-1.23550e-03	-5.54580e-05	4.41047e-06	-4.82334e-05	-6.09895e-01	-2.43957e-01	-2.02991e-02	9.31779e-02	-6.60000e-02
-1.17725e-03	-5.28499e-05	4.15710e-06	-5.42741e-05	-6.04709e-01	-2.41882e-01	-1.49006e-02	9.26198e-02	-6.60000e-02
-9.72186e-04	-4.36650e-05	3.24981e-06	-5.76565e-05	-6.00148e-01	-2.40058e-01	-9.49811e-03	9.20494e-02	-6.60000e-02
-8.44794e-04	-3.79518e-05	2.76358e-06	-5.69391e-05	-5.96902e-01	-2.38760e-01	-4.09225e-03	9.14669e-02	-6.60000e-02
-9.17547e-04	-4.11905e-05	3.29113e-06	-5.40152e-05	-5.93984e-01	-2.37592e-01	1.31614e-03	9.08725e-02	-6.60000e-02
-1.04997e-03	-4.70925e-05	4.16401e-06	-5.18345e-05	-5.89854e-01	-2.35941e-01	6.72629e-03	9.02666e-02	-6.60000e-02
-1.08977e-03	-4.88580e-05	4.50660e-06	-5.04831e-05	-5.85328e-01	-2.34130e-01	1.21374e-02	8.96494e-02	-6.60000e-02
-1.13271e-03	-5.07559e-05	4.93185e-06	-4.79461e-05	-5.82039e-01	-2.32815e-01	1.75487e-02	8.90212e-02	-6.60000e-02
-1.27757e-03	-5.72102e-05	5.88185e-06	-4.48457e-05	-5.78072e-01	-2.31228e-01	2.29594e-02	8.83823e-02	-6.60000e-02
-1.33738e-03	-5.98603e-05	6.40084e-06	-4.28757e-05	-5.71633e-01	-2.28652e-01	2.83686e-02	8.77329e-02	-6.60000e-02
-1.14816e-03	-5.13887e-05	5.52073e-06	-4.14449e-05	-5.65452e-01	-2.26180e-01	3.37757e-02	8.70733e-02	-6.60000e-02
-8.65986e-04	-3.87663e-05	4.11257e-06	-4.02502e-05	-5.61711e-01	-2.24684e-01	3.91798e-02	8.64037e-02	-6.60000e-02
-6.90656e-04	-3.09282e-05	3.20211e-06	-3.98816e-05	-5.59082e-01	-2.23632e-01	4.45801e-02	8.57245e-02	-6.60000e-02
-6.31231e-04	-2.82675e-05	2.93068e-06	-3.91563e-05	-5.56904e-01	-2.22761e-01	4.99758e-02	8.50360e-02	-6.60000e-02
-6.43332e-04	-2.87940e-05	3.11287e-06	-3.70354e-05	-5.55453e-01	-2.22180e-01	5.53662e-02	8.43383e-02	-6.60000e-02
-7.02692e-04	-3.14324e-05	3.54687e-06	-3.48165e-05	-5.54237e-01	-2.21694e-01	6.07505e-02	8.36319e-02	-6.60000e-02
-7.68349e-04	-3.43501e-05	4.02783e-06	-3.43331e-05	-5.53243e-01	-2.21297e-01	6.61278e-02	8.29168e-02	-6.60000e-02
-8.20394e-04	-3.66672e-05	4.37690e-06	-3.61732e-05	-5.52434e-01	-2.20973e-01	7.14975e-02	8.21936e-02	-6.60000e-02
-8.52777e-04	-3.81049e-05	4.62552e-06	-3.84832e-05	-5.51050e-01	-2.20419e-01	7.68586e-02	8.14623e-02	-6.60000e-02
-8.41915e-04	-3.76115e-05	4.63034e-06	-3.87894e-05	-5.49063e-01	-2.19624e-01	8.22105e-02	8.07233e-02	-6.60000e-02
-7.73030e-04	-3.45276e-05	4.30286e-06	-3.81703e-05	-5.47360e-01	-2.18943e-01	8.75523e-02	7.99769e-02	-6.60000e-02
-6.57850e-04	-2.93888e-05	3.62535e-06	-3.86635e-05	-5.46456e-01	-2.18582e-01	9.28833e-02	7.92233e-02	-6.60000e-02
-5.33753e-04	-2.38524e-05	2.89281e-06	-3.83353e-05	-5.46296e-01	-2.18518e-01	9.82026e-02	7.84629e-02	-6.60000e-02
-4.47710e-04	-2.00064e-05	2.43685e-06	-3.44880e-05	-5.46414e-01	-2.18565e-01	1.03510e-01	7.76958e-02	-6.60000e-02
-4.23829e-04	-1.89260e-05	2.40090e-06	-2.84683e-05	-5.46475e-01	-2.18589e-01	1.08804e-01	7.69224e-02	-6.60000e-02
-4.53829e-04	-2.02462e-05	2.70569e-06	-2.34007e-05	-5.46590e-01	-2.18636e-01	1.14083e-01	7.61430e-02	-6.60000e-02
-5.03405e-04	-2.24422e-05	3.10821e-06	-2.04281e-05	-5.46670e-01	-2.18667e-01	1.19349e-01	7.53577e-02	-6.60000e-02
-5.23700e-04	-2.33358e-05	3.30955e-06	-1.87270e-05	-5.46528e-01	-2.18611e-01	1.24599e-01	7.45670e-02	-6.60000e-02
-5.01876e-04	-2.23560e-05	3.22071e-06	-1.71491e-05	-5.46448e-01	-2.18579e-01	1.29832e-01	7.37710e-02	-6.60000e-02
-4.80055e-04	-2.13755e-05	3.13734e-06	-1.50186e-05	-5.46651e-01	-2.18660e-01	1.35049e-01	7.29700e-02	-6.60000e-02
-4.85932e-04	-2.16277e-05	3.23785e-06	-1.25115e-05	-5.46880e-01	-2.18752e-01	1.40248e-01	7.21643e-02	-6.60000e-02
-4.98061e-04	-2.21592e-05	3.37194e-06	-1.06570e-05	-5.47134e-01	-2.18854e-01	1.45428e-01	7.13542e-02	-6.60000e-02
-4.98526e-04	-2.21740e-05	3.41297e-06	-1.03340e-05	-5.47643e-01	-2.19057e-01	1.50590e-01	7.05398e-02	-6.60000e-02
-4.95807e-04	-2.20502e-05	3.41270e-06	-1.14548e-05	-5.48297e-01	-2.19319e-01	1.55731e-01	6.97216e-02	-6.60000e-02
-5.01631e-04	-2.23061e-05	3.47238e-06	-1.29576e-05	-5.48986e-01	-2.19594e-01	1.60852e-01	6.88998e-02	-6.60000e-02
-5.21595e-04	-2.31881e-05	3.64687e-06	-1.34389e-05	-5.49691e-01	-2.19876e-01	1.65952e-01	6.80745e-02	-6.60000e-02
-5.53343e-04	-2.45910e-05	3.92137e-06	-1.24680e-05	-5.50346e-01	-2.20138e-01	1.71029e-01	6.72461e-02	-6.60000e-02
-5.85882e-04	-2.60278e-05	4.20855e-06	-1.10825e-05	-5.51019e-01	-2.20407e-01	1.76083e-01	6.64148e-02	-6.60000e-02
-6.09317e-04	-2.70613e-05	4.42339e-06	-1.04235e-05	-5.51773e-01	-2.20709e-01	1.81114e-01	6.55809e-02	-6.60000e-02
-6.19217e-04	-2.74948e-05	4.53194e-06	-1.04654e-05	-5.52585e-01	-2.21034e-01	1.86121e-01	6.47447e-02	-6.60000e-02
-6.19161e-04	-2.74866e-05	4.56589e-06	-1.05569e-05	-5.53483e-01	-2.21393e-01	1.91103e-01	6.39064e-02	-6.60000e-02
-6.21546e-04	-2.75862e-05	4.62091e-06	-1.03256e-05	-5.54434e-01	-2.21773e-01	1.96059e-01	6.30662e-02	-6.60000e-02
-6.34823e-04	-2.81683e-05	4.76185e-06	-9.64096e-06	-5.55287e-01	-2.22115e-01	2.00989e-01	6.22244e-02	-6.60000e-02
-6.53522e-04	-2.89898e-05	4.94955e-06	-8.49714e-06	-5.55973e-01	-2.22389e-01	2.05892e-01	6.13812e-02	-6.60000e-02
-6.70747e-04	-2.97459e-05	5.12641e-06	-7.26660e-06	-5.56588e-01	-2.22635e-01	2.10767e-01	6.05369e-02	-6.60000e-02
-6.91959e-04	-3.06793e-05	5.33057e-06	-6.55479e-06	-5.57242e-01	-2.22897e-01	2.15614e-01	5.96918e-02	-6.60000e-02
-7.23613e-04	-3.20758e-05	5.61337e-06	-6.61399e-06	-5.57884e-01	-2.23153e-01	2.20432e-01	5.88461e-02	-6.60000e-02
-7.55882e-04	-3.34995e-05	5.90184e-06	-7.04623e-06	-5.58398e-01	-2.23359e-01	2.25221e-01	5.79999e-02	-6.60000e-02
-7.74173e-04	-3.43029e-05	6.08555e-06	-7.20350e-06	-5.58838e-01	-2.23535e-01	2.29978e-01	5.71537e-02	-6.60000e-02
-7.79146e-04	-3.45157e-05	6.16629e-06	-6.89830e-06	-5.59291e-01	-2.23716e-01	2.34706e-01	5.63075e-02	-6.60000e-02
-7.79816e-04	-3.45382e-05	6.21156e-06	-6.48728e-06	-5.59718e-01	-2.23887e-01	2.39401e-01	5.54617e-02	-6.60000e-02
-7.81689e-04	-3.46141e-05	6.26525e-06	-6.29322e-06	-5.60103e-01	-2.24041e-01	2.44064e-01	5.46164e-02	-6.60000e-02
-7.91011e-04	-3.50194e-05	6.38094e-06	-6.29368e-06	-5.60508e-01	-2.24203e-01	2.48695e-01	5.37720e-02	-6.60000e-02
-8.15402e-04	-3.60917e-05	6.61879e-06	-6.31639e-06	-5.60928e-01	-2.24371e-01	2.53292e-01	5.29286e-02	-6.60000e-02
-8.54738e-04	-3.78248e-05	6.98135e-06	-6.24572e-06	-5.61311e-01	-2.24524e-01	2.57855e-01	5.20865e-02	-6.60000e-02
-9.01940e-04	-3.99053e-05	7.41164e-06	-6.03476e-06	-5.61630e-01	-2.24652e-01	2.62383e-01	5.12458e-02	-6.60000e-02
-9.54796e-04	-4.22353e-05	7.89192e-06	-5.75643e-06	-5.61891e-01	-2.24756e-01	2.66877e-01	5.04069e-02	-6.60000e-02
-1.01350e-03	-4.48228e-05	8.42671e-06	-5.70005e-06	-5.62085e-01	-2.24833e-01	2.71334e-01	4.95700e-02	-6.60000e-02
-1.06819e-03	-4.72322e-05	8.93101e-06	-6.06083e-06	-5.62187e-01	-2.24874e-01	2.75756e-01	4.87352e-02	-6.60000e-02
-1.10716e-03	-4.89458e-05	9.30694e-06	-6.41803e-06	-5.62301e-01	-2.24920e-01	2.80140e-01	4.79028e-02	-6.60000e-02
-1.13141e-03	-5.00076e-05	9.56458e-06	-6.20233e-06	-5.62470e-01	-2.24988e-01	2.84487e-01	4.70730e-02	-6.60000e-02
-1.14763e-03	-5.07145e-05	9.75363e-06	-5.62824e-06	-5.62609e-01	-2.25043e-01	2.88796e-01	4.62460e-02	-6.60000e-02
-1.16371e-03	-5.14148e-05	9.94223e-06	-5.18066e-06	-5.62746e-01	-2.25098e-01	2.93067e-01	4.54221e-02	-6.60000e-02
-1.18349e-03	-5.22782e-05	1.01654e-05	-4.68905e-06	-5.62873e-01	-2.25149e-01	2.97298e-01	4.46014e-02	-6.60000e-02
-1.20478e-03	-5.32085e-05	1.04003e-05	-3.96969e-06	-5.62931e-01	-2.25172e-01	3.01490e-01	4.37842e-02	-6.60000e-02
-1.22745e-03	-5.41992e-05	1.06496e-05	-3.34151e-06	-5.63003e-01	-2.25201e-01	3.05643e-01	4.29706e-02	-6.60000e-02
-1.25511e-03	-5.54099e-05	1.09432e-05	-2.94947e-06	-5.63026e-01	-2.25210e-01	3.09754e-01	4.21610e-02	-6.60000e-02
-1.28565e-03	-5.67477e-05	1.12626e-05	-2.62177e-06	-5.62964e-01	-2.25185e-01	3.13825e-01	4.13554e-02	-6.60000e-02
-1.31778e-03	-5.81541e-05	1.16032e-05	-2.31931e-06	-5.62960e-01	-2.25184e-01	3.17855e-01	4.05541e-02	-6.60000e-02
-1.35426e-03	-5.97530e-05	1.19792e-05	-2.03420e-06	-5.62930e-01	-2.25171e-01	3.21842e-01	3.97574e-02	-6.60000e-02
-1.38763e-03	-6.12139e-05	1.23305e-05	-1.74380e-06	-5.62813e-01	-2.25125e-01	3.25788e-01	3.89653e-02	-6.60000e-02
-1.41784e-03	-6.25348e-05	1.26590e-05	-1.61319e-06	-5.62706e-01	-2.25082e-01	3.29691e-01	3.81781e-02	-6.60000e-02
-1.45461e-03	-6.41449e-05	1.30439e-05	-1.52067e-06	-5.62502e-01	-2.25000e-01	3.33550e-01	3.73959e-02	-6.60000e-02
-1.49287e-03	-6.58195e-05	1.34488e-05	-9.42321e-07	-5.62161e-01	-2.24864e-01	3.37367e-01	3.66191e-02	-6.60000e-02
-1.52612e-03	-6.72722e-05	1.38123e-05	-6.88802e-08	-5.61875e-01	-2.24750e-01	3.41139e-01	3.58477e-02	-6.60000e-02
-1.57011e-03	-6.91992e-05	1.42683e-05	4.41731e-08	-5.61606e-01	-2.24642e-01	3.44867e-01	3.50819e-02	-6.60000e-02
-1.63203e-03	-7.19173e-05	1.48850e-05	-9.35107e-07	-5.61108e-01	-2.24443e-01	3.48550e-01	3.43220e-02	-6.60000e-02
-1.68788e-03	-7.43649e-05	1.54596e-05	-2.06359e-06	-5.60414e-01	-2.24165e-01	3.52189e-01	3.35681e-02	-6.60000e-02
-1.72623e-03	-7.60391e-05	1.58852e-05	-2.56000e-06	-5.59739e-01	-2.23895e-01	3.55782e-01	3.28204e-02	-6.60000e-02
-1.76110e-03	-7.75611e-05	1.62720e-05	-2.67364e-06	-5.59013e-01	-2.23604e-01	3.59330e-01	3.20790e-02	-6.60000e-02
-1.79428e-03	-7.90090e-05	1.66425e-05	-2.79318e-06	-5.58127e-01	-2.23250e-01	3.62832e-01	3.13442e-02	-6.60000e-02
-1.80788e-03	-7.95936e-05	1.68361e-05	-2.80014e-06	-5.57296e-01	-2.22918e-01	3.66287e-01	3.06161e-02	-6.60000e-02
-1.80665e-03	-7.95246e-05	1.68933e-05	-2.56771e-06	-5.56657e-01	-2.22662e-01	3.69697e-01	2.98949e-02	-6.60000e-02
-1.81644e-03	-7.99423e-05	1.70478e-05	-2.12979e-06	-5.55996e-01	-2.22398e-01	3.73059e-01	2.91807e-02	-6.60000e-02
-1.84467e-03	-8.11720e-05	1.73714e-05	-1.47309e-06	-5.55149e-01	-2.22059e-01	3.76374e-01	2.84737e-02	-6.60000e-02
-1.87032e-03	-8.22882e-05	1.76725e-05	-8.26154e-07	-5.54219e-01	-2.21687e-01	3.79642e-01	2.77741e-02	-6.60000e-02
-1.87775e-03	-8.25995e-05	1.78155e-05	-6.79144e-07	-5.53380e-01	-2.21351e-01	3.82863e-01	2.70820e-02	-6.60000e-02
-1.87307e-03	-8.23768e-05	1.78489e-05	-1.14949e-06	-5.52596e-01	-2.21037e-01	3.86036e-01	2.63975e-02	-6.60000e-02
-1.86540e-03	-8.20258e-05	1.78381e-05	-1.77914e-06	-5.51672e-01	-2.20668e-01	3.89161e-01	2.57208e-02	-6.60000e-02
-1.85185e-03	-8.14193e-05	1.77576e-05	-2.17048e-06	-5.50670e-01	-2.20267e-01	3.92239e-01	2.50521e-02	-6.60000e-02
-1.83557e-03	-8.06913e-05	1.76581e-05	-2.65985e-06	-5.49818e-01	-2.19926e-01	3.95268e-01	2.43915e-02	-6.60000e-02
-1.83509e-03	-8.06579e-05	1.77079e-05	-3.78191e-06	-5.49042e-01	-2.19616e-01	3.98248e-01	2.37391e-02	-6.60000e-02
-1.85562e-03	-8.15475e-05	1.79651e-05	-5.13726e-06	-5.48123e-01	-2.19248e-01	4.01181e-01	2.30951e-02	-6.60000e-02
-1.88155e-03	-8.26713e-05	1.82885e-05	-6.07127e-06	-5.47046e-01	-2.18818e-01	4.04064e-01	2.24595e-02	-6.60000e-02
-1.89298e-03	-8.31585e-05	1.84671e-05	-7.03454e-06	-5.45946e-01	-2.18378e-01	4.06899e-01	2.18325e-02	-6.60000e-02
-1.88391e-03	-8.27489e-05	1.84283e-05	-8.64154e-06	-5.44876e-01	-2.17950e-01	4.09685e-01	2.12143e-02	-6.60000e-02
-1.86008e-03	-8.16901e-05	1.82495e-05	-1.04086e-05	-5.43924e-01	-2.17569e-01	4.12423e-01	2.06048e-02	-6.60000e-02
-1.83989e-03	-8.07866e-05	1.81266e-05	-1.15341e-05	-5.43169e-01	-2.17267e-01	4.15111e-01	2.00043e-02	-6.60000e-02
-1.84660e-03	-8.10702e-05	1.82407e-05	-1.18558e-05	-5.42378e-01	-2.16950e-01	4.17751e-01	1.94129e-02	-6.60000e-02
-1.87519e-03	-8.23192e-05	1.85511e-05	-1.17517e-05	-5.41338e-01	-2.16535e-01	4.20342e-01	1.88306e-02	-6.60000e-02
-1.89768e-03	-8.32931e-05	1.88320e-05	-1.16039e-05	-5.40210e-01	-2.16083e-01	4.22884e-01	1.82575e-02	-6.60000e-02
-1.90133e-03	-8.34375e-05	1.89395e-05	-1.15057e-05	-5.39116e-01	-2.15645e-01	4.25377e-01	1.76937e-02	-6.60000e-02
-1.88608e-03	-8.27531e-05	1.88534e-05	-1.13516e-05	-5.37975e-01	-2.15189e-01	4.27821e-01	1.71393e-02	-6.60000e-02
-1.85090e-03	-8.11994e-05	1.85458e-05	-1.10738e-05	-5.36778e-01	-2.14710e-01	4.30217e-01	1.65944e-02	-6.60000e-02
-1.81119e-03	-7.94525e-05	1.81706e-05	-1.08007e-05	-5.35594e-01	-2.14237e-01	4.32563e-01	1.60591e-02	-6.60000e-02
-1.79186e-03	-7.85945e-05	1.80202e-05	-1.07391e-05	-5.34460e-01	-2.13783e-01	4.34862e-01	1.55333e-02	-6.60000e-02
-1.79012e-03	-7.85010e-05	1.80776e-05	-1.08136e-05	-5.33318e-01	-2.13326e-01	4.37111e-01	1.50173e-02	-6.60000e-02
-1.78520e-03	-7.82717e-05	1.80859e-05	-1.07314e-05	-5.32139e-01	-2.12855e-01	4.39313e-01	1.45110e-02	-6.60000e-02
-1.77880e-03	-7.79826e-05	1.80574e-05	-1.04152e-05	-5.31001e-01	-2.12400e-01	4.41466e-01	1.40144e-02	-6.60000e-02
-1.77945e-03	-7.80000e-05	1.81112e-05	-1.00095e-05	-5.29895e-01	-2.11957e-01	4.43571e-01	1.35277e-02	-6.60000e-02
-1.77280e-03	-7.76966e-05	1.80950e-05	-9.83173e-06	-5.28838e-01	-2.11535e-01	4.45629e-01	1.30508e-02	-6.60000e-02
-1.75570e-03	-7.69364e-05	1.79667e-05	-1.00457e-05	-5.27950e-01	-2.11179e-01	4.47639e-01	1.25838e-02	-6.60000e-02
-1.74366e-03	-7.64002e-05	1.78806e-05	-1.02008e-05	-5.27117e-01	-2.10846e-01	4.49601e-01	1.21267e-02	-6.60000e-02
-1.74361e-03	-7.63934e-05	1.79007e-05	-1.01061e-05	-5.26179e-01	-2.10471e-01	4.51516e-01	1.16795e-02	-6.60000e-02
-1.75603e-03	-7.69330e-05	1.80464e-05	-1.05235e-05	-5.25197e-01	-2.10078e-01	4.53385e-01	1.12422e-02	-6.60000e-02
-1.77557e-03	-7.77777e-05	1.82962e-05	-1.19065e-05	-5.24252e-01	-2.09700e-01	4.55207e-01	1.08149e-02	-6.60000e-02
-1.78429e-03	-7.81445e-05	1.84513e-05	-1.35300e-05	-5.23352e-01	-2.09340e-01	4.56982e-01	1.03975e-02	-6.60000e-02
-1.77467e-03	-7.77128e-05	1.83951e-05	-1.45442e-05	-5.22396e-01	-2.08958e-01	4.58712e-01	9.99004e-03	-6.60000e-02
-1.74665e-03	-7.64805e-05	1.81272e-05	-1.47558e-05	-5.21270e-01	-2.08507e-01	4.60396e-01	9.59246e-03	-6.60000e-02
-1.68773e-03	-7.38968e-05	1.75310e-05	-1.40649e-05	-5.20144e-01	-2.08057e-01	4.62035e-01	9.20477e-03	-6.60000e-02
-1.61336e-03	-7.06341e-05	1.67848e-05	-1.23610e-05	-5.19243e-01	-2.07697e-01	4.63630e-01	8.82691e-03	-6.60000e-02
-1.56935e-03	-6.86957e-05	1.63759e-05	-1.01881e-05	-5.18435e-01	-2.07374e-01	4.65179e-01	8.45886e-03	-6.60000e-02
-1.55095e-03	-6.78828e-05	1.62156e-05	-8.49439e-06	-5.17479e-01	-2.06991e-01	4.66685e-01	8.10056e-03	-6.60000e-02
-1.50243e-03	-6.57554e-05	1.57249e-05	-7.50476e-06	-5.16523e-01	-2.06609e-01	4.68148e-01	7.75197e-03	-6.60000e-02
-1.42514e-03	-6.23609e-05	1.49651e-05	-6.51579e-06	-5.15879e-01	-2.06351e-01	4.69567e-01	7.41301e-03	-6.60000e-02
-1.38402e-03	-6.05469e-05	1.45946e-05	-4.92847e-06	-5.15427e-01	-2.06170e-01	4.70944e-01	7.08363e-03	-6.60000e-02
-1.39811e-03	-6.11692e-05	1.47190e-05	-3.09799e-06	-5.14813e-01	-2.05925e-01	4.72280e-01	6.76374e-03	-6.60000e-02
-1.42028e-03	-6.21434e-05	1.49334e-05	-1.76278e-06	-5.14046e-01	-2.05618e-01	4.73573e-01	6.45327e-03	-6.60000e-02
-1.41989e-03	-6.21152e-05	1.49767e-05	-9.27255e-07	-5.13275e-01	-2.05309e-01	4.74826e-01	6.15211e-03	-6.60000e-02
-1.40520e-03	-6.14636e-05	1.48578e-05	-1.39745e-07	-5.12529e-01	-2.05011e-01	4.76039e-01	5.86016e-03	-6.60000e-02
-1.38436e-03	-6.05486e-05	1.46516e-05	7.98669e-07	-5.11843e-01	-2.04737e-01	4.77212e-01	5.57733e-03	-6.60000e-02
-1.35813e-03	-5.93952e-05	1.44005e-05	1.83223e-06	-5.11254e-01	-2.04501e-01	4.78346e-01	5.30350e-03	-6.60000e-02
-1.33149e-03	-5.82235e-05	1.41452e-05	2.66313e-06	-5.10729e-01	-2.04291e-01	4.79442e-01	5.03854e-03	-6.60000e-02
-1.31574e-03	-5.75315e-05	1.39903e-05	3.07453e-06	-5.10206e-01	-2.04082e-01	4.80500e-01	4.78232e-03	-6.60000e-02
-1.31336e-03	-5.74262e-05	1.39701e-05	3.40343e-06	-5.09648e-01	-2.03859e-01	4.81522e-01	4.53470e-03	-6.60000e-02
-1.31105e-03	-5.73212e-05	1.39636e-05	3.99378e-06	-5.09064e-01	-2.03625e-01	4.82507e-01	4.29554e-03	-6.60000e-02
-1.29422e-03	-5.65778e-05	1.38153e-05	4.59185e-06	-5.08483e-01	-2.03393e-01	4.83457e-01	4.06468e-03	-6.60000e-02
-1.26006e-03	-5.50760e-05	1.34847e-05	4.84128e-06	-5.07942e-01	-2.03176e-01	4.84373e-01	3.84196e-03	-6.60000e-02
-1.21492e-03	-5.30977e-05	1.30232e-05	4.77261e-06	-5.07450e-01	-2.02979e-01	4.85254e-01	3.62721e-03	-6.60000e-02
-1.16812e-03	-5.10519e-05	1.25232e-05	4.57958e-06	-5.07001e-01	-2.02800e-01	4.86103e-01	3.42025e-03	-6.60000e-02
-1.12362e-03	-4.91068e-05	1.20461e-05	4.36648e-06	-5.06572e-01	-2.02628e-01	4.86920e-01	3.22090e-03	-6.60000e-02
-1.08218e-03	-4.72951e-05	1.16047e-05	4.15079e-06	-5.06177e-01	-2.02470e-01	4.87705e-01	3.02895e-03	-6.60000e-02
-1.04519e-03	-4.56750e-05	1.12226e-05	3.91871e-06	-5.05821e-01	-2.02328e-01	4.88461e-01	2.84422e-03	-6.60000e-02
-1.01351e-03	-4.42877e-05	1.08950e-05	3.72930e-06	-5.05489e-01	-2.02195e-01	4.89187e-01	2.66648e-03	-6.60000e-02
-9.82835e-04	-4.29447e-05	1.05752e-05	3.67782e-06	-5.05201e-01	-2.02080e-01	4.89884e-01	2.49552e-03	-6.60000e-02
-9.48295e-04	-4.14310e-05	1.02219e-05	3.80538e-06	-5.04942e-01	-2.01977e-01	4.90555e-01	2.33111e-03	-6.60000e-02
-9.09273e-04	-3.97231e-05	9.81328e-06	4.12617e-06	-5.04758e-01	-2.01903e-01	4.91199e-01	2.17302e-03	-6.60000e-02
-8.71839e-04	-3.80819e-05	9.43297e-06	4.66190e-06	-5.04624e-01	-2.01849e-01	4.91818e-01	2.02101e-03	-6.60000e-02
-8.41375e-04	-3.67521e-05	9.09989e-06	5.36963e-06	-5.04477e-01	-2.01791e-01	4.92413e-01	1.87482e-03	-6.60000e-02
-8.24054e-04	-3.59995e-05	8.89633e-06	6.10983e-06	-5.04373e-01	-2.01749e-01	4.92984e-01	1.73421e-03	-6.60000e-02
-8.12487e-04	-3.54932e-05	8.77540e-06	6.80189e-06	-5.04154e-01	-2.01661e-01	4.93534e-01	1.59889e-03	-6.60000e-02
-8.02572e-04	-3.50719e-05	8.62031e-06	7.51238e-06	-5.04050e-01	-2.01620e-01	4.94063e-01	1.46860e-03	-6.60000e-02
-7.86456e-04	-3.43449e-05	8.53954e-06	8.29815e-06	-5.03816e-01	-2.01526e-01	4.94572e-01	1.34306e-03	-6.60000e-02
-7.65461e-04	-3.34466e-05	8.23628e-06	9.11172e-06	-5.03668e-01	-2.01467e-01	4.95063e-01	1.22198e-03	-6.60000e-02
-7.39317e-04	-3.22741e-05	8.07700e-06	9.88344e-06	-5.03512e-01	-2.01404e-01	4.95537e-01	1.10505e-03	-6.60000e-02
-7.02274e-04	-3.06809e-05	7.57553e-06	1.05955e-05	-5.03223e-01	-2.01289e-01	4.95995e-01	9.91973e-04	-6.60000e-02
-6.55574e-04	-2.86178e-05	7.16450e-06	1.12112e-05	-5.03268e-01	-2.01307e-01	4.96438e-01	8.82435e-04	-6.60000e-02
-5.95741e-04	-2.59928e-05	6.56327e-06	1.16989e-05	-5.02838e-01	-2.01135e-01	4.96868e-01	7.76113e-04	-6.60000e-02
-5.19292e-04	-2.26923e-05	5.57932e-06	1.20806e-05	-5.03038e-01	-2.01215e-01	4.97286e-01	6.72677e-04	-6.60000e-02
-4.43092e-04	-1.92572e-05	5.18598e-06	1.23220e-05	-5.02774e-01	-2.01109e-01	4.97694e-01	5.71789e-04	-6.60000e-02
-3.34922e-04	-1.46878e-05	3.38779e-06	1.25206e-05	-5.02689e-01	-2.01075e-01	4.98092e-01	4.73103e-04	-6.60000e-02
-2.77717e-04	-1.18972e-05	3.94673e-06	1.25846e-05	-5.03448e-01	-2.01379e-01	4.98483e-01	3.76264e-04	-6.60000e-02
-1.70991e-04	-7.48419e-06	1.78835e-06	1.24171e-05	-5.02361e-01	-2.00944e-01	4.98868e-01	2.80912e-04	-6.60000e-02
-2.32275e-04	-9.94208e-06	3.33432e-06	1.23585e-05	-5.06656e-01	-2.02662e-01	4.99248e-01	1.86674e-04	-6.60000e-02
-5.16939e-04	-2.08009e-05	1.27606e-05	1.05783e-05	-5.06693e-01	-2.02677e-01	4.99625e-01	9.31737e-05	-6.60000e-02
-4.63428e-04	-2.97279e-05	-3.31769e-05	5.12150e-06	-5.11890e-01	-2.04755e-01	5.00000e-01	0.00000e+00	-6.60000e-02
