"Density"	"Momentum:0"	"Momentum:1"	"Momentum:2"	"StagnationEnergy"	"Pressure"	"Points:0"	"Points:1"	"Points:2"
1.67122e-02	-6.00986e-04	8.26642e-04	4.71311e-04	-7.17610e-02	-2.87195e-02	-5.12665e-01	0.00000e+00	2.02400e-01
5.32960e-04	7.26457e-05	2.30104e-05	9.85577e-05	-3.32224e-01	-1.32895e-01	-5.12613e-01	2.24940e-03	2.02400e-01
4.85624e-03	8.19606e-05	2.33659e-04	1.09741e-04	-2.34554e-01	-9.38248e-02	-5.12455e-01	4.49388e-03	2.02400e-01
1.13009e-02	1.18246e-04	5.47469e-04	1.24960e-04	-2.95600e-01	-1.18246e-01	-5.12192e-01	6.72844e-03	2.02400e-01
1.35618e-02	1.85853e-04	6.46213e-04	1.10174e-04	-3.04536e-01	-1.21821e-01	-5.11823e-01	8.94804e-03	2.02400e-01
1.62603e-02	2.19253e-04	7.71659e-04	1.03843e-04	-3.54288e-01	-1.41723e-01	-5.11351e-01	1.11478e-02	2.02400e-01
1.83534e-02	2.86653e-04	8.57065e-04	7.87379e-05	-4.26477e-01	-1.70600e-01	-5.10776e-01	1.33231e-02	2.02400e-01
1.94835e-02	3.25612e-04	8.99523e-04	6.10870e-05	-4.70693e-01	-1.88287e-01	-5.10102e-01	1.54699e-02	2.02400e-01
2.03245e-02	3.71470e-04	9.23494e-04	3.70738e-05	-5.46738e-01	-2.18705e-01	-5.09333e-01	1.75842e-02	2.02400e-01
2.05504e-02	4.04976e-04	9.18633e-04	1.68565e-05	-5.96887e-01	-2.38765e-01	-5.08516e-01	1.95609e-02	2.02400e-01
2.05360e-02	4.28088e-04	9.04716e-04	6.93528e-07	-6.45094e-01	-2.58047e-01	-5.07699e-01	2.13433e-02	2.02400e-01
2.03117e-02	4.48491e-04	8.80051e-04	-1.49133e-05	-6.89705e-01	-2.75892e-01	-5.06878e-01	2.29809e-02	2.02400e-01
1.99150e-02	4.58663e-04	8.50655e-04	-2.60074e-05	-7.20924e-01	-2.88379e-01	-5.06053e-01	2.45060e-02	2.02400e-01
1.94765e-02	4.68074e-04	8.18880e-04	-3.70402e-05	-7.54588e-01	-3.01844e-01	-5.05221e-01	2.59414e-02	2.02400e-01
1.89402e-02	4.71449e-04	7.84748e-04	-4.54440e-05	-7.78659e-01	-3.11472e-01	-5.04382e-01	2.73040e-02	2.02400e-01
1.83561e-02	4.72032e-04	7.49288e-04	-5.30053e-05	-8.01441e-01	-3.20585e-01	-5.03534e-01	2.86064e-02	2.02400e-01
1.77486e-02	4.70059e-04	7.13851e-04	-5.95513e-05	-8.20416e-01	-3.28175e-01	-5.02675e-01	2.98586e-02	2.02400e-01
1.70877e-02	4.64611e-04	6.77427e-04	-6.49938e-05	-8.35596e-01	-3.34246e-01	-5.01804e-01	3.10685e-02	2.02400e-01
1.64297e-02	4.57805e-04	6.41959e-04	-7.00995e-05	-8.49076e-01	-3.39638e-01	-5.00921e-01	3.22426e-02	2.02400e-01
1.57234e-02	4.47837e-04	6.05789e-04	-7.44230e-05	-8.59170e-01	-3.43675e-01	-5.00022e-01	3.33862e-02	2.02400e-01
1.50171e-02	4.36475e-04	5.70573e-04	-7.85703e-05	-8.67337e-01	-3.46942e-01	-4.99109e-01	3.45038e-02	2.02400e-01
1.42874e-02	4.22979e-04	5.35542e-04	-8.24356e-05	-8.73290e-01	-3.49322e-01	-4.98178e-01	3.55990e-02	2.02400e-01
1.35413e-02	4.07633e-04	5.00973e-04	-8.61348e-05	-8.76949e-01	-3.50786e-01	-4.97228e-01	3.66751e-02	2.02400e-01
1.27748e-02	3.90396e-04	4.66715e-04	-8.98166e-05	-8.78946e-01	-3.51584e-01	-4.96260e-01	3.77347e-02	2.02400e-01
1.19973e-02	3.71579e-04	4.33156e-04	-9.36325e-05	-8.78924e-01	-3.51575e-01	-4.95271e-01	3.87802e-02	2.02400e-01
1.12054e-02	3.51128e-04	4.00198e-04	-9.76829e-05	-8.77187e-01	-3.50880e-01	-4.94260e-01	3.98136e-02	2.02400e-01
1.03931e-02	3.28908e-04	3.67624e-04	-1.01940e-04	-8.73837e-01	-3.49540e-01	-4.93226e-01	4.08365e-02	2.02400e-01
9.57102e-03	3.05320e-04	3.35821e-04	-1.06494e-04	-8.68841e-01	-3.47541e-01	-4.92168e-01	4.18504e-02	2.02400e-01
8.73703e-03	2.80333e-04	3.04722e-04	-1.11334e-04	-8.62471e-01	-3.44993e-01	-4.91085e-01	4.28567e-02	2.02400e-01
7.89443e-03	2.54119e-04	2.74425e-04	-1.16504e-04	-8.54738e-01	-3.41899e-01	-4.89977e-01	4.38564e-02	2.02400e-01
7.05490e-03	2.27126e-04	2.45304e-04	-1.22061e-04	-8.45850e-01	-3.38344e-01	-4.88841e-01	4.48504e-02	2.02400e-01
6.22519e-03	1.99706e-04	2.17484e-04	-1.27797e-04	-8.36002e-01	-3.34404e-01	-4.87677e-01	4.58396e-02	2.02400e-01
5.42193e-03	1.72550e-04	1.91390e-04	-1.33490e-04	-8.25401e-01	-3.30163e-01	-4.86484e-01	4.68247e-02	2.02400e-01
4.65723e-03	1.46227e-04	1.67250e-04	-1.38752e-04	-8.14363e-01	-3.25748e-01	-4.85261e-01	4.78062e-02	2.02400e-01
3.94850e-03	1.21503e-04	1.45421e-04	-1.43297e-04	-8.03176e-01	-3.21273e-01	-4.84008e-01	4.87847e-02	2.02400e-01
3.31358e-03	9.91712e-05	1.26243e-04	-1.46769e-04	-7.92198e-01	-3.16882e-01	-4.82722e-01	4.97605e-02	2.02400e-01
2.76114e-03	7.97524e-05	1.09681e-04	-1.48471e-04	-7.81797e-01	-3.12722e-01	-4.81405e-01	5.07339e-02	2.02400e-01
2.28057e-03	6.30665e-05	9.51106e-05	-1.47400e-04	-7.72314e-01	-3.08929e-01	-4.80054e-01	5.17053e-02	2.02400e-01
1.83657e-03	4.79770e-05	8.12390e-05	-1.42600e-04	-7.64030e-01	-3.05615e-01	-4.78669e-01	5.26748e-02	2.02400e-01
1.38976e-03	3.30378e-05	6.68773e-05	-1.34055e-04	-7.57047e-01	-3.02822e-01	-4.77248e-01	5.36426e-02	2.02400e-01
9.26102e-04	1.76073e-05	5.17657e-05	-1.22816e-04	-7.51315e-01	-3.00530e-01	-4.75793e-01	5.46088e-02	2.02400e-01
4.78118e-04	2.69177e-06	3.70996e-05	-1.10841e-04	-7.46700e-01	-2.98686e-01	-4.74301e-01	5.55733e-02	2.02400e-01
1.03475e-04	-9.68666e-06	2.46857e-05	-9.96291e-05	-7.43083e-01	-2.97254e-01	-4.72772e-01	5.65362e-02	2.02400e-01
-1.53180e-04	-1.78628e-05	1.57773e-05	-8.97255e-05	-7.40385e-01	-2.96143e-01	-4.71205e-01	5.74975e-02	2.02400e-01
-2.83007e-04	-2.14730e-05	1.05802e-05	-8.13789e-05	-7.38542e-01	-2.95412e-01	-4.69600e-01	5.84571e-02	2.02400e-01
-3.03979e-04	-2.11768e-05	8.59203e-06	-7.49152e-05	-7.37476e-01	-2.94986e-01	-4.67955e-01	5.94150e-02	2.02400e-01
-2.38935e-04	-1.78307e-05	9.20813e-06	-7.08924e-05	-7.37125e-01	-2.94845e-01	-4.66272e-01	6.03708e-02	2.02400e-01
-9.81560e-05	-1.17320e-05	1.20153e-05	-6.93899e-05	-7.37403e-01	-2.94951e-01	-4.64548e-01	6.13247e-02	2.02400e-01
1.17953e-04	-2.70295e-06	1.66675e-05	-6.95483e-05	-7.38308e-01	-2.95332e-01	-4.62783e-01	6.22762e-02	2.02400e-01
4.05681e-04	9.31888e-06	2.26783e-05	-6.99860e-05	-7.40032e-01	-2.96016e-01	-4.60977e-01	6.32253e-02	2.02400e-01
7.68600e-04	2.46370e-05	2.97922e-05	-6.95021e-05	-7.42770e-01	-2.97110e-01	-4.59130e-01	6.41717e-02	2.02400e-01
1.19006e-03	4.26269e-05	3.75014e-05	-6.75496e-05	-7.46982e-01	-2.98794e-01	-4.57240e-01	6.51153e-02	2.02400e-01
1.54667e-03	5.80524e-05	4.35464e-05	-6.51811e-05	-7.53047e-01	-3.01220e-01	-4.55307e-01	6.60556e-02	2.02400e-01
1.67261e-03	6.37349e-05	4.52800e-05	-6.55466e-05	-7.60108e-01	-3.04045e-01	-4.53331e-01	6.69926e-02	2.02400e-01
1.57709e-03	5.97493e-05	4.36417e-05	-7.13511e-05	-7.66739e-01	-3.06697e-01	-4.51312e-01	6.79258e-02	2.02400e-01
1.45318e-03	5.41973e-05	4.23576e-05	-8.14668e-05	-7.72362e-01	-3.08946e-01	-4.49249e-01	6.88551e-02	2.02400e-01
1.43426e-03	5.30622e-05	4.30836e-05	-9.16475e-05	-7.77463e-01	-3.10987e-01	-4.47142e-01	6.97800e-02	2.02400e-01
1.45976e-03	5.40256e-05	4.41451e-05	-9.91230e-05	-7.82726e-01	-3.13093e-01	-4.44990e-01	7.07003e-02	2.02400e-01
1.44121e-03	5.32810e-05	4.40905e-05	-1.05448e-04	-7.88329e-01	-3.15334e-01	-4.42793e-01	7.16158e-02	2.02400e-01
1.37072e-03	5.03147e-05	4.32098e-05	-1.12058e-04	-7.94569e-01	-3.17830e-01	-4.40550e-01	7.25259e-02	2.02400e-01
1.26500e-03	4.59042e-05	4.16311e-05	-1.17549e-04	-8.01278e-01	-3.20514e-01	-4.38263e-01	7.34305e-02	2.02400e-01
1.13779e-03	4.07382e-05	3.93047e-05	-1.20626e-04	-8.07293e-01	-3.22920e-01	-4.35929e-01	7.43292e-02	2.02400e-01
1.00110e-03	3.52212e-05	3.66873e-05	-1.22488e-04	-8.12432e-01	-3.24976e-01	-4.33549e-01	7.52216e-02	2.02400e-01
8.56053e-04	2.92971e-05	3.40721e-05	-1.24332e-04	-8.17080e-01	-3.26836e-01	-4.31123e-01	7.61074e-02	2.02400e-01
7.48310e-04	2.49589e-05	3.20840e-05	-1.25968e-04	-8.21326e-01	-3.28535e-01	-4.28651e-01	7.69862e-02	2.02400e-01
7.02171e-04	2.32890e-05	3.09759e-05	-1.26847e-04	-8.25904e-01	-3.30367e-01	-4.26131e-01	7.78578e-02	2.02400e-01
6.22933e-04	2.02826e-05	2.90837e-05	-1.25847e-04	-8.30864e-01	-3.32351e-01	-4.23565e-01	7.87216e-02	2.02400e-01
4.44336e-04	1.30801e-05	2.54109e-05	-1.22469e-04	-8.35543e-01	-3.34224e-01	-4.20952e-01	7.95774e-02	2.02400e-01
2.34202e-04	4.46327e-06	2.14005e-05	-1.18126e-04	-8.39714e-01	-3.35898e-01	-4.18292e-01	8.04249e-02	2.02400e-01
9.07199e-05	-1.31481e-06	1.84481e-05	-1.13726e-04	-8.43481e-01	-3.37422e-01	-4.15585e-01	8.12636e-02	2.02400e-01
1.43996e-05	-4.12657e-06	1.62005e-05	-1.07476e-04	-8.47554e-01	-3.39186e-01	-4.12830e-01	8.20932e-02	2.02400e-01
-1.59671e-04	-1.11107e-05	1.22965e-05	-9.76094e-05	-8.52304e-01	-3.40909e-01	-4.10028e-01	8.29134e-02	2.02400e-01
-5.49820e-04	-2.75687e-05	5.69002e-06	-8.58271e-05	-8.56420e-01	-3.42565e-01	-4.07179e-01	8.37238e-02	2.02400e-01
-9.49378e-04	-4.45976e-05	-5.14045e-07	-7.53998e-05	-8.58264e-01	-3.43304e-01	-4.04282e-01	8.45240e-02	2.02400e-01
-1.10897e-03	-5.12347e-05	-3.39959e-06	-6.79317e-05	-8.58548e-01	-3.43418e-01	-4.01338e-01	8.53137e-02	2.02400e-01
-1.10339e-03	-5.07928e-05	-3.74019e-06	-6.28688e-05	-8.59546e-01	-3.43817e-01	-3.98346e-01	8.60925e-02	2.02400e-01
-1.09911e-03	-5.04402e-05	-4.01109e-06	-5.80792e-05	-8.61599e-01	-3.44639e-01	-3.95307e-01	8.68601e-02	2.02400e-01
-1.15033e-03	-5.24865e-05	-5.12061e-06	-5.26035e-05	-8.63758e-01	-3.45502e-01	-3.92221e-01	8.76162e-02	2.02400e-01
-1.26321e-03	-5.73153e-05	-6.66891e-06	-4.82198e-05	-8.65221e-01	-3.46087e-01	-3.89087e-01	8.83605e-02	2.02400e-01
-1.37389e-03	-6.21218e-05	-7.89160e-06	-4.53364e-05	-8.66072e-01	-3.46428e-01	-3.85906e-01	8.90925e-02	2.02400e-01
-1.42125e-03	-6.40914e-05	-8.65630e-06	-4.00137e-05	-8.67180e-01	-3.46871e-01	-3.82678e-01	8.98119e-02	2.02400e-01
-1.39366e-03	-6.26183e-05	-9.30855e-06	-2.94890e-05	-8.68173e-01	-3.47268e-01	-3.79403e-01	9.05185e-02	2.02400e-01
-1.24472e-03	-5.57341e-05	-9.05557e-06	-1.69378e-05	-8.69264e-01	-3.47705e-01	-3.76081e-01	9.12120e-02	2.02400e-01
-1.03189e-03	-4.60908e-05	-7.94873e-06	-7.27917e-06	-8.71908e-01	-3.48763e-01	-3.72712e-01	9.18919e-02	2.02400e-01
-9.23468e-04	-4.12121e-05	-7.20646e-06	-2.37204e-06	-8.75198e-01	-3.50079e-01	-3.69297e-01	9.25580e-02	2.02400e-01
-9.32660e-04	-4.16285e-05	-7.16189e-06	-1.24377e-06	-8.77471e-01	-3.50988e-01	-3.65836e-01	9.32100e-02	2.02400e-01
-9.56572e-04	-4.27225e-05	-7.11609e-06	-1.70876e-06	-8.79339e-01	-3.51735e-01	-3.62328e-01	9.38477e-02	2.02400e-01
-1.00898e-03	-4.50711e-05	-7.37778e-06	-1.93623e-06	-8.81846e-01	-3.52738e-01	-3.58774e-01	9.44706e-02	2.02400e-01
-1.17124e-03	-5.22994e-05	-8.59302e-06	6.06718e-07	-8.84711e-01	-3.53884e-01	-3.55174e-01	9.50786e-02	2.02400e-01
-1.40463e-03	-6.26839e-05	-1.04480e-05	6.55669e-06	-8.86628e-01	-3.54651e-01	-3.51529e-01	9.56713e-02	2.02400e-01
-1.59729e-03	-7.12828e-05	-1.17924e-05	1.14063e-05	-8.86988e-01	-3.54795e-01	-3.47838e-01	9.62486e-02	2.02400e-01
-1.67270e-03	-7.47022e-05	-1.19134e-05	1.30661e-05	-8.85211e-01	-3.54084e-01	-3.44103e-01	9.68101e-02	2.02400e-01
-1.58089e-03	-7.05988e-05	-1.12170e-05	1.52511e-05	-8.82066e-01	-3.52826e-01	-3.40323e-01	9.73556e-02	2.02400e-01
-1.41802e-03	-6.32872e-05	-1.03018e-05	1.96925e-05	-8.81021e-01	-3.52408e-01	-3.36498e-01	9.78848e-02	2.02400e-01
-1.37946e-03	-6.15707e-05	-9.97575e-06	2.35673e-05	-8.82120e-01	-3.52848e-01	-3.32629e-01	9.83975e-02	2.02400e-01
-1.49661e-03	-6.68863e-05	-1.01261e-05	2.38270e-05	-8.82607e-01	-3.53042e-01	-3.28717e-01	9.88936e-02	2.02400e-01
-1.65222e-03	-7.39238e-05	-1.04659e-05	2.21779e-05	-8.82048e-01	-3.52818e-01	-3.24761e-01	9.93727e-02	2.02400e-01
-1.77161e-03	-7.93133e-05	-1.07760e-05	2.25942e-05	-8.81041e-01	-3.52416e-01	-3.20762e-01	9.98347e-02	2.02400e-01
-1.85661e-03	-8.31756e-05	-1.07378e-05	2.35753e-05	-8.80087e-01	-3.52034e-01	-3.16720e-01	1.00279e-01	2.02400e-01
-1.92931e-03	-8.65100e-05	-1.03743e-05	2.19332e-05	-8.79073e-01	-3.51628e-01	-3.12636e-01	1.00707e-01	2.02400e-01
-1.98853e-03	-8.92254e-05	-1.00250e-05	1.93872e-05	-8.77640e-01	-3.51055e-01	-3.08510e-01	1.01116e-01	2.02400e-01
-2.05034e-03	-9.20598e-05	-9.61376e-06	1.74145e-05	-8.75583e-01	-3.50232e-01	-3.04342e-01	1.01508e-01	2.02400e-01
-2.13810e-03	-9.60533e-05	-9.33765e-06	1.61279e-05	-8.71883e-01	-3.48752e-01	-3.00133e-01	1.01881e-01	2.02400e-01
-2.23017e-03	-1.00217e-04	-9.31526e-06	1.75412e-05	-8.67393e-01	-3.46956e-01	-2.95884e-01	1.02237e-01	2.02400e-01
-2.29777e-03	-1.03281e-04	-9.18068e-06	2.07453e-05	-8.63970e-01	-3.45587e-01	-2.91594e-01	1.02574e-01	2.02400e-01
-2.21904e-03	-9.97579e-05	-8.56870e-06	2.32671e-05	-8.60658e-01	-3.44262e-01	-2.87265e-01	1.02892e-01	2.02400e-01
-1.96417e-03	-8.82923e-05	-7.65217e-06	2.66671e-05	-8.57844e-01	-3.43137e-01	-2.82896e-01	1.03193e-01	2.02400e-01
-1.79147e-03	-8.05325e-05	-6.91578e-06	3.20829e-05	-8.57088e-01	-3.42834e-01	-2.78489e-01	1.03474e-01	2.02400e-01
-1.84882e-03	-8.31206e-05	-6.98154e-06	3.69830e-05	-8.56423e-01	-3.42568e-01	-2.74043e-01	1.03737e-01	2.02400e-01
-1.97206e-03	-8.86877e-05	-6.99107e-06	4.00073e-05	-8.54689e-01	-3.41875e-01	-2.69559e-01	1.03981e-01	2.02400e-01
-2.02538e-03	-9.11115e-05	-6.69441e-06	4.05428e-05	-8.52624e-01	-3.41049e-01	-2.65038e-01	1.04205e-01	2.02400e-01
-2.05274e-03	-9.23706e-05	-6.19528e-06	3.82825e-05	-8.50808e-01	-3.40322e-01	-2.60480e-01	1.04411e-01	2.02400e-01
-2.09932e-03	-9.44993e-05	-5.54229e-06	3.40780e-05	-8.49363e-01	-3.39744e-01	-2.55886e-01	1.04598e-01	2.02400e-01
-2.17543e-03	-9.79585e-05	-4.79076e-06	2.75525e-05	-8.47938e-01	-3.39174e-01	-2.51256e-01	1.04766e-01	2.02400e-01
-2.29776e-03	-1.03497e-04	-4.00649e-06	1.94351e-05	-8.45782e-01	-3.38312e-01	-2.46591e-01	1.04915e-01	2.02400e-01
-2.46272e-03	-1.10944e-04	-3.49773e-06	1.45207e-05	-8.42138e-01	-3.36854e-01	-2.41891e-01	1.05044e-01	2.02400e-01
-2.62865e-03	-1.18424e-04	-3.23447e-06	1.55931e-05	-8.37344e-01	-3.34937e-01	-2.37158e-01	1.05154e-01	2.02400e-01
-2.72105e-03	-1.22589e-04	-2.94081e-06	1.87492e-05	-8.31921e-01	-3.32767e-01	-2.32391e-01	1.05246e-01	2.02400e-01
-2.67385e-03	-1.20464e-04	-2.47831e-06	2.03241e-05	-8.26213e-01	-3.30484e-01	-2.27591e-01	1.05318e-01	2.02400e-01
-2.52159e-03	-1.13605e-04	-1.92517e-06	2.08756e-05	-8.21165e-01	-3.28465e-01	-2.22759e-01	1.05370e-01	2.02400e-01
-2.37512e-03	-1.07005e-04	-1.42145e-06	2.12408e-05	-8.17096e-01	-3.26837e-01	-2.17895e-01	1.05404e-01	2.02400e-01
-2.30563e-03	-1.03872e-04	-1.06082e-06	2.26531e-05	-8.13391e-01	-3.25355e-01	-2.13000e-01	1.05418e-01	2.02400e-01
-2.29587e-03	-1.03430e-04	-8.20622e-07	2.66740e-05	-8.09274e-01	-3.23709e-01	-2.08075e-01	1.05414e-01	2.02400e-01
-2.26661e-03	-1.02110e-04	-5.31055e-07	3.01765e-05	-8.04948e-01	-3.21978e-01	-2.03120e-01	1.05390e-01	2.02400e-01
-2.18196e-03	-9.82917e-05	-1.17275e-07	2.84003e-05	-8.01886e-01	-3.20753e-01	-1.98136e-01	1.05348e-01	2.02400e-01
-2.12582e-03	-9.57553e-05	4.12397e-07	2.35883e-05	-8.00396e-01	-3.20157e-01	-1.93124e-01	1.05286e-01	2.02400e-01
-2.17621e-03	-9.80148e-05	9.59132e-07	2.03644e-05	-7.98867e-01	-3.19546e-01	-1.88084e-01	1.05206e-01	2.02400e-01
-2.28925e-03	-1.03093e-04	1.55060e-06	1.82051e-05	-7.96461e-01	-3.18583e-01	-1.83017e-01	1.05107e-01	2.02400e-01
-2.36395e-03	-1.06443e-04	2.13576e-06	1.56447e-05	-7.93357e-01	-3.17342e-01	-1.77923e-01	1.04989e-01	2.02400e-01
-2.35766e-03	-1.06145e-04	2.55897e-06	1.38493e-05	-7.89923e-01	-3.15968e-01	-1.72804e-01	1.04853e-01	2.02400e-01
-2.33519e-03	-1.05118e-04	2.94235e-06	1.26303e-05	-7.86851e-01	-3.14739e-01	-1.67659e-01	1.04699e-01	2.02400e-01
-2.37406e-03	-1.06849e-04	3.46202e-06	1.11217e-05	-7.83828e-01	-3.13530e-01	-1.62491e-01	1.04526e-01	2.02400e-01
-2.43027e-03	-1.09362e-04	3.91804e-06	1.05924e-05	-7.79575e-01	-3.11829e-01	-1.57299e-01	1.04335e-01	2.02400e-01
-2.37877e-03	-1.07029e-04	4.17469e-06	1.11081e-05	-7.74280e-01	-3.09711e-01	-1.52083e-01	1.04126e-01	2.02400e-01
-2.22785e-03	-1.00222e-04	4.23094e-06	1.13055e-05	-7.69967e-01	-3.07986e-01	-1.46846e-01	1.03899e-01	2.02400e-01
-2.11956e-03	-9.53369e-05	4.27624e-06	1.30361e-05	-7.67253e-01	-3.06900e-01	-1.41587e-01	1.03655e-01	2.02400e-01
-2.08439e-03	-9.37497e-05	4.27304e-06	1.84550e-05	-7.64315e-01	-3.05725e-01	-1.36308e-01	1.03393e-01	2.02400e-01
-2.05959e-03	-9.26247e-05	4.38689e-06	2.29707e-05	-7.61196e-01	-3.04477e-01	-1.31008e-01	1.03114e-01	2.02400e-01
-2.05972e-03	-9.26096e-05	4.75816e-06	2.13853e-05	-7.58771e-01	-3.03507e-01	-1.25689e-01	1.02817e-01	2.02400e-01
-2.02670e-03	-9.10994e-05	5.09783e-06	1.83435e-05	-7.55299e-01	-3.02119e-01	-1.20352e-01	1.02504e-01	2.02400e-01
-1.86395e-03	-8.37736e-05	4.84105e-06	1.87208e-05	-7.51551e-01	-3.00619e-01	-1.14997e-01	1.02173e-01	2.02400e-01
-1.75916e-03	-7.90407e-05	4.91669e-06	1.63515e-05	-7.49895e-01	-2.99957e-01	-1.09625e-01	1.01826e-01	2.02400e-01
-1.92720e-03	-8.65576e-05	5.85963e-06	7.21389e-06	-7.47459e-01	-2.98983e-01	-1.04237e-01	1.01463e-01	2.02400e-01
-2.22783e-03	-1.00022e-04	7.28975e-06	-1.96856e-06	-7.42575e-01	-2.97029e-01	-9.88329e-02	1.01083e-01	2.02400e-01
-2.46264e-03	-1.10527e-04	8.52638e-06	-6.67277e-06	-7.36704e-01	-2.94680e-01	-9.34145e-02	1.00688e-01	2.02400e-01
-2.60774e-03	-1.17018e-04	9.27903e-06	-6.93653e-06	-7.29378e-01	-2.91750e-01	-8.79822e-02	1.00277e-01	2.02400e-01
-2.67874e-03	-1.20181e-04	9.78273e-06	-3.32394e-06	-7.20854e-01	-2.88341e-01	-8.25367e-02	9.98499e-02	2.02400e-01
-2.72912e-03	-1.22422e-04	1.01717e-05	5.78586e-07	-7.12831e-01	-2.85131e-01	-7.70788e-02	9.94078e-02	2.02400e-01
-2.80405e-03	-1.25759e-04	1.07222e-05	1.47367e-06	-7.05064e-01	-2.82025e-01	-7.16094e-02	9.89506e-02	2.02400e-01
-2.82024e-03	-1.26447e-04	1.11974e-05	3.34468e-07	-6.96047e-01	-2.78418e-01	-6.61292e-02	9.84786e-02	2.02400e-01
-2.70593e-03	-1.21296e-04	1.10196e-05	-6.78007e-07	-6.86797e-01	-2.74718e-01	-6.06391e-02	9.79921e-02	2.02400e-01
-2.59418e-03	-1.16259e-04	1.08401e-05	-7.13953e-07	-6.79279e-01	-2.71711e-01	-5.51397e-02	9.74912e-02	2.02400e-01
-2.59550e-03	-1.16295e-04	1.10834e-05	-6.18391e-08	-6.71906e-01	-2.68761e-01	-4.96319e-02	9.69762e-02	2.02400e-01
-2.60954e-03	-1.16896e-04	1.14154e-05	2.76320e-07	-6.63442e-01	-2.65376e-01	-4.41165e-02	9.64474e-02	2.02400e-01
-2.53317e-03	-1.13449e-04	1.13310e-05	6.06328e-07	-6.55301e-01	-2.62119e-01	-3.85944e-02	9.59050e-02	2.02400e-01
-2.42191e-03	-1.08444e-04	1.10437e-05	1.99993e-06	-6.48015e-01	-2.59205e-01	-3.30662e-02	9.53493e-02	2.02400e-01
-2.35042e-03	-1.05222e-04	1.09124e-05	4.06947e-06	-6.41095e-01	-2.56437e-01	-2.75329e-02	9.47806e-02	2.02400e-01
-2.31881e-03	-1.03783e-04	1.09787e-05	5.60306e-06	-6.34414e-01	-2.53765e-01	-2.19952e-02	9.41991e-02	2.02400e-01
-2.29921e-03	-1.02885e-04	1.10766e-05	7.01497e-06	-6.27859e-01	-2.51143e-01	-1.64539e-02	9.36051e-02	2.02400e-01
-2.25638e-03	-1.00947e-04	1.10573e-05	9.58265e-06	-6.20892e-01	-2.48356e-01	-1.09099e-02	9.29989e-02	2.02400e-01
-2.15592e-03	-9.64359e-05	1.07106e-05	1.25010e-05	-6.13686e-01	-2.45474e-01	-5.36387e-03	9.23808e-02	2.02400e-01
-2.01528e-03	-9.01269e-05	1.01698e-05	1.36542e-05	-6.07274e-01	-2.42909e-01	1.83256e-04	9.17509e-02	2.02400e-01
-1.87061e-03	-8.36380e-05	9.59971e-06	1.33842e-05	-6.01694e-01	-2.40677e-01	5.73070e-03	9.11097e-02	2.02400e-01
-1.73328e-03	-7.74835e-05	9.01443e-06	1.38087e-05	-5.96904e-01	-2.38761e-01	1.12776e-02	9.04574e-02	2.02400e-01
-1.62310e-03	-7.25429e-05	8.56684e-06	1.48518e-05	-5.93280e-01	-2.37311e-01	1.68233e-02	8.97942e-02	2.02400e-01
-1.55126e-03	-6.93179e-05	8.30569e-06	1.49734e-05	-5.90022e-01	-2.36008e-01	2.23668e-02	8.91205e-02	2.02400e-01
-1.49145e-03	-6.66285e-05	8.12001e-06	1.41217e-05	-5.86646e-01	-2.34658e-01	2.79074e-02	8.84365e-02	2.02400e-01
-1.43275e-03	-6.39893e-05	7.93435e-06	1.33333e-05	-5.83520e-01	-2.33407e-01	3.34443e-02	8.77425e-02	2.02400e-01
-1.39181e-03	-6.21467e-05	7.81702e-06	1.35114e-05	-5.80463e-01	-2.32184e-01	3.89765e-02	8.70388e-02	2.02400e-01
-1.35410e-03	-6.04513e-05	7.69481e-06	1.47687e-05	-5.77377e-01	-2.30950e-01	4.45035e-02	8.63257e-02	2.02400e-01
-1.29421e-03	-5.77671e-05	7.43622e-06	1.59933e-05	-5.74566e-01	-2.29826e-01	5.00242e-02	8.56035e-02	2.02400e-01
-1.22069e-03	-5.44740e-05	7.09993e-06	1.60953e-05	-5.72107e-01	-2.28842e-01	5.55380e-02	8.48725e-02	2.02400e-01
-1.15699e-03	-5.16192e-05	6.82191e-06	1.54598e-05	-5.69894e-01	-2.27957e-01	6.10439e-02	8.41329e-02	2.02400e-01
-1.10995e-03	-4.95088e-05	6.63146e-06	1.50308e-05	-5.67873e-01	-2.27149e-01	6.65413e-02	8.33850e-02	2.02400e-01
-1.07234e-03	-4.78203e-05	6.48522e-06	1.49222e-05	-5.66069e-01	-2.26427e-01	7.20292e-02	8.26291e-02	2.02400e-01
-1.03553e-03	-4.61686e-05	6.33692e-06	1.47241e-05	-5.64463e-01	-2.25785e-01	7.75069e-02	8.18655e-02	2.02400e-01
-9.95950e-04	-4.43940e-05	6.16564e-06	1.43020e-05	-5.63030e-01	-2.25212e-01	8.29736e-02	8.10946e-02	2.02400e-01
-9.56614e-04	-4.26306e-05	5.99289e-06	1.37783e-05	-5.61828e-01	-2.24731e-01	8.84285e-02	8.03165e-02	2.02400e-01
-9.20559e-04	-4.10141e-05	5.83534e-06	1.32222e-05	-5.60857e-01	-2.24342e-01	9.38708e-02	7.95315e-02	2.02400e-01
-8.88464e-04	-3.95748e-05	5.69614e-06	1.26565e-05	-5.60081e-01	-2.24032e-01	9.92997e-02	7.87400e-02	2.02400e-01
-8.62820e-04	-3.84233e-05	5.59479e-06	1.20646e-05	-5.59519e-01	-2.23807e-01	1.04714e-01	7.79422e-02	2.02400e-01
-8.48741e-04	-3.77871e-05	5.56592e-06	1.13958e-05	-5.59092e-01	-2.23637e-01	1.10114e-01	7.71384e-02	2.02400e-01
-8.44035e-04	-3.75682e-05	5.59753e-06	1.07283e-05	-5.58666e-01	-2.23466e-01	1.15498e-01	7.63289e-02	2.02400e-01
-8.39241e-04	-3.73458e-05	5.62548e-06	1.03415e-05	-5.58214e-01	-2.23285e-01	1.20866e-01	7.55139e-02	2.02400e-01
-8.27012e-04	-3.67933e-05	5.59764e-06	1.04219e-05	-5.57794e-01	-2.23117e-01	1.26216e-01	7.46938e-02	2.02400e-01
-8.05897e-04	-3.58463e-05	5.50430e-06	1.06930e-05	-5.57475e-01	-2.22990e-01	1.31548e-01	7.38688e-02	2.02400e-01
-7.79748e-04	-3.46754e-05	5.37561e-06	1.05132e-05	-5.57310e-01	-2.22924e-01	1.36861e-01	7.30392e-02	2.02400e-01
-7.56498e-04	-3.36332e-05	5.26848e-06	9.54593e-06	-5.57265e-01	-2.22906e-01	1.42154e-01	7.22053e-02	2.02400e-01
-7.42289e-04	-3.29929e-05	5.22340e-06	8.19786e-06	-5.57255e-01	-2.22902e-01	1.47428e-01	7.13672e-02	2.02400e-01
-7.39325e-04	-3.28530e-05	5.25371e-06	7.23000e-06	-5.57243e-01	-2.22897e-01	1.52680e-01	7.05254e-02	2.02400e-01
-7.46941e-04	-3.31838e-05	5.35484e-06	7.02688e-06	-5.57250e-01	-2.22900e-01	1.57910e-01	6.96801e-02	2.02400e-01
-7.63087e-04	-3.38939e-05	5.51447e-06	7.42157e-06	-5.57292e-01	-2.22917e-01	1.63117e-01	6.88315e-02	2.02400e-01
-7.85783e-04	-3.48950e-05	5.72119e-06	8.02511e-06	-5.57380e-01	-2.22952e-01	1.68302e-01	6.79799e-02	2.02400e-01
-8.13266e-04	-3.61081e-05	5.96545e-06	8.52020e-06	-5.57514e-01	-2.23005e-01	1.73462e-01	6.71256e-02	2.02400e-01
-8.42435e-04	-3.73954e-05	6.22598e-06	8.76564e-06	-5.57683e-01	-2.23073e-01	1.78597e-01	6.62688e-02	2.02400e-01
-8.69035e-04	-3.85681e-05	6.47102e-06	8.72559e-06	-5.57878e-01	-2.23151e-01	1.83707e-01	6.54099e-02	2.02400e-01
-8.90602e-04	-3.95166e-05	6.68235e-06	8.39686e-06	-5.58095e-01	-2.23238e-01	1.88790e-01	6.45489e-02	2.02400e-01
-9.02929e-04	-4.00546e-05	6.82740e-06	7.87123e-06	-5.58326e-01	-2.23330e-01	1.93847e-01	6.36863e-02	2.02400e-01
-8.98913e-04	-3.98679e-05	6.84679e-06	7.26490e-06	-5.58620e-01	-2.23447e-01	1.98876e-01	6.28223e-02	2.02400e-01
-8.80719e-04	-3.90529e-05	6.75511e-06	6.54783e-06	-5.59098e-01	-2.23639e-01	2.03876e-01	6.19571e-02	2.02400e-01
-8.65392e-04	-3.83650e-05	6.68478e-06	5.77063e-06	-5.59730e-01	-2.23891e-01	2.08847e-01	6.10910e-02	2.02400e-01
-8.63395e-04	-3.82680e-05	6.71784e-06	5.29040e-06	-5.60318e-01	-2.24127e-01	2.13789e-01	6.02243e-02	2.02400e-01
-8.68657e-04	-3.84930e-05	6.80539e-06	5.43289e-06	-5.60772e-01	-2.24308e-01	2.18700e-01	5.93571e-02	2.02400e-01
-8.71526e-04	-3.86125e-05	6.87035e-06	6.02660e-06	-5.61175e-01	-2.24469e-01	2.23581e-01	5.84897e-02	2.02400e-01
-8.73304e-04	-3.86841e-05	6.92491e-06	6.45670e-06	-5.61602e-01	-2.24641e-01	2.28429e-01	5.76224e-02	2.02400e-01
-8.84219e-04	-3.91596e-05	7.05577e-06	6.13538e-06	-5.62066e-01	-2.24826e-01	2.33245e-01	5.67554e-02	2.02400e-01
-9.11978e-04	-4.03800e-05	7.32680e-06	5.00663e-06	-5.62493e-01	-2.24997e-01	2.38028e-01	5.58890e-02	2.02400e-01
-9.53089e-04	-4.21905e-05	7.71067e-06	3.55528e-06	-5.62818e-01	-2.25127e-01	2.42778e-01	5.50234e-02	2.02400e-01
-9.98392e-04	-4.41860e-05	8.13133e-06	2.30021e-06	-5.63075e-01	-2.25230e-01	2.47493e-01	5.41589e-02	2.02400e-01
-1.04224e-03	-4.61166e-05	8.54201e-06	1.43693e-06	-5.63323e-01	-2.25329e-01	2.52173e-01	5.32956e-02	2.02400e-01
-1.08436e-03	-4.79706e-05	8.93981e-06	8.49448e-07	-5.63564e-01	-2.25425e-01	2.56818e-01	5.24339e-02	2.02400e-01
-1.12476e-03	-4.97479e-05	9.32572e-06	2.18032e-07	-5.63801e-01	-2.25520e-01	2.61427e-01	5.15738e-02	2.02400e-01
-1.16351e-03	-5.14515e-05	9.70144e-06	-6.81136e-07	-5.64059e-01	-2.25623e-01	2.65998e-01	5.07158e-02	2.02400e-01
-1.20037e-03	-5.30714e-05	1.00633e-05	-1.60859e-06	-5.64327e-01	-2.25730e-01	2.70533e-01	4.98600e-02	2.02400e-01
-1.23443e-03	-5.45667e-05	1.04037e-05	-2.01111e-06	-5.64555e-01	-2.25821e-01	2.75030e-01	4.90066e-02	2.02400e-01
-1.26328e-03	-5.58312e-05	1.07015e-05	-1.63358e-06	-5.64687e-01	-2.25874e-01	2.79488e-01	4.81559e-02	2.02400e-01
-1.28479e-03	-5.67718e-05	1.09383e-05	-7.51566e-07	-5.64739e-01	-2.25895e-01	2.83908e-01	4.73080e-02	2.02400e-01
-1.30377e-03	-5.75993e-05	1.11563e-05	2.17614e-07	-5.64784e-01	-2.25913e-01	2.88288e-01	4.64633e-02	2.02400e-01
-1.32813e-03	-5.86645e-05	1.14215e-05	1.03528e-06	-5.64804e-01	-2.25921e-01	2.92628e-01	4.56219e-02	2.02400e-01
-1.35790e-03	-5.99683e-05	1.17349e-05	1.63401e-06	-5.64715e-01	-2.25886e-01	2.96927e-01	4.47840e-02	2.02400e-01
-1.38364e-03	-6.10927e-05	1.20194e-05	2.06343e-06	-5.64532e-01	-2.25812e-01	3.01186e-01	4.39499e-02	2.02400e-01
-1.40071e-03	-6.18340e-05	1.22301e-05	2.21713e-06	-5.64350e-01	-2.25739e-01	3.05403e-01	4.31198e-02	2.02400e-01
-1.41462e-03	-6.24365e-05	1.24109e-05	1.68333e-06	-5.64167e-01	-2.25666e-01	3.09578e-01	4.22939e-02	2.02400e-01
-1.42890e-03	-6.30550e-05	1.25948e-05	3.36889e-07	-5.63885e-01	-2.25553e-01	3.13710e-01	4.14723e-02	2.02400e-01
-1.43849e-03	-6.34663e-05	1.27397e-05	-1.21194e-06	-5.63506e-01	-2.25402e-01	3.17800e-01	4.06554e-02	2.02400e-01
-1.44585e-03	-6.37785e-05	1.28667e-05	-2.32078e-06	-5.63126e-01	-2.25250e-01	3.21846e-01	3.98433e-02	2.02400e-01
-1.45934e-03	-6.43623e-05	1.30417e-05	-3.13920e-06	-5.62730e-01	-2.25091e-01	3.25848e-01	3.90361e-02	2.02400e-01
-1.47882e-03	-6.52101e-05	1.32721e-05	-4.19387e-06	-5.62277e-01	-2.24910e-01	3.29806e-01	3.82342e-02	2.02400e-01
-1.49459e-03	-6.58926e-05	1.34762e-05	-5.49554e-06	-5.61792e-01	-2.24716e-01	3.33719e-01	3.74377e-02	2.02400e-01
-1.49954e-03	-6.60989e-05	1.35800e-05	-6.61520e-06	-5.61281e-01	-2.24512e-01	3.37588e-01	3.66468e-02	2.02400e-01
-1.49645e-03	-6.59508e-05	1.36099e-05	-7.40133e-06	-5.60771e-01	-2.24308e-01	3.41410e-01	3.58617e-02	2.02400e-01
-1.49673e-03	-6.59507e-05	1.36727e-05	-8.06600e-06	-5.60265e-01	-2.24105e-01	3.45187e-01	3.50826e-02	2.02400e-01
-1.50443e-03	-6.62779e-05	1.38010e-05	-8.68112e-06	-5.59689e-01	-2.23875e-01	3.48918e-01	3.43096e-02	2.02400e-01
-1.51195e-03	-6.65969e-05	1.39274e-05	-9.17234e-06	-5.59066e-01	-2.23626e-01	3.52602e-01	3.35430e-02	2.02400e-01
-1.51648e-03	-6.67838e-05	1.40292e-05	-9.82893e-06	-5.58512e-01	-2.23404e-01	3.56240e-01	3.27830e-02	2.02400e-01
-1.52377e-03	-6.70936e-05	1.41514e-05	-1.09921e-05	-5.58031e-01	-2.23212e-01	3.59830e-01	3.20296e-02	2.02400e-01
-1.54217e-03	-6.78930e-05	1.43731e-05	-1.22144e-05	-5.57559e-01	-2.23023e-01	3.63373e-01	3.12832e-02	2.02400e-01
-1.57052e-03	-6.91296e-05	1.46904e-05	-1.27903e-05	-5.57034e-01	-2.22813e-01	3.66868e-01	3.05438e-02	2.02400e-01
-1.59525e-03	-7.02067e-05	1.49769e-05	-1.29776e-05	-5.56413e-01	-2.22565e-01	3.70315e-01	2.98116e-02	2.02400e-01
-1.60458e-03	-7.06049e-05	1.51214e-05	-1.33813e-05	-5.55722e-01	-2.22288e-01	3.73714e-01	2.90868e-02	2.02400e-01
-1.60473e-03	-7.05993e-05	1.51804e-05	-1.37385e-05	-5.55002e-01	-2.22000e-01	3.77064e-01	2.83696e-02	2.02400e-01
-1.61235e-03	-7.09230e-05	1.53057e-05	-1.35478e-05	-5.54249e-01	-2.21699e-01	3.80365e-01	2.76601e-02	2.02400e-01
-1.63610e-03	-7.19567e-05	1.55817e-05	-1.30333e-05	-5.53419e-01	-2.21367e-01	3.83618e-01	2.69585e-02	2.02400e-01
-1.67113e-03	-7.34853e-05	1.59717e-05	-1.26625e-05	-5.52434e-01	-2.20973e-01	3.86821e-01	2.62649e-02	2.02400e-01
-1.70203e-03	-7.48300e-05	1.63310e-05	-1.25115e-05	-5.51301e-01	-2.20520e-01	3.89975e-01	2.55795e-02	2.02400e-01
-1.71647e-03	-7.54518e-05	1.65289e-05	-1.24703e-05	-5.50166e-01	-2.20066e-01	3.93079e-01	2.49024e-02	2.02400e-01
-1.71691e-03	-7.54593e-05	1.65881e-05	-1.24324e-05	-5.49127e-01	-2.19650e-01	3.96134e-01	2.42337e-02	2.02400e-01
-1.71122e-03	-7.51956e-05	1.65952e-05	-1.22529e-05	-5.48154e-01	-2.19261e-01	3.99139e-01	2.35736e-02	2.02400e-01
-1.70338e-03	-7.48373e-05	1.65814e-05	-1.18491e-05	-5.47178e-01	-2.18871e-01	4.02094e-01	2.29222e-02	2.02400e-01
-1.69905e-03	-7.46362e-05	1.65869e-05	-1.12522e-05	-5.46166e-01	-2.18466e-01	4.04999e-01	2.22797e-02	2.02400e-01
-1.70184e-03	-7.47500e-05	1.66537e-05	-1.06289e-05	-5.45137e-01	-2.18054e-01	4.07853e-01	2.16461e-02	2.02400e-01
-1.70467e-03	-7.48618e-05	1.67370e-05	-1.01749e-05	-5.44133e-01	-2.17652e-01	4.10658e-01	2.10216e-02	2.02400e-01
-1.69851e-03	-7.45762e-05	1.67445e-05	-9.84627e-06	-5.43150e-01	-2.17259e-01	4.13413e-01	2.04063e-02	2.02400e-01
-1.68754e-03	-7.40826e-05	1.66906e-05	-9.58541e-06	-5.42158e-01	-2.16863e-01	4.16117e-01	1.98003e-02	2.02400e-01
-1.68361e-03	-7.39018e-05	1.66880e-05	-9.72955e-06	-5.41145e-01	-2.16457e-01	4.18771e-01	1.92037e-02	2.02400e-01
-1.68898e-03	-7.41278e-05	1.67834e-05	-1.05427e-05	-5.40068e-01	-2.16026e-01	4.21374e-01	1.86166e-02	2.02400e-01
-1.69494e-03	-7.43765e-05	1.68992e-05	-1.14511e-05	-5.38914e-01	-2.15565e-01	4.23928e-01	1.80391e-02	2.02400e-01
-1.69533e-03	-7.43830e-05	1.69499e-05	-1.14430e-05	-5.37730e-01	-2.15091e-01	4.26431e-01	1.74712e-02	2.02400e-01
-1.69004e-03	-7.41415e-05	1.69381e-05	-1.04910e-05	-5.36524e-01	-2.14609e-01	4.28884e-01	1.69131e-02	2.02400e-01
-1.67610e-03	-7.35184e-05	1.68494e-05	-9.82944e-06	-5.35369e-01	-2.14147e-01	4.31287e-01	1.63648e-02	2.02400e-01
-1.65197e-03	-7.24469e-05	1.66641e-05	-1.02545e-05	-5.34366e-01	-2.13746e-01	4.33640e-01	1.58264e-02	2.02400e-01
-1.62043e-03	-7.10524e-05	1.63951e-05	-1.10299e-05	-5.33469e-01	-2.13387e-01	4.35943e-01	1.52980e-02	2.02400e-01
-1.58788e-03	-6.96176e-05	1.60973e-05	-1.11521e-05	-5.32582e-01	-2.13032e-01	4.38197e-01	1.47795e-02	2.02400e-01
-1.55863e-03	-6.83287e-05	1.58294e-05	-1.05104e-05	-5.31652e-01	-2.12660e-01	4.40401e-01	1.42711e-02	2.02400e-01
-1.52393e-03	-6.68015e-05	1.55039e-05	-9.39197e-06	-5.30737e-01	-2.12294e-01	4.42556e-01	1.37728e-02	2.02400e-01
-1.47923e-03	-6.48315e-05	1.50948e-05	-8.25147e-06	-5.30012e-01	-2.12004e-01	4.44661e-01	1.32847e-02	2.02400e-01
-1.43998e-03	-6.31015e-05	1.47343e-05	-7.62305e-06	-5.29397e-01	-2.11758e-01	4.46718e-01	1.28067e-02	2.02400e-01
-1.40841e-03	-6.17137e-05	1.44309e-05	-7.17784e-06	-5.28670e-01	-2.11468e-01	4.48725e-01	1.23389e-02	2.02400e-01
-1.36180e-03	-5.96639e-05	1.39858e-05	-6.00961e-06	-5.27891e-01	-2.11156e-01	4.50685e-01	1.18813e-02	2.02400e-01
-1.30775e-03	-5.72855e-05	1.34749e-05	-4.33895e-06	-5.27261e-01	-2.10904e-01	4.52596e-01	1.14340e-02	2.02400e-01
-1.29252e-03	-5.66111e-05	1.33475e-05	-3.40360e-06	-5.26676e-01	-2.10670e-01	4.54459e-01	1.09968e-02	2.02400e-01
-1.31332e-03	-5.75224e-05	1.35621e-05	-3.49079e-06	-5.25840e-01	-2.10335e-01	4.56275e-01	1.05699e-02	2.02400e-01
-1.30561e-03	-5.71798e-05	1.35032e-05	-3.62477e-06	-5.24916e-01	-2.09966e-01	4.58044e-01	1.01532e-02	2.02400e-01
-1.25432e-03	-5.49180e-05	1.30370e-05	-3.05752e-06	-5.24256e-01	-2.09702e-01	4.59765e-01	9.74664e-03	2.02400e-01
-1.20837e-03	-5.28953e-05	1.26053e-05	-1.69963e-06	-5.23714e-01	-2.09485e-01	4.61440e-01	9.35027e-03	2.02400e-01
-1.18889e-03	-5.20446e-05	1.23952e-05	2.64421e-07	-5.23089e-01	-2.09235e-01	4.63070e-01	8.96404e-03	2.02400e-01
-1.17776e-03	-5.15546e-05	1.22894e-05	2.23789e-06	-5.22481e-01	-2.08992e-01	4.64653e-01	8.58789e-03	2.02400e-01
-1.16042e-03	-5.07836e-05	1.21591e-05	3.40645e-06	-5.21939e-01	-2.08775e-01	4.66192e-01	8.22178e-03	2.02400e-01
-1.13615e-03	-4.97119e-05	1.19457e-05	3.51327e-06	-5.21417e-01	-2.08566e-01	4.67685e-01	7.86566e-03	2.02400e-01
-1.11516e-03	-4.87901e-05	1.17377e-05	3.15445e-06	-5.20906e-01	-2.08362e-01	4.69135e-01	7.51946e-03	2.02400e-01
-1.10720e-03	-4.84408e-05	1.16579e-05	2.93503e-06	-5.20410e-01	-2.08164e-01	4.70540e-01	7.18311e-03	2.02400e-01
-1.10606e-03	-4.83873e-05	1.16616e-05	2.90506e-06	-5.19955e-01	-2.07981e-01	4.71903e-01	6.85654e-03	2.02400e-01
-1.09670e-03	-4.79744e-05	1.15770e-05	3.17994e-06	-5.19594e-01	-2.07837e-01	4.73223e-01	6.53965e-03	2.02400e-01
-1.07932e-03	-4.72110e-05	1.14065e-05	4.18064e-06	-5.19365e-01	-2.07746e-01	4.74501e-01	6.23235e-03	2.02400e-01
-1.07385e-03	-4.69674e-05	1.13673e-05	5.93145e-06	-5.19184e-01	-2.07673e-01	4.75738e-01	5.93454e-03	2.02400e-01
-1.08973e-03	-4.76597e-05	1.15433e-05	7.82187e-06	-5.18894e-01	-2.07557e-01	4.76934e-01	5.64611e-03	2.02400e-01
-1.11036e-03	-4.85607e-05	1.17671e-05	9.20328e-06	-5.18481e-01	-2.07392e-01	4.78090e-01	5.36694e-03	2.02400e-01
-1.12112e-03	-4.90294e-05	1.18889e-05	9.84819e-06	-5.18029e-01	-2.07211e-01	4.79207e-01	5.09690e-03	2.02400e-01
-1.12563e-03	-4.92235e-05	1.19510e-05	9.90142e-06	-5.17577e-01	-2.07030e-01	4.80285e-01	4.83586e-03	2.02400e-01
-1.13066e-03	-4.94377e-05	1.20273e-05	9.63980e-06	-5.17125e-01	-2.06850e-01	4.81325e-01	4.58368e-03	2.02400e-01
-1.13294e-03	-4.95321e-05	1.20738e-05	9.28282e-06	-5.16682e-01	-2.06672e-01	4.82328e-01	4.34020e-03	2.02400e-01
-1.12473e-03	-4.91691e-05	1.20034e-05	8.95068e-06	-5.16272e-01	-2.06509e-01	4.83294e-01	4.10527e-03	2.02400e-01
-1.10402e-03	-4.82595e-05	1.17990e-05	8.72774e-06	-5.15929e-01	-2.06371e-01	4.84225e-01	3.87872e-03	2.02400e-01
-1.07611e-03	-4.70374e-05	1.15100e-05	8.66681e-06	-5.15653e-01	-2.06261e-01	4.85121e-01	3.66037e-03	2.02400e-01
-1.05455e-03	-4.60931e-05	1.12871e-05	8.75671e-06	-5.15435e-01	-2.06174e-01	4.85984e-01	3.45004e-03	2.02400e-01
-1.04550e-03	-4.56921e-05	1.12115e-05	8.91970e-06	-5.15223e-01	-2.06089e-01	4.86813e-01	3.24754e-03	2.02400e-01
-1.04308e-03	-4.55833e-05	1.11985e-05	9.05391e-06	-5.14985e-01	-2.05994e-01	4.87610e-01	3.05266e-03	2.02400e-01
-1.03967e-03	-4.54327e-05	1.11681e-05	9.05851e-06	-5.14719e-01	-2.05887e-01	4.88377e-01	2.86521e-03	2.02400e-01
-1.03453e-03	-4.52086e-05	1.11108e-05	8.90448e-06	-5.14423e-01	-2.05769e-01	4.89113e-01	2.68496e-03	2.02400e-01
-1.02918e-03	-4.49755e-05	1.10499e-05	8.64842e-06	-5.14121e-01	-2.05648e-01	4.89820e-01	2.51169e-03	2.02400e-01
-1.02189e-03	-4.46559e-05	1.09756e-05	8.34710e-06	-5.13782e-01	-2.05513e-01	4.90499e-01	2.34517e-03	2.02400e-01
-1.01141e-03	-4.41991e-05	1.08585e-05	8.02721e-06	-5.13450e-01	-2.05380e-01	4.91151e-01	2.18515e-03	2.02400e-01
-9.97138e-04	-4.35710e-05	1.07234e-05	7.68371e-06	-5.13112e-01	-2.05244e-01	4.91777e-01	2.03138e-03	2.02400e-01
-9.76458e-04	-4.26647e-05	1.05119e-05	7.29175e-06	-5.12740e-01	-2.05096e-01	4.92378e-01	1.88362e-03	2.02400e-01
-9.50261e-04	-4.15179e-05	1.02387e-05	6.80575e-06	-5.12425e-01	-2.04969e-01	4.92955e-01	1.74158e-03	2.02400e-01
-9.15338e-04	-3.99849e-05	9.89171e-06	6.22256e-06	-5.12006e-01	-2.04802e-01	4.93510e-01	1.60501e-03	2.02400e-01
-8.77256e-04	-3.83329e-05	9.43304e-06	5.58485e-06	-5.11728e-01	-2.04691e-01	4.94043e-01	1.47361e-03	2.02400e-01
-8.35015e-04	-3.64675e-05	9.05846e-06	4.96471e-06	-5.11329e-01	-2.04531e-01	4.94556e-01	1.34710e-03	2.02400e-01
-7.90390e-04	-3.45444e-05	8.47008e-06	4.41226e-06	-5.11047e-01	-2.04419e-01	4.95050e-01	1.22517e-03	2.02400e-01
-7.44274e-04	-3.24952e-05	8.11236e-06	3.95976e-06	-5.10785e-01	-2.04314e-01	4.95527e-01	1.10753e-03	2.02400e-01
-6.92068e-04	-3.02399e-05	7.44558e-06	3.61392e-06	-5.10393e-01	-2.04157e-01	4.95987e-01	9.93848e-04	2.02400e-01
-6.37597e-04	-2.78347e-05	6.96124e-06	3.35711e-06	-5.10381e-01	-2.04152e-01	4.96433e-01	8.83813e-04	2.02400e-01
-5.77634e-04	-2.52022e-05	6.36630e-06	3.16576e-06	-5.09846e-01	-2.03938e-01	4.96864e-01	7.77089e-04	2.02400e-01
-5.09433e-04	-2.22654e-05	5.45767e-06	3.03636e-06	-5.10003e-01	-2.04001e-01	4.97284e-01	6.73337e-04	2.02400e-01
-4.50720e-04	-1.95823e-05	5.30111e-06	2.97560e-06	-5.09617e-01	-2.03846e-01	4.97692e-01	5.72209e-04	2.02400e-01
-3.65677e-04	-1.60446e-05	3.66644e-06	3.02004e-06	-5.09415e-01	-2.03766e-01	4.98091e-01	4.73349e-04	2.02400e-01
-3.42797e-04	-1.47215e-05	4.72516e-06	3.15285e-06	-5.10086e-01	-2.04034e-01	4.98483e-01	3.76393e-04	2.02400e-01
-2.68435e-04	-1.17597e-05	2.76526e-06	3.36983e-06	-5.08693e-01	-2.03477e-01	4.98868e-01	2.80968e-04	2.02400e-01
-3.85672e-04	-1.66244e-05	5.06684e-06	3.54797e-06	-5.13266e-01	-2.05306e-01	4.99248e-01	1.86692e-04	2.02400e-01
-7.33271e-04	-3.01280e-05	1.55935e-05	2.61851e-06	-5.12768e-01	-2.05107e-01	4.99625e-01	9.31766e-05	2.02400e-01
-6.45403e-04	-3.89460e-05	-3.63258e-05	-7.10926e-08	-5.17351e-01	-2.06939e-01	5.00000e-01	0.00000e+00	2.02400e-01
