"Density"	"Momentum:0"	"Momentum:1"	"Momentum:2"	"StagnationEnergy"	"Pressure"	"Points:0"	"Points:1"	"Points:2"
2.19789e-02	-9.29506e-04	9.89070e-04	5.40595e-05	-5.00020e-01	-2.00025e-01	-4.85030e-01	0.00000e+00	-1.93600e-01
-1.03971e-03	2.71303e-05	-4.82167e-05	1.72205e-05	-8.94369e-01	-3.57747e-01	-4.84976e-01	2.24936e-03	-1.93600e-01
2.13861e-03	2.40108e-05	9.45080e-05	2.54519e-05	-7.64046e-01	-3.05619e-01	-4.84814e-01	4.49354e-03	-1.93600e-01
7.60798e-03	3.15132e-05	3.41879e-04	2.43056e-05	-8.23325e-01	-3.29333e-01	-4.84543e-01	6.72720e-03	-1.93600e-01
7.17667e-03	7.94771e-05	3.13979e-04	1.73813e-05	-8.00673e-01	-3.20272e-01	-4.84165e-01	8.94507e-03	-1.93600e-01
6.86948e-03	6.27305e-05	3.03353e-04	1.20756e-05	-8.01821e-01	-3.20731e-01	-4.83679e-01	1.11420e-02	-1.93600e-01
5.76503e-03	8.10762e-05	2.46905e-04	3.70806e-06	-8.19908e-01	-3.27965e-01	-4.83088e-01	1.33132e-02	-1.93600e-01
3.79026e-03	5.35796e-05	1.62185e-04	-2.34012e-06	-7.85708e-01	-3.14285e-01	-4.82397e-01	1.54543e-02	-1.93600e-01
2.05875e-03	3.41097e-05	8.62618e-05	-7.32777e-06	-7.88121e-01	-3.15249e-01	-4.81608e-01	1.75614e-02	-1.93600e-01
5.36930e-04	1.09106e-05	2.16184e-05	-8.83807e-06	-7.65127e-01	-3.06051e-01	-4.80771e-01	1.95304e-02	-1.93600e-01
-3.60761e-04	-1.00129e-05	-1.31801e-05	-7.31874e-06	-7.52949e-01	-3.01180e-01	-4.79933e-01	2.13057e-02	-1.93600e-01
-8.49988e-04	-1.78059e-05	-3.39033e-05	-5.34145e-06	-7.49090e-01	-2.99635e-01	-4.79092e-01	2.29361e-02	-1.93600e-01
-1.16312e-03	-2.80843e-05	-4.42901e-05	-3.49888e-06	-7.37889e-01	-2.95155e-01	-4.78247e-01	2.44540e-02	-1.93600e-01
-1.24731e-03	-2.93687e-05	-4.79029e-05	-2.47138e-06	-7.38218e-01	-2.95287e-01	-4.77395e-01	2.58819e-02	-1.93600e-01
-1.24372e-03	-3.05423e-05	-4.69684e-05	-1.49766e-06	-7.32575e-01	-2.93030e-01	-4.76537e-01	2.72364e-02	-1.93600e-01
-1.11284e-03	-2.82430e-05	-4.14148e-05	-7.58022e-07	-7.31590e-01	-2.92635e-01	-4.75669e-01	2.85303e-02	-1.93600e-01
-9.59133e-04	-2.49297e-05	-3.52880e-05	-1.99884e-07	-7.30554e-01	-2.92221e-01	-4.74792e-01	2.97733e-02	-1.93600e-01
-8.19603e-04	-2.22821e-05	-2.94341e-05	2.51392e-07	-7.28942e-01	-2.91576e-01	-4.73903e-01	3.09734e-02	-1.93600e-01
-6.81200e-04	-1.88773e-05	-2.41884e-05	5.72333e-07	-7.29176e-01	-2.91670e-01	-4.73002e-01	3.21369e-02	-1.93600e-01
-5.75754e-04	-1.64638e-05	-2.00352e-05	8.49484e-07	-7.28281e-01	-2.91312e-01	-4.72086e-01	3.32692e-02	-1.93600e-01
-4.75328e-04	-1.38905e-05	-1.62901e-05	9.94561e-07	-7.28294e-01	-2.91317e-01	-4.71156e-01	3.43746e-02	-1.93600e-01
-3.95692e-04	-1.17901e-05	-1.33637e-05	1.02211e-06	-7.28327e-01	-2.91331e-01	-4.70209e-01	3.54569e-02	-1.93600e-01
-3.39318e-04	-1.03536e-05	-1.12398e-05	9.23903e-07	-7.28139e-01	-2.91256e-01	-4.69244e-01	3.65192e-02	-1.93600e-01
-2.87239e-04	-8.91013e-06	-9.37815e-06	7.43279e-07	-7.28442e-01	-2.91377e-01	-4.68261e-01	3.75642e-02	-1.93600e-01
-2.44138e-04	-7.70580e-06	-7.84240e-06	6.47093e-07	-7.28484e-01	-2.91393e-01	-4.67259e-01	3.85941e-02	-1.93600e-01
-1.92393e-04	-6.18897e-06	-6.06324e-06	6.76225e-07	-7.28668e-01	-2.91467e-01	-4.66235e-01	3.96111e-02	-1.93600e-01
-9.66766e-05	-3.14956e-06	-3.00568e-06	7.45770e-07	-7.28923e-01	-2.91569e-01	-4.65189e-01	4.06167e-02	-1.93600e-01
5.76667e-05	1.91294e-06	1.75614e-06	9.26561e-07	-7.29204e-01	-2.91682e-01	-4.64120e-01	4.16125e-02	-1.93600e-01
2.63465e-04	8.87212e-06	7.87645e-06	1.35754e-06	-7.29943e-01	-2.91977e-01	-4.63028e-01	4.25997e-02	-1.93600e-01
5.23003e-04	1.78757e-05	1.53327e-05	1.90791e-06	-7.31085e-01	-2.92434e-01	-4.61910e-01	4.35796e-02	-1.93600e-01
8.14838e-04	2.81596e-05	2.35216e-05	2.50456e-06	-7.32820e-01	-2.93128e-01	-4.60766e-01	4.45529e-02	-1.93600e-01
1.06750e-03	3.72645e-05	3.03606e-05	3.24534e-06	-7.35085e-01	-2.94034e-01	-4.59595e-01	4.55206e-02	-1.93600e-01
1.23515e-03	4.35960e-05	3.45314e-05	3.89068e-06	-7.37692e-01	-2.95077e-01	-4.58397e-01	4.64833e-02	-1.93600e-01
1.32868e-03	4.74459e-05	3.64405e-05	3.92415e-06	-7.40403e-01	-2.96162e-01	-4.57170e-01	4.74416e-02	-1.93600e-01
1.36033e-03	4.90693e-05	3.66557e-05	3.20964e-06	-7.42911e-01	-2.97165e-01	-4.55913e-01	4.83961e-02	-1.93600e-01
1.32469e-03	4.81807e-05	3.51561e-05	1.99672e-06	-7.45158e-01	-2.98064e-01	-4.54626e-01	4.93472e-02	-1.93600e-01
1.23484e-03	4.52976e-05	3.22357e-05	6.70764e-07	-7.47125e-01	-2.98851e-01	-4.53307e-01	5.02952e-02	-1.93600e-01
1.12524e-03	4.16624e-05	2.88242e-05	-4.32217e-07	-7.48798e-01	-2.99520e-01	-4.51957e-01	5.12404e-02	-1.93600e-01
1.01212e-03	3.78236e-05	2.54126e-05	-1.08064e-06	-7.50182e-01	-3.00073e-01	-4.50573e-01	5.21830e-02	-1.93600e-01
8.99076e-04	3.38903e-05	2.21334e-05	-1.42283e-06	-7.51329e-01	-3.00532e-01	-4.49156e-01	5.31232e-02	-1.93600e-01
8.10878e-04	3.07965e-05	1.96033e-05	-1.38364e-06	-7.52378e-01	-3.00952e-01	-4.47705e-01	5.40611e-02	-1.93600e-01
7.71460e-04	2.94959e-05	1.83370e-05	-8.62956e-07	-7.53467e-01	-3.01387e-01	-4.46219e-01	5.49968e-02	-1.93600e-01
7.82409e-04	3.00816e-05	1.83250e-05	-3.39313e-07	-7.54682e-01	-3.01873e-01	-4.44698e-01	5.59303e-02	-1.93600e-01
8.28554e-04	3.20192e-05	1.91347e-05	-4.87620e-07	-7.56103e-01	-3.02442e-01	-4.43140e-01	5.68615e-02	-1.93600e-01
8.84287e-04	3.43823e-05	2.00668e-05	-1.38363e-06	-7.57814e-01	-3.03126e-01	-4.41545e-01	5.77905e-02	-1.93600e-01
9.18582e-04	3.59539e-05	2.04300e-05	-2.80538e-06	-7.59742e-01	-3.03897e-01	-4.39913e-01	5.87172e-02	-1.93600e-01
8.93324e-04	3.52056e-05	1.94376e-05	-4.17021e-06	-7.61730e-01	-3.04692e-01	-4.38243e-01	5.96415e-02	-1.93600e-01
7.96157e-04	3.15997e-05	1.69109e-05	-4.74703e-06	-7.63580e-01	-3.05432e-01	-4.36534e-01	6.05632e-02	-1.93600e-01
6.85901e-04	2.74228e-05	1.41895e-05	-4.19105e-06	-7.65046e-01	-3.06019e-01	-4.34787e-01	6.14822e-02	-1.93600e-01
6.45839e-04	2.59720e-05	1.30644e-05	-2.44124e-06	-7.66456e-01	-3.06583e-01	-4.32999e-01	6.23983e-02	-1.93600e-01
6.76333e-04	2.73152e-05	1.34452e-05	5.08653e-07	-7.68401e-01	-3.07361e-01	-4.31172e-01	6.33113e-02	-1.93600e-01
7.20863e-04	2.92446e-05	1.40605e-05	4.17664e-06	-7.70825e-01	-3.08330e-01	-4.29304e-01	6.42211e-02	-1.93600e-01
7.59414e-04	3.09648e-05	1.44823e-05	7.12121e-06	-7.73342e-01	-3.09337e-01	-4.27394e-01	6.51273e-02	-1.93600e-01
8.25178e-04	3.38222e-05	1.53539e-05	8.20602e-06	-7.75803e-01	-3.10322e-01	-4.25444e-01	6.60298e-02	-1.93600e-01
9.36785e-04	3.85480e-05	1.70920e-05	8.09866e-06	-7.78646e-01	-3.11459e-01	-4.23452e-01	6.69283e-02	-1.93600e-01
1.02115e-03	4.21581e-05	1.83148e-05	7.78917e-06	-7.82263e-01	-3.12906e-01	-4.21417e-01	6.78226e-02	-1.93600e-01
9.84934e-04	4.08298e-05	1.72746e-05	6.80713e-06	-7.85962e-01	-3.14385e-01	-4.19340e-01	6.87123e-02	-1.93600e-01
8.59932e-04	3.58069e-05	1.47000e-05	4.32166e-06	-7.89140e-01	-3.15656e-01	-4.17220e-01	6.95972e-02	-1.93600e-01
7.52693e-04	3.14305e-05	1.26469e-05	5.21535e-07	-7.92174e-01	-3.16870e-01	-4.15057e-01	7.04769e-02	-1.93600e-01
7.02569e-04	2.94059e-05	1.16333e-05	-3.42454e-06	-7.95278e-01	-3.18111e-01	-4.12850e-01	7.13513e-02	-1.93600e-01
6.89138e-04	2.89298e-05	1.11905e-05	-6.36352e-06	-7.98462e-01	-3.19385e-01	-4.10600e-01	7.22199e-02	-1.93600e-01
6.72703e-04	2.83153e-05	1.07267e-05	-8.11444e-06	-8.02034e-01	-3.20814e-01	-4.08306e-01	7.30825e-02	-1.93600e-01
6.08960e-04	2.56925e-05	9.55051e-06	-8.75265e-06	-8.05944e-01	-3.22378e-01	-4.05967e-01	7.39387e-02	-1.93600e-01
4.92026e-04	2.08070e-05	7.58703e-06	-7.90713e-06	-8.09815e-01	-3.23926e-01	-4.03584e-01	7.47883e-02	-1.93600e-01
3.43231e-04	1.45479e-05	5.20177e-06	-6.14473e-06	-8.13383e-01	-3.25353e-01	-4.01157e-01	7.56308e-02	-1.93600e-01
1.80155e-04	7.63419e-06	2.73881e-06	-5.69224e-06	-8.16488e-01	-3.26595e-01	-3.98684e-01	7.64660e-02	-1.93600e-01
2.72577e-05	1.09907e-06	5.87926e-07	-7.54427e-06	-8.19304e-01	-3.27722e-01	-3.96167e-01	7.72936e-02	-1.93600e-01
-8.55590e-05	-3.75486e-06	-8.97198e-07	-9.47977e-06	-8.22178e-01	-3.28871e-01	-3.93604e-01	7.81131e-02	-1.93600e-01
-1.63993e-04	-7.13003e-06	-1.92458e-06	-9.57806e-06	-8.25157e-01	-3.30063e-01	-3.90996e-01	7.89243e-02	-1.93600e-01
-2.44896e-04	-1.06158e-05	-2.97090e-06	-8.69047e-06	-8.28211e-01	-3.31284e-01	-3.88343e-01	7.97268e-02	-1.93600e-01
-3.38096e-04	-1.46627e-05	-4.07210e-06	-8.03747e-06	-8.31209e-01	-3.32483e-01	-3.85645e-01	8.05204e-02	-1.93600e-01
-4.18107e-04	-1.81700e-05	-4.89888e-06	-8.06798e-06	-8.34110e-01	-3.33644e-01	-3.82901e-01	8.13046e-02	-1.93600e-01
-5.00894e-04	-2.18175e-05	-5.68169e-06	-8.76100e-06	-8.37283e-01	-3.34913e-01	-3.80111e-01	8.20791e-02	-1.93600e-01
-6.38713e-04	-2.78511e-05	-7.12241e-06	-8.48073e-06	-8.40536e-01	-3.36214e-01	-3.77276e-01	8.28436e-02	-1.93600e-01
-8.17475e-04	-3.56695e-05	-9.01739e-06	-5.35514e-06	-8.42963e-01	-3.37185e-01	-3.74396e-01	8.35978e-02	-1.93600e-01
-9.54775e-04	-4.17087e-05	-1.03369e-05	-8.26947e-07	-8.44473e-01	-3.37789e-01	-3.71470e-01	8.43413e-02	-1.93600e-01
-1.00331e-03	-4.38978e-05	-1.05791e-05	1.51061e-06	-8.46088e-01	-3.38435e-01	-3.68498e-01	8.50739e-02	-1.93600e-01
-9.98786e-04	-4.37753e-05	-1.02127e-05	9.23895e-07	-8.48575e-01	-3.39430e-01	-3.65481e-01	8.57951e-02	-1.93600e-01
-1.01679e-03	-4.46342e-05	-1.00914e-05	1.68602e-07	-8.51358e-01	-3.40543e-01	-3.62418e-01	8.65047e-02	-1.93600e-01
-1.10308e-03	-4.84836e-05	-1.06715e-05	8.93393e-07	-8.53444e-01	-3.41377e-01	-3.59311e-01	8.72024e-02	-1.93600e-01
-1.23100e-03	-5.41819e-05	-1.15573e-05	1.44539e-06	-8.54681e-01	-3.41872e-01	-3.56158e-01	8.78879e-02	-1.93600e-01
-1.34639e-03	-5.93479e-05	-1.22233e-05	3.08124e-07	-8.55623e-01	-3.42249e-01	-3.52960e-01	8.85607e-02	-1.93600e-01
-1.43814e-03	-6.34833e-05	-1.26046e-05	-9.54339e-07	-8.56831e-01	-3.42732e-01	-3.49716e-01	8.92208e-02	-1.93600e-01
-1.49753e-03	-6.61911e-05	-1.26827e-05	-2.19242e-07	-8.57902e-01	-3.43160e-01	-3.46428e-01	8.98677e-02	-1.93600e-01
-1.50717e-03	-6.66854e-05	-1.24016e-05	1.85469e-06	-8.58675e-01	-3.43469e-01	-3.43096e-01	9.05012e-02	-1.93600e-01
-1.53386e-03	-6.79420e-05	-1.22044e-05	3.30515e-06	-8.59836e-01	-3.43934e-01	-3.39719e-01	9.11209e-02	-1.93600e-01
-1.65647e-03	-7.34550e-05	-1.27132e-05	3.42359e-06	-8.60966e-01	-3.44386e-01	-3.36297e-01	9.17267e-02	-1.93600e-01
-1.82180e-03	-8.08716e-05	-1.34810e-05	2.81367e-06	-8.61549e-01	-3.44619e-01	-3.32831e-01	9.23182e-02	-1.93600e-01
-1.92990e-03	-8.57533e-05	-1.37705e-05	2.77608e-06	-8.61928e-01	-3.44770e-01	-3.29322e-01	9.28952e-02	-1.93600e-01
-1.96953e-03	-8.75899e-05	-1.35733e-05	4.07439e-06	-8.62194e-01	-3.44877e-01	-3.25768e-01	9.34574e-02	-1.93600e-01
-1.99481e-03	-8.87899e-05	-1.32468e-05	5.96514e-06	-8.62403e-01	-3.44961e-01	-3.22172e-01	9.40045e-02	-1.93600e-01
-2.03880e-03	-9.08276e-05	-1.29923e-05	7.27615e-06	-8.62511e-01	-3.45003e-01	-3.18532e-01	9.45364e-02	-1.93600e-01
-2.09969e-03	-9.36193e-05	-1.28137e-05	7.27732e-06	-8.62304e-01	-3.44921e-01	-3.14849e-01	9.50528e-02	-1.93600e-01
-2.17908e-03	-9.72364e-05	-1.27177e-05	5.52174e-06	-8.61725e-01	-3.44689e-01	-3.11123e-01	9.55535e-02	-1.93600e-01
-2.26887e-03	-1.01316e-04	-1.26669e-05	2.60116e-06	-8.60721e-01	-3.44288e-01	-3.07356e-01	9.60382e-02	-1.93600e-01
-2.33865e-03	-1.04502e-04	-1.24803e-05	8.61800e-07	-8.59732e-01	-3.43892e-01	-3.03546e-01	9.65067e-02	-1.93600e-01
-2.37957e-03	-1.06399e-04	-1.21157e-05	2.27727e-06	-8.59158e-01	-3.43662e-01	-2.99694e-01	9.69589e-02	-1.93600e-01
-2.40912e-03	-1.07781e-04	-1.17161e-05	5.49008e-06	-8.58561e-01	-3.43423e-01	-2.95802e-01	9.73945e-02	-1.93600e-01
-2.46049e-03	-1.10138e-04	-1.14093e-05	7.74524e-06	-8.57781e-01	-3.43111e-01	-2.91868e-01	9.78134e-02	-1.93600e-01
-2.55472e-03	-1.14416e-04	-1.12503e-05	8.70925e-06	-8.56761e-01	-3.42703e-01	-2.87893e-01	9.82153e-02	-1.93600e-01
-2.61902e-03	-1.17355e-04	-1.09053e-05	9.01429e-06	-8.55036e-01	-3.42013e-01	-2.83879e-01	9.86002e-02	-1.93600e-01
-2.56408e-03	-1.14946e-04	-1.00934e-05	8.36757e-06	-8.53361e-01	-3.41343e-01	-2.79824e-01	9.89678e-02	-1.93600e-01
-2.46432e-03	-1.10525e-04	-9.10280e-06	7.88302e-06	-8.52448e-01	-3.40978e-01	-2.75731e-01	9.93181e-02	-1.93600e-01
-2.44060e-03	-1.09502e-04	-8.50200e-06	9.76896e-06	-8.51355e-01	-3.40541e-01	-2.71598e-01	9.96508e-02	-1.93600e-01
-2.48111e-03	-1.11358e-04	-8.12687e-06	1.33894e-05	-8.50081e-01	-3.40031e-01	-2.67426e-01	9.99658e-02	-1.93600e-01
-2.54061e-03	-1.14065e-04	-7.79776e-06	1.64529e-05	-8.48866e-01	-3.39546e-01	-2.63217e-01	1.00263e-01	-1.93600e-01
-2.57944e-03	-1.15843e-04	-7.38897e-06	1.87024e-05	-8.47069e-01	-3.38827e-01	-2.58970e-01	1.00543e-01	-1.93600e-01
-2.56769e-03	-1.15348e-04	-6.82689e-06	2.04053e-05	-8.45407e-01	-3.38162e-01	-2.54685e-01	1.00804e-01	-1.93600e-01
-2.56157e-03	-1.15104e-04	-6.25112e-06	2.03553e-05	-8.44401e-01	-3.37759e-01	-2.50364e-01	1.01047e-01	-1.93600e-01
-2.61941e-03	-1.17733e-04	-5.82845e-06	1.86805e-05	-8.42948e-01	-3.37178e-01	-2.46006e-01	1.01272e-01	-1.93600e-01
-2.71875e-03	-1.22223e-04	-5.49985e-06	1.76045e-05	-8.40795e-01	-3.36317e-01	-2.41613e-01	1.01479e-01	-1.93600e-01
-2.83287e-03	-1.27379e-04	-5.13766e-06	1.78537e-05	-8.38184e-01	-3.35272e-01	-2.37185e-01	1.01668e-01	-1.93600e-01
-2.93281e-03	-1.31895e-04	-4.71847e-06	1.87575e-05	-8.34834e-01	-3.33932e-01	-2.32721e-01	1.01838e-01	-1.93600e-01
-2.95773e-03	-1.33035e-04	-4.18229e-06	2.04901e-05	-8.31113e-01	-3.32444e-01	-2.28224e-01	1.01990e-01	-1.93600e-01
-2.90995e-03	-1.30901e-04	-3.58114e-06	2.16919e-05	-8.27909e-01	-3.31163e-01	-2.23693e-01	1.02124e-01	-1.93600e-01
-2.88219e-03	-1.29667e-04	-3.00273e-06	1.98483e-05	-8.25360e-01	-3.30143e-01	-2.19129e-01	1.02239e-01	-1.93600e-01
-2.91121e-03	-1.30984e-04	-2.46989e-06	1.57307e-05	-8.22778e-01	-3.29110e-01	-2.14532e-01	1.02335e-01	-1.93600e-01
-2.94432e-03	-1.32483e-04	-1.91064e-06	1.16969e-05	-8.19905e-01	-3.27961e-01	-2.09903e-01	1.02413e-01	-1.93600e-01
-2.95342e-03	-1.32899e-04	-1.36421e-06	7.80545e-06	-8.17261e-01	-3.26903e-01	-2.05242e-01	1.02473e-01	-1.93600e-01
-2.96478e-03	-1.33415e-04	-8.09910e-07	4.43367e-06	-8.15044e-01	-3.26016e-01	-2.00551e-01	1.02514e-01	-1.93600e-01
-2.98456e-03	-1.34307e-04	-2.75869e-07	3.94077e-06	-8.12861e-01	-3.25143e-01	-1.95830e-01	1.02537e-01	-1.93600e-01
-3.00607e-03	-1.35275e-04	2.33781e-07	5.91607e-06	-8.10461e-01	-3.24183e-01	-1.91079e-01	1.02542e-01	-1.93600e-01
-3.05118e-03	-1.37303e-04	7.54980e-07	7.17346e-06	-8.07534e-01	-3.23012e-01	-1.86298e-01	1.02528e-01	-1.93600e-01
-3.10110e-03	-1.39545e-04	1.31260e-06	6.77422e-06	-8.03649e-01	-3.21458e-01	-1.81490e-01	1.02495e-01	-1.93600e-01
-3.09315e-03	-1.39182e-04	1.81547e-06	5.59730e-06	-7.99457e-01	-3.19781e-01	-1.76653e-01	1.02445e-01	-1.93600e-01
-3.03538e-03	-1.36575e-04	2.27766e-06	5.14165e-06	-7.95894e-01	-3.18356e-01	-1.71790e-01	1.02377e-01	-1.93600e-01
-2.99576e-03	-1.34784e-04	2.70961e-06	6.76637e-06	-7.92300e-01	-3.16919e-01	-1.66900e-01	1.02290e-01	-1.93600e-01
-3.00303e-03	-1.35101e-04	3.15749e-06	7.71797e-06	-7.88135e-01	-3.15253e-01	-1.61984e-01	1.02185e-01	-1.93600e-01
-3.05407e-03	-1.37385e-04	3.71128e-06	4.89833e-06	-7.83777e-01	-3.13509e-01	-1.57042e-01	1.02063e-01	-1.93600e-01
-3.12608e-03	-1.40609e-04	4.31899e-06	1.14923e-06	-7.78901e-01	-3.11559e-01	-1.52076e-01	1.01923e-01	-1.93600e-01
-3.19189e-03	-1.43553e-04	4.89869e-06	4.82933e-07	-7.73418e-01	-3.09366e-01	-1.47086e-01	1.01765e-01	-1.93600e-01
-3.26509e-03	-1.46828e-04	5.48271e-06	2.29690e-06	-7.67762e-01	-3.07103e-01	-1.42073e-01	1.01590e-01	-1.93600e-01
-3.34355e-03	-1.50338e-04	6.08691e-06	3.34886e-06	-7.61622e-01	-3.04648e-01	-1.37038e-01	1.01397e-01	-1.93600e-01
-3.37174e-03	-1.51585e-04	6.61400e-06	1.94234e-06	-7.55283e-01	-3.02112e-01	-1.31980e-01	1.01187e-01	-1.93600e-01
-3.35771e-03	-1.50932e-04	7.08753e-06	-3.47941e-07	-7.49532e-01	-2.99811e-01	-1.26902e-01	1.00959e-01	-1.93600e-01
-3.36910e-03	-1.51420e-04	7.59595e-06	-1.07435e-06	-7.43479e-01	-2.97390e-01	-1.21802e-01	1.00715e-01	-1.93600e-01
-3.40320e-03	-1.52930e-04	8.11794e-06	6.56270e-07	-7.36269e-01	-2.94506e-01	-1.16683e-01	1.00454e-01	-1.93600e-01
-3.40642e-03	-1.53049e-04	8.59394e-06	4.29822e-06	-7.28882e-01	-2.91552e-01	-1.11545e-01	1.00177e-01	-1.93600e-01
-3.36281e-03	-1.51063e-04	8.94084e-06	7.31014e-06	-7.21817e-01	-2.88725e-01	-1.06389e-01	9.98824e-02	-1.93600e-01
-3.29717e-03	-1.48089e-04	9.18366e-06	6.92703e-06	-7.14577e-01	-2.85830e-01	-1.01215e-01	9.95719e-02	-1.93600e-01
-3.23897e-03	-1.45449e-04	9.42177e-06	4.01315e-06	-7.07390e-01	-2.82955e-01	-9.60240e-02	9.92453e-02	-1.93600e-01
-3.19667e-03	-1.43521e-04	9.74075e-06	1.53574e-06	-7.00387e-01	-2.80154e-01	-9.08169e-02	9.89029e-02	-1.93600e-01
-3.14123e-03	-1.41004e-04	9.96963e-06	3.88959e-07	-6.93272e-01	-2.77307e-01	-8.55943e-02	9.85446e-02	-1.93600e-01
-3.06620e-03	-1.37610e-04	1.00974e-05	-1.11588e-06	-6.86355e-01	-2.74541e-01	-8.03570e-02	9.81709e-02	-1.93600e-01
-2.99738e-03	-1.34494e-04	1.02380e-05	-3.88771e-06	-6.79428e-01	-2.71770e-01	-7.51058e-02	9.77818e-02	-1.93600e-01
-2.91591e-03	-1.30812e-04	1.03010e-05	-5.69259e-06	-6.72082e-01	-2.68831e-01	-6.98413e-02	9.73776e-02	-1.93600e-01
-2.80578e-03	-1.25844e-04	1.02433e-05	-5.17836e-06	-6.65006e-01	-2.66001e-01	-6.45644e-02	9.69586e-02	-1.93600e-01
-2.70299e-03	-1.21208e-04	1.01790e-05	-4.90633e-06	-6.58461e-01	-2.63383e-01	-5.92758e-02	9.65248e-02	-1.93600e-01
-2.62637e-03	-1.17748e-04	1.01780e-05	-6.61102e-06	-6.52077e-01	-2.60830e-01	-5.39762e-02	9.60767e-02	-1.93600e-01
-2.54312e-03	-1.13989e-04	1.01569e-05	-8.71830e-06	-6.45905e-01	-2.58361e-01	-4.86664e-02	9.56143e-02	-1.93600e-01
-2.43687e-03	-1.09202e-04	1.00029e-05	-9.81195e-06	-6.40122e-01	-2.56048e-01	-4.33471e-02	9.51379e-02	-1.93600e-01
-2.34889e-03	-1.05237e-04	9.88771e-06	-9.96030e-06	-6.34777e-01	-2.53910e-01	-3.80192e-02	9.46479e-02	-1.93600e-01
-2.31367e-03	-1.03637e-04	9.97204e-06	-9.55051e-06	-6.29426e-01	-2.51769e-01	-3.26834e-02	9.41443e-02	-1.93600e-01
-2.30873e-03	-1.03392e-04	1.01901e-05	-8.90680e-06	-6.23744e-01	-2.49497e-01	-2.73404e-02	9.36275e-02	-1.93600e-01
-2.28639e-03	-1.02368e-04	1.03253e-05	-8.03908e-06	-6.18037e-01	-2.47214e-01	-2.19911e-02	9.30977e-02	-1.93600e-01
-2.20176e-03	-9.85573e-05	1.01590e-05	-6.76037e-06	-6.12451e-01	-2.44979e-01	-1.66362e-02	9.25551e-02	-1.93600e-01
-2.04929e-03	-9.17120e-05	9.64928e-06	-5.13197e-06	-6.07274e-01	-2.42909e-01	-1.12764e-02	9.20001e-02	-1.93600e-01
-1.88980e-03	-8.45551e-05	9.07967e-06	-3.36448e-06	-6.02944e-01	-2.41177e-01	-5.91267e-03	9.14328e-02	-1.93600e-01
-1.78950e-03	-8.00499e-05	8.75853e-06	-1.66876e-06	-5.99180e-01	-2.39671e-01	-5.45654e-04	9.08536e-02	-1.93600e-01
-1.74249e-03	-7.79301e-05	8.68344e-06	-3.59277e-07	-5.95619e-01	-2.38247e-01	4.82384e-03	9.02626e-02	-1.93600e-01
-1.70680e-03	-7.63164e-05	8.66112e-06	2.07590e-07	-5.92254e-01	-2.36901e-01	1.01950e-02	8.96603e-02	-1.93600e-01
-1.66696e-03	-7.45176e-05	8.61010e-06	3.57994e-08	-5.89071e-01	-2.35628e-01	1.55671e-02	8.90467e-02	-1.93600e-01
-1.63103e-03	-7.28941e-05	8.57075e-06	-3.36936e-07	-5.86096e-01	-2.34438e-01	2.09394e-02	8.84222e-02	-1.93600e-01
-1.60150e-03	-7.15581e-05	8.55486e-06	-2.51233e-07	-5.83329e-01	-2.33331e-01	2.63110e-02	8.77871e-02	-1.93600e-01
-1.56124e-03	-6.97432e-05	8.47208e-06	4.71824e-07	-5.80701e-01	-2.32280e-01	3.16811e-02	8.71416e-02	-1.93600e-01
-1.49864e-03	-6.69314e-05	8.25731e-06	1.35615e-06	-5.78294e-01	-2.31317e-01	3.70490e-02	8.64861e-02	-1.93600e-01
-1.42345e-03	-6.35586e-05	7.96090e-06	1.75979e-06	-5.76192e-01	-2.30476e-01	4.24140e-02	8.58207e-02	-1.93600e-01
-1.35602e-03	-6.05339e-05	7.69353e-06	1.61402e-06	-5.74311e-01	-2.29724e-01	4.77751e-02	8.51457e-02	-1.93600e-01
-1.30379e-03	-5.81893e-05	7.50164e-06	1.45356e-06	-5.72547e-01	-2.29018e-01	5.31317e-02	8.44615e-02	-1.93600e-01
-1.26067e-03	-5.62514e-05	7.35416e-06	1.62291e-06	-5.70861e-01	-2.28344e-01	5.84829e-02	8.37683e-02	-1.93600e-01
-1.21919e-03	-5.43882e-05	7.20695e-06	1.87269e-06	-5.69262e-01	-2.27704e-01	6.38281e-02	8.30663e-02	-1.93600e-01
-1.17931e-03	-5.25972e-05	7.06104e-06	1.85667e-06	-5.67816e-01	-2.27126e-01	6.91663e-02	8.23559e-02	-1.93600e-01
-1.14747e-03	-5.11654e-05	6.95569e-06	1.60653e-06	-5.66570e-01	-2.26627e-01	7.44968e-02	8.16373e-02	-1.93600e-01
-1.12564e-03	-5.01810e-05	6.90513e-06	1.38015e-06	-5.65491e-01	-2.26196e-01	7.98189e-02	8.09108e-02	-1.93600e-01
-1.10644e-03	-4.93143e-05	6.86571e-06	1.30120e-06	-5.64522e-01	-2.25808e-01	8.51317e-02	8.01767e-02	-1.93600e-01
-1.08186e-03	-4.82083e-05	6.78887e-06	1.27267e-06	-5.63629e-01	-2.25451e-01	9.04345e-02	7.94352e-02	-1.93600e-01
-1.05132e-03	-4.68368e-05	6.67083e-06	1.17363e-06	-5.62799e-01	-2.25119e-01	9.57266e-02	7.86866e-02	-1.93600e-01
-1.01979e-03	-4.54219e-05	6.54220e-06	1.04463e-06	-5.62024e-01	-2.24809e-01	1.01007e-01	7.79312e-02	-1.93600e-01
-9.92025e-04	-4.41753e-05	6.43265e-06	1.00732e-06	-5.61322e-01	-2.24528e-01	1.06275e-01	7.71693e-02	-1.93600e-01
-9.70109e-04	-4.31897e-05	6.35599e-06	1.05199e-06	-5.60722e-01	-2.24288e-01	1.11530e-01	7.64011e-02	-1.93600e-01
-9.54060e-04	-4.24659e-05	6.31400e-06	9.97841e-07	-5.60222e-01	-2.24089e-01	1.16772e-01	7.56269e-02	-1.93600e-01
-9.42200e-04	-4.19287e-05	6.29746e-06	6.39413e-07	-5.59802e-01	-2.23921e-01	1.21998e-01	7.48469e-02	-1.93600e-01
-9.32437e-04	-4.14851e-05	6.29336e-06	-9.15676e-08	-5.59454e-01	-2.23781e-01	1.27210e-01	7.40616e-02	-1.93600e-01
-9.24052e-04	-4.11028e-05	6.29673e-06	-1.05692e-06	-5.59189e-01	-2.23675e-01	1.32405e-01	7.32710e-02	-1.93600e-01
-9.19329e-04	-4.08838e-05	6.32291e-06	-1.96506e-06	-5.59017e-01	-2.23606e-01	1.37583e-01	7.24755e-02	-1.93600e-01
-9.19905e-04	-4.09006e-05	6.38350e-06	-2.54611e-06	-5.58915e-01	-2.23566e-01	1.42744e-01	7.16753e-02	-1.93600e-01
-9.26833e-04	-4.11999e-05	6.48724e-06	-2.70219e-06	-5.58858e-01	-2.23543e-01	1.47887e-01	7.08708e-02	-1.93600e-01
-9.36709e-04	-4.16301e-05	6.61222e-06	-2.45698e-06	-5.58828e-01	-2.23531e-01	1.53010e-01	7.00621e-02	-1.93600e-01
-9.41937e-04	-4.18536e-05	6.70423e-06	-1.93346e-06	-5.58817e-01	-2.23526e-01	1.58114e-01	6.92496e-02	-1.93600e-01
-9.37285e-04	-4.16383e-05	6.72493e-06	-1.48633e-06	-5.58863e-01	-2.23545e-01	1.63197e-01	6.84334e-02	-1.93600e-01
-9.26566e-04	-4.11536e-05	6.70051e-06	-1.55681e-06	-5.58981e-01	-2.23592e-01	1.68259e-01	6.76139e-02	-1.93600e-01
-9.17865e-04	-4.07587e-05	6.68886e-06	-2.16841e-06	-5.59127e-01	-2.23650e-01	1.73299e-01	6.67913e-02	-1.93600e-01
-9.15961e-04	-4.06656e-05	6.72709e-06	-2.81570e-06	-5.59274e-01	-2.23709e-01	1.78316e-01	6.59658e-02	-1.93600e-01
-9.19996e-04	-4.08361e-05	6.80910e-06	-2.97205e-06	-5.59439e-01	-2.23775e-01	1.83310e-01	6.51378e-02	-1.93600e-01
-9.27727e-04	-4.11707e-05	6.91700e-06	-2.54531e-06	-5.59637e-01	-2.23854e-01	1.88280e-01	6.43075e-02	-1.93600e-01
-9.37044e-04	-4.15759e-05	7.03563e-06	-1.84597e-06	-5.59866e-01	-2.23946e-01	1.93225e-01	6.34750e-02	-1.93600e-01
-9.47455e-04	-4.20294e-05	7.16320e-06	-1.28269e-06	-5.60111e-01	-2.24044e-01	1.98145e-01	6.26408e-02	-1.93600e-01
-9.55505e-04	-4.23779e-05	7.27471e-06	-1.09052e-06	-5.60345e-01	-2.24138e-01	2.03039e-01	6.18049e-02	-1.93600e-01
-9.56604e-04	-4.24179e-05	7.33355e-06	-1.17514e-06	-5.60583e-01	-2.24233e-01	2.07906e-01	6.09678e-02	-1.93600e-01
-9.51261e-04	-4.21726e-05	7.34109e-06	-1.11512e-06	-5.60869e-01	-2.24347e-01	2.12745e-01	6.01295e-02	-1.93600e-01
-9.49903e-04	-4.21041e-05	7.37815e-06	-5.67722e-07	-5.61202e-01	-2.24481e-01	2.17556e-01	5.92904e-02	-1.93600e-01
-9.62745e-04	-4.26648e-05	7.52621e-06	2.59376e-07	-5.61518e-01	-2.24607e-01	2.22338e-01	5.84507e-02	-1.93600e-01
-9.90919e-04	-4.39045e-05	7.79676e-06	7.83376e-07	-5.61788e-01	-2.24715e-01	2.27091e-01	5.76106e-02	-1.93600e-01
-1.02964e-03	-4.56109e-05	8.15308e-06	6.22100e-07	-5.62046e-01	-2.24818e-01	2.31814e-01	5.67704e-02	-1.93600e-01
-1.07304e-03	-4.75239e-05	8.54915e-06	-1.51699e-07	-5.62312e-01	-2.24925e-01	2.36507e-01	5.59303e-02	-1.93600e-01
-1.11538e-03	-4.93895e-05	8.94026e-06	-1.17316e-06	-5.62595e-01	-2.25037e-01	2.41167e-01	5.50905e-02	-1.93600e-01
-1.15060e-03	-5.09390e-05	9.27759e-06	-2.03587e-06	-5.62901e-01	-2.25160e-01	2.45796e-01	5.42513e-02	-1.93600e-01
-1.17523e-03	-5.20192e-05	9.53211e-06	-2.41514e-06	-5.63244e-01	-2.25297e-01	2.50393e-01	5.34130e-02	-1.93600e-01
-1.18967e-03	-5.26484e-05	9.70494e-06	-2.20883e-06	-5.63612e-01	-2.25444e-01	2.54956e-01	5.25756e-02	-1.93600e-01
-1.20106e-03	-5.31418e-05	9.85325e-06	-1.74330e-06	-5.63980e-01	-2.25592e-01	2.59485e-01	5.17396e-02	-1.93600e-01
-1.21773e-03	-5.38688e-05	1.00474e-05	-1.58868e-06	-5.64299e-01	-2.25719e-01	2.63980e-01	5.09050e-02	-1.93600e-01
-1.23862e-03	-5.47822e-05	1.02774e-05	-1.93402e-06	-5.64547e-01	-2.25818e-01	2.68441e-01	5.00721e-02	-1.93600e-01
-1.26024e-03	-5.57275e-05	1.05137e-05	-2.38448e-06	-5.64791e-01	-2.25916e-01	2.72865e-01	4.92412e-02	-1.93600e-01
-1.28518e-03	-5.68196e-05	1.07787e-05	-2.48426e-06	-5.65011e-01	-2.26004e-01	2.77254e-01	4.84124e-02	-1.93600e-01
-1.31371e-03	-5.80708e-05	1.10735e-05	-2.17429e-06	-5.65079e-01	-2.26031e-01	2.81606e-01	4.75861e-02	-1.93600e-01
-1.34122e-03	-5.92752e-05	1.13661e-05	-1.76464e-06	-5.65030e-01	-2.26012e-01	2.85921e-01	4.67623e-02	-1.93600e-01
-1.36731e-03	-6.04162e-05	1.16492e-05	-1.66920e-06	-5.64928e-01	-2.25971e-01	2.90199e-01	4.59413e-02	-1.93600e-01
-1.39223e-03	-6.15058e-05	1.19215e-05	-2.06043e-06	-5.64732e-01	-2.25892e-01	2.94438e-01	4.51233e-02	-1.93600e-01
-1.41654e-03	-6.25681e-05	1.21894e-05	-2.76156e-06	-5.64514e-01	-2.25805e-01	2.98638e-01	4.43086e-02	-1.93600e-01
-1.44310e-03	-6.37295e-05	1.24769e-05	-3.50864e-06	-5.64310e-01	-2.25723e-01	3.02800e-01	4.34973e-02	-1.93600e-01
-1.47012e-03	-6.49115e-05	1.27692e-05	-4.17748e-06	-5.64007e-01	-2.25602e-01	3.06922e-01	4.26897e-02	-1.93600e-01
-1.48637e-03	-6.56158e-05	1.29756e-05	-4.73164e-06	-5.63610e-01	-2.25444e-01	3.11003e-01	4.18859e-02	-1.93600e-01
-1.48661e-03	-6.56138e-05	1.30417e-05	-5.09853e-06	-5.63220e-01	-2.25287e-01	3.15044e-01	4.10862e-02	-1.93600e-01
-1.47867e-03	-6.52518e-05	1.30309e-05	-5.23865e-06	-5.62861e-01	-2.25144e-01	3.19044e-01	4.02907e-02	-1.93600e-01
-1.47278e-03	-6.49802e-05	1.30378e-05	-5.31821e-06	-5.62487e-01	-2.24994e-01	3.23003e-01	3.94997e-02	-1.93600e-01
-1.47380e-03	-6.50138e-05	1.31036e-05	-5.49702e-06	-5.62033e-01	-2.24813e-01	3.26919e-01	3.87134e-02	-1.93600e-01
-1.48077e-03	-6.53099e-05	1.32209e-05	-5.60078e-06	-5.61463e-01	-2.24585e-01	3.30793e-01	3.79319e-02	-1.93600e-01
-1.48860e-03	-6.56430e-05	1.33517e-05	-5.42603e-06	-5.60791e-01	-2.24316e-01	3.34625e-01	3.71554e-02	-1.93600e-01
-1.49201e-03	-6.57805e-05	1.34456e-05	-5.09822e-06	-5.60086e-01	-2.24034e-01	3.38413e-01	3.63842e-02	-1.93600e-01
-1.49418e-03	-6.58640e-05	1.35236e-05	-4.82397e-06	-5.59412e-01	-2.23764e-01	3.42158e-01	3.56184e-02	-1.93600e-01
-1.49958e-03	-6.60903e-05	1.36289e-05	-4.49683e-06	-5.58752e-01	-2.23500e-01	3.45859e-01	3.48582e-02	-1.93600e-01
-1.50604e-03	-6.63630e-05	1.37475e-05	-3.80429e-06	-5.58120e-01	-2.23247e-01	3.49516e-01	3.41038e-02	-1.93600e-01
-1.51623e-03	-6.67993e-05	1.39013e-05	-2.82716e-06	-5.57541e-01	-2.23016e-01	3.53128e-01	3.33553e-02	-1.93600e-01
-1.53697e-03	-6.77014e-05	1.41460e-05	-1.97455e-06	-5.56912e-01	-2.22764e-01	3.56695e-01	3.26130e-02	-1.93600e-01
-1.56403e-03	-6.88832e-05	1.44453e-05	-1.20727e-06	-5.56210e-01	-2.22483e-01	3.60217e-01	3.18771e-02	-1.93600e-01
-1.59195e-03	-7.01010e-05	1.47589e-05	-1.96911e-07	-5.55533e-01	-2.22213e-01	3.63693e-01	3.11476e-02	-1.93600e-01
-1.62004e-03	-7.13243e-05	1.50839e-05	9.07442e-07	-5.54829e-01	-2.21931e-01	3.67124e-01	3.04247e-02	-1.93600e-01
-1.64373e-03	-7.23532e-05	1.53705e-05	1.68476e-06	-5.54062e-01	-2.21624e-01	3.70508e-01	2.97087e-02	-1.93600e-01
-1.65815e-03	-7.29757e-05	1.55632e-05	2.11542e-06	-5.53278e-01	-2.21310e-01	3.73846e-01	2.89997e-02	-1.93600e-01
-1.66720e-03	-7.33638e-05	1.56955e-05	2.43908e-06	-5.52456e-01	-2.20982e-01	3.77138e-01	2.82978e-02	-1.93600e-01
-1.67491e-03	-7.36911e-05	1.58238e-05	2.53018e-06	-5.51630e-01	-2.20651e-01	3.80382e-01	2.76032e-02	-1.93600e-01
-1.68213e-03	-7.39945e-05	1.59581e-05	1.90885e-06	-5.50825e-01	-2.20329e-01	3.83580e-01	2.69161e-02	-1.93600e-01
-1.68809e-03	-7.42449e-05	1.60703e-05	3.90954e-07	-5.50007e-01	-2.20002e-01	3.86730e-01	2.62365e-02	-1.93600e-01
-1.69768e-03	-7.46549e-05	1.62144e-05	-1.68099e-06	-5.49158e-01	-2.19663e-01	3.89833e-01	2.55647e-02	-1.93600e-01
-1.71542e-03	-7.54220e-05	1.64455e-05	-3.88294e-06	-5.48221e-01	-2.19288e-01	3.92888e-01	2.49008e-02	-1.93600e-01
-1.72871e-03	-7.59925e-05	1.66355e-05	-5.88923e-06	-5.47209e-01	-2.18883e-01	3.95896e-01	2.42449e-02	-1.93600e-01
-1.72525e-03	-7.58275e-05	1.66613e-05	-7.41477e-06	-5.46263e-01	-2.18504e-01	3.98855e-01	2.35972e-02	-1.93600e-01
-1.71362e-03	-7.53043e-05	1.66029e-05	-8.42861e-06	-5.45390e-01	-2.18155e-01	4.01766e-01	2.29577e-02	-1.93600e-01
-1.71237e-03	-7.52396e-05	1.66348e-05	-9.19900e-06	-5.44451e-01	-2.17780e-01	4.04630e-01	2.23267e-02	-1.93600e-01
-1.73009e-03	-7.60063e-05	1.68606e-05	-1.00013e-05	-5.43357e-01	-2.17342e-01	4.07445e-01	2.17042e-02	-1.93600e-01
-1.75993e-03	-7.73022e-05	1.72188e-05	-1.08406e-05	-5.42096e-01	-2.16838e-01	4.10211e-01	2.10903e-02	-1.93600e-01
-1.77984e-03	-7.81634e-05	1.74751e-05	-1.14823e-05	-5.40757e-01	-2.16302e-01	4.12929e-01	2.04852e-02	-1.93600e-01
-1.76806e-03	-7.76328e-05	1.74175e-05	-1.17605e-05	-5.39538e-01	-2.15815e-01	4.15599e-01	1.98890e-02	-1.93600e-01
-1.72979e-03	-7.59405e-05	1.70937e-05	-1.17739e-05	-5.38532e-01	-2.15412e-01	4.18220e-01	1.93017e-02	-1.93600e-01
-1.69329e-03	-7.43285e-05	1.67756e-05	-1.18457e-05	-5.37551e-01	-2.15020e-01	4.20793e-01	1.87235e-02	-1.93600e-01
-1.67513e-03	-7.35222e-05	1.66359e-05	-1.22676e-05	-5.36399e-01	-2.14559e-01	4.23317e-01	1.81544e-02	-1.93600e-01
-1.66400e-03	-7.30232e-05	1.65725e-05	-1.28546e-05	-5.35145e-01	-2.14057e-01	4.25793e-01	1.75946e-02	-1.93600e-01
-1.64836e-03	-7.23245e-05	1.64698e-05	-1.30339e-05	-5.33994e-01	-2.13597e-01	4.28220e-01	1.70441e-02	-1.93600e-01
-1.62694e-03	-7.13695e-05	1.63222e-05	-1.26158e-05	-5.33032e-01	-2.13212e-01	4.30599e-01	1.65030e-02	-1.93600e-01
-1.59233e-03	-6.98381e-05	1.60334e-05	-1.19398e-05	-5.32227e-01	-2.12890e-01	4.32930e-01	1.59713e-02	-1.93600e-01
-1.54752e-03	-6.78656e-05	1.56138e-05	-1.11479e-05	-5.31519e-01	-2.12607e-01	4.35212e-01	1.54492e-02	-1.93600e-01
-1.51866e-03	-6.65950e-05	1.53436e-05	-1.03851e-05	-5.30729e-01	-2.12291e-01	4.37447e-01	1.49367e-02	-1.93600e-01
-1.51078e-03	-6.62447e-05	1.52853e-05	-1.04408e-05	-5.29725e-01	-2.11889e-01	4.39633e-01	1.44339e-02	-1.93600e-01
-1.50203e-03	-6.58490e-05	1.52482e-05	-1.18272e-05	-5.28662e-01	-2.11464e-01	4.41772e-01	1.39407e-02	-1.93600e-01
-1.47519e-03	-6.46598e-05	1.50290e-05	-1.37189e-05	-5.27714e-01	-2.11085e-01	4.43863e-01	1.34573e-02	-1.93600e-01
-1.42815e-03	-6.25924e-05	1.45740e-05	-1.51450e-05	-5.26988e-01	-2.10795e-01	4.45906e-01	1.29836e-02	-1.93600e-01
-1.37570e-03	-6.02894e-05	1.40572e-05	-1.62221e-05	-5.26477e-01	-2.10590e-01	4.47903e-01	1.25198e-02	-1.93600e-01
-1.33812e-03	-5.86340e-05	1.37085e-05	-1.74004e-05	-5.25983e-01	-2.10393e-01	4.49852e-01	1.20657e-02	-1.93600e-01
-1.31856e-03	-5.77681e-05	1.35475e-05	-1.86733e-05	-5.25356e-01	-2.10142e-01	4.51755e-01	1.16215e-02	-1.93600e-01
-1.30548e-03	-5.71886e-05	1.34397e-05	-2.00339e-05	-5.24617e-01	-2.09846e-01	4.53611e-01	1.11872e-02	-1.93600e-01
-1.29236e-03	-5.66063e-05	1.33360e-05	-2.16170e-05	-5.23845e-01	-2.09537e-01	4.55421e-01	1.07627e-02	-1.93600e-01
-1.28086e-03	-5.60966e-05	1.32430e-05	-2.31409e-05	-5.23097e-01	-2.09238e-01	4.57185e-01	1.03480e-02	-1.93600e-01
-1.27074e-03	-5.56508e-05	1.31492e-05	-2.42252e-05	-5.22372e-01	-2.08948e-01	4.58904e-01	9.94322e-03	-1.93600e-01
-1.25307e-03	-5.48711e-05	1.29923e-05	-2.49808e-05	-5.21694e-01	-2.08677e-01	4.60577e-01	9.54822e-03	-1.93600e-01
-1.22102e-03	-5.34568e-05	1.27057e-05	-2.56363e-05	-5.21089e-01	-2.08435e-01	4.62206e-01	9.16301e-03	-1.93600e-01
-1.17946e-03	-5.16283e-05	1.23116e-05	-2.61244e-05	-5.20535e-01	-2.08213e-01	4.63790e-01	8.78756e-03	-1.93600e-01
-1.14158e-03	-4.99652e-05	1.19363e-05	-2.63534e-05	-5.19979e-01	-2.07991e-01	4.65330e-01	8.42183e-03	-1.93600e-01
-1.11355e-03	-4.87359e-05	1.16535e-05	-2.63874e-05	-5.19368e-01	-2.07747e-01	4.66827e-01	8.06577e-03	-1.93600e-01
-1.09419e-03	-4.78856e-05	1.14643e-05	-2.63066e-05	-5.18741e-01	-2.07496e-01	4.68281e-01	7.71934e-03	-1.93600e-01
-1.08666e-03	-4.75509e-05	1.14067e-05	-2.60439e-05	-5.18163e-01	-2.07264e-01	4.69692e-01	7.38246e-03	-1.93600e-01
-1.09437e-03	-4.78862e-05	1.14951e-05	-2.55084e-05	-5.17584e-01	-2.07033e-01	4.71060e-01	7.05508e-03	-1.93600e-01
-1.10334e-03	-4.82785e-05	1.15914e-05	-2.47190e-05	-5.16943e-01	-2.06777e-01	4.72388e-01	6.73711e-03	-1.93600e-01
-1.09300e-03	-4.78211e-05	1.15017e-05	-2.38116e-05	-5.16303e-01	-2.06521e-01	4.73674e-01	6.42847e-03	-1.93600e-01
-1.06032e-03	-4.63836e-05	1.11905e-05	-2.28057e-05	-5.15753e-01	-2.06301e-01	4.74919e-01	6.12907e-03	-1.93600e-01
-1.02101e-03	-4.46596e-05	1.07948e-05	-2.16654e-05	-5.15306e-01	-2.06122e-01	4.76125e-01	5.83882e-03	-1.93600e-01
-9.89881e-04	-4.32984e-05	1.04630e-05	-2.07261e-05	-5.14915e-01	-2.05965e-01	4.77292e-01	5.55759e-03	-1.93600e-01
-9.68904e-04	-4.23771e-05	1.02566e-05	-2.03329e-05	-5.14531e-01	-2.05812e-01	4.78420e-01	5.28529e-03	-1.93600e-01
-9.53375e-04	-4.16905e-05	1.01231e-05	-2.03190e-05	-5.14132e-01	-2.05652e-01	4.79510e-01	5.02178e-03	-1.93600e-01
-9.35095e-04	-4.08864e-05	9.94812e-06	-2.04235e-05	-5.13732e-01	-2.05492e-01	4.80562e-01	4.76695e-03	-1.93600e-01
-9.11452e-04	-3.98517e-05	9.70065e-06	-2.07147e-05	-5.13370e-01	-2.05348e-01	4.81578e-01	4.52064e-03	-1.93600e-01
-8.90232e-04	-3.89235e-05	9.47631e-06	-2.12264e-05	-5.13059e-01	-2.05223e-01	4.82559e-01	4.28272e-03	-1.93600e-01
-8.79950e-04	-3.84721e-05	9.37425e-06	-2.18201e-05	-5.12762e-01	-2.05105e-01	4.83504e-01	4.05303e-03	-1.93600e-01
-8.78786e-04	-3.84159e-05	9.38354e-06	-2.23629e-05	-5.12452e-01	-2.04981e-01	4.84415e-01	3.83141e-03	-1.93600e-01
-8.77896e-04	-3.83695e-05	9.40520e-06	-2.27457e-05	-5.12120e-01	-2.04848e-01	4.85292e-01	3.61770e-03	-1.93600e-01
-8.73543e-04	-3.81752e-05	9.37493e-06	-2.28779e-05	-5.11788e-01	-2.04715e-01	4.86137e-01	3.41170e-03	-1.93600e-01
-8.65276e-04	-3.78130e-05	9.28972e-06	-2.26917e-05	-5.11456e-01	-2.04582e-01	4.86950e-01	3.21325e-03	-1.93600e-01
-8.53119e-04	-3.72821e-05	9.15767e-06	-2.22306e-05	-5.11143e-01	-2.04457e-01	4.87733e-01	3.02215e-03	-1.93600e-01
-8.37626e-04	-3.66030e-05	8.99964e-06	-2.16316e-05	-5.10847e-01	-2.04338e-01	4.88485e-01	2.83819e-03	-1.93600e-01
-8.19891e-04	-3.58272e-05	8.81279e-06	-2.10523e-05	-5.10557e-01	-2.04222e-01	4.89208e-01	2.66117e-03	-1.93600e-01
-7.99396e-04	-3.49299e-05	8.59939e-06	-2.05809e-05	-5.10301e-01	-2.04120e-01	4.89903e-01	2.49088e-03	-1.93600e-01
-7.74871e-04	-3.38537e-05	8.35397e-06	-2.02251e-05	-5.10052e-01	-2.04021e-01	4.90571e-01	2.32708e-03	-1.93600e-01
-7.45811e-04	-3.25824e-05	8.04773e-06	-1.99133e-05	-5.09846e-01	-2.03938e-01	4.91213e-01	2.16954e-03	-1.93600e-01
-7.14580e-04	-3.12126e-05	7.73236e-06	-1.95728e-05	-5.09667e-01	-2.03866e-01	4.91830e-01	2.01803e-03	-1.93600e-01
-6.82892e-04	-2.98255e-05	7.40168e-06	-1.91794e-05	-5.09491e-01	-2.03796e-01	4.92423e-01	1.87230e-03	-1.93600e-01
-6.56697e-04	-2.86793e-05	7.12631e-06	-1.87691e-05	-5.09389e-01	-2.03755e-01	4.92993e-01	1.73209e-03	-1.93600e-01
-6.33486e-04	-2.76571e-05	6.90893e-06	-1.84205e-05	-5.09194e-01	-2.03677e-01	4.93541e-01	1.59714e-03	-1.93600e-01
-6.15588e-04	-2.68836e-05	6.68185e-06	-1.81900e-05	-5.09117e-01	-2.03647e-01	4.94068e-01	1.46717e-03	-1.93600e-01
-5.97500e-04	-2.60726e-05	6.57101e-06	-1.80753e-05	-5.08911e-01	-2.03564e-01	4.94577e-01	1.34190e-03	-1.93600e-01
-5.77790e-04	-2.52365e-05	6.25702e-06	-1.80226e-05	-5.08782e-01	-2.03513e-01	4.95067e-01	1.22106e-03	-1.93600e-01
-5.55996e-04	-2.42558e-05	6.13729e-06	-1.79844e-05	-5.08659e-01	-2.03463e-01	4.95540e-01	1.10434e-03	-1.93600e-01
-5.28284e-04	-2.30737e-05	5.72275e-06	-1.79404e-05	-5.08398e-01	-2.03359e-01	4.95997e-01	9.91434e-04	-1.93600e-01
-4.98985e-04	-2.17758e-05	5.47926e-06	-1.78915e-05	-5.08479e-01	-2.03391e-01	4.96439e-01	8.82039e-04	-1.93600e-01
-4.65401e-04	-2.03002e-05	5.15073e-06	-1.78638e-05	-5.08058e-01	-2.03223e-01	4.96869e-01	7.75833e-04	-1.93600e-01
-4.23863e-04	-1.85293e-05	4.52565e-06	-1.79174e-05	-5.08258e-01	-2.03303e-01	4.97287e-01	6.72487e-04	-1.93600e-01
-3.89777e-04	-1.69313e-05	4.59775e-06	-1.80293e-05	-5.07945e-01	-2.03178e-01	4.97694e-01	5.71668e-04	-1.93600e-01
-3.28401e-04	-1.44173e-05	3.25926e-06	-1.83375e-05	-5.07774e-01	-2.03109e-01	4.98093e-01	4.73032e-04	-1.93600e-01
-3.21520e-04	-1.38157e-05	4.39993e-06	-1.87707e-05	-5.08427e-01	-2.03371e-01	4.98483e-01	3.76227e-04	-1.93600e-01
-2.65084e-04	-1.16168e-05	2.71497e-06	-1.92555e-05	-5.07125e-01	-2.02850e-01	4.98868e-01	2.80896e-04	-1.93600e-01
-3.86127e-04	-1.66642e-05	4.99137e-06	-2.05862e-05	-5.11390e-01	-2.04556e-01	4.99248e-01	1.86669e-04	-1.93600e-01
-7.12286e-04	-2.93570e-05	1.47802e-05	-2.04890e-05	-5.10858e-01	-2.04343e-01	4.99625e-01	9.31729e-05	-1.93600e-01
-6.04749e-04	-3.64722e-05	-3.39435e-05	-1.51594e-05	-5.14671e-01	-2.05868e-01	5.00000e-01	0.00000e+00	-1.93600e-01
