"Density"	"Momentum:0"	"Momentum:1"	"Momentum:2"	"StagnationEnergy"	"Pressure"	"Points:0"	"Points:1"	"Points:2"
2.08184e-02	-6.54005e-04	1.19678e-03	8.29025e-04	-5.64936e-01	-2.25999e-01	-4.94478e-01	0.00000e+00	1.16600e-01
3.75177e-03	2.60193e-04	2.03587e-04	2.58682e-04	-8.80882e-01	-3.52362e-01	-4.94425e-01	2.24937e-03	1.16600e-01
9.21856e-03	3.22929e-04	5.01072e-04	3.32862e-04	-7.87995e-01	-3.15208e-01	-4.94265e-01	4.49366e-03	1.16600e-01
1.57313e-02	3.72173e-04	8.57205e-04	3.41620e-04	-8.90518e-01	-3.56220e-01	-4.93997e-01	6.72764e-03	1.16600e-01
1.72913e-02	4.43647e-04	9.20501e-04	3.13251e-04	-9.27945e-01	-3.71191e-01	-4.93621e-01	8.94611e-03	1.16600e-01
1.93791e-02	4.75893e-04	1.01951e-03	3.10467e-04	-1.01042e+00	-4.04183e-01	-4.93140e-01	1.11440e-02	1.16600e-01
2.07036e-02	5.39197e-04	1.06447e-03	2.78961e-04	-1.10995e+00	-4.43993e-01	-4.92555e-01	1.33167e-02	1.16600e-01
2.10981e-02	5.66871e-04	1.06282e-03	2.65006e-04	-1.17321e+00	-4.69297e-01	-4.91870e-01	1.54597e-02	1.16600e-01
2.12521e-02	5.98658e-04	1.04447e-03	2.39072e-04	-1.26633e+00	-5.06548e-01	-4.91087e-01	1.75694e-02	1.16600e-01
2.08648e-02	6.14998e-04	9.99318e-04	2.20317e-04	-1.32455e+00	-5.29835e-01	-4.90258e-01	1.95411e-02	1.16600e-01
2.03011e-02	6.19345e-04	9.49714e-04	2.03893e-04	-1.37736e+00	-5.50956e-01	-4.89427e-01	2.13189e-02	1.16600e-01
1.95713e-02	6.19242e-04	8.92799e-04	1.85868e-04	-1.42198e+00	-5.68805e-01	-4.88593e-01	2.29518e-02	1.16600e-01
1.87117e-02	6.07993e-04	8.34553e-04	1.72925e-04	-1.44999e+00	-5.80009e-01	-4.87755e-01	2.44722e-02	1.16600e-01
1.78230e-02	5.94764e-04	7.76472e-04	1.56886e-04	-1.47833e+00	-5.91345e-01	-4.86910e-01	2.59027e-02	1.16600e-01
1.68481e-02	5.74121e-04	7.18266e-04	1.43516e-04	-1.49454e+00	-5.97825e-01	-4.86058e-01	2.72600e-02	1.16600e-01
1.58592e-02	5.50663e-04	6.61890e-04	1.28624e-04	-1.50832e+00	-6.03337e-01	-4.85197e-01	2.85568e-02	1.16600e-01
1.48400e-02	5.23180e-04	6.07185e-04	1.13781e-04	-1.51664e+00	-6.06665e-01	-4.84326e-01	2.98030e-02	1.16600e-01
1.38043e-02	4.92598e-04	5.54555e-04	9.84616e-05	-1.52049e+00	-6.08206e-01	-4.83444e-01	3.10065e-02	1.16600e-01
1.27686e-02	4.59729e-04	5.04606e-04	8.20016e-05	-1.52190e+00	-6.08768e-01	-4.82549e-01	3.21737e-02	1.16600e-01
1.17316e-02	4.24599e-04	4.57311e-04	6.49970e-05	-1.51960e+00	-6.07846e-01	-4.81639e-01	3.33098e-02	1.16600e-01
1.07045e-02	3.88037e-04	4.12859e-04	4.69679e-05	-1.51537e+00	-6.06155e-01	-4.80715e-01	3.44194e-02	1.16600e-01
9.68964e-03	3.50418e-04	3.71131e-04	2.85606e-05	-1.50909e+00	-6.03642e-01	-4.79773e-01	3.55062e-02	1.16600e-01
8.69082e-03	3.12269e-04	3.31974e-04	1.00603e-05	-1.50115e+00	-6.00465e-01	-4.78814e-01	3.65732e-02	1.16600e-01
7.72745e-03	2.74418e-04	2.96007e-04	-8.62196e-06	-1.49248e+00	-5.96996e-01	-4.77836e-01	3.76232e-02	1.16600e-01
6.81961e-03	2.37767e-04	2.63804e-04	-2.75017e-05	-1.48307e+00	-5.93230e-01	-4.76838e-01	3.86584e-02	1.16600e-01
6.01345e-03	2.04309e-04	2.36737e-04	-4.62177e-05	-1.47349e+00	-5.89401e-01	-4.75819e-01	3.96810e-02	1.16600e-01
5.34372e-03	1.75983e-04	2.15284e-04	-6.34034e-05	-1.46408e+00	-5.85637e-01	-4.74777e-01	4.06925e-02	1.16600e-01
4.81894e-03	1.53886e-04	1.98765e-04	-7.72326e-05	-1.45513e+00	-5.82057e-01	-4.73712e-01	4.16945e-02	1.16600e-01
4.41176e-03	1.37544e-04	1.85379e-04	-8.62093e-05	-1.44719e+00	-5.78878e-01	-4.72623e-01	4.26883e-02	1.16600e-01
4.06027e-03	1.24859e-04	1.72478e-04	-8.97267e-05	-1.44044e+00	-5.76177e-01	-4.71508e-01	4.36749e-02	1.16600e-01
3.69639e-03	1.13060e-04	1.57754e-04	-8.81801e-05	-1.43508e+00	-5.74033e-01	-4.70367e-01	4.46553e-02	1.16600e-01
3.27859e-03	1.00124e-04	1.40200e-04	-8.28590e-05	-1.43104e+00	-5.72417e-01	-4.69199e-01	4.56303e-02	1.16600e-01
2.80365e-03	8.54130e-05	1.20273e-04	-7.53206e-05	-1.42816e+00	-5.71264e-01	-4.68003e-01	4.66007e-02	1.16600e-01
2.30380e-03	6.97407e-05	9.95496e-05	-6.69303e-05	-1.42630e+00	-5.70522e-01	-4.66777e-01	4.75669e-02	1.16600e-01
1.82528e-03	5.46364e-05	7.98501e-05	-5.84937e-05	-1.42531e+00	-5.70124e-01	-4.65522e-01	4.85296e-02	1.16600e-01
1.40900e-03	4.15888e-05	6.26024e-05	-5.03021e-05	-1.42506e+00	-5.70027e-01	-4.64235e-01	4.94891e-02	1.16600e-01
1.07640e-03	3.14783e-05	4.83963e-05	-4.22988e-05	-1.42544e+00	-5.70177e-01	-4.62917e-01	5.04458e-02	1.16600e-01
8.26174e-04	2.43494e-05	3.70235e-05	-3.42282e-05	-1.42632e+00	-5.70527e-01	-4.61566e-01	5.13999e-02	1.16600e-01
6.38896e-04	1.95262e-05	2.77256e-05	-2.58207e-05	-1.42758e+00	-5.71032e-01	-4.60182e-01	5.23517e-02	1.16600e-01
4.83658e-04	1.58383e-05	1.94700e-05	-1.68516e-05	-1.42911e+00	-5.71643e-01	-4.58765e-01	5.33013e-02	1.16600e-01
3.25036e-04	1.19003e-05	1.11641e-05	-7.15042e-06	-1.43083e+00	-5.72331e-01	-4.57312e-01	5.42489e-02	1.16600e-01
1.29636e-04	6.42556e-06	1.76914e-06	3.68565e-06	-1.43266e+00	-5.73065e-01	-4.55824e-01	5.51944e-02	1.16600e-01
-1.27423e-04	-1.47482e-06	-9.58709e-06	1.64051e-05	-1.43447e+00	-5.73789e-01	-4.54300e-01	5.61379e-02	1.16600e-01
-4.59545e-04	-1.23179e-05	-2.33072e-05	3.15343e-05	-1.43608e+00	-5.74433e-01	-4.52739e-01	5.70794e-02	1.16600e-01
-8.61258e-04	-2.60896e-05	-3.88715e-05	4.83883e-05	-1.43737e+00	-5.74946e-01	-4.51141e-01	5.80189e-02	1.16600e-01
-1.29617e-03	-4.15985e-05	-5.47540e-05	6.53912e-05	-1.43843e+00	-5.75372e-01	-4.49505e-01	5.89562e-02	1.16600e-01
-1.72657e-03	-5.74247e-05	-6.96833e-05	8.16722e-05	-1.43946e+00	-5.75783e-01	-4.47830e-01	5.98912e-02	1.16600e-01
-2.14291e-03	-7.32474e-05	-8.32337e-05	9.66403e-05	-1.44036e+00	-5.76140e-01	-4.46116e-01	6.08239e-02	1.16600e-01
-2.54256e-03	-8.90867e-05	-9.50331e-05	1.09230e-04	-1.44061e+00	-5.76241e-01	-4.44363e-01	6.17540e-02	1.16600e-01
-2.86333e-03	-1.02362e-04	-1.03461e-04	1.18343e-04	-1.43971e+00	-5.75883e-01	-4.42569e-01	6.26814e-02	1.16600e-01
-3.03983e-03	-1.10139e-04	-1.07285e-04	1.23895e-04	-1.43821e+00	-5.75280e-01	-4.40735e-01	6.36058e-02	1.16600e-01
-3.09527e-03	-1.13453e-04	-1.06933e-04	1.25236e-04	-1.43668e+00	-5.74670e-01	-4.38859e-01	6.45271e-02	1.16600e-01
-3.12811e-03	-1.16523e-04	-1.04490e-04	1.21917e-04	-1.43434e+00	-5.73733e-01	-4.36942e-01	6.54450e-02	1.16600e-01
-3.24336e-03	-1.23759e-04	-1.02285e-04	1.14077e-04	-1.43033e+00	-5.72131e-01	-4.34983e-01	6.63593e-02	1.16600e-01
-3.50803e-03	-1.38129e-04	-1.01363e-04	1.01303e-04	-1.42455e+00	-5.69816e-01	-4.32982e-01	6.72696e-02	1.16600e-01
-3.86465e-03	-1.57211e-04	-1.00204e-04	8.31019e-05	-1.41651e+00	-5.66602e-01	-4.30938e-01	6.81758e-02	1.16600e-01
-4.16149e-03	-1.74468e-04	-9.55442e-05	5.78591e-05	-1.40584e+00	-5.62332e-01	-4.28850e-01	6.90776e-02	1.16600e-01
-4.43002e-03	-1.91493e-04	-8.73248e-05	2.24213e-05	-1.39321e+00	-5.57280e-01	-4.26720e-01	6.99746e-02	1.16600e-01
-4.79293e-03	-2.13703e-04	-7.74764e-05	-2.34222e-05	-1.37835e+00	-5.51338e-01	-4.24545e-01	7.08665e-02	1.16600e-01
-5.10865e-03	-2.34306e-04	-6.46732e-05	-7.62928e-05	-1.36023e+00	-5.44088e-01	-4.22326e-01	7.17531e-02	1.16600e-01
-5.04566e-03	-2.37570e-04	-4.61004e-05	-1.29182e-04	-1.33906e+00	-5.35622e-01	-4.20063e-01	7.26340e-02	1.16600e-01
-4.53022e-03	-2.18925e-04	-2.44153e-05	-1.69398e-04	-1.31681e+00	-5.26719e-01	-4.17755e-01	7.35090e-02	1.16600e-01
-3.91161e-03	-1.92745e-04	-8.85413e-06	-1.85159e-04	-1.29609e+00	-5.18433e-01	-4.15403e-01	7.43776e-02	1.16600e-01
-3.48211e-03	-1.72714e-04	-2.62028e-06	-1.81060e-04	-1.27551e+00	-5.10201e-01	-4.13005e-01	7.52395e-02	1.16600e-01
-3.13037e-03	-1.56057e-04	1.88879e-06	-1.77043e-04	-1.25318e+00	-5.01270e-01	-4.10562e-01	7.60944e-02	1.16600e-01
-2.66687e-03	-1.35047e-04	9.59235e-06	-1.78674e-04	-1.23219e+00	-4.92873e-01	-4.08074e-01	7.69420e-02	1.16600e-01
-2.10038e-03	-1.09241e-04	1.78908e-05	-1.77447e-04	-1.21491e+00	-4.85961e-01	-4.05540e-01	7.77820e-02	1.16600e-01
-1.59484e-03	-8.58743e-05	2.41525e-05	-1.73216e-04	-1.20341e+00	-4.81361e-01	-4.02960e-01	7.86139e-02	1.16600e-01
-1.40830e-03	-7.70717e-05	2.68060e-05	-1.73041e-04	-1.19588e+00	-4.78349e-01	-4.00334e-01	7.94375e-02	1.16600e-01
-1.45756e-03	-7.95469e-05	2.86770e-05	-1.85863e-04	-1.18317e+00	-4.73264e-01	-3.97663e-01	8.02524e-02	1.16600e-01
-1.42035e-03	-7.93225e-05	3.57738e-05	-2.13384e-04	-1.16465e+00	-4.65854e-01	-3.94945e-01	8.10583e-02	1.16600e-01
-1.26985e-03	-7.39282e-05	4.42579e-05	-2.39777e-04	-1.14701e+00	-4.58794e-01	-3.92181e-01	8.18548e-02	1.16600e-01
-1.12757e-03	-6.79571e-05	4.94871e-05	-2.56211e-04	-1.13289e+00	-4.53144e-01	-3.89372e-01	8.26416e-02	1.16600e-01
-1.18241e-03	-7.10859e-05	5.34584e-05	-2.76414e-04	-1.12029e+00	-4.48102e-01	-3.86515e-01	8.34183e-02	1.16600e-01
-1.41937e-03	-8.32138e-05	5.87680e-05	-3.12059e-04	-1.10030e+00	-4.40104e-01	-3.83613e-01	8.41846e-02	1.16600e-01
-1.33113e-03	-8.06179e-05	6.77511e-05	-3.51024e-04	-1.07247e+00	-4.28969e-01	-3.80665e-01	8.49402e-02	1.16600e-01
-8.33765e-04	-5.84201e-05	7.65745e-05	-3.71218e-04	-1.04863e+00	-4.19416e-01	-3.77670e-01	8.56848e-02	1.16600e-01
-4.14706e-04	-3.90417e-05	8.15638e-05	-3.78520e-04	-1.02856e+00	-4.11350e-01	-3.74629e-01	8.64179e-02	1.16600e-01
-1.04346e-05	-2.07790e-05	8.81654e-05	-3.96144e-04	-1.00742e+00	-3.99803e-01	-3.71543e-01	8.71394e-02	1.16600e-01
6.08725e-04	6.99039e-06	9.75716e-05	-4.16843e-04	-9.90053e-01	-3.96081e-01	-3.68410e-01	8.78488e-02	1.16600e-01
1.17497e-03	3.33217e-05	1.02008e-04	-4.18484e-04	-9.73633e-01	-3.89485e-01	-3.65231e-01	8.85459e-02	1.16600e-01
1.55228e-03	5.19023e-05	1.00718e-04	-4.06805e-04	-9.53544e-01	-3.81441e-01	-3.62007e-01	8.92303e-02	1.16600e-01
1.90374e-03	6.89491e-05	1.00516e-04	-4.01893e-04	-9.35905e-01	-3.74381e-01	-3.58737e-01	8.99018e-02	1.16600e-01
2.33953e-03	8.95973e-05	1.01684e-04	-3.97277e-04	-9.20759e-01	-3.68319e-01	-3.55421e-01	9.05600e-02	1.16600e-01
2.86512e-03	1.15090e-04	9.90174e-05	-3.74224e-04	-9.04748e-01	-3.61910e-01	-3.52060e-01	9.12046e-02	1.16600e-01
3.16396e-03	1.30574e-04	9.25676e-05	-3.40179e-04	-8.92631e-01	-3.57061e-01	-3.48654e-01	9.18354e-02	1.16600e-01
2.96899e-03	1.23271e-04	8.43441e-05	-3.17789e-04	-8.83180e-01	-3.53280e-01	-3.45203e-01	9.24521e-02	1.16600e-01
2.72211e-03	1.13049e-04	7.87317e-05	-3.08596e-04	-8.72275e-01	-3.48918e-01	-3.41707e-01	9.30543e-02	1.16600e-01
2.89531e-03	1.21884e-04	7.54618e-05	-2.95206e-04	-8.63252e-01	-3.45308e-01	-3.38167e-01	9.36419e-02	1.16600e-01
3.29349e-03	1.41130e-04	7.17705e-05	-2.69084e-04	-8.59563e-01	-3.43831e-01	-3.34582e-01	9.42146e-02	1.16600e-01
3.46582e-03	1.50071e-04	6.65682e-05	-2.42023e-04	-8.58277e-01	-3.43316e-01	-3.30954e-01	9.47720e-02	1.16600e-01
3.24880e-03	1.41005e-04	6.11410e-05	-2.27341e-04	-8.54214e-01	-3.41690e-01	-3.27281e-01	9.53141e-02	1.16600e-01
2.95598e-03	1.28394e-04	5.58858e-05	-2.18622e-04	-8.45759e-01	-3.38308e-01	-3.23565e-01	9.58404e-02	1.16600e-01
2.91691e-03	1.27461e-04	5.04359e-05	-1.97590e-04	-8.36674e-01	-3.34674e-01	-3.19806e-01	9.63508e-02	1.16600e-01
2.99554e-03	1.31964e-04	4.43293e-05	-1.65811e-04	-8.29935e-01	-3.31977e-01	-3.16003e-01	9.68451e-02	1.16600e-01
2.92791e-03	1.29600e-04	3.89071e-05	-1.40751e-04	-8.26003e-01	-3.30404e-01	-3.12158e-01	9.73231e-02	1.16600e-01
2.84761e-03	1.26483e-04	3.45623e-05	-1.23493e-04	-8.23178e-01	-3.29274e-01	-3.08271e-01	9.77845e-02	1.16600e-01
2.85116e-03	1.27200e-04	2.99366e-05	-1.01596e-04	-8.20756e-01	-3.28304e-01	-3.04342e-01	9.82291e-02	1.16600e-01
2.76913e-03	1.24019e-04	2.47399e-05	-7.47926e-05	-8.17590e-01	-3.27037e-01	-3.00371e-01	9.86568e-02	1.16600e-01
2.60393e-03	1.16910e-04	2.03944e-05	-5.69938e-05	-8.12723e-01	-3.25091e-01	-2.96360e-01	9.90674e-02	1.16600e-01
2.46224e-03	1.10609e-04	1.85760e-05	-5.54086e-05	-8.10616e-01	-3.24248e-01	-2.92307e-01	9.94607e-02	1.16600e-01
2.32784e-03	1.04543e-04	1.78269e-05	-5.78200e-05	-8.11640e-01	-3.24657e-01	-2.88214e-01	9.98365e-02	1.16600e-01
2.17941e-03	9.79649e-05	1.56547e-05	-5.15859e-05	-8.12359e-01	-3.24945e-01	-2.84081e-01	1.00195e-01	1.16600e-01
1.97496e-03	8.88616e-05	1.30729e-05	-4.20842e-05	-8.12657e-01	-3.25064e-01	-2.79908e-01	1.00535e-01	1.16600e-01
1.79398e-03	8.07555e-05	1.13341e-05	-3.77248e-05	-8.10131e-01	-3.24053e-01	-2.75696e-01	1.00858e-01	1.16600e-01
1.69333e-03	7.62288e-05	1.05987e-05	-3.88976e-05	-8.06277e-01	-3.22512e-01	-2.71446e-01	1.01162e-01	1.16600e-01
1.43599e-03	6.45947e-05	9.74751e-06	-4.33040e-05	-8.05032e-01	-3.22014e-01	-2.67157e-01	1.01449e-01	1.16600e-01
9.75975e-04	4.38117e-05	8.19962e-06	-4.50228e-05	-8.02924e-01	-3.21171e-01	-2.62830e-01	1.01717e-01	1.16600e-01
6.65351e-04	2.98189e-05	6.63032e-06	-3.97598e-05	-7.97764e-01	-3.19106e-01	-2.58466e-01	1.01967e-01	1.16600e-01
7.16047e-04	3.21814e-05	5.63669e-06	-3.23515e-05	-7.92102e-01	-3.16841e-01	-2.54066e-01	1.02199e-01	1.16600e-01
1.01367e-03	4.56780e-05	5.62672e-06	-2.78533e-05	-7.86788e-01	-3.14716e-01	-2.49629e-01	1.02412e-01	1.16600e-01
1.34000e-03	6.04638e-05	5.57774e-06	-2.47524e-05	-7.82937e-01	-3.13175e-01	-2.45156e-01	1.02606e-01	1.16600e-01
1.56723e-03	7.07648e-05	5.15198e-06	-2.00822e-05	-7.81056e-01	-3.12423e-01	-2.40648e-01	1.02782e-01	1.16600e-01
1.76980e-03	7.99572e-05	4.17010e-06	-1.16659e-05	-7.80399e-01	-3.12160e-01	-2.36105e-01	1.02940e-01	1.16600e-01
1.94969e-03	8.81190e-05	2.87789e-06	2.54148e-07	-7.82330e-01	-3.12933e-01	-2.31528e-01	1.03078e-01	1.16600e-01
1.97997e-03	8.95001e-05	1.61725e-06	1.00287e-05	-7.85691e-01	-3.14277e-01	-2.26918e-01	1.03198e-01	1.16600e-01
1.94418e-03	8.78796e-05	6.24557e-07	1.54716e-05	-7.88366e-01	-3.15347e-01	-2.22274e-01	1.03300e-01	1.16600e-01
1.95077e-03	8.81638e-05	2.54199e-08	1.99384e-05	-7.91896e-01	-3.16759e-01	-2.17598e-01	1.03382e-01	1.16600e-01
1.85313e-03	8.37361e-05	-5.78338e-07	2.22528e-05	-7.95462e-01	-3.18186e-01	-2.12890e-01	1.03446e-01	1.16600e-01
1.57846e-03	7.13089e-05	-9.06143e-07	2.13397e-05	-7.96098e-01	-3.18440e-01	-2.08151e-01	1.03491e-01	1.16600e-01
1.25760e-03	5.68005e-05	-1.17710e-06	2.02950e-05	-7.94666e-01	-3.17867e-01	-2.03381e-01	1.03518e-01	1.16600e-01
8.98880e-04	4.05875e-05	-1.28871e-06	1.95953e-05	-7.92786e-01	-3.17115e-01	-1.98580e-01	1.03526e-01	1.16600e-01
4.77670e-04	2.15592e-05	-1.42291e-06	1.90723e-05	-7.89088e-01	-3.15636e-01	-1.93751e-01	1.03515e-01	1.16600e-01
1.69913e-04	7.65666e-06	-1.67448e-06	2.28266e-05	-7.83289e-01	-3.13316e-01	-1.88892e-01	1.03486e-01	1.16600e-01
1.89573e-04	8.53159e-06	-2.12777e-06	3.04819e-05	-7.76959e-01	-3.10785e-01	-1.84005e-01	1.03438e-01	1.16600e-01
4.88420e-04	2.20021e-05	-2.63736e-06	3.30462e-05	-7.71659e-01	-3.08664e-01	-1.79091e-01	1.03372e-01	1.16600e-01
7.09233e-04	3.19589e-05	-2.44474e-06	2.79494e-05	-7.68844e-01	-3.07538e-01	-1.74149e-01	1.03288e-01	1.16600e-01
5.59967e-04	2.52201e-05	-2.11737e-06	2.35414e-05	-7.67617e-01	-3.07047e-01	-1.69181e-01	1.03185e-01	1.16600e-01
1.63690e-04	7.34631e-06	-1.52699e-06	2.28997e-05	-7.64919e-01	-3.05968e-01	-1.64188e-01	1.03064e-01	1.16600e-01
-1.45333e-04	-6.58866e-06	-1.06251e-06	1.96918e-05	-7.59583e-01	-3.03832e-01	-1.59170e-01	1.02925e-01	1.16600e-01
-2.81094e-04	-1.26933e-05	-3.19271e-07	1.27722e-05	-7.54353e-01	-3.01741e-01	-1.54127e-01	1.02769e-01	1.16600e-01
-3.62950e-04	-1.63729e-05	9.09200e-08	1.01651e-05	-7.50067e-01	-3.00027e-01	-1.49061e-01	1.02594e-01	1.16600e-01
-4.15167e-04	-1.87319e-05	1.49381e-08	1.48525e-05	-7.45227e-01	-2.98091e-01	-1.43971e-01	1.02402e-01	1.16600e-01
-4.34724e-04	-1.96174e-05	-4.35573e-08	1.79748e-05	-7.39663e-01	-2.95865e-01	-1.38860e-01	1.02192e-01	1.16600e-01
-4.48309e-04	-2.02181e-05	2.48154e-07	1.43540e-05	-7.33783e-01	-2.93513e-01	-1.33727e-01	1.01965e-01	1.16600e-01
-3.66529e-04	-1.65236e-05	3.39116e-07	1.16463e-05	-7.28204e-01	-2.91281e-01	-1.28573e-01	1.01721e-01	1.16600e-01
-1.55193e-04	-7.01776e-06	-2.68169e-07	1.48308e-05	-7.23936e-01	-2.89574e-01	-1.23399e-01	1.01460e-01	1.16600e-01
-7.40375e-05	-3.37353e-06	-5.80543e-07	1.73996e-05	-7.21671e-01	-2.88668e-01	-1.18206e-01	1.01181e-01	1.16600e-01
-3.00818e-04	-1.35737e-05	7.53091e-08	1.60010e-05	-7.18989e-01	-2.87595e-01	-1.12994e-01	1.00886e-01	1.16600e-01
-5.12337e-04	-2.30847e-05	7.06827e-07	1.81007e-05	-7.12223e-01	-2.84889e-01	-1.07764e-01	1.00575e-01	1.16600e-01
-3.67689e-04	-1.66050e-05	-7.88452e-08	2.71207e-05	-7.04162e-01	-2.81664e-01	-1.02517e-01	1.00247e-01	1.16600e-01
-7.48648e-05	-3.46752e-06	-1.30602e-06	3.62283e-05	-7.00407e-01	-2.80159e-01	-9.72536e-02	9.99031e-02	1.16600e-01
3.53624e-05	1.46964e-06	-1.82877e-06	4.01196e-05	-6.99216e-01	-2.79696e-01	-9.19743e-02	9.95431e-02	1.16600e-01
-4.11095e-05	-1.97629e-06	-1.65359e-06	4.20545e-05	-6.96950e-01	-2.78771e-01	-8.66801e-02	9.91674e-02	1.16600e-01
-1.93877e-04	-8.85672e-06	-1.32209e-06	4.74301e-05	-6.94304e-01	-2.77719e-01	-8.13717e-02	9.87761e-02	1.16600e-01
-3.84820e-04	-1.74505e-05	-8.42659e-07	5.51078e-05	-6.91424e-01	-2.76568e-01	-7.60498e-02	9.83695e-02	1.16600e-01
-5.90400e-04	-2.66897e-05	-1.62258e-07	5.96758e-05	-6.86319e-01	-2.74526e-01	-7.07152e-02	9.79478e-02	1.16600e-01
-7.79698e-04	-3.51764e-05	7.13773e-07	5.80986e-05	-6.78094e-01	-2.71236e-01	-6.53686e-02	9.75112e-02	1.16600e-01
-8.88484e-04	-4.00285e-05	1.52084e-06	5.10923e-05	-6.68027e-01	-2.67210e-01	-6.00109e-02	9.70600e-02	1.16600e-01
-8.65538e-04	-3.89619e-05	1.88843e-06	4.27047e-05	-6.58698e-01	-2.63479e-01	-5.46428e-02	9.65943e-02	1.16600e-01
-8.00077e-04	-3.60037e-05	1.89613e-06	3.86992e-05	-6.52021e-01	-2.60808e-01	-4.92651e-02	9.61145e-02	1.16600e-01
-8.43565e-04	-3.79492e-05	2.14567e-06	4.06035e-05	-6.47151e-01	-2.58860e-01	-4.38785e-02	9.56207e-02	1.16600e-01
-9.76444e-04	-4.39019e-05	2.77013e-06	4.31649e-05	-6.41531e-01	-2.56612e-01	-3.84839e-02	9.51133e-02	1.16600e-01
-1.00959e-03	-4.53649e-05	3.16302e-06	4.06241e-05	-6.34197e-01	-2.53678e-01	-3.30819e-02	9.45923e-02	1.16600e-01
-8.69688e-04	-3.90624e-05	2.90031e-06	3.35244e-05	-6.27403e-01	-2.50961e-01	-2.76735e-02	9.40582e-02	1.16600e-01
-7.21862e-04	-3.24126e-05	2.51590e-06	2.78540e-05	-6.23146e-01	-2.49258e-01	-2.22593e-02	9.35112e-02	1.16600e-01
-6.94924e-04	-3.11961e-05	2.49680e-06	2.77549e-05	-6.19238e-01	-2.47695e-01	-1.68402e-02	9.29515e-02	1.16600e-01
-7.16805e-04	-3.21845e-05	2.52561e-06	3.09321e-05	-6.14325e-01	-2.45729e-01	-1.14169e-02	9.23794e-02	1.16600e-01
-7.23521e-04	-3.24840e-05	2.57854e-06	3.38378e-05	-6.10401e-01	-2.44160e-01	-5.99023e-03	9.17951e-02	1.16600e-01
-7.32552e-04	-3.28899e-05	2.61860e-06	3.73100e-05	-6.07442e-01	-2.42976e-01	-5.61015e-04	9.11989e-02	1.16600e-01
-7.45457e-04	-3.34694e-05	2.67663e-06	4.20175e-05	-6.04293e-01	-2.41716e-01	4.86998e-03	9.05912e-02	1.16600e-01
-7.67131e-04	-3.44387e-05	2.80170e-06	4.48382e-05	-6.01289e-01	-2.40515e-01	1.03020e-02	8.99720e-02	1.16600e-01
-7.95015e-04	-3.56730e-05	3.06783e-06	4.46978e-05	-5.98134e-01	-2.39253e-01	1.57342e-02	8.93418e-02	1.16600e-01
-7.72751e-04	-3.46617e-05	3.09728e-06	4.34596e-05	-5.94327e-01	-2.37730e-01	2.11657e-02	8.87008e-02	1.16600e-01
-7.07555e-04	-3.17364e-05	2.85479e-06	4.18253e-05	-5.91174e-01	-2.36469e-01	2.65959e-02	8.80493e-02	1.16600e-01
-6.80470e-04	-3.05123e-05	2.83156e-06	4.05930e-05	-5.89426e-01	-2.35770e-01	3.20240e-02	8.73875e-02	1.16600e-01
-7.13009e-04	-3.19543e-05	3.11324e-06	4.03498e-05	-5.87830e-01	-2.35131e-01	3.74490e-02	8.67158e-02	1.16600e-01
-8.02564e-04	-3.59403e-05	3.73190e-06	3.95969e-05	-5.85623e-01	-2.34249e-01	4.28703e-02	8.60343e-02	1.16600e-01
-9.79009e-04	-4.38094e-05	4.81460e-06	3.90142e-05	-5.82537e-01	-2.33014e-01	4.82870e-02	8.53434e-02	1.16600e-01
-1.15997e-03	-5.18849e-05	5.88487e-06	4.22227e-05	-5.77917e-01	-2.31166e-01	5.36983e-02	8.46434e-02	1.16600e-01
-1.16694e-03	-5.21929e-05	5.95336e-06	4.81061e-05	-5.72156e-01	-2.28862e-01	5.91035e-02	8.39345e-02	1.16600e-01
-9.78210e-04	-4.37640e-05	4.90604e-06	5.06410e-05	-5.66711e-01	-2.26684e-01	6.45018e-02	8.32171e-02	1.16600e-01
-7.46118e-04	-3.33915e-05	3.66699e-06	4.75292e-05	-5.62297e-01	-2.24918e-01	6.98924e-02	8.24913e-02	1.16600e-01
-6.00940e-04	-2.68965e-05	2.94412e-06	4.17072e-05	-5.59073e-01	-2.23628e-01	7.52744e-02	8.17574e-02	1.16600e-01
-5.70507e-04	-2.55163e-05	2.93161e-06	3.59243e-05	-5.57010e-01	-2.22803e-01	8.06472e-02	8.10159e-02	1.16600e-01
-6.10957e-04	-2.73010e-05	3.31935e-06	3.12696e-05	-5.54988e-01	-2.21995e-01	8.60099e-02	8.02668e-02	1.16600e-01
-6.57266e-04	-2.93511e-05	3.71052e-06	2.80952e-05	-5.52715e-01	-2.21085e-01	9.13617e-02	7.95106e-02	1.16600e-01
-6.82686e-04	-3.04703e-05	3.96898e-06	2.59685e-05	-5.51082e-01	-2.20432e-01	9.67019e-02	7.87474e-02	1.16600e-01
-6.76731e-04	-3.01937e-05	4.01153e-06	2.41606e-05	-5.49774e-01	-2.19909e-01	1.02030e-01	7.79776e-02	1.16600e-01
-6.29634e-04	-2.80852e-05	3.78371e-06	2.21915e-05	-5.48549e-01	-2.19419e-01	1.07344e-01	7.72015e-02	1.16600e-01
-5.83051e-04	-2.59981e-05	3.56825e-06	2.01130e-05	-5.47867e-01	-2.19146e-01	1.12645e-01	7.64192e-02	1.16600e-01
-5.86092e-04	-2.61236e-05	3.65596e-06	1.84318e-05	-5.47328e-01	-2.18931e-01	1.17931e-01	7.56311e-02	1.16600e-01
-6.23137e-04	-2.77639e-05	3.96080e-06	1.73338e-05	-5.46729e-01	-2.18691e-01	1.23201e-01	7.48375e-02	1.16600e-01
-6.47048e-04	-2.88180e-05	4.18737e-06	1.65717e-05	-5.46236e-01	-2.18494e-01	1.28455e-01	7.40386e-02	1.16600e-01
-6.22352e-04	-2.77116e-05	4.07134e-06	1.61104e-05	-5.45681e-01	-2.18272e-01	1.33693e-01	7.32346e-02	1.16600e-01
-5.56731e-04	-2.47859e-05	3.66686e-06	1.57336e-05	-5.45501e-01	-2.18200e-01	1.38912e-01	7.24260e-02	1.16600e-01
-5.11526e-04	-2.27682e-05	3.40269e-06	1.47710e-05	-5.45977e-01	-2.18390e-01	1.44113e-01	7.16128e-02	1.16600e-01
-5.21403e-04	-2.31997e-05	3.52087e-06	1.32320e-05	-5.46513e-01	-2.18605e-01	1.49295e-01	7.07955e-02	1.16600e-01
-5.47341e-04	-2.43444e-05	3.75575e-06	1.19484e-05	-5.46850e-01	-2.18740e-01	1.54456e-01	6.99743e-02	1.16600e-01
-5.50542e-04	-2.44794e-05	3.82408e-06	1.11964e-05	-5.47246e-01	-2.18898e-01	1.59597e-01	6.91493e-02	1.16600e-01
-5.40487e-04	-2.40257e-05	3.79499e-06	1.05749e-05	-5.47803e-01	-2.19121e-01	1.64717e-01	6.83210e-02	1.16600e-01
-5.35572e-04	-2.38011e-05	3.79861e-06	1.00760e-05	-5.48483e-01	-2.19393e-01	1.69814e-01	6.74895e-02	1.16600e-01
-5.35291e-04	-2.37831e-05	3.82998e-06	9.97453e-06	-5.49280e-01	-2.19712e-01	1.74889e-01	6.66551e-02	1.16600e-01
-5.36002e-04	-2.38094e-05	3.86736e-06	9.89617e-06	-5.50156e-01	-2.20062e-01	1.79939e-01	6.58181e-02	1.16600e-01
-5.42987e-04	-2.41130e-05	3.95817e-06	9.08784e-06	-5.50992e-01	-2.20396e-01	1.84966e-01	6.49787e-02	1.16600e-01
-5.60684e-04	-2.48901e-05	4.13914e-06	7.49011e-06	-5.51679e-01	-2.20671e-01	1.89967e-01	6.41372e-02	1.16600e-01
-5.85232e-04	-2.59709e-05	4.37332e-06	5.83566e-06	-5.52234e-01	-2.20893e-01	1.94943e-01	6.32938e-02	1.16600e-01
-6.10413e-04	-2.70803e-05	4.60861e-06	4.76588e-06	-5.52768e-01	-2.21107e-01	1.99892e-01	6.24488e-02	1.16600e-01
-6.37319e-04	-2.82668e-05	4.85314e-06	4.35046e-06	-5.53351e-01	-2.21340e-01	2.04815e-01	6.16025e-02	1.16600e-01
-6.69975e-04	-2.97085e-05	5.14013e-06	4.30537e-06	-5.53962e-01	-2.21585e-01	2.09709e-01	6.07550e-02	1.16600e-01
-7.09173e-04	-3.14399e-05	5.47908e-06	4.26534e-06	-5.54563e-01	-2.21825e-01	2.14575e-01	5.99066e-02	1.16600e-01
-7.51468e-04	-3.33077e-05	5.84728e-06	3.90907e-06	-5.55124e-01	-2.22049e-01	2.19412e-01	5.90577e-02	1.16600e-01
-7.92783e-04	-3.51308e-05	6.21435e-06	3.28511e-06	-5.55610e-01	-2.22244e-01	2.24219e-01	5.82083e-02	1.16600e-01
-8.27777e-04	-3.66734e-05	6.53388e-06	2.84414e-06	-5.55994e-01	-2.22397e-01	2.28996e-01	5.73588e-02	1.16600e-01
-8.50098e-04	-3.76545e-05	6.75334e-06	2.83119e-06	-5.56329e-01	-2.22531e-01	2.33742e-01	5.65094e-02	1.16600e-01
-8.59550e-04	-3.80654e-05	6.87111e-06	2.91278e-06	-5.56700e-01	-2.22680e-01	2.38456e-01	5.56603e-02	1.16600e-01
-8.65904e-04	-3.83389e-05	6.96532e-06	2.54533e-06	-5.57128e-01	-2.22851e-01	2.43137e-01	5.48118e-02	1.16600e-01
-8.81194e-04	-3.90073e-05	7.13514e-06	1.51304e-06	-5.57564e-01	-2.23025e-01	2.47786e-01	5.39641e-02	1.16600e-01
-9.09915e-04	-4.02695e-05	7.41716e-06	1.30076e-07	-5.57953e-01	-2.23181e-01	2.52401e-01	5.31175e-02	1.16600e-01
-9.48143e-04	-4.19519e-05	7.77968e-06	-1.06693e-06	-5.58253e-01	-2.23301e-01	2.56982e-01	5.22721e-02	1.16600e-01
-9.85596e-04	-4.35995e-05	8.13794e-06	-1.89310e-06	-5.58446e-01	-2.23378e-01	2.61529e-01	5.14282e-02	1.16600e-01
-1.01404e-03	-4.48485e-05	8.42327e-06	-2.47680e-06	-5.58618e-01	-2.23447e-01	2.66040e-01	5.05861e-02	1.16600e-01
-1.03775e-03	-4.58879e-05	8.66820e-06	-2.58077e-06	-5.58886e-01	-2.23554e-01	2.70515e-01	4.97459e-02	1.16600e-01
-1.06680e-03	-4.71644e-05	8.95264e-06	-1.67739e-06	-5.59214e-01	-2.23685e-01	2.74954e-01	4.89079e-02	1.16600e-01
-1.10007e-03	-4.86282e-05	9.27004e-06	9.07944e-08	-5.59496e-01	-2.23798e-01	2.79355e-01	4.80722e-02	1.16600e-01
-1.12499e-03	-4.97216e-05	9.52262e-06	1.80348e-06	-5.59735e-01	-2.23893e-01	2.83719e-01	4.72392e-02	1.16600e-01
-1.13447e-03	-5.01314e-05	9.65006e-06	2.76099e-06	-5.60016e-01	-2.24006e-01	2.88045e-01	4.64090e-02	1.16600e-01
-1.13671e-03	-5.02209e-05	9.71839e-06	3.02476e-06	-5.60347e-01	-2.24138e-01	2.92333e-01	4.55819e-02	1.16600e-01
-1.14035e-03	-5.03723e-05	9.79778e-06	2.94098e-06	-5.60598e-01	-2.24239e-01	2.96581e-01	4.47581e-02	1.16600e-01
-1.14308e-03	-5.04829e-05	9.87175e-06	2.54903e-06	-5.60749e-01	-2.24299e-01	3.00790e-01	4.39377e-02	1.16600e-01
-1.14197e-03	-5.04233e-05	9.91577e-06	1.68226e-06	-5.60953e-01	-2.24381e-01	3.04958e-01	4.31210e-02	1.16600e-01
-1.14644e-03	-5.06107e-05	1.00043e-05	4.61170e-07	-5.61212e-01	-2.24484e-01	3.09086e-01	4.23082e-02	1.16600e-01
-1.16485e-03	-5.14138e-05	1.02140e-05	-7.68728e-07	-5.61384e-01	-2.24553e-01	3.13173e-01	4.14995e-02	1.16600e-01
-1.19362e-03	-5.26729e-05	1.05193e-05	-1.87825e-06	-5.61429e-01	-2.24571e-01	3.17218e-01	4.06951e-02	1.16600e-01
-1.22657e-03	-5.41173e-05	1.08581e-05	-2.93195e-06	-5.61397e-01	-2.24558e-01	3.21222e-01	3.98953e-02	1.16600e-01
-1.26548e-03	-5.58241e-05	1.12525e-05	-3.78384e-06	-5.61320e-01	-2.24528e-01	3.25182e-01	3.91001e-02	1.16600e-01
-1.31515e-03	-5.80038e-05	1.17496e-05	-3.98730e-06	-5.61147e-01	-2.24458e-01	3.29101e-01	3.83098e-02	1.16600e-01
-1.37280e-03	-6.05350e-05	1.23224e-05	-3.39356e-06	-5.60797e-01	-2.24318e-01	3.32975e-01	3.75246e-02	1.16600e-01
-1.42546e-03	-6.28460e-05	1.28494e-05	-2.58193e-06	-5.60312e-01	-2.24124e-01	3.36806e-01	3.67448e-02	1.16600e-01
-1.46402e-03	-6.45339e-05	1.32550e-05	-2.07848e-06	-5.59843e-01	-2.23937e-01	3.40594e-01	3.59704e-02	1.16600e-01
-1.49414e-03	-6.58493e-05	1.35868e-05	-1.72065e-06	-5.59404e-01	-2.23761e-01	3.44336e-01	3.52017e-02	1.16600e-01
-1.52355e-03	-6.71347e-05	1.39076e-05	-1.36769e-06	-5.58899e-01	-2.23559e-01	3.48034e-01	3.44388e-02	1.16600e-01
-1.54800e-03	-6.82000e-05	1.41869e-05	-1.27555e-06	-5.58371e-01	-2.23348e-01	3.51687e-01	3.36820e-02	1.16600e-01
-1.56410e-03	-6.88969e-05	1.43946e-05	-1.34383e-06	-5.57849e-01	-2.23139e-01	3.55294e-01	3.29313e-02	1.16600e-01
-1.57797e-03	-6.94947e-05	1.45850e-05	-9.95775e-07	-5.57235e-01	-2.22894e-01	3.58856e-01	3.21871e-02	1.16600e-01
-1.58700e-03	-6.98808e-05	1.47236e-05	-2.95070e-08	-5.56520e-01	-2.22607e-01	3.62371e-01	3.14495e-02	1.16600e-01
-1.57913e-03	-6.95232e-05	1.47034e-05	1.20161e-06	-5.55908e-01	-2.22363e-01	3.65840e-01	3.07185e-02	1.16600e-01
-1.55930e-03	-6.86380e-05	1.45751e-05	2.27617e-06	-5.55551e-01	-2.22220e-01	3.69262e-01	2.99945e-02	1.16600e-01
-1.55516e-03	-6.84435e-05	1.45957e-05	2.85066e-06	-5.55271e-01	-2.22108e-01	3.72638e-01	2.92776e-02	1.16600e-01
-1.58033e-03	-6.95405e-05	1.48819e-05	2.67726e-06	-5.54774e-01	-2.21909e-01	3.75966e-01	2.85679e-02	1.16600e-01
-1.61855e-03	-7.12112e-05	1.52924e-05	1.75101e-06	-5.54070e-01	-2.21627e-01	3.79247e-01	2.78655e-02	1.16600e-01
-1.64823e-03	-7.25029e-05	1.56391e-05	2.92372e-07	-5.53347e-01	-2.21338e-01	3.82480e-01	2.71707e-02	1.16600e-01
-1.66819e-03	-7.33661e-05	1.58976e-05	-1.41478e-06	-5.52635e-01	-2.21053e-01	3.85665e-01	2.64836e-02	1.16600e-01
-1.68915e-03	-7.42748e-05	1.61573e-05	-3.14056e-06	-5.51792e-01	-2.20716e-01	3.88802e-01	2.58044e-02	1.16600e-01
-1.71058e-03	-7.52053e-05	1.64151e-05	-4.58616e-06	-5.50729e-01	-2.20291e-01	3.91891e-01	2.51331e-02	1.16600e-01
-1.72234e-03	-7.57097e-05	1.65874e-05	-5.18309e-06	-5.49676e-01	-2.19870e-01	3.94932e-01	2.44700e-02	1.16600e-01
-1.72594e-03	-7.58542e-05	1.66833e-05	-4.50999e-06	-5.48846e-01	-2.19538e-01	3.97924e-01	2.38151e-02	1.16600e-01
-1.72978e-03	-7.60121e-05	1.67715e-05	-3.05318e-06	-5.48100e-01	-2.19239e-01	4.00867e-01	2.31685e-02	1.16600e-01
-1.72653e-03	-7.58586e-05	1.67875e-05	-1.99680e-06	-5.47315e-01	-2.18925e-01	4.03762e-01	2.25305e-02	1.16600e-01
-1.70793e-03	-7.50282e-05	1.66654e-05	-2.21436e-06	-5.46606e-01	-2.18642e-01	4.06607e-01	2.19012e-02	1.16600e-01
-1.68895e-03	-7.41824e-05	1.65344e-05	-3.49511e-06	-5.46002e-01	-2.18400e-01	4.09404e-01	2.12806e-02	1.16600e-01
-1.68974e-03	-7.42081e-05	1.65821e-05	-4.65203e-06	-5.45283e-01	-2.18112e-01	4.12152e-01	2.06688e-02	1.16600e-01
-1.70812e-03	-7.50050e-05	1.68089e-05	-4.93260e-06	-5.44299e-01	-2.17719e-01	4.14851e-01	2.00661e-02	1.16600e-01
-1.72511e-03	-7.57364e-05	1.70410e-05	-4.73408e-06	-5.43169e-01	-2.17267e-01	4.17500e-01	1.94724e-02	1.16600e-01
-1.72841e-03	-7.58698e-05	1.71260e-05	-4.64952e-06	-5.42043e-01	-2.16816e-01	4.20101e-01	1.88879e-02	1.16600e-01
-1.71584e-03	-7.53079e-05	1.70445e-05	-4.95668e-06	-5.40989e-01	-2.16395e-01	4.22652e-01	1.83126e-02	1.16600e-01
-1.69092e-03	-7.42029e-05	1.68474e-05	-5.35822e-06	-5.40060e-01	-2.16023e-01	4.25154e-01	1.77467e-02	1.16600e-01
-1.67206e-03	-7.33606e-05	1.67242e-05	-4.97789e-06	-5.39304e-01	-2.15721e-01	4.27608e-01	1.71903e-02	1.16600e-01
-1.68513e-03	-7.39223e-05	1.69056e-05	-3.67214e-06	-5.38567e-01	-2.15426e-01	4.30012e-01	1.66434e-02	1.16600e-01
-1.72603e-03	-7.57114e-05	1.73392e-05	-2.41673e-06	-5.37549e-01	-2.15019e-01	4.32367e-01	1.61060e-02	1.16600e-01
-1.75306e-03	-7.68866e-05	1.76556e-05	-1.99215e-06	-5.36276e-01	-2.14510e-01	4.34674e-01	1.55783e-02	1.16600e-01
-1.73783e-03	-7.62042e-05	1.75659e-05	-2.52395e-06	-5.35080e-01	-2.14031e-01	4.36932e-01	1.50604e-02	1.16600e-01
-1.69490e-03	-7.43112e-05	1.71763e-05	-3.86032e-06	-5.34113e-01	-2.13644e-01	4.39141e-01	1.45522e-02	1.16600e-01
-1.65423e-03	-7.25210e-05	1.67952e-05	-5.34919e-06	-5.33355e-01	-2.13341e-01	4.41303e-01	1.40538e-02	1.16600e-01
-1.63648e-03	-7.17331e-05	1.66580e-05	-5.97795e-06	-5.32702e-01	-2.13080e-01	4.43415e-01	1.35653e-02	1.16600e-01
-1.63876e-03	-7.18223e-05	1.67263e-05	-5.55692e-06	-5.31990e-01	-2.12795e-01	4.45480e-01	1.30867e-02	1.16600e-01
-1.63613e-03	-7.16977e-05	1.67389e-05	-5.00243e-06	-5.31204e-01	-2.12481e-01	4.47497e-01	1.26180e-02	1.16600e-01
-1.61762e-03	-7.08802e-05	1.65770e-05	-5.08551e-06	-5.30399e-01	-2.12159e-01	4.49467e-01	1.21592e-02	1.16600e-01
-1.60058e-03	-7.01252e-05	1.64384e-05	-5.59594e-06	-5.29605e-01	-2.11842e-01	4.51389e-01	1.17105e-02	1.16600e-01
-1.59586e-03	-6.99062e-05	1.64415e-05	-5.76830e-06	-5.28878e-01	-2.11551e-01	4.53264e-01	1.12717e-02	1.16600e-01
-1.58637e-03	-6.94819e-05	1.63809e-05	-5.35701e-06	-5.28254e-01	-2.11301e-01	4.55092e-01	1.08428e-02	1.16600e-01
-1.56589e-03	-6.85781e-05	1.61985e-05	-4.99103e-06	-5.27731e-01	-2.11092e-01	4.56874e-01	1.04240e-02	1.16600e-01
-1.55691e-03	-6.81776e-05	1.61364e-05	-5.24034e-06	-5.27164e-01	-2.10865e-01	4.58609e-01	1.00151e-02	1.16600e-01
-1.56116e-03	-6.83560e-05	1.62119e-05	-5.96483e-06	-5.26399e-01	-2.10559e-01	4.60299e-01	9.61614e-03	1.16600e-01
-1.55486e-03	-6.80708e-05	1.61866e-05	-6.83740e-06	-5.25515e-01	-2.10205e-01	4.61944e-01	9.22711e-03	1.16600e-01
-1.53498e-03	-6.71900e-05	1.60235e-05	-7.78069e-06	-5.24638e-01	-2.09855e-01	4.63544e-01	8.84797e-03	1.16600e-01
-1.51439e-03	-6.62826e-05	1.58338e-05	-8.70582e-06	-5.23742e-01	-2.09496e-01	4.65099e-01	8.47867e-03	1.16600e-01
-1.48484e-03	-6.49851e-05	1.55423e-05	-9.34785e-06	-5.22856e-01	-2.09142e-01	4.66610e-01	8.11918e-03	1.16600e-01
-1.43461e-03	-6.27790e-05	1.50484e-05	-9.67524e-06	-5.22106e-01	-2.08842e-01	4.68077e-01	7.76943e-03	1.16600e-01
-1.37572e-03	-6.01950e-05	1.44593e-05	-9.99531e-06	-5.21491e-01	-2.08596e-01	4.69501e-01	7.42936e-03	1.16600e-01
-1.32112e-03	-5.78030e-05	1.38994e-05	-1.03146e-05	-5.20952e-01	-2.08380e-01	4.70882e-01	7.09891e-03	1.16600e-01
-1.27593e-03	-5.58205e-05	1.34447e-05	-1.02592e-05	-5.20512e-01	-2.08204e-01	4.72222e-01	6.77799e-03	1.16600e-01
-1.24338e-03	-5.43863e-05	1.31434e-05	-9.87353e-06	-5.20140e-01	-2.08056e-01	4.73520e-01	6.46653e-03	1.16600e-01
-1.21937e-03	-5.33260e-05	1.29328e-05	-9.67877e-06	-5.19748e-01	-2.07899e-01	4.74776e-01	6.16443e-03	1.16600e-01
-1.19513e-03	-5.22629e-05	1.26874e-05	-9.73814e-06	-5.19349e-01	-2.07739e-01	4.75993e-01	5.87159e-03	1.16600e-01
-1.17596e-03	-5.14300e-05	1.24618e-05	-9.66911e-06	-5.18959e-01	-2.07583e-01	4.77169e-01	5.58790e-03	1.16600e-01
-1.17048e-03	-5.11925e-05	1.23945e-05	-9.46958e-06	-5.18549e-01	-2.07419e-01	4.78307e-01	5.31324e-03	1.16600e-01
-1.17160e-03	-5.12330e-05	1.24413e-05	-9.53077e-06	-5.18136e-01	-2.07254e-01	4.79406e-01	5.04750e-03	1.16600e-01
-1.16769e-03	-5.10560e-05	1.24248e-05	-1.00902e-05	-5.17741e-01	-2.07096e-01	4.80467e-01	4.79054e-03	1.16600e-01
-1.15748e-03	-5.06126e-05	1.23039e-05	-1.10600e-05	-5.17372e-01	-2.06948e-01	4.81492e-01	4.54222e-03	1.16600e-01
-1.14818e-03	-5.02049e-05	1.22081e-05	-1.22889e-05	-5.17020e-01	-2.06807e-01	4.82480e-01	4.30240e-03	1.16600e-01
-1.14435e-03	-5.00291e-05	1.22024e-05	-1.36549e-05	-5.16661e-01	-2.06664e-01	4.83432e-01	4.07092e-03	1.16600e-01
-1.14169e-03	-4.99051e-05	1.22050e-05	-1.48820e-05	-5.16280e-01	-2.06512e-01	4.84350e-01	3.84761e-03	1.16600e-01
-1.13406e-03	-4.95695e-05	1.21332e-05	-1.56858e-05	-5.15868e-01	-2.06347e-01	4.85234e-01	3.63230e-03	1.16600e-01
-1.11894e-03	-4.89072e-05	1.19775e-05	-1.60945e-05	-5.15453e-01	-2.06181e-01	4.86085e-01	3.42483e-03	1.16600e-01
-1.09604e-03	-4.79003e-05	1.17556e-05	-1.63668e-05	-5.15055e-01	-2.06022e-01	4.86903e-01	3.22499e-03	1.16600e-01
-1.07085e-03	-4.67936e-05	1.15099e-05	-1.67648e-05	-5.14687e-01	-2.05874e-01	4.87691e-01	3.03260e-03	1.16600e-01
-1.05185e-03	-4.59602e-05	1.13181e-05	-1.74130e-05	-5.14320e-01	-2.05728e-01	4.88448e-01	2.84744e-03	1.16600e-01
-1.03711e-03	-4.53180e-05	1.11521e-05	-1.81723e-05	-5.13937e-01	-2.05574e-01	4.89175e-01	2.66932e-03	1.16600e-01
-1.01807e-03	-4.44843e-05	1.09535e-05	-1.88448e-05	-5.13590e-01	-2.05436e-01	4.89875e-01	2.49800e-03	1.16600e-01
-9.90728e-04	-4.32837e-05	1.06838e-05	-1.94113e-05	-5.13260e-01	-2.05304e-01	4.90546e-01	2.33327e-03	1.16600e-01
-9.57488e-04	-4.18328e-05	1.03203e-05	-1.99444e-05	-5.12978e-01	-2.05191e-01	4.91192e-01	2.17488e-03	1.16600e-01
-9.19901e-04	-4.01933e-05	9.90400e-06	-2.04227e-05	-5.12732e-01	-2.05092e-01	4.91812e-01	2.02260e-03	1.16600e-01
-8.77668e-04	-3.83527e-05	9.43016e-06	-2.07894e-05	-5.12515e-01	-2.05005e-01	4.92407e-01	1.87617e-03	1.16600e-01
-8.37248e-04	-3.65863e-05	8.99626e-06	-2.10146e-05	-5.12426e-01	-2.04970e-01	4.92980e-01	1.73534e-03	1.16600e-01
-7.98472e-04	-3.48805e-05	8.62590e-06	-2.10987e-05	-5.12286e-01	-2.04914e-01	4.93530e-01	1.59983e-03	1.16600e-01
-7.65748e-04	-3.34568e-05	8.24886e-06	-2.10239e-05	-5.12311e-01	-2.04924e-01	4.94060e-01	1.46937e-03	1.16600e-01
-7.36221e-04	-3.21409e-05	8.03560e-06	-2.08018e-05	-5.12206e-01	-2.04882e-01	4.94570e-01	1.34368e-03	1.16600e-01
-7.10213e-04	-3.10294e-05	7.65470e-06	-2.04362e-05	-5.12196e-01	-2.04878e-01	4.95061e-01	1.22247e-03	1.16600e-01
-6.87878e-04	-3.00191e-05	7.55327e-06	-1.99635e-05	-5.12165e-01	-2.04866e-01	4.95535e-01	1.10543e-03	1.16600e-01
-6.63495e-04	-2.89856e-05	7.16200e-06	-1.94429e-05	-5.11956e-01	-2.04782e-01	4.95993e-01	9.92261e-04	1.16600e-01
-6.40033e-04	-2.79391e-05	6.99557e-06	-1.89011e-05	-5.12092e-01	-2.04837e-01	4.96437e-01	8.82647e-04	1.16600e-01
-6.11002e-04	-2.66618e-05	6.71902e-06	-1.83772e-05	-5.11643e-01	-2.04657e-01	4.96867e-01	7.76263e-04	1.16600e-01
-5.71312e-04	-2.49719e-05	6.11235e-06	-1.78677e-05	-5.11886e-01	-2.04754e-01	4.97286e-01	6.72778e-04	1.16600e-01
-5.34461e-04	-2.32411e-05	6.20310e-06	-1.73428e-05	-5.11516e-01	-2.04606e-01	4.97694e-01	5.71853e-04	1.16600e-01
-4.62211e-04	-2.02678e-05	4.68409e-06	-1.68230e-05	-5.11350e-01	-2.04540e-01	4.98092e-01	4.73141e-04	1.16600e-01
-4.43086e-04	-1.91005e-05	5.81679e-06	-1.62641e-05	-5.12027e-01	-2.04811e-01	4.98483e-01	3.76284e-04	1.16600e-01
-3.61401e-04	-1.58320e-05	3.72431e-06	-1.55491e-05	-5.10621e-01	-2.04248e-01	4.98868e-01	2.80920e-04	1.16600e-01
-4.59930e-04	-1.98751e-05	5.84120e-06	-1.49270e-05	-5.15269e-01	-2.06107e-01	4.99248e-01	1.86677e-04	1.16600e-01
-7.75277e-04	-3.19729e-05	1.60075e-05	-1.31269e-05	-5.14757e-01	-2.05903e-01	4.99625e-01	9.31742e-05	1.16600e-01
-6.49556e-04	-3.93046e-05	-3.69869e-05	-8.30888e-06	-5.19181e-01	-2.07672e-01	5.00000e-01	0.00000e+00	1.16600e-01
