"Density"	"Momentum:0"	"Momentum:1"	"Momentum:2"	"StagnationEnergy"	"Pressure"	"Points:0"	"Points:1"	"Points:2"
2.19137e-02	-9.21769e-04	9.97350e-04	-1.60549e-04	-4.97137e-01	-1.98872e-01	-4.85266e-01	0.00000e+00	-1.89200e-01
-7.80306e-04	3.55999e-05	-3.73190e-05	-5.17943e-05	-8.87639e-01	-3.55054e-01	-4.85212e-01	2.24936e-03	-1.89200e-01
2.54628e-03	3.65439e-05	1.13053e-04	-7.61174e-05	-7.58579e-01	-3.03433e-01	-4.85050e-01	4.49354e-03	-1.89200e-01
8.07456e-03	4.51052e-05	3.65231e-04	-7.30272e-05	-8.19186e-01	-3.27678e-01	-4.84780e-01	6.72721e-03	-1.89200e-01
7.71732e-03	9.21916e-05	3.40196e-04	-5.33559e-05	-7.98160e-01	-3.19267e-01	-4.84401e-01	8.94509e-03	-1.89200e-01
7.46705e-03	7.49724e-05	3.31785e-04	-3.83010e-05	-8.01432e-01	-3.20576e-01	-4.83915e-01	1.11420e-02	-1.89200e-01
6.37904e-03	9.17044e-05	2.75750e-04	-1.38131e-05	-8.20899e-01	-3.28362e-01	-4.83325e-01	1.33133e-02	-1.89200e-01
4.37971e-03	6.24942e-05	1.89332e-04	4.45051e-06	-7.88026e-01	-3.15212e-01	-4.82634e-01	1.54544e-02	-1.89200e-01
2.58023e-03	4.10311e-05	1.10035e-04	2.05142e-05	-7.90814e-01	-3.16327e-01	-4.81845e-01	1.75616e-02	-1.89200e-01
9.76761e-04	1.62226e-05	4.14171e-05	2.71281e-05	-7.67633e-01	-3.07054e-01	-4.81008e-01	1.95307e-02	-1.89200e-01
2.03814e-06	-5.48825e-06	2.81772e-06	2.45818e-05	-7.54949e-01	-3.02043e-01	-4.80171e-01	2.13060e-02	-1.89200e-01
-5.65074e-04	-1.41209e-05	-2.15709e-05	1.92834e-05	-7.50521e-01	-3.00208e-01	-4.79330e-01	2.29365e-02	-1.89200e-01
-9.68982e-04	-2.56801e-05	-3.60165e-05	1.34529e-05	-7.39027e-01	-2.95610e-01	-4.78484e-01	2.44544e-02	-1.89200e-01
-1.14783e-03	-2.85970e-05	-4.36247e-05	1.03132e-05	-7.39012e-01	-2.95604e-01	-4.77633e-01	2.58824e-02	-1.89200e-01
-1.21384e-03	-3.09734e-05	-4.56106e-05	7.74138e-06	-7.33126e-01	-2.93250e-01	-4.76775e-01	2.72370e-02	-1.89200e-01
-1.11532e-03	-2.91029e-05	-4.14392e-05	5.82895e-06	-7.31950e-01	-2.92780e-01	-4.75907e-01	2.85310e-02	-1.89200e-01
-9.68261e-04	-2.57691e-05	-3.55994e-05	4.36610e-06	-7.30815e-01	-2.92325e-01	-4.75030e-01	2.97741e-02	-1.89200e-01
-8.26655e-04	-2.29493e-05	-2.96732e-05	3.22896e-06	-7.29198e-01	-2.91679e-01	-4.74141e-01	3.09742e-02	-1.89200e-01
-6.88128e-04	-1.94574e-05	-2.44113e-05	2.45651e-06	-7.29394e-01	-2.91757e-01	-4.73240e-01	3.21379e-02	-1.89200e-01
-5.84400e-04	-1.70133e-05	-2.03246e-05	1.70595e-06	-7.28481e-01	-2.91392e-01	-4.72325e-01	3.32702e-02	-1.89200e-01
-4.87840e-04	-1.44867e-05	-1.67168e-05	1.14803e-06	-7.28466e-01	-2.91386e-01	-4.71395e-01	3.43758e-02	-1.89200e-01
-4.12177e-04	-1.24339e-05	-1.39477e-05	6.20414e-07	-7.28474e-01	-2.91390e-01	-4.70448e-01	3.54582e-02	-1.89200e-01
-3.65511e-04	-1.12503e-05	-1.21601e-05	8.79118e-08	-7.28273e-01	-2.91309e-01	-4.69484e-01	3.65206e-02	-1.89200e-01
-3.26980e-04	-1.02136e-05	-1.07339e-05	-2.94848e-07	-7.28522e-01	-2.91409e-01	-4.68501e-01	3.75657e-02	-1.89200e-01
-2.83574e-04	-8.98395e-06	-9.18377e-06	-5.31878e-07	-7.28493e-01	-2.91397e-01	-4.67498e-01	3.85957e-02	-1.89200e-01
-2.20502e-04	-7.10703e-06	-7.01750e-06	-6.18270e-07	-7.28627e-01	-2.91451e-01	-4.66474e-01	3.96128e-02	-1.89200e-01
-1.18815e-04	-3.89401e-06	-3.71332e-06	-4.25324e-07	-7.28864e-01	-2.91545e-01	-4.65429e-01	4.06186e-02	-1.89200e-01
4.38143e-05	1.40676e-06	1.40111e-06	2.45140e-07	-7.29137e-01	-2.91655e-01	-4.64360e-01	4.16146e-02	-1.89200e-01
2.62283e-04	8.74206e-06	8.03674e-06	1.23008e-06	-7.29869e-01	-2.91948e-01	-4.63267e-01	4.26020e-02	-1.89200e-01
5.23904e-04	1.77880e-05	1.56819e-05	2.17379e-06	-7.31037e-01	-2.92415e-01	-4.62150e-01	4.35820e-02	-1.89200e-01
8.15309e-04	2.80687e-05	2.39479e-05	2.93891e-06	-7.32852e-01	-2.93141e-01	-4.61006e-01	4.45555e-02	-1.89200e-01
1.07447e-03	3.74197e-05	3.10376e-05	3.23311e-06	-7.35228e-01	-2.94092e-01	-4.59835e-01	4.55233e-02	-1.89200e-01
1.23608e-03	4.35672e-05	3.50546e-05	2.88766e-06	-7.37900e-01	-2.95160e-01	-4.58637e-01	4.64862e-02	-1.89200e-01
1.30503e-03	4.66050e-05	3.62248e-05	2.25950e-06	-7.40598e-01	-2.96240e-01	-4.57410e-01	4.74448e-02	-1.89200e-01
1.31808e-03	4.76275e-05	3.58432e-05	1.71523e-06	-7.43052e-01	-2.97221e-01	-4.56153e-01	4.83995e-02	-1.89200e-01
1.27754e-03	4.65958e-05	3.41424e-05	1.20195e-06	-7.45227e-01	-2.98091e-01	-4.54866e-01	4.93508e-02	-1.89200e-01
1.18027e-03	4.34400e-05	3.09869e-05	4.84553e-07	-7.47079e-01	-2.98832e-01	-4.53547e-01	5.02990e-02	-1.89200e-01
1.06516e-03	3.96181e-05	2.73614e-05	-4.95028e-07	-7.48602e-01	-2.99441e-01	-4.52197e-01	5.12444e-02	-1.89200e-01
9.71106e-04	3.64974e-05	2.43789e-05	-1.31507e-06	-7.49863e-01	-2.99946e-01	-4.50813e-01	5.21873e-02	-1.89200e-01
9.02933e-04	3.42449e-05	2.21870e-05	-1.63052e-06	-7.50968e-01	-3.00387e-01	-4.49397e-01	5.31277e-02	-1.89200e-01
8.59640e-04	3.28298e-05	2.07588e-05	-1.30995e-06	-7.52061e-01	-3.00825e-01	-4.47945e-01	5.40658e-02	-1.89200e-01
8.46492e-04	3.25094e-05	2.01409e-05	-4.49693e-07	-7.53261e-01	-3.01305e-01	-4.46459e-01	5.50017e-02	-1.89200e-01
8.58962e-04	3.31284e-05	2.02004e-05	5.41985e-07	-7.54606e-01	-3.01843e-01	-4.44938e-01	5.59355e-02	-1.89200e-01
8.78579e-04	3.40436e-05	2.03909e-05	1.04530e-06	-7.56092e-01	-3.02437e-01	-4.43380e-01	5.68670e-02	-1.89200e-01
8.78445e-04	3.42722e-05	1.99824e-05	5.89271e-07	-7.57707e-01	-3.03083e-01	-4.41785e-01	5.77962e-02	-1.89200e-01
8.59652e-04	3.38341e-05	1.90292e-05	-1.01637e-06	-7.59344e-01	-3.03738e-01	-4.40153e-01	5.87232e-02	-1.89200e-01
8.49925e-04	3.37627e-05	1.82408e-05	-3.03776e-06	-7.61050e-01	-3.04420e-01	-4.38483e-01	5.96477e-02	-1.89200e-01
8.43727e-04	3.37531e-05	1.76549e-05	-3.55888e-06	-7.62942e-01	-3.05177e-01	-4.36774e-01	6.05697e-02	-1.89200e-01
8.13069e-04	3.26672e-05	1.67320e-05	-1.17171e-06	-7.64717e-01	-3.05887e-01	-4.35026e-01	6.14889e-02	-1.89200e-01
7.89415e-04	3.17585e-05	1.61543e-05	3.22504e-06	-7.66495e-01	-3.06598e-01	-4.33238e-01	6.24053e-02	-1.89200e-01
8.03207e-04	3.22800e-05	1.65017e-05	7.26261e-06	-7.68886e-01	-3.07555e-01	-4.31411e-01	6.33187e-02	-1.89200e-01
8.20159e-04	3.29840e-05	1.68108e-05	9.41751e-06	-7.71624e-01	-3.08650e-01	-4.29542e-01	6.42287e-02	-1.89200e-01
8.24258e-04	3.32813e-05	1.66280e-05	1.02239e-05	-7.74161e-01	-3.09665e-01	-4.27633e-01	6.51353e-02	-1.89200e-01
8.64285e-04	3.50807e-05	1.70530e-05	1.08334e-05	-7.76614e-01	-3.10646e-01	-4.25682e-01	6.60381e-02	-1.89200e-01
9.45649e-04	3.85903e-05	1.82127e-05	1.09654e-05	-7.79422e-01	-3.11769e-01	-4.23690e-01	6.69369e-02	-1.89200e-01
9.73719e-04	3.99648e-05	1.82440e-05	9.77832e-06	-7.82738e-01	-3.13096e-01	-4.21655e-01	6.78314e-02	-1.89200e-01
8.83951e-04	3.64922e-05	1.60749e-05	7.57149e-06	-7.85970e-01	-3.14388e-01	-4.19578e-01	6.87214e-02	-1.89200e-01
7.43605e-04	3.08643e-05	1.31284e-05	5.00751e-06	-7.88745e-01	-3.15498e-01	-4.17458e-01	6.96066e-02	-1.89200e-01
6.49710e-04	2.71110e-05	1.11171e-05	2.18690e-06	-7.91404e-01	-3.16562e-01	-4.15294e-01	7.04867e-02	-1.89200e-01
6.33848e-04	2.65913e-05	1.04842e-05	1.17694e-07	-7.94237e-01	-3.17695e-01	-4.13087e-01	7.13613e-02	-1.89200e-01
6.52517e-04	2.74679e-05	1.05467e-05	-5.35315e-08	-7.97658e-01	-3.19063e-01	-4.10837e-01	7.22303e-02	-1.89200e-01
6.21759e-04	2.62447e-05	9.85581e-06	1.38308e-07	-8.01577e-01	-3.20631e-01	-4.08542e-01	7.30932e-02	-1.89200e-01
5.27116e-04	2.23602e-05	8.04981e-06	-1.69664e-06	-8.05374e-01	-3.22150e-01	-4.06203e-01	7.39497e-02	-1.89200e-01
4.17472e-04	1.78184e-05	6.06232e-06	-4.89610e-06	-8.09151e-01	-3.23661e-01	-4.03820e-01	7.47996e-02	-1.89200e-01
2.82780e-04	1.21617e-05	3.83265e-06	-6.89078e-06	-8.12814e-01	-3.25126e-01	-4.01392e-01	7.56424e-02	-1.89200e-01
9.13899e-05	4.02322e-06	9.57281e-07	-6.89831e-06	-8.15804e-01	-3.26322e-01	-3.98919e-01	7.64779e-02	-1.89200e-01
-1.05756e-04	-4.42571e-06	-1.80525e-06	-6.65354e-06	-8.18312e-01	-3.27325e-01	-3.96401e-01	7.73058e-02	-1.89200e-01
-2.12399e-04	-9.01517e-06	-3.24210e-06	-7.43673e-06	-8.20971e-01	-3.28388e-01	-3.93838e-01	7.81256e-02	-1.89200e-01
-2.27486e-04	-9.69726e-06	-3.34632e-06	-7.84041e-06	-8.24234e-01	-3.29693e-01	-3.91230e-01	7.89371e-02	-1.89200e-01
-2.75910e-04	-1.18493e-05	-3.77486e-06	-6.62075e-06	-8.27768e-01	-3.31107e-01	-3.88576e-01	7.97400e-02	-1.89200e-01
-4.21494e-04	-1.81921e-05	-5.46253e-06	-5.30955e-06	-8.30704e-01	-3.32282e-01	-3.85877e-01	8.05338e-02	-1.89200e-01
-5.75565e-04	-2.49043e-05	-7.24254e-06	-5.42002e-06	-8.33095e-01	-3.33238e-01	-3.83133e-01	8.13183e-02	-1.89200e-01
-6.71979e-04	-2.91350e-05	-8.24475e-06	-6.44450e-06	-8.35457e-01	-3.34182e-01	-3.80343e-01	8.20931e-02	-1.89200e-01
-7.40772e-04	-3.21845e-05	-8.84270e-06	-7.27255e-06	-8.38000e-01	-3.35200e-01	-3.77507e-01	8.28580e-02	-1.89200e-01
-8.19790e-04	-3.57093e-05	-9.43650e-06	-6.17517e-06	-8.41012e-01	-3.36404e-01	-3.74626e-01	8.36124e-02	-1.89200e-01
-9.25145e-04	-4.04334e-05	-1.01138e-05	-1.90935e-06	-8.44056e-01	-3.37622e-01	-3.71699e-01	8.43563e-02	-1.89200e-01
-1.04151e-03	-4.56487e-05	-1.08476e-05	3.16272e-06	-8.46348e-01	-3.38539e-01	-3.68727e-01	8.50891e-02	-1.89200e-01
-1.12151e-03	-4.92504e-05	-1.12640e-05	4.56732e-06	-8.48254e-01	-3.39301e-01	-3.65710e-01	8.58107e-02	-1.89200e-01
-1.15417e-03	-5.07364e-05	-1.13517e-05	1.27388e-06	-8.50331e-01	-3.40132e-01	-3.62647e-01	8.65206e-02	-1.89200e-01
-1.19701e-03	-5.26549e-05	-1.16020e-05	-3.25846e-06	-8.52343e-01	-3.40937e-01	-3.59538e-01	8.72186e-02	-1.89200e-01
-1.29671e-03	-5.70901e-05	-1.23307e-05	-5.11284e-06	-8.53469e-01	-3.41387e-01	-3.56384e-01	8.79043e-02	-1.89200e-01
-1.40540e-03	-6.19599e-05	-1.29557e-05	-3.45443e-06	-8.53823e-01	-3.41529e-01	-3.53186e-01	8.85775e-02	-1.89200e-01
-1.46139e-03	-6.45493e-05	-1.28655e-05	-3.56992e-07	-8.54746e-01	-3.41898e-01	-3.49942e-01	8.92378e-02	-1.89200e-01
-1.47053e-03	-6.50629e-05	-1.23717e-05	2.04106e-06	-8.56326e-01	-3.42530e-01	-3.46653e-01	8.98850e-02	-1.89200e-01
-1.46906e-03	-6.50787e-05	-1.19133e-05	3.03902e-06	-8.57844e-01	-3.43137e-01	-3.43320e-01	9.05187e-02	-1.89200e-01
-1.50965e-03	-6.69426e-05	-1.18643e-05	2.78998e-06	-8.59243e-01	-3.43697e-01	-3.39942e-01	9.11388e-02	-1.89200e-01
-1.62167e-03	-7.19740e-05	-1.23628e-05	2.05913e-06	-8.60171e-01	-3.44068e-01	-3.36520e-01	9.17448e-02	-1.89200e-01
-1.74509e-03	-7.75260e-05	-1.28501e-05	1.81673e-06	-8.60525e-01	-3.44209e-01	-3.33053e-01	9.23366e-02	-1.89200e-01
-1.82486e-03	-8.11537e-05	-1.29074e-05	2.62598e-06	-8.61142e-01	-3.44456e-01	-3.29543e-01	9.29138e-02	-1.89200e-01
-1.90211e-03	-8.46773e-05	-1.28700e-05	4.36705e-06	-8.62113e-01	-3.44844e-01	-3.25989e-01	9.34763e-02	-1.89200e-01
-2.00017e-03	-8.91248e-05	-1.29681e-05	6.22427e-06	-8.62524e-01	-3.45009e-01	-3.22391e-01	9.40237e-02	-1.89200e-01
-2.06460e-03	-9.20670e-05	-1.28661e-05	7.02129e-06	-8.62390e-01	-3.44955e-01	-3.18750e-01	9.45559e-02	-1.89200e-01
-2.09669e-03	-9.35658e-05	-1.25534e-05	5.53810e-06	-8.62222e-01	-3.44888e-01	-3.15067e-01	9.50725e-02	-1.89200e-01
-2.15998e-03	-9.64441e-05	-1.25041e-05	2.08313e-06	-8.61430e-01	-3.44571e-01	-3.11340e-01	9.55734e-02	-1.89200e-01
-2.23924e-03	-1.00037e-04	-1.25168e-05	-4.38488e-07	-8.59864e-01	-3.43945e-01	-3.07572e-01	9.60583e-02	-1.89200e-01
-2.27411e-03	-1.01667e-04	-1.21068e-05	3.17072e-07	-8.58785e-01	-3.43513e-01	-3.03761e-01	9.65271e-02	-1.89200e-01
-2.28284e-03	-1.02133e-04	-1.14817e-05	3.34171e-06	-8.58710e-01	-3.43483e-01	-2.99909e-01	9.69795e-02	-1.89200e-01
-2.32679e-03	-1.04167e-04	-1.10625e-05	5.89475e-06	-8.58574e-01	-3.43429e-01	-2.96015e-01	9.74154e-02	-1.89200e-01
-2.40783e-03	-1.07851e-04	-1.08876e-05	6.33178e-06	-8.57475e-01	-3.42989e-01	-2.92080e-01	9.78345e-02	-1.89200e-01
-2.47341e-03	-1.10841e-04	-1.06218e-05	6.35431e-06	-8.55872e-01	-3.42348e-01	-2.88105e-01	9.82366e-02	-1.89200e-01
-2.48882e-03	-1.11594e-04	-1.00048e-05	9.25041e-06	-8.54626e-01	-3.41849e-01	-2.84090e-01	9.86217e-02	-1.89200e-01
-2.45147e-03	-1.09978e-04	-9.14923e-06	1.42219e-05	-8.53721e-01	-3.41487e-01	-2.80034e-01	9.89896e-02	-1.89200e-01
-2.38517e-03	-1.07052e-04	-8.29427e-06	1.71925e-05	-8.52738e-01	-3.41094e-01	-2.75939e-01	9.93400e-02	-1.89200e-01
-2.34860e-03	-1.05445e-04	-7.67439e-06	1.73308e-05	-8.51651e-01	-3.40659e-01	-2.71806e-01	9.96729e-02	-1.89200e-01
-2.39266e-03	-1.07456e-04	-7.32343e-06	1.71151e-05	-8.50533e-01	-3.40212e-01	-2.67633e-01	9.99881e-02	-1.89200e-01
-2.48213e-03	-1.11509e-04	-7.04618e-06	1.82708e-05	-8.49199e-01	-3.39679e-01	-2.63423e-01	1.00286e-01	-1.89200e-01
-2.53179e-03	-1.13774e-04	-6.59787e-06	2.04153e-05	-8.47776e-01	-3.39109e-01	-2.59174e-01	1.00565e-01	-1.89200e-01
-2.53885e-03	-1.14121e-04	-6.05585e-06	2.17566e-05	-8.46619e-01	-3.38646e-01	-2.54889e-01	1.00827e-01	-1.89200e-01
-2.57264e-03	-1.15664e-04	-5.62896e-06	2.15510e-05	-8.45370e-01	-3.38147e-01	-2.50566e-01	1.01070e-01	-1.89200e-01
-2.65202e-03	-1.19255e-04	-5.29287e-06	2.11393e-05	-8.43457e-01	-3.37382e-01	-2.46208e-01	1.01296e-01	-1.89200e-01
-2.74913e-03	-1.23643e-04	-4.95123e-06	2.15456e-05	-8.41332e-01	-3.36532e-01	-2.41814e-01	1.01503e-01	-1.89200e-01
-2.85694e-03	-1.28512e-04	-4.57832e-06	2.29620e-05	-8.39094e-01	-3.35636e-01	-2.37384e-01	1.01691e-01	-1.89200e-01
-2.93877e-03	-1.32212e-04	-4.09518e-06	2.56704e-05	-8.36155e-01	-3.34461e-01	-2.32920e-01	1.01862e-01	-1.89200e-01
-2.94508e-03	-1.32513e-04	-3.46973e-06	2.82920e-05	-8.33041e-01	-3.33215e-01	-2.28421e-01	1.02014e-01	-1.89200e-01
-2.91704e-03	-1.31263e-04	-2.89045e-06	2.77559e-05	-8.30309e-01	-3.32123e-01	-2.23889e-01	1.02147e-01	-1.89200e-01
-2.92598e-03	-1.31672e-04	-2.48524e-06	2.31262e-05	-8.27443e-01	-3.30976e-01	-2.19323e-01	1.02263e-01	-1.89200e-01
-2.95937e-03	-1.33180e-04	-2.08376e-06	1.71220e-05	-8.24132e-01	-3.29652e-01	-2.14725e-01	1.02359e-01	-1.89200e-01
-2.98300e-03	-1.34248e-04	-1.64327e-06	1.26806e-05	-8.20744e-01	-3.28296e-01	-2.10095e-01	1.02438e-01	-1.89200e-01
-3.00822e-03	-1.35387e-04	-1.16567e-06	1.03233e-05	-8.17755e-01	-3.27101e-01	-2.05434e-01	1.02497e-01	-1.89200e-01
-3.03968e-03	-1.36805e-04	-6.47545e-07	9.44186e-06	-8.15127e-01	-3.26050e-01	-2.00741e-01	1.02539e-01	-1.89200e-01
-3.03944e-03	-1.36795e-04	-1.00379e-07	9.76926e-06	-8.12788e-01	-3.25114e-01	-1.96019e-01	1.02562e-01	-1.89200e-01
-3.01122e-03	-1.35523e-04	4.72720e-07	1.11727e-05	-8.10574e-01	-3.24228e-01	-1.91266e-01	1.02566e-01	-1.89200e-01
-3.02071e-03	-1.35947e-04	9.94650e-07	1.32311e-05	-8.07858e-01	-3.23142e-01	-1.86485e-01	1.02552e-01	-1.89200e-01
-3.09001e-03	-1.39060e-04	1.53925e-06	1.46547e-05	-8.04366e-01	-3.21745e-01	-1.81675e-01	1.02520e-01	-1.89200e-01
-3.14138e-03	-1.41364e-04	2.09759e-06	1.45487e-05	-8.00315e-01	-3.20125e-01	-1.76837e-01	1.02470e-01	-1.89200e-01
-3.10955e-03	-1.39922e-04	2.57190e-06	1.36510e-05	-7.96466e-01	-3.18585e-01	-1.71972e-01	1.02401e-01	-1.89200e-01
-3.06050e-03	-1.37705e-04	2.97776e-06	1.19029e-05	-7.93169e-01	-3.17266e-01	-1.67081e-01	1.02315e-01	-1.89200e-01
-3.08533e-03	-1.38812e-04	3.42837e-06	8.32278e-06	-7.89207e-01	-3.15682e-01	-1.62163e-01	1.02210e-01	-1.89200e-01
-3.14634e-03	-1.41544e-04	3.93171e-06	4.35405e-06	-7.83957e-01	-3.13581e-01	-1.57221e-01	1.02088e-01	-1.89200e-01
-3.16568e-03	-1.42400e-04	4.40407e-06	2.64554e-06	-7.78530e-01	-3.11411e-01	-1.52254e-01	1.01948e-01	-1.89200e-01
-3.16799e-03	-1.42488e-04	4.89045e-06	2.94910e-06	-7.73400e-01	-3.09359e-01	-1.47262e-01	1.01790e-01	-1.89200e-01
-3.22210e-03	-1.44904e-04	5.43867e-06	3.06400e-06	-7.68172e-01	-3.07268e-01	-1.42248e-01	1.01615e-01	-1.89200e-01
-3.32803e-03	-1.49649e-04	6.09749e-06	2.37523e-06	-7.62636e-01	-3.05053e-01	-1.37211e-01	1.01422e-01	-1.89200e-01
-3.41335e-03	-1.53463e-04	6.75992e-06	1.34542e-06	-7.56445e-01	-3.02577e-01	-1.32152e-01	1.01212e-01	-1.89200e-01
-3.42099e-03	-1.53784e-04	7.25536e-06	8.22113e-07	-7.49845e-01	-2.99936e-01	-1.27072e-01	1.00985e-01	-1.89200e-01
-3.37407e-03	-1.51650e-04	7.65909e-06	2.56150e-06	-7.43203e-01	-2.97280e-01	-1.21972e-01	1.00740e-01	-1.89200e-01
-3.30203e-03	-1.48386e-04	7.98347e-06	6.46328e-06	-7.36157e-01	-2.94461e-01	-1.16851e-01	1.00479e-01	-1.89200e-01
-3.21738e-03	-1.44556e-04	8.23706e-06	9.96721e-06	-7.29131e-01	-2.91651e-01	-1.11712e-01	1.00202e-01	-1.89200e-01
-3.17711e-03	-1.42722e-04	8.55173e-06	1.14717e-05	-7.22678e-01	-2.89070e-01	-1.06554e-01	9.99075e-02	-1.89200e-01
-3.21412e-03	-1.44358e-04	9.07220e-06	1.06431e-05	-7.16111e-01	-2.86443e-01	-1.01379e-01	9.95970e-02	-1.89200e-01
-3.24619e-03	-1.45771e-04	9.58417e-06	8.40500e-06	-7.08758e-01	-2.83502e-01	-9.61863e-02	9.92704e-02	-1.89200e-01
-3.19288e-03	-1.43352e-04	9.79410e-06	6.79010e-06	-7.01093e-01	-2.80436e-01	-9.09778e-02	9.89279e-02	-1.89200e-01
-3.10697e-03	-1.39470e-04	9.88643e-06	4.79454e-06	-6.93868e-01	-2.77546e-01	-8.57538e-02	9.85696e-02	-1.89200e-01
-3.07132e-03	-1.37846e-04	1.00941e-05	4.29379e-07	-6.86763e-01	-2.74704e-01	-8.05151e-02	9.81958e-02	-1.89200e-01
-3.05246e-03	-1.36974e-04	1.03694e-05	-3.82058e-06	-6.79217e-01	-2.71686e-01	-7.52624e-02	9.78067e-02	-1.89200e-01
-2.96428e-03	-1.32990e-04	1.04142e-05	-5.42066e-06	-6.71690e-01	-2.68675e-01	-6.99966e-02	9.74024e-02	-1.89200e-01
-2.81641e-03	-1.26330e-04	1.02176e-05	-5.68539e-06	-6.64862e-01	-2.65943e-01	-6.47182e-02	9.69833e-02	-1.89200e-01
-2.69805e-03	-1.20997e-04	1.00833e-05	-6.03670e-06	-6.58640e-01	-2.63455e-01	-5.94281e-02	9.65495e-02	-1.89200e-01
-2.64196e-03	-1.18456e-04	1.01720e-05	-6.57264e-06	-6.52443e-01	-2.60976e-01	-5.41270e-02	9.61012e-02	-1.89200e-01
-2.58145e-03	-1.15717e-04	1.02373e-05	-7.29171e-06	-6.45947e-01	-2.58378e-01	-4.88158e-02	9.56388e-02	-1.89200e-01
-2.47751e-03	-1.11034e-04	1.00882e-05	-7.95580e-06	-6.39777e-01	-2.55910e-01	-4.34951e-02	9.51624e-02	-1.89200e-01
-2.38622e-03	-1.06919e-04	9.97215e-06	-8.58813e-06	-6.34352e-01	-2.53740e-01	-3.81657e-02	9.46722e-02	-1.89200e-01
-2.34880e-03	-1.05221e-04	1.00396e-05	-8.99689e-06	-6.28905e-01	-2.51561e-01	-3.28284e-02	9.41685e-02	-1.89200e-01
-2.32261e-03	-1.04024e-04	1.01749e-05	-8.07942e-06	-6.23279e-01	-2.49311e-01	-2.74839e-02	9.36516e-02	-1.89200e-01
-2.26524e-03	-1.01429e-04	1.01733e-05	-5.98165e-06	-6.17950e-01	-2.47179e-01	-2.21331e-02	9.31217e-02	-1.89200e-01
-2.16535e-03	-9.69337e-05	9.94758e-06	-4.39904e-06	-6.12710e-01	-2.45083e-01	-1.67767e-02	9.25790e-02	-1.89200e-01
-2.02844e-03	-9.07845e-05	9.51230e-06	-3.74181e-06	-6.07633e-01	-2.43052e-01	-1.14155e-02	9.20239e-02	-1.89200e-01
-1.89600e-03	-8.48373e-05	9.07656e-06	-2.97504e-06	-6.03291e-01	-2.41316e-01	-6.05028e-03	9.14565e-02	-1.89200e-01
-1.81178e-03	-8.10492e-05	8.85475e-06	-1.86005e-06	-5.99541e-01	-2.39816e-01	-6.81771e-04	9.08771e-02	-1.89200e-01
-1.76402e-03	-7.88945e-05	8.78750e-06	-1.09116e-06	-5.95976e-01	-2.38390e-01	4.68922e-03	9.02860e-02	-1.89200e-01
-1.71564e-03	-7.67126e-05	8.70570e-06	-8.28653e-07	-5.92601e-01	-2.37040e-01	1.00619e-02	8.96835e-02	-1.89200e-01
-1.65747e-03	-7.40945e-05	8.55878e-06	-5.94239e-07	-5.89439e-01	-2.35775e-01	1.54355e-02	8.90698e-02	-1.89200e-01
-1.60086e-03	-7.15469e-05	8.41009e-06	-1.57014e-07	-5.86470e-01	-2.34587e-01	2.08092e-02	8.84452e-02	-1.89200e-01
-1.54953e-03	-6.92367e-05	8.27787e-06	3.15654e-07	-5.83675e-01	-2.33469e-01	2.61823e-02	8.78100e-02	-1.89200e-01
-1.49663e-03	-6.68575e-05	8.12373e-06	6.68403e-07	-5.81061e-01	-2.32424e-01	3.15540e-02	8.71643e-02	-1.89200e-01
-1.43819e-03	-6.42318e-05	7.92859e-06	7.20934e-07	-5.78721e-01	-2.31488e-01	3.69234e-02	8.65086e-02	-1.89200e-01
-1.38067e-03	-6.16489e-05	7.72306e-06	2.56692e-07	-5.76611e-01	-2.30644e-01	4.22898e-02	8.58431e-02	-1.89200e-01
-1.32899e-03	-5.93284e-05	7.53744e-06	-4.88872e-07	-5.74618e-01	-2.29846e-01	4.76525e-02	8.51679e-02	-1.89200e-01
-1.28342e-03	-5.72810e-05	7.38071e-06	-9.11718e-07	-5.72760e-01	-2.29104e-01	5.30106e-02	8.44835e-02	-1.89200e-01
-1.24632e-03	-5.56122e-05	7.26734e-06	-7.21325e-07	-5.71057e-01	-2.28422e-01	5.83633e-02	8.37901e-02	-1.89200e-01
-1.21552e-03	-5.42248e-05	7.18473e-06	-1.91206e-07	-5.69472e-01	-2.27788e-01	6.37099e-02	8.30880e-02	-1.89200e-01
-1.18463e-03	-5.28348e-05	7.09451e-06	1.78028e-07	-5.68012e-01	-2.27204e-01	6.90497e-02	8.23774e-02	-1.89200e-01
-1.15084e-03	-5.13158e-05	6.97811e-06	1.02442e-07	-5.66714e-01	-2.26685e-01	7.43817e-02	8.16586e-02	-1.89200e-01
-1.11877e-03	-4.98750e-05	6.86409e-06	-2.99849e-07	-5.65589e-01	-2.26235e-01	7.97052e-02	8.09320e-02	-1.89200e-01
-1.09321e-03	-4.87246e-05	6.78384e-06	-7.42132e-07	-5.64609e-01	-2.25843e-01	8.50196e-02	8.01976e-02	-1.89200e-01
-1.07410e-03	-4.78628e-05	6.73945e-06	-1.07342e-06	-5.63727e-01	-2.25490e-01	9.03239e-02	7.94559e-02	-1.89200e-01
-1.05470e-03	-4.69879e-05	6.69034e-06	-1.25385e-06	-5.62911e-01	-2.25164e-01	9.56175e-02	7.87072e-02	-1.89200e-01
-1.02838e-03	-4.58052e-05	6.59403e-06	-1.22657e-06	-5.62157e-01	-2.24863e-01	1.00899e-01	7.79516e-02	-1.89200e-01
-9.95616e-04	-4.43359e-05	6.45203e-06	-9.54527e-07	-5.61494e-01	-2.24597e-01	1.06169e-01	7.71895e-02	-1.89200e-01
-9.65988e-04	-4.30070e-05	6.32570e-06	-5.23390e-07	-5.60943e-01	-2.24377e-01	1.11426e-01	7.64211e-02	-1.89200e-01
-9.49098e-04	-4.22456e-05	6.27871e-06	-1.48260e-07	-5.60485e-01	-2.24193e-01	1.16669e-01	7.56467e-02	-1.89200e-01
-9.45989e-04	-4.20978e-05	6.32062e-06	-1.79333e-08	-5.60078e-01	-2.24031e-01	1.21897e-01	7.48665e-02	-1.89200e-01
-9.51185e-04	-4.23197e-05	6.41759e-06	-1.72923e-07	-5.59715e-01	-2.23886e-01	1.27110e-01	7.40810e-02	-1.89200e-01
-9.57712e-04	-4.26007e-05	6.52292e-06	-5.53589e-07	-5.59398e-01	-2.23759e-01	1.32306e-01	7.32902e-02	-1.89200e-01
-9.60156e-04	-4.27003e-05	6.59889e-06	-1.04392e-06	-5.59144e-01	-2.23657e-01	1.37486e-01	7.24945e-02	-1.89200e-01
-9.57786e-04	-4.25860e-05	6.64013e-06	-1.43834e-06	-5.58977e-01	-2.23591e-01	1.42648e-01	7.16941e-02	-1.89200e-01
-9.52176e-04	-4.23276e-05	6.65803e-06	-1.48176e-06	-5.58898e-01	-2.23559e-01	1.47792e-01	7.08893e-02	-1.89200e-01
-9.45982e-04	-4.20434e-05	6.67089e-06	-1.11391e-06	-5.58881e-01	-2.23552e-01	1.52917e-01	7.00804e-02	-1.89200e-01
-9.39775e-04	-4.17586e-05	6.68306e-06	-6.67587e-07	-5.58896e-01	-2.23558e-01	1.58023e-01	6.92677e-02	-1.89200e-01
-9.33457e-04	-4.14691e-05	6.69277e-06	-5.94802e-07	-5.58910e-01	-2.23563e-01	1.63107e-01	6.84513e-02	-1.89200e-01
-9.25007e-04	-4.10850e-05	6.68557e-06	-9.37152e-07	-5.58907e-01	-2.23562e-01	1.68171e-01	6.76316e-02	-1.89200e-01
-9.14061e-04	-4.05902e-05	6.65948e-06	-1.29432e-06	-5.58932e-01	-2.23573e-01	1.73212e-01	6.68087e-02	-1.89200e-01
-9.03365e-04	-4.01066e-05	6.63360e-06	-1.31645e-06	-5.59030e-01	-2.23612e-01	1.78231e-01	6.59831e-02	-1.89200e-01
-8.98121e-04	-3.98654e-05	6.64586e-06	-1.04284e-06	-5.59220e-01	-2.23687e-01	1.83226e-01	6.51548e-02	-1.89200e-01
-9.02383e-04	-4.00462e-05	6.72733e-06	-7.46631e-07	-5.59495e-01	-2.23798e-01	1.88197e-01	6.43243e-02	-1.89200e-01
-9.15730e-04	-4.06302e-05	6.87599e-06	-5.97320e-07	-5.59805e-01	-2.23922e-01	1.93144e-01	6.34916e-02	-1.89200e-01
-9.33613e-04	-4.14154e-05	7.05882e-06	-5.81731e-07	-5.60104e-01	-2.24041e-01	1.98065e-01	6.26571e-02	-1.89200e-01
-9.50571e-04	-4.21593e-05	7.23593e-06	-6.95432e-07	-5.60391e-01	-2.24156e-01	2.02960e-01	6.18210e-02	-1.89200e-01
-9.61360e-04	-4.26294e-05	7.36722e-06	-1.05602e-06	-5.60659e-01	-2.24263e-01	2.07828e-01	6.09836e-02	-1.89200e-01
-9.61684e-04	-4.26354e-05	7.41763e-06	-1.69217e-06	-5.60927e-01	-2.24370e-01	2.12669e-01	6.01451e-02	-1.89200e-01
-9.55972e-04	-4.23739e-05	7.42104e-06	-2.24286e-06	-5.61242e-01	-2.24496e-01	2.17482e-01	5.93058e-02	-1.89200e-01
-9.56241e-04	-4.23775e-05	7.47064e-06	-2.19383e-06	-5.61596e-01	-2.24638e-01	2.22265e-01	5.84658e-02	-1.89200e-01
-9.71613e-04	-4.30499e-05	7.64019e-06	-1.55498e-06	-5.61919e-01	-2.24767e-01	2.27020e-01	5.76255e-02	-1.89200e-01
-1.00034e-03	-4.43138e-05	7.91711e-06	-8.73331e-07	-5.62173e-01	-2.24869e-01	2.31744e-01	5.67851e-02	-1.89200e-01
-1.03343e-03	-4.57704e-05	8.23108e-06	-4.74161e-07	-5.62381e-01	-2.24952e-01	2.36437e-01	5.59448e-02	-1.89200e-01
-1.06466e-03	-4.71438e-05	8.53318e-06	-1.90212e-07	-5.62617e-01	-2.25046e-01	2.41100e-01	5.51048e-02	-1.89200e-01
-1.09528e-03	-4.84897e-05	8.83273e-06	6.63692e-08	-5.62927e-01	-2.25170e-01	2.45730e-01	5.42654e-02	-1.89200e-01
-1.12839e-03	-4.99458e-05	9.15263e-06	-2.42767e-08	-5.63279e-01	-2.25311e-01	2.50328e-01	5.34268e-02	-1.89200e-01
-1.16234e-03	-5.14394e-05	9.47927e-06	-7.03563e-07	-5.63648e-01	-2.25459e-01	2.54892e-01	5.25892e-02	-1.89200e-01
-1.19514e-03	-5.28806e-05	9.80085e-06	-1.61609e-06	-5.64011e-01	-2.25604e-01	2.59423e-01	5.17529e-02	-1.89200e-01
-1.22484e-03	-5.41844e-05	1.01001e-05	-2.11188e-06	-5.64314e-01	-2.25725e-01	2.63919e-01	5.09181e-02	-1.89200e-01
-1.25009e-03	-5.52906e-05	1.03662e-05	-2.10372e-06	-5.64551e-01	-2.25820e-01	2.68381e-01	5.00850e-02	-1.89200e-01
-1.27357e-03	-5.63182e-05	1.06196e-05	-2.21085e-06	-5.64747e-01	-2.25898e-01	2.72807e-01	4.92538e-02	-1.89200e-01
-1.29862e-03	-5.74152e-05	1.08851e-05	-2.75087e-06	-5.64869e-01	-2.25947e-01	2.77197e-01	4.84248e-02	-1.89200e-01
-1.32395e-03	-5.85242e-05	1.11549e-05	-3.27857e-06	-5.64922e-01	-2.25968e-01	2.81550e-01	4.75982e-02	-1.89200e-01
-1.35089e-03	-5.97035e-05	1.14419e-05	-3.45694e-06	-5.64942e-01	-2.25976e-01	2.85866e-01	4.67742e-02	-1.89200e-01
-1.37901e-03	-6.09351e-05	1.17399e-05	-3.42074e-06	-5.64864e-01	-2.25945e-01	2.90145e-01	4.59530e-02	-1.89200e-01
-1.40518e-03	-6.20791e-05	1.20244e-05	-3.31419e-06	-5.64650e-01	-2.25860e-01	2.94385e-01	4.51348e-02	-1.89200e-01
-1.42801e-03	-6.30754e-05	1.22832e-05	-3.23955e-06	-5.64368e-01	-2.25747e-01	2.98587e-01	4.43198e-02	-1.89200e-01
-1.45077e-03	-6.40688e-05	1.25420e-05	-3.22650e-06	-5.64045e-01	-2.25617e-01	3.02750e-01	4.35083e-02	-1.89200e-01
-1.47625e-03	-6.51814e-05	1.28259e-05	-3.07416e-06	-5.63703e-01	-2.25481e-01	3.06872e-01	4.27004e-02	-1.89200e-01
-1.50123e-03	-6.62713e-05	1.31093e-05	-2.78767e-06	-5.63323e-01	-2.25329e-01	3.10955e-01	4.18964e-02	-1.89200e-01
-1.51432e-03	-6.68376e-05	1.32824e-05	-2.68218e-06	-5.62861e-01	-2.25144e-01	3.14997e-01	4.10965e-02	-1.89200e-01
-1.51577e-03	-6.68895e-05	1.33546e-05	-2.87292e-06	-5.62426e-01	-2.24970e-01	3.18998e-01	4.03008e-02	-1.89200e-01
-1.51904e-03	-6.70203e-05	1.34521e-05	-3.26778e-06	-5.61997e-01	-2.24798e-01	3.22958e-01	3.95096e-02	-1.89200e-01
-1.52596e-03	-6.73134e-05	1.35732e-05	-3.73410e-06	-5.61429e-01	-2.24571e-01	3.26876e-01	3.87230e-02	-1.89200e-01
-1.52753e-03	-6.73705e-05	1.36468e-05	-4.00400e-06	-5.60821e-01	-2.24328e-01	3.30751e-01	3.79413e-02	-1.89200e-01
-1.52249e-03	-6.71361e-05	1.36614e-05	-3.85654e-06	-5.60246e-01	-2.24098e-01	3.34584e-01	3.71646e-02	-1.89200e-01
-1.51649e-03	-6.68595e-05	1.36670e-05	-3.33473e-06	-5.59666e-01	-2.23866e-01	3.38373e-01	3.63932e-02	-1.89200e-01
-1.51503e-03	-6.67834e-05	1.37119e-05	-2.66476e-06	-5.59103e-01	-2.23641e-01	3.42119e-01	3.56272e-02	-1.89200e-01
-1.52095e-03	-6.70331e-05	1.38196e-05	-2.11537e-06	-5.58544e-01	-2.23417e-01	3.45821e-01	3.48668e-02	-1.89200e-01
-1.53204e-03	-6.75095e-05	1.39796e-05	-1.82996e-06	-5.58017e-01	-2.23206e-01	3.49479e-01	3.41122e-02	-1.89200e-01
-1.54880e-03	-6.82353e-05	1.41940e-05	-1.70306e-06	-5.57511e-01	-2.23004e-01	3.53092e-01	3.33635e-02	-1.89200e-01
-1.56357e-03	-6.88740e-05	1.43864e-05	-1.41722e-06	-5.56887e-01	-2.22754e-01	3.56660e-01	3.26210e-02	-1.89200e-01
-1.56340e-03	-6.88544e-05	1.44433e-05	-8.50933e-07	-5.56221e-01	-2.22488e-01	3.60183e-01	3.18848e-02	-1.89200e-01
-1.55697e-03	-6.85579e-05	1.44481e-05	-4.05834e-07	-5.55638e-01	-2.22255e-01	3.63660e-01	3.11551e-02	-1.89200e-01
-1.56452e-03	-6.88787e-05	1.45731e-05	-4.64697e-07	-5.54992e-01	-2.21996e-01	3.67092e-01	3.04321e-02	-1.89200e-01
-1.58448e-03	-6.97470e-05	1.48083e-05	-8.34686e-07	-5.54274e-01	-2.21709e-01	3.70477e-01	2.97159e-02	-1.89200e-01
-1.60604e-03	-7.06840e-05	1.50663e-05	-1.19993e-06	-5.53597e-01	-2.21438e-01	3.73816e-01	2.90066e-02	-1.89200e-01
-1.63035e-03	-7.17414e-05	1.53519e-05	-1.64442e-06	-5.52875e-01	-2.21149e-01	3.77109e-01	2.83045e-02	-1.89200e-01
-1.65803e-03	-7.29472e-05	1.56695e-05	-2.40328e-06	-5.52027e-01	-2.20810e-01	3.80354e-01	2.76098e-02	-1.89200e-01
-1.68305e-03	-7.40364e-05	1.59599e-05	-3.42923e-06	-5.51121e-01	-2.20448e-01	3.83553e-01	2.69224e-02	-1.89200e-01
-1.69873e-03	-7.47146e-05	1.61622e-05	-4.40375e-06	-5.50252e-01	-2.20100e-01	3.86704e-01	2.62427e-02	-1.89200e-01
-1.71370e-03	-7.53590e-05	1.63693e-05	-5.14540e-06	-5.49409e-01	-2.19763e-01	3.89807e-01	2.55707e-02	-1.89200e-01
-1.74231e-03	-7.66028e-05	1.67094e-05	-5.92869e-06	-5.48401e-01	-2.19360e-01	3.92863e-01	2.49066e-02	-1.89200e-01
-1.77620e-03	-7.80782e-05	1.71017e-05	-7.27490e-06	-5.47185e-01	-2.18873e-01	3.95872e-01	2.42506e-02	-1.89200e-01
-1.79244e-03	-7.87801e-05	1.73129e-05	-9.26778e-06	-5.45987e-01	-2.18394e-01	3.98832e-01	2.36026e-02	-1.89200e-01
-1.78666e-03	-7.85162e-05	1.73014e-05	-1.13061e-05	-5.44967e-01	-2.17986e-01	4.01744e-01	2.29630e-02	-1.89200e-01
-1.77926e-03	-7.81778e-05	1.72896e-05	-1.27529e-05	-5.43953e-01	-2.17580e-01	4.04608e-01	2.23318e-02	-1.89200e-01
-1.77895e-03	-7.81502e-05	1.73499e-05	-1.32713e-05	-5.42705e-01	-2.17081e-01	4.07424e-01	2.17091e-02	-1.89200e-01
-1.77102e-03	-7.77885e-05	1.73329e-05	-1.26874e-05	-5.41381e-01	-2.16552e-01	4.10191e-01	2.10951e-02	-1.89200e-01
-1.74849e-03	-7.67862e-05	1.71686e-05	-1.12794e-05	-5.40226e-01	-2.16090e-01	4.12910e-01	2.04898e-02	-1.89200e-01
-1.72012e-03	-7.55304e-05	1.69341e-05	-1.00261e-05	-5.39200e-01	-2.15679e-01	4.15580e-01	1.98934e-02	-1.89200e-01
-1.69600e-03	-7.44630e-05	1.67327e-05	-9.85048e-06	-5.38220e-01	-2.15287e-01	4.18202e-01	1.93060e-02	-1.89200e-01
-1.68148e-03	-7.38126e-05	1.66476e-05	-1.05912e-05	-5.37218e-01	-2.14886e-01	4.20776e-01	1.87276e-02	-1.89200e-01
-1.66429e-03	-7.30407e-05	1.65533e-05	-1.13101e-05	-5.36106e-01	-2.14442e-01	4.23300e-01	1.81584e-02	-1.89200e-01
-1.62993e-03	-7.15201e-05	1.62685e-05	-1.15901e-05	-5.34966e-01	-2.13986e-01	4.25777e-01	1.75984e-02	-1.89200e-01
-1.59502e-03	-6.99820e-05	1.59477e-05	-1.18862e-05	-5.33910e-01	-2.13563e-01	4.28205e-01	1.70477e-02	-1.89200e-01
-1.57312e-03	-6.90188e-05	1.57377e-05	-1.26032e-05	-5.32907e-01	-2.13162e-01	4.30584e-01	1.65065e-02	-1.89200e-01
-1.54092e-03	-6.75969e-05	1.54558e-05	-1.33510e-05	-5.32088e-01	-2.12834e-01	4.32916e-01	1.59747e-02	-1.89200e-01
-1.49893e-03	-6.57381e-05	1.51075e-05	-1.35082e-05	-5.31566e-01	-2.12626e-01	4.35199e-01	1.54525e-02	-1.89200e-01
-1.48989e-03	-6.53328e-05	1.50560e-05	-1.32663e-05	-5.30935e-01	-2.12373e-01	4.37434e-01	1.49398e-02	-1.89200e-01
-1.51386e-03	-6.63837e-05	1.52982e-05	-1.33072e-05	-5.29885e-01	-2.11953e-01	4.39621e-01	1.44368e-02	-1.89200e-01
-1.52670e-03	-6.69394e-05	1.54600e-05	-1.38678e-05	-5.28705e-01	-2.11481e-01	4.41760e-01	1.39435e-02	-1.89200e-01
-1.50930e-03	-6.61645e-05	1.53367e-05	-1.50065e-05	-5.27666e-01	-2.11066e-01	4.43852e-01	1.34600e-02	-1.89200e-01
-1.46903e-03	-6.43885e-05	1.49723e-05	-1.67847e-05	-5.26801e-01	-2.10720e-01	4.45896e-01	1.29862e-02	-1.89200e-01
-1.41801e-03	-6.21441e-05	1.44877e-05	-1.87155e-05	-5.26085e-01	-2.10433e-01	4.47893e-01	1.25222e-02	-1.89200e-01
-1.37758e-03	-6.03634e-05	1.41123e-05	-2.02879e-05	-5.25347e-01	-2.10138e-01	4.49843e-01	1.20681e-02	-1.89200e-01
-1.35713e-03	-5.94583e-05	1.39420e-05	-2.15359e-05	-5.24438e-01	-2.09775e-01	4.51746e-01	1.16238e-02	-1.89200e-01
-1.34223e-03	-5.87981e-05	1.38190e-05	-2.25941e-05	-5.23448e-01	-2.09378e-01	4.53602e-01	1.11893e-02	-1.89200e-01
-1.32108e-03	-5.78678e-05	1.36188e-05	-2.34622e-05	-5.22552e-01	-2.09020e-01	4.55413e-01	1.07647e-02	-1.89200e-01
-1.30424e-03	-5.71242e-05	1.34690e-05	-2.41594e-05	-5.21834e-01	-2.08733e-01	4.57178e-01	1.03499e-02	-1.89200e-01
-1.30420e-03	-5.71178e-05	1.34895e-05	-2.46424e-05	-5.21193e-01	-2.08477e-01	4.58897e-01	9.94501e-03	-1.89200e-01
-1.30779e-03	-5.72700e-05	1.35468e-05	-2.50834e-05	-5.20485e-01	-2.08193e-01	4.60570e-01	9.54991e-03	-1.89200e-01
-1.28992e-03	-5.64773e-05	1.34060e-05	-2.59183e-05	-5.19740e-01	-2.07895e-01	4.62199e-01	9.16461e-03	-1.89200e-01
-1.24962e-03	-5.47022e-05	1.30311e-05	-2.72058e-05	-5.19067e-01	-2.07626e-01	4.63784e-01	8.78907e-03	-1.89200e-01
-1.20477e-03	-5.27331e-05	1.25884e-05	-2.86252e-05	-5.18445e-01	-2.07377e-01	4.65325e-01	8.42325e-03	-1.89200e-01
-1.15703e-03	-5.06387e-05	1.21091e-05	-2.98951e-05	-5.17810e-01	-2.07123e-01	4.66822e-01	8.06711e-03	-1.89200e-01
-1.09713e-03	-4.80094e-05	1.15147e-05	-3.07691e-05	-5.17238e-01	-2.06895e-01	4.68276e-01	7.72059e-03	-1.89200e-01
-1.03470e-03	-4.52698e-05	1.08917e-05	-3.10116e-05	-5.16797e-01	-2.06718e-01	4.69687e-01	7.38364e-03	-1.89200e-01
-9.89505e-04	-4.32908e-05	1.04227e-05	-3.04936e-05	-5.16414e-01	-2.06565e-01	4.71056e-01	7.05618e-03	-1.89200e-01
-9.66593e-04	-4.22894e-05	1.01771e-05	-2.92302e-05	-5.16031e-01	-2.06412e-01	4.72383e-01	6.73813e-03	-1.89200e-01
-9.56811e-04	-4.18627e-05	1.00688e-05	-2.75311e-05	-5.15646e-01	-2.06258e-01	4.73670e-01	6.42942e-03	-1.89200e-01
-9.50259e-04	-4.15725e-05	1.00142e-05	-2.58907e-05	-5.15272e-01	-2.06108e-01	4.74916e-01	6.12996e-03	-1.89200e-01
-9.47221e-04	-4.14298e-05	1.00231e-05	-2.45457e-05	-5.14916e-01	-2.05966e-01	4.76122e-01	5.83964e-03	-1.89200e-01
-9.51803e-04	-4.16253e-05	1.00916e-05	-2.35470e-05	-5.14512e-01	-2.05804e-01	4.77289e-01	5.55835e-03	-1.89200e-01
-9.53630e-04	-4.17033e-05	1.01189e-05	-2.29740e-05	-5.14037e-01	-2.05614e-01	4.78417e-01	5.28599e-03	-1.89200e-01
-9.40786e-04	-4.11345e-05	1.00120e-05	-2.27387e-05	-5.13548e-01	-2.05419e-01	4.79507e-01	5.02243e-03	-1.89200e-01
-9.16310e-04	-4.00591e-05	9.77292e-06	-2.25539e-05	-5.13084e-01	-2.05233e-01	4.80560e-01	4.76754e-03	-1.89200e-01
-8.88495e-04	-3.88424e-05	9.47928e-06	-2.23324e-05	-5.12664e-01	-2.05065e-01	4.81576e-01	4.52118e-03	-1.89200e-01
-8.59653e-04	-3.75812e-05	9.17251e-06	-2.21004e-05	-5.12304e-01	-2.04921e-01	4.82557e-01	4.28321e-03	-1.89200e-01
-8.33867e-04	-3.64535e-05	8.89928e-06	-2.18647e-05	-5.11997e-01	-2.04798e-01	4.83502e-01	4.05348e-03	-1.89200e-01
-8.14730e-04	-3.56151e-05	8.70247e-06	-2.15935e-05	-5.11723e-01	-2.04689e-01	4.84413e-01	3.83182e-03	-1.89200e-01
-8.01071e-04	-3.50146e-05	8.57043e-06	-2.12209e-05	-5.11456e-01	-2.04582e-01	4.85291e-01	3.61806e-03	-1.89200e-01
-7.89189e-04	-3.44905e-05	8.46281e-06	-2.06725e-05	-5.11205e-01	-2.04481e-01	4.86136e-01	3.41203e-03	-1.89200e-01
-7.77184e-04	-3.39596e-05	8.35963e-06	-1.99877e-05	-5.10962e-01	-2.04385e-01	4.86949e-01	3.21355e-03	-1.89200e-01
-7.65695e-04	-3.34547e-05	8.24753e-06	-1.92780e-05	-5.10732e-01	-2.04292e-01	4.87732e-01	3.02241e-03	-1.89200e-01
-7.54408e-04	-3.29602e-05	8.13150e-06	-1.85809e-05	-5.10507e-01	-2.04202e-01	4.88484e-01	2.83842e-03	-1.89200e-01
-7.43040e-04	-3.24644e-05	8.00525e-06	-1.79000e-05	-5.10272e-01	-2.04109e-01	4.89207e-01	2.66138e-03	-1.89200e-01
-7.31098e-04	-3.19446e-05	7.86859e-06	-1.72410e-05	-5.10051e-01	-2.04020e-01	4.89902e-01	2.49105e-03	-1.89200e-01
-7.19019e-04	-3.14169e-05	7.73836e-06	-1.66726e-05	-5.09815e-01	-2.03926e-01	4.90570e-01	2.32723e-03	-1.89200e-01
-7.05895e-04	-3.08444e-05	7.59331e-06	-1.62260e-05	-5.09607e-01	-2.03843e-01	4.91212e-01	2.16967e-03	-1.89200e-01
-6.92053e-04	-3.02350e-05	7.46296e-06	-1.58954e-05	-5.09417e-01	-2.03766e-01	4.91829e-01	2.01815e-03	-1.89200e-01
-6.76133e-04	-2.95369e-05	7.30190e-06	-1.56552e-05	-5.09213e-01	-2.03685e-01	4.92422e-01	1.87240e-03	-1.89200e-01
-6.61365e-04	-2.88900e-05	7.14929e-06	-1.54952e-05	-5.09079e-01	-2.03631e-01	4.92992e-01	1.73217e-03	-1.89200e-01
-6.44747e-04	-2.81565e-05	7.00024e-06	-1.54378e-05	-5.08852e-01	-2.03541e-01	4.93541e-01	1.59720e-03	-1.89200e-01
-6.29879e-04	-2.75167e-05	6.80041e-06	-1.54994e-05	-5.08750e-01	-2.03500e-01	4.94068e-01	1.46722e-03	-1.89200e-01
-6.13858e-04	-2.67962e-05	6.71126e-06	-1.56949e-05	-5.08523e-01	-2.03409e-01	4.94576e-01	1.34195e-03	-1.89200e-01
-5.96972e-04	-2.60824e-05	6.43183e-06	-1.60049e-05	-5.08377e-01	-2.03350e-01	4.95066e-01	1.22109e-03	-1.89200e-01
-5.79161e-04	-2.52737e-05	6.36368e-06	-1.63970e-05	-5.08225e-01	-2.03289e-01	4.95539e-01	1.10436e-03	-1.89200e-01
-5.55650e-04	-2.42742e-05	5.99779e-06	-1.68408e-05	-5.07920e-01	-2.03168e-01	4.95997e-01	9.91455e-04	-1.89200e-01
-5.30200e-04	-2.31437e-05	5.79883e-06	-1.73348e-05	-5.07948e-01	-2.03179e-01	4.96439e-01	8.82054e-04	-1.89200e-01
-4.99853e-04	-2.18089e-05	5.50787e-06	-1.78810e-05	-5.07464e-01	-2.02985e-01	4.96869e-01	7.75843e-04	-1.89200e-01
-4.62521e-04	-2.02222e-05	4.92597e-06	-1.85297e-05	-5.07610e-01	-2.03044e-01	4.97287e-01	6.72494e-04	-1.89200e-01
-4.34977e-04	-1.89085e-05	5.07492e-06	-1.92146e-05	-5.07225e-01	-2.02889e-01	4.97694e-01	5.71673e-04	-1.89200e-01
-3.82548e-04	-1.67891e-05	3.81830e-06	-2.00425e-05	-5.06981e-01	-2.02792e-01	4.98093e-01	4.73035e-04	-1.89200e-01
-3.86618e-04	-1.66631e-05	5.08856e-06	-2.09124e-05	-5.07536e-01	-2.03014e-01	4.98483e-01	3.76229e-04	-1.89200e-01
-3.39395e-04	-1.48730e-05	3.47767e-06	-2.16883e-05	-5.06081e-01	-2.02432e-01	4.98868e-01	2.80896e-04	-1.89200e-01
-4.66241e-04	-2.01698e-05	5.83300e-06	-2.33262e-05	-5.10239e-01	-2.04095e-01	4.99248e-01	1.86670e-04	-1.89200e-01
-7.85255e-04	-3.25649e-05	1.54876e-05	-2.34569e-05	-5.09398e-01	-2.03759e-01	4.99625e-01	9.31729e-05	-1.89200e-01
-6.40410e-04	-3.82352e-05	-3.43774e-05	-1.77360e-05	-5.12990e-01	-2.05195e-01	5.00000e-01	0.00000e+00	-1.89200e-01
