"Density"	"Momentum:0"	"Momentum:1"	"Momentum:2"	"StagnationEnergy"	"Pressure"	"Points:0"	"Points:1"	"Points:2"
1.79244e-02	-6.29413e-04	8.86624e-04	5.53725e-04	-1.80124e-01	-7.20660e-02	-5.12665e-01	0.00000e+00	-1.76000e-02
6.14036e-04	1.05220e-04	2.55024e-05	1.64285e-04	-4.63358e-01	-1.85356e-01	-5.12613e-01	2.24940e-03	-1.76000e-02
5.29627e-03	1.22074e-04	2.51768e-04	1.92292e-04	-3.59514e-01	-1.43810e-01	-5.12455e-01	4.49388e-03	-1.76000e-02
1.22749e-02	1.65060e-04	5.89457e-04	2.16708e-04	-4.27966e-01	-1.71193e-01	-5.12192e-01	6.72844e-03	-1.76000e-02
1.48052e-02	2.39773e-04	6.98442e-04	2.04716e-04	-4.41825e-01	-1.76738e-01	-5.11823e-01	8.94804e-03	-1.76000e-02
1.77810e-02	2.77917e-04	8.34683e-04	2.01674e-04	-5.00528e-01	-2.00220e-01	-5.11351e-01	1.11478e-02	-1.76000e-02
2.01192e-02	3.52908e-04	9.28346e-04	1.78855e-04	-5.84207e-01	-2.33693e-01	-5.10776e-01	1.33231e-02	-1.76000e-02
2.14522e-02	3.97658e-04	9.77142e-04	1.63242e-04	-6.38604e-01	-2.55452e-01	-5.10102e-01	1.54699e-02	-1.76000e-02
2.24974e-02	4.50492e-04	1.00693e-03	1.40756e-04	-7.27919e-01	-2.91179e-01	-5.09333e-01	1.75842e-02	-1.76000e-02
2.29033e-02	4.90713e-04	1.00661e-03	1.22347e-04	-7.89974e-01	-3.16001e-01	-5.08516e-01	1.95609e-02	-1.76000e-02
2.30565e-02	5.20225e-04	9.96723e-04	1.08035e-04	-8.49835e-01	-3.39945e-01	-5.07699e-01	2.13433e-02	-1.76000e-02
2.29924e-02	5.47206e-04	9.75569e-04	9.42375e-05	-9.06006e-01	-3.62413e-01	-5.06878e-01	2.29809e-02	-1.76000e-02
2.27501e-02	5.63700e-04	9.49469e-04	8.52749e-05	-9.47936e-01	-3.79185e-01	-5.06053e-01	2.45060e-02	-1.76000e-02
2.24698e-02	5.79796e-04	9.20940e-04	7.63743e-05	-9.92610e-01	-3.97055e-01	-5.05221e-01	2.59414e-02	-1.76000e-02
2.20950e-02	5.89978e-04	8.90104e-04	7.04721e-05	-1.02728e+00	-4.10923e-01	-5.04382e-01	2.73040e-02	-1.76000e-02
2.16750e-02	5.97571e-04	8.57887e-04	6.54117e-05	-1.06073e+00	-4.24303e-01	-5.03534e-01	2.86064e-02	-1.76000e-02
2.12436e-02	6.03074e-04	8.25984e-04	6.17236e-05	-1.09042e+00	-4.36177e-01	-5.02675e-01	2.98586e-02	-1.76000e-02
2.07641e-02	6.05370e-04	7.93142e-04	5.92462e-05	-1.11631e+00	-4.46535e-01	-5.01804e-01	3.10685e-02	-1.76000e-02
2.03038e-02	6.06963e-04	7.61636e-04	5.74601e-05	-1.14071e+00	-4.56292e-01	-5.00921e-01	3.22426e-02	-1.76000e-02
1.98038e-02	6.05766e-04	7.29560e-04	5.66112e-05	-1.16186e+00	-4.64753e-01	-5.00022e-01	3.33862e-02	-1.76000e-02
1.93223e-02	6.03953e-04	6.98835e-04	5.63368e-05	-1.18131e+00	-4.72531e-01	-4.99109e-01	3.45038e-02	-1.76000e-02
1.88333e-02	6.00656e-04	6.68613e-04	5.66050e-05	-1.19882e+00	-4.79538e-01	-4.98178e-01	3.55990e-02	-1.76000e-02
1.83477e-02	5.96336e-04	6.39256e-04	5.73723e-05	-1.21431e+00	-4.85734e-01	-4.97228e-01	3.66751e-02	-1.76000e-02
1.78605e-02	5.90922e-04	6.10557e-04	5.84317e-05	-1.22850e+00	-4.91406e-01	-4.96260e-01	3.77347e-02	-1.76000e-02
1.73871e-02	5.84990e-04	5.83034e-04	5.98677e-05	-1.24102e+00	-4.96414e-01	-4.95271e-01	3.87802e-02	-1.76000e-02
1.69227e-02	5.78434e-04	5.56504e-04	6.15211e-05	-1.25220e+00	-5.00886e-01	-4.94260e-01	3.98136e-02	-1.76000e-02
1.64588e-02	5.71026e-04	5.30672e-04	6.32864e-05	-1.26217e+00	-5.04875e-01	-4.93226e-01	4.08365e-02	-1.76000e-02
1.60122e-02	5.63419e-04	5.06070e-04	6.51602e-05	-1.27087e+00	-5.08356e-01	-4.92168e-01	4.18504e-02	-1.76000e-02
1.55775e-02	5.55458e-04	4.82502e-04	6.70478e-05	-1.27856e+00	-5.11432e-01	-4.91085e-01	4.28567e-02	-1.76000e-02
1.51541e-02	5.47205e-04	4.59909e-04	6.89482e-05	-1.28520e+00	-5.14086e-01	-4.89977e-01	4.38564e-02	-1.76000e-02
1.47490e-02	5.38948e-04	4.38483e-04	7.08706e-05	-1.29091e+00	-5.16369e-01	-4.88841e-01	4.48504e-02	-1.76000e-02
1.43537e-02	5.30446e-04	4.17934e-04	7.27460e-05	-1.29577e+00	-5.18314e-01	-4.87677e-01	4.58396e-02	-1.76000e-02
1.39772e-02	5.22063e-04	3.98505e-04	7.45691e-05	-1.29982e+00	-5.19933e-01	-4.86484e-01	4.68247e-02	-1.76000e-02
1.36150e-02	5.13669e-04	3.80054e-04	7.62477e-05	-1.30315e+00	-5.21268e-01	-4.85261e-01	4.78062e-02	-1.76000e-02
1.32711e-02	5.05470e-04	3.62643e-04	7.77624e-05	-1.30581e+00	-5.22332e-01	-4.84008e-01	4.87847e-02	-1.76000e-02
1.29486e-02	4.97619e-04	3.46331e-04	7.91299e-05	-1.30788e+00	-5.23157e-01	-4.82722e-01	4.97605e-02	-1.76000e-02
1.26452e-02	4.90087e-04	3.31002e-04	8.03761e-05	-1.30942e+00	-5.23775e-01	-4.81405e-01	5.07339e-02	-1.76000e-02
1.23620e-02	4.82960e-04	3.16643e-04	8.15688e-05	-1.31051e+00	-5.24208e-01	-4.80054e-01	5.17053e-02	-1.76000e-02
1.20957e-02	4.76151e-04	3.03122e-04	8.27343e-05	-1.31121e+00	-5.24491e-01	-4.78669e-01	5.26748e-02	-1.76000e-02
1.18525e-02	4.69944e-04	2.90551e-04	8.39453e-05	-1.31160e+00	-5.24644e-01	-4.77248e-01	5.36426e-02	-1.76000e-02
1.16249e-02	4.64079e-04	2.78706e-04	8.51626e-05	-1.31173e+00	-5.24697e-01	-4.75793e-01	5.46088e-02	-1.76000e-02
1.14196e-02	4.58854e-04	2.67706e-04	8.64455e-05	-1.31167e+00	-5.24675e-01	-4.74301e-01	5.55733e-02	-1.76000e-02
1.12359e-02	4.54274e-04	2.57488e-04	8.78224e-05	-1.31149e+00	-5.24602e-01	-4.72772e-01	5.65362e-02	-1.76000e-02
1.10698e-02	4.50208e-04	2.47912e-04	8.93213e-05	-1.31126e+00	-5.24509e-01	-4.71205e-01	5.74975e-02	-1.76000e-02
1.09313e-02	4.47098e-04	2.39162e-04	9.11153e-05	-1.31104e+00	-5.24420e-01	-4.69600e-01	5.84571e-02	-1.76000e-02
1.08125e-02	4.44655e-04	2.31005e-04	9.32473e-05	-1.31088e+00	-5.24358e-01	-4.67955e-01	5.94150e-02	-1.76000e-02
1.07136e-02	4.42907e-04	2.23398e-04	9.58275e-05	-1.31084e+00	-5.24342e-01	-4.66272e-01	6.03708e-02	-1.76000e-02
1.06371e-02	4.41987e-04	2.16347e-04	9.89734e-05	-1.31096e+00	-5.24388e-01	-4.64548e-01	6.13247e-02	-1.76000e-02
1.05795e-02	4.41769e-04	2.09733e-04	1.02724e-04	-1.31126e+00	-5.24510e-01	-4.62783e-01	6.22762e-02	-1.76000e-02
1.05357e-02	4.42057e-04	2.03423e-04	1.07083e-04	-1.31177e+00	-5.24713e-01	-4.60977e-01	6.32253e-02	-1.76000e-02
1.05065e-02	4.42899e-04	1.97414e-04	1.12091e-04	-1.31250e+00	-5.25005e-01	-4.59130e-01	6.41717e-02	-1.76000e-02
1.04906e-02	4.44239e-04	1.91657e-04	1.17753e-04	-1.31345e+00	-5.25386e-01	-4.57240e-01	6.51153e-02	-1.76000e-02
1.04842e-02	4.45926e-04	1.86070e-04	1.24026e-04	-1.31463e+00	-5.25855e-01	-4.55307e-01	6.60556e-02	-1.76000e-02
1.04837e-02	4.47804e-04	1.80596e-04	1.30837e-04	-1.31600e+00	-5.26406e-01	-4.53331e-01	6.69926e-02	-1.76000e-02
1.04835e-02	4.49629e-04	1.75145e-04	1.38074e-04	-1.31755e+00	-5.27025e-01	-4.51312e-01	6.79258e-02	-1.76000e-02
1.04788e-02	4.51189e-04	1.69650e-04	1.45592e-04	-1.31924e+00	-5.27701e-01	-4.49249e-01	6.88551e-02	-1.76000e-02
1.04696e-02	4.52473e-04	1.64145e-04	1.53270e-04	-1.32101e+00	-5.28410e-01	-4.47142e-01	6.97800e-02	-1.76000e-02
1.04447e-02	4.52993e-04	1.58487e-04	1.60821e-04	-1.32281e+00	-5.29128e-01	-4.44990e-01	7.07003e-02	-1.76000e-02
1.04121e-02	4.53082e-04	1.52828e-04	1.68248e-04	-1.32455e+00	-5.29823e-01	-4.42793e-01	7.16158e-02	-1.76000e-02
1.03631e-02	4.52358e-04	1.47065e-04	1.75307e-04	-1.32612e+00	-5.30455e-01	-4.40550e-01	7.25259e-02	-1.76000e-02
1.02984e-02	4.50846e-04	1.41241e-04	1.81917e-04	-1.32755e+00	-5.31026e-01	-4.38263e-01	7.34305e-02	-1.76000e-02
1.02275e-02	4.48962e-04	1.35514e-04	1.88172e-04	-1.32875e+00	-5.31507e-01	-4.35929e-01	7.43292e-02	-1.76000e-02
1.01612e-02	4.47189e-04	1.29997e-04	1.94347e-04	-1.32972e+00	-5.31892e-01	-4.33549e-01	7.52216e-02	-1.76000e-02
1.01010e-02	4.45625e-04	1.24641e-04	2.00943e-04	-1.33072e+00	-5.32291e-01	-4.31123e-01	7.61074e-02	-1.76000e-02
1.00452e-02	4.44213e-04	1.19382e-04	2.08111e-04	-1.33200e+00	-5.32803e-01	-4.28651e-01	7.69862e-02	-1.76000e-02
9.99658e-03	4.43079e-04	1.14233e-04	2.16069e-04	-1.33397e+00	-5.33593e-01	-4.26131e-01	7.78578e-02	-1.76000e-02
9.95362e-03	4.42232e-04	1.08940e-04	2.26321e-04	-1.33715e+00	-5.34865e-01	-4.23565e-01	7.87216e-02	-1.76000e-02
9.89024e-03	4.40566e-04	1.03048e-04	2.39240e-04	-1.34158e+00	-5.36636e-01	-4.20952e-01	7.95774e-02	-1.76000e-02
9.79702e-03	4.37564e-04	9.67443e-05	2.53527e-04	-1.34671e+00	-5.38690e-01	-4.18292e-01	8.04249e-02	-1.76000e-02
9.67889e-03	4.33448e-04	9.00685e-05	2.69405e-04	-1.35161e+00	-5.40651e-01	-4.15585e-01	8.12636e-02	-1.76000e-02
9.56643e-03	4.29501e-04	8.35982e-05	2.85843e-04	-1.35499e+00	-5.42000e-01	-4.12830e-01	8.20932e-02	-1.76000e-02
9.52920e-03	4.28497e-04	7.91440e-05	2.96165e-04	-1.35568e+00	-5.42279e-01	-4.10028e-01	8.29134e-02	-1.76000e-02
9.63287e-03	4.33417e-04	7.72149e-05	3.01916e-04	-1.35360e+00	-5.41447e-01	-4.07179e-01	8.37238e-02	-1.76000e-02
9.95370e-03	4.48216e-04	7.65273e-05	3.17836e-04	-1.35031e+00	-5.40132e-01	-4.04282e-01	8.45240e-02	-1.76000e-02
1.04724e-02	4.72090e-04	7.65231e-05	3.44339e-04	-1.35037e+00	-5.40153e-01	-4.01338e-01	8.53137e-02	-1.76000e-02
1.09081e-02	4.92162e-04	7.58699e-05	3.70694e-04	-1.35845e+00	-5.43389e-01	-3.98346e-01	8.60925e-02	-1.76000e-02
1.09504e-02	4.95239e-04	6.92817e-05	4.08038e-04	-1.37442e+00	-5.49775e-01	-3.95307e-01	8.68601e-02	-1.76000e-02
1.05582e-02	4.79276e-04	5.72352e-05	4.55698e-04	-1.39162e+00	-5.56657e-01	-3.92221e-01	8.76162e-02	-1.76000e-02
9.91341e-03	4.51509e-04	4.50163e-05	4.79716e-04	-1.40287e+00	-5.61156e-01	-3.89087e-01	8.83605e-02	-1.76000e-02
9.33012e-03	4.25889e-04	3.58454e-05	4.93091e-04	-1.40473e+00	-5.61903e-01	-3.85906e-01	8.90925e-02	-1.76000e-02
9.33029e-03	4.26296e-04	3.15386e-05	5.34084e-04	-1.38396e+00	-5.53594e-01	-3.82678e-01	8.98119e-02	-1.76000e-02
1.00532e-02	4.59113e-04	3.22182e-05	5.67570e-04	-1.33834e+00	-5.35345e-01	-3.79403e-01	9.05185e-02	-1.76000e-02
1.10582e-02	5.03065e-04	4.18765e-05	5.48863e-04	-1.29049e+00	-5.16208e-01	-3.76081e-01	9.12120e-02	-1.76000e-02
1.19819e-02	5.43034e-04	5.27581e-05	5.10610e-04	-1.24754e+00	-4.99024e-01	-3.72712e-01	9.18919e-02	-1.76000e-02
1.21584e-02	5.50440e-04	5.39881e-05	4.89121e-04	-1.20829e+00	-4.83326e-01	-3.69297e-01	9.25580e-02	-1.76000e-02
1.16147e-02	5.25911e-04	4.86777e-05	4.57496e-04	-1.17429e+00	-4.69726e-01	-3.65836e-01	9.32100e-02	-1.76000e-02
1.09373e-02	4.94546e-04	4.74074e-05	3.98185e-04	-1.14645e+00	-4.58587e-01	-3.62328e-01	9.38477e-02	-1.76000e-02
9.99393e-03	4.51317e-04	4.46627e-05	3.41032e-04	-1.11863e+00	-4.47456e-01	-3.58774e-01	9.44706e-02	-1.76000e-02
8.78902e-03	3.97085e-04	3.65584e-05	3.07454e-04	-1.07637e+00	-4.30553e-01	-3.55174e-01	9.50786e-02	-1.76000e-02
8.20978e-03	3.70950e-04	3.23750e-05	2.78940e-04	-1.02499e+00	-4.10003e-01	-3.51529e-01	9.56713e-02	-1.76000e-02
8.17383e-03	3.68678e-04	3.49023e-05	2.34947e-04	-9.86021e-01	-3.94413e-01	-3.47838e-01	9.62486e-02	-1.76000e-02
7.69378e-03	3.46448e-04	3.54728e-05	1.83076e-04	-9.63486e-01	-3.85398e-01	-3.44103e-01	9.68101e-02	-1.76000e-02
6.59190e-03	2.96699e-04	3.03568e-05	1.41884e-04	-9.44337e-01	-3.77738e-01	-3.40323e-01	9.73556e-02	-1.76000e-02
5.39380e-03	2.42969e-04	2.26568e-05	1.19116e-04	-9.23396e-01	-3.69361e-01	-3.36498e-01	9.78848e-02	-1.76000e-02
4.60908e-03	2.07528e-04	1.93984e-05	9.85998e-05	-8.98973e-01	-3.59591e-01	-3.32629e-01	9.83975e-02	-1.76000e-02
4.37197e-03	1.96612e-04	1.97337e-05	6.78006e-05	-8.70544e-01	-3.48220e-01	-3.28717e-01	9.88936e-02	-1.76000e-02
4.18633e-03	1.88174e-04	1.91807e-05	4.93577e-05	-8.49183e-01	-3.39675e-01	-3.24761e-01	9.93727e-02	-1.76000e-02
3.81949e-03	1.71797e-04	1.61189e-05	4.93999e-05	-8.34082e-01	-3.33634e-01	-3.20762e-01	9.98347e-02	-1.76000e-02
3.72008e-03	1.67326e-04	1.52937e-05	4.04868e-05	-8.16816e-01	-3.26728e-01	-3.16720e-01	1.00279e-01	-1.76000e-02
3.84708e-03	1.72930e-04	1.64859e-05	2.05187e-05	-8.06473e-01	-3.22591e-01	-3.12636e-01	1.00707e-01	-1.76000e-02
3.58359e-03	1.61039e-04	1.55508e-05	7.40048e-06	-8.05036e-01	-3.22016e-01	-3.08510e-01	1.01116e-01	-1.76000e-02
3.30143e-03	1.48331e-04	1.44137e-05	-1.20347e-06	-7.97398e-01	-3.18961e-01	-3.04342e-01	1.01508e-01	-1.76000e-02
3.63787e-03	1.63426e-04	1.59438e-05	-1.34436e-05	-7.85330e-01	-3.14134e-01	-3.00133e-01	1.01881e-01	-1.76000e-02
3.97705e-03	1.78656e-04	1.73670e-05	-2.55606e-05	-7.81620e-01	-3.12650e-01	-2.95884e-01	1.02237e-01	-1.76000e-02
3.83634e-03	1.72385e-04	1.60003e-05	-3.02255e-05	-7.80712e-01	-3.12286e-01	-2.91594e-01	1.02574e-01	-1.76000e-02
3.70815e-03	1.66717e-04	1.41035e-05	-2.32979e-05	-7.75649e-01	-3.10261e-01	-2.87265e-01	1.02892e-01	-1.76000e-02
3.77026e-03	1.69631e-04	1.23760e-05	-7.87329e-06	-7.69994e-01	-3.07999e-01	-2.82896e-01	1.03193e-01	-1.76000e-02
3.84777e-03	1.73213e-04	1.09030e-05	3.85087e-06	-7.65350e-01	-3.06141e-01	-2.78489e-01	1.03474e-01	-1.76000e-02
4.01752e-03	1.80890e-04	1.04538e-05	2.17960e-06	-7.63473e-01	-3.05391e-01	-2.74043e-01	1.03737e-01	-1.76000e-02
4.14429e-03	1.86594e-04	1.05264e-05	-6.43064e-06	-7.66791e-01	-3.06718e-01	-2.69559e-01	1.03981e-01	-1.76000e-02
4.02152e-03	1.81079e-04	9.68366e-06	-9.99642e-06	-7.71865e-01	-3.08748e-01	-2.65038e-01	1.04205e-01	-1.76000e-02
3.87545e-03	1.74521e-04	8.62940e-06	-1.04624e-05	-7.74506e-01	-3.09804e-01	-2.60480e-01	1.04411e-01	-1.76000e-02
3.86957e-03	1.74271e-04	7.99776e-06	-1.36922e-05	-7.74721e-01	-3.09890e-01	-2.55886e-01	1.04598e-01	-1.76000e-02
3.84851e-03	1.73344e-04	7.08905e-06	-1.35091e-05	-7.73792e-01	-3.09519e-01	-2.51256e-01	1.04766e-01	-1.76000e-02
3.77938e-03	1.70257e-04	5.79519e-06	-6.00217e-06	-7.71905e-01	-3.08764e-01	-2.46591e-01	1.04915e-01	-1.76000e-02
3.74780e-03	1.68849e-04	4.80463e-06	-1.48260e-06	-7.70592e-01	-3.08238e-01	-2.41891e-01	1.05044e-01	-1.76000e-02
3.70363e-03	1.66861e-04	4.24595e-06	-5.46225e-06	-7.72839e-01	-3.09137e-01	-2.37158e-01	1.05154e-01	-1.76000e-02
3.58823e-03	1.61660e-04	3.71385e-06	-9.00295e-06	-7.75043e-01	-3.10019e-01	-2.32391e-01	1.05246e-01	-1.76000e-02
3.45841e-03	1.55818e-04	2.61834e-06	-5.92364e-06	-7.72706e-01	-3.09084e-01	-2.27591e-01	1.05318e-01	-1.76000e-02
3.28481e-03	1.47999e-04	1.48418e-06	2.18088e-07	-7.71469e-01	-3.08589e-01	-2.22759e-01	1.05370e-01	-1.76000e-02
3.03560e-03	1.36767e-04	6.52672e-07	7.57385e-06	-7.72721e-01	-3.09090e-01	-2.17895e-01	1.05404e-01	-1.76000e-02
2.87144e-03	1.29365e-04	-2.84860e-07	1.45068e-05	-7.71257e-01	-3.08504e-01	-2.13000e-01	1.05418e-01	-1.76000e-02
2.82940e-03	1.27461e-04	-8.80162e-07	1.46396e-05	-7.69380e-01	-3.07753e-01	-2.08075e-01	1.05414e-01	-1.76000e-02
2.75808e-03	1.24239e-04	-9.68462e-07	6.30563e-06	-7.69066e-01	-3.07628e-01	-2.03120e-01	1.05390e-01	-1.76000e-02
2.65104e-03	1.19413e-04	-8.16492e-07	-4.75435e-06	-7.67743e-01	-3.07098e-01	-1.98136e-01	1.05348e-01	-1.76000e-02
2.54809e-03	1.14771e-04	-8.36487e-07	-1.36180e-05	-7.65570e-01	-3.06229e-01	-1.93124e-01	1.05286e-01	-1.76000e-02
2.37671e-03	1.07048e-04	-8.90069e-07	-1.83848e-05	-7.62801e-01	-3.05122e-01	-1.88084e-01	1.05206e-01	-1.76000e-02
2.17350e-03	9.78892e-05	-1.07454e-06	-2.01903e-05	-7.58757e-01	-3.03504e-01	-1.83017e-01	1.05107e-01	-1.76000e-02
2.07104e-03	9.32660e-05	-1.36930e-06	-2.21119e-05	-7.55312e-01	-3.02126e-01	-1.77923e-01	1.04989e-01	-1.76000e-02
2.03554e-03	9.16624e-05	-1.52298e-06	-2.43990e-05	-7.53841e-01	-3.01537e-01	-1.72804e-01	1.04853e-01	-1.76000e-02
1.94753e-03	8.76958e-05	-1.56723e-06	-2.70602e-05	-7.53466e-01	-3.01387e-01	-1.67659e-01	1.04699e-01	-1.76000e-02
1.80623e-03	8.13396e-05	-1.31102e-06	-3.29893e-05	-7.52711e-01	-3.01085e-01	-1.62491e-01	1.04526e-01	-1.76000e-02
1.68048e-03	7.56810e-05	-1.16868e-06	-4.06358e-05	-7.49051e-01	-2.99621e-01	-1.57299e-01	1.04335e-01	-1.76000e-02
1.57235e-03	7.08079e-05	-1.25740e-06	-4.28512e-05	-7.42628e-01	-2.97052e-01	-1.52083e-01	1.04126e-01	-1.76000e-02
1.47027e-03	6.62013e-05	-1.46048e-06	-3.90968e-05	-7.36313e-01	-2.94526e-01	-1.46846e-01	1.03899e-01	-1.76000e-02
1.48102e-03	6.66724e-05	-1.80513e-06	-3.61378e-05	-7.30975e-01	-2.92391e-01	-1.41587e-01	1.03655e-01	-1.76000e-02
1.63093e-03	7.34057e-05	-2.34649e-06	-3.62131e-05	-7.27009e-01	-2.90805e-01	-1.36308e-01	1.03393e-01	-1.76000e-02
1.66993e-03	7.51509e-05	-2.63699e-06	-3.62811e-05	-7.24632e-01	-2.89854e-01	-1.31008e-01	1.03114e-01	-1.76000e-02
1.44360e-03	6.49576e-05	-2.45977e-06	-3.45267e-05	-7.21511e-01	-2.88605e-01	-1.25689e-01	1.02817e-01	-1.76000e-02
1.18408e-03	5.32753e-05	-2.12490e-06	-3.04805e-05	-7.16124e-01	-2.86450e-01	-1.20352e-01	1.02504e-01	-1.76000e-02
1.12495e-03	5.06011e-05	-2.26923e-06	-2.52488e-05	-7.10227e-01	-2.84092e-01	-1.14997e-01	1.02173e-01	-1.76000e-02
1.19739e-03	5.38443e-05	-2.67465e-06	-2.40729e-05	-7.05258e-01	-2.82104e-01	-1.09625e-01	1.01826e-01	-1.76000e-02
1.24397e-03	5.59387e-05	-2.80095e-06	-2.90686e-05	-7.00117e-01	-2.80047e-01	-1.04237e-01	1.01463e-01	-1.76000e-02
1.19539e-03	5.37552e-05	-2.70467e-06	-3.57268e-05	-6.94535e-01	-2.77815e-01	-9.88329e-02	1.01083e-01	-1.76000e-02
1.03045e-03	4.63537e-05	-2.14721e-06	-4.06514e-05	-6.88894e-01	-2.75558e-01	-9.34145e-02	1.00688e-01	-1.76000e-02
7.92861e-04	3.56802e-05	-1.49713e-06	-4.35969e-05	-6.82548e-01	-2.73020e-01	-8.79822e-02	1.00277e-01	-1.76000e-02
5.90372e-04	2.65861e-05	-9.11666e-07	-4.44057e-05	-6.75981e-01	-2.70393e-01	-8.25367e-02	9.98499e-02	-1.76000e-02
5.00556e-04	2.25504e-05	-6.92457e-07	-4.26966e-05	-6.69283e-01	-2.67714e-01	-7.70788e-02	9.94078e-02	-1.76000e-02
4.72303e-04	2.12702e-05	-7.69737e-07	-3.97400e-05	-6.62944e-01	-2.65178e-01	-7.16094e-02	9.89506e-02	-1.76000e-02
3.71930e-04	1.67682e-05	-4.18491e-07	-3.94749e-05	-6.57604e-01	-2.63043e-01	-6.61292e-02	9.84786e-02	-1.76000e-02
2.12560e-04	9.62083e-06	1.65494e-07	-4.27008e-05	-6.51554e-01	-2.60623e-01	-6.06391e-02	9.79921e-02	-1.76000e-02
1.32676e-04	6.04637e-06	5.33733e-07	-4.32536e-05	-6.44360e-01	-2.57747e-01	-5.51397e-02	9.74912e-02	-1.76000e-02
6.08811e-05	2.80880e-06	5.94873e-07	-3.88097e-05	-6.38204e-01	-2.55286e-01	-4.96319e-02	9.69762e-02	-1.76000e-02
-1.42679e-04	-6.31128e-06	1.44977e-06	-3.63862e-05	-6.33121e-01	-2.53247e-01	-4.41165e-02	9.64474e-02	-1.76000e-02
-2.47785e-04	-1.10137e-05	1.94836e-06	-3.78280e-05	-6.25855e-01	-2.50341e-01	-3.85944e-02	9.59050e-02	-1.76000e-02
-6.94337e-05	-3.03032e-06	1.09037e-06	-3.71792e-05	-6.18514e-01	-2.47402e-01	-3.30662e-02	9.53493e-02	-1.76000e-02
6.06421e-05	2.79321e-06	4.73347e-07	-3.44901e-05	-6.15162e-01	-2.46069e-01	-2.75329e-02	9.47806e-02	-1.76000e-02
-7.18721e-05	-3.13539e-06	1.10742e-06	-3.53955e-05	-6.12232e-01	-2.44889e-01	-2.19952e-02	9.41991e-02	-1.76000e-02
-2.10597e-04	-9.34104e-06	1.77876e-06	-3.94333e-05	-6.07513e-01	-2.43004e-01	-1.64539e-02	9.36051e-02	-1.76000e-02
-2.74485e-04	-1.21922e-05	2.14109e-06	-4.11558e-05	-6.03273e-01	-2.41308e-01	-1.09099e-02	9.29989e-02	-1.76000e-02
-4.64144e-04	-2.06745e-05	3.07956e-06	-3.93766e-05	-5.98165e-01	-2.39265e-01	-5.36387e-03	9.23808e-02	-1.76000e-02
-7.86361e-04	-3.50765e-05	4.76167e-06	-3.90020e-05	-5.91275e-01	-2.36509e-01	1.83256e-04	9.17509e-02	-1.76000e-02
-1.08373e-03	-4.83607e-05	6.37377e-06	-4.19423e-05	-5.84189e-01	-2.33675e-01	5.73070e-03	9.11097e-02	-1.76000e-02
-1.24005e-03	-5.53295e-05	7.33315e-06	-4.33952e-05	-5.76305e-01	-2.30521e-01	1.12776e-02	9.04574e-02	-1.76000e-02
-1.16027e-03	-5.17584e-05	6.94480e-06	-4.19516e-05	-5.67077e-01	-2.26830e-01	1.68233e-02	8.97942e-02	-1.76000e-02
-8.39840e-04	-3.74341e-05	5.26355e-06	-4.09374e-05	-5.58736e-01	-2.23494e-01	2.23668e-02	8.91205e-02	-1.76000e-02
-4.85418e-04	-2.16004e-05	3.32561e-06	-4.03808e-05	-5.53807e-01	-2.21522e-01	2.79074e-02	8.84365e-02	-1.76000e-02
-3.20436e-04	-1.42303e-05	2.41533e-06	-3.91338e-05	-5.51842e-01	-2.20736e-01	3.34443e-02	8.77425e-02	-1.76000e-02
-2.73984e-04	-1.21592e-05	2.12157e-06	-3.69749e-05	-5.49945e-01	-2.19977e-01	3.89765e-02	8.70388e-02	-1.76000e-02
-1.74830e-04	-7.74175e-06	1.48039e-06	-3.30007e-05	-5.48222e-01	-2.19287e-01	4.45035e-02	8.63257e-02	-1.76000e-02
-1.31439e-04	-5.80805e-06	1.20119e-06	-2.96819e-05	-5.48033e-01	-2.19212e-01	5.00242e-02	8.56035e-02	-1.76000e-02
-2.43566e-04	-1.08096e-05	1.86369e-06	-3.02996e-05	-5.46573e-01	-2.18628e-01	5.55380e-02	8.48725e-02	-1.76000e-02
-3.26537e-04	-1.45129e-05	2.33658e-06	-3.13463e-05	-5.42929e-01	-2.17171e-01	6.10439e-02	8.41329e-02	-1.76000e-02
-3.02456e-04	-1.34391e-05	2.18509e-06	-2.82507e-05	-5.40354e-01	-2.16141e-01	6.65413e-02	8.33850e-02	-1.76000e-02
-3.34257e-04	-1.48619e-05	2.33965e-06	-2.33139e-05	-5.39363e-01	-2.15745e-01	7.20292e-02	8.26291e-02	-1.76000e-02
-4.74731e-04	-2.11246e-05	3.19789e-06	-2.04299e-05	-5.38689e-01	-2.15475e-01	7.75069e-02	8.18655e-02	-1.76000e-02
-6.05717e-04	-2.69578e-05	4.04410e-06	-1.94000e-05	-5.38086e-01	-2.15234e-01	8.29736e-02	8.10946e-02	-1.76000e-02
-6.20220e-04	-2.75976e-05	4.17758e-06	-1.89870e-05	-5.37081e-01	-2.14832e-01	8.84285e-02	8.03165e-02	-1.76000e-02
-4.93732e-04	-2.19553e-05	3.42062e-06	-1.94089e-05	-5.35755e-01	-2.14302e-01	9.38708e-02	7.95315e-02	-1.76000e-02
-3.01901e-04	-1.34096e-05	2.19422e-06	-2.02100e-05	-5.35159e-01	-2.14063e-01	9.92997e-02	7.87400e-02	-1.76000e-02
-1.46856e-04	-6.50689e-06	1.17449e-06	-1.98860e-05	-5.35550e-01	-2.14219e-01	1.04714e-01	7.79422e-02	-1.76000e-02
-6.89410e-05	-3.04262e-06	6.30760e-07	-1.82900e-05	-5.36451e-01	-2.14579e-01	1.10114e-01	7.71384e-02	-1.76000e-02
-8.29047e-05	-3.66762e-06	6.98650e-07	-1.63719e-05	-5.37704e-01	-2.15081e-01	1.15498e-01	7.63289e-02	-1.76000e-02
-1.87247e-04	-8.31076e-06	1.39680e-06	-1.45690e-05	-5.38700e-01	-2.15480e-01	1.20866e-01	7.55139e-02	-1.76000e-02
-3.08447e-04	-1.37025e-05	2.21847e-06	-1.28837e-05	-5.38924e-01	-2.15569e-01	1.26216e-01	7.46938e-02	-1.76000e-02
-3.64109e-04	-1.61756e-05	2.61558e-06	-1.12205e-05	-5.39045e-01	-2.15618e-01	1.31548e-01	7.38688e-02	-1.76000e-02
-3.53475e-04	-1.57019e-05	2.54587e-06	-9.65385e-06	-5.39542e-01	-2.15817e-01	1.36861e-01	7.30392e-02	-1.76000e-02
-3.29264e-04	-1.46246e-05	2.38278e-06	-8.69197e-06	-5.40219e-01	-2.16087e-01	1.42154e-01	7.22053e-02	-1.76000e-02
-3.32577e-04	-1.47690e-05	2.42335e-06	-8.66447e-06	-5.41008e-01	-2.16403e-01	1.47428e-01	7.13672e-02	-1.76000e-02
-3.64605e-04	-1.61880e-05	2.67634e-06	-9.19198e-06	-5.41781e-01	-2.16712e-01	1.52680e-01	7.05254e-02	-1.76000e-02
-3.94010e-04	-1.74902e-05	2.91215e-06	-9.72134e-06	-5.42460e-01	-2.16984e-01	1.57910e-01	6.96801e-02	-1.76000e-02
-4.08485e-04	-1.81292e-05	3.04019e-06	-1.00570e-05	-5.43325e-01	-2.17330e-01	1.63117e-01	6.88315e-02	-1.76000e-02
-4.34344e-04	-1.92738e-05	3.25072e-06	-1.01361e-05	-5.44439e-01	-2.17775e-01	1.68302e-01	6.79799e-02	-1.76000e-02
-4.82244e-04	-2.13969e-05	3.62252e-06	-9.92054e-06	-5.45483e-01	-2.18193e-01	1.73462e-01	6.71256e-02	-1.76000e-02
-5.25594e-04	-2.33171e-05	3.96721e-06	-9.67119e-06	-5.46374e-01	-2.18549e-01	1.78597e-01	6.62688e-02	-1.76000e-02
-5.45067e-04	-2.41759e-05	4.14384e-06	-9.83672e-06	-5.47338e-01	-2.18935e-01	1.83707e-01	6.54099e-02	-1.76000e-02
-5.46586e-04	-2.42374e-05	4.18946e-06	-1.04172e-05	-5.48455e-01	-2.19382e-01	1.88790e-01	6.45489e-02	-1.76000e-02
-5.43140e-04	-2.40801e-05	4.18902e-06	-1.04214e-05	-5.49725e-01	-2.19890e-01	1.93847e-01	6.36863e-02	-1.76000e-02
-5.51307e-04	-2.44395e-05	4.26680e-06	-8.58914e-06	-5.51144e-01	-2.20457e-01	1.98876e-01	6.28223e-02	-1.76000e-02
-5.83348e-04	-2.58585e-05	4.52242e-06	-5.21402e-06	-5.52476e-01	-2.20990e-01	2.03876e-01	6.19571e-02	-1.76000e-02
-6.33961e-04	-2.80989e-05	4.93244e-06	-2.36011e-06	-5.53533e-01	-2.21413e-01	2.08847e-01	6.10910e-02	-1.76000e-02
-6.89497e-04	-3.05549e-05	5.39595e-06	-1.66269e-06	-5.54376e-01	-2.21750e-01	2.13789e-01	6.02243e-02	-1.76000e-02
-7.40343e-04	-3.28011e-05	5.83302e-06	-2.81661e-06	-5.55045e-01	-2.22018e-01	2.18700e-01	5.93571e-02	-1.76000e-02
-7.76457e-04	-3.43933e-05	6.16134e-06	-4.42123e-06	-5.55569e-01	-2.22227e-01	2.23581e-01	5.84897e-02	-1.76000e-02
-7.92920e-04	-3.51149e-05	6.33442e-06	-5.50813e-06	-5.56029e-01	-2.22411e-01	2.28429e-01	5.76224e-02	-1.76000e-02
-7.98901e-04	-3.53725e-05	6.42225e-06	-5.96215e-06	-5.56466e-01	-2.22586e-01	2.33245e-01	5.67554e-02	-1.76000e-02
-8.11296e-04	-3.59144e-05	6.55994e-06	-6.03806e-06	-5.56912e-01	-2.22765e-01	2.38028e-01	5.58890e-02	-1.76000e-02
-8.38005e-04	-3.70896e-05	6.81495e-06	-5.96610e-06	-5.57356e-01	-2.22942e-01	2.42778e-01	5.50234e-02	-1.76000e-02
-8.70868e-04	-3.85370e-05	7.12052e-06	-5.86026e-06	-5.57749e-01	-2.23099e-01	2.47493e-01	5.41589e-02	-1.76000e-02
-8.98405e-04	-3.97480e-05	7.38601e-06	-5.63481e-06	-5.58145e-01	-2.23258e-01	2.52173e-01	5.32956e-02	-1.76000e-02
-9.24137e-04	-4.08789e-05	7.63814e-06	-5.20565e-06	-5.58620e-01	-2.23447e-01	2.56818e-01	5.24339e-02	-1.76000e-02
-9.59344e-04	-4.24292e-05	7.96725e-06	-4.76630e-06	-5.59115e-01	-2.23646e-01	2.61427e-01	5.15738e-02	-1.76000e-02
-1.00596e-03	-4.44828e-05	8.39762e-06	-4.54592e-06	-5.59531e-01	-2.23812e-01	2.65998e-01	5.07158e-02	-1.76000e-02
-1.05485e-03	-4.66356e-05	8.85392e-06	-4.48124e-06	-5.59812e-01	-2.23924e-01	2.70533e-01	4.98600e-02	-1.76000e-02
-1.09807e-03	-4.85370e-05	9.26523e-06	-4.38840e-06	-5.60004e-01	-2.24001e-01	2.75030e-01	4.90066e-02	-1.76000e-02
-1.13860e-03	-5.03191e-05	9.65702e-06	-4.38407e-06	-5.60201e-01	-2.24080e-01	2.79488e-01	4.81559e-02	-1.76000e-02
-1.18500e-03	-5.23592e-05	1.01038e-05	-4.90645e-06	-5.60375e-01	-2.24149e-01	2.83908e-01	4.73080e-02	-1.76000e-02
-1.23437e-03	-5.45294e-05	1.05827e-05	-6.08271e-06	-5.60422e-01	-2.24168e-01	2.88288e-01	4.64633e-02	-1.76000e-02
-1.27030e-03	-5.61055e-05	1.09469e-05	-7.29541e-06	-5.60422e-01	-2.24168e-01	2.92628e-01	4.56219e-02	-1.76000e-02
-1.28701e-03	-5.68335e-05	1.11427e-05	-7.68300e-06	-5.60581e-01	-2.24232e-01	2.96927e-01	4.47840e-02	-1.76000e-02
-1.29716e-03	-5.72716e-05	1.12823e-05	-6.95568e-06	-5.60889e-01	-2.24355e-01	3.01186e-01	4.39499e-02	-1.76000e-02
-1.31325e-03	-5.79717e-05	1.14739e-05	-5.60789e-06	-5.61185e-01	-2.24474e-01	3.05403e-01	4.31198e-02	-1.76000e-02
-1.33588e-03	-5.89603e-05	1.17239e-05	-4.43921e-06	-5.61414e-01	-2.24565e-01	3.09578e-01	4.22939e-02	-1.76000e-02
-1.35849e-03	-5.99480e-05	1.19742e-05	-4.06799e-06	-5.61576e-01	-2.24630e-01	3.13710e-01	4.14723e-02	-1.76000e-02
-1.37735e-03	-6.07689e-05	1.21975e-05	-4.58852e-06	-5.61724e-01	-2.24689e-01	3.17800e-01	4.06554e-02	-1.76000e-02
-1.40065e-03	-6.17849e-05	1.24633e-05	-5.43677e-06	-5.61840e-01	-2.24735e-01	3.21846e-01	3.98433e-02	-1.76000e-02
-1.42928e-03	-6.30365e-05	1.27726e-05	-5.91494e-06	-5.61791e-01	-2.24716e-01	3.25848e-01	3.90361e-02	-1.76000e-02
-1.45152e-03	-6.40059e-05	1.30294e-05	-5.81671e-06	-5.61661e-01	-2.24664e-01	3.29806e-01	3.82342e-02	-1.76000e-02
-1.46732e-03	-6.46910e-05	1.32287e-05	-5.32685e-06	-5.61585e-01	-2.24633e-01	3.33719e-01	3.74377e-02	-1.76000e-02
-1.48609e-03	-6.55076e-05	1.34496e-05	-4.81421e-06	-5.61433e-01	-2.24573e-01	3.37588e-01	3.66468e-02	-1.76000e-02
-1.50377e-03	-6.62753e-05	1.36665e-05	-4.65865e-06	-5.61153e-01	-2.24461e-01	3.41410e-01	3.58617e-02	-1.76000e-02
-1.51946e-03	-6.69530e-05	1.38755e-05	-4.76754e-06	-5.60869e-01	-2.24347e-01	3.45187e-01	3.50826e-02	-1.76000e-02
-1.54416e-03	-6.80288e-05	1.41627e-05	-4.77267e-06	-5.60485e-01	-2.24193e-01	3.48918e-01	3.43096e-02	-1.76000e-02
-1.57582e-03	-6.94124e-05	1.45053e-05	-4.80698e-06	-5.59953e-01	-2.23981e-01	3.52602e-01	3.35430e-02	-1.76000e-02
-1.60520e-03	-7.06947e-05	1.48322e-05	-5.22322e-06	-5.59512e-01	-2.23804e-01	3.56240e-01	3.27830e-02	-1.76000e-02
-1.64041e-03	-7.22319e-05	1.52232e-05	-5.80232e-06	-5.59176e-01	-2.23670e-01	3.59830e-01	3.20296e-02	-1.76000e-02
-1.69710e-03	-7.47156e-05	1.58068e-05	-6.10369e-06	-5.58614e-01	-2.23445e-01	3.63373e-01	3.12832e-02	-1.76000e-02
-1.76286e-03	-7.75994e-05	1.64748e-05	-6.13658e-06	-5.57718e-01	-2.23086e-01	3.66868e-01	3.05438e-02	-1.76000e-02
-1.79966e-03	-7.92036e-05	1.68923e-05	-6.02480e-06	-5.56831e-01	-2.22732e-01	3.70315e-01	2.98116e-02	-1.76000e-02
-1.79382e-03	-7.89290e-05	1.69197e-05	-5.47750e-06	-5.56279e-01	-2.22511e-01	3.73714e-01	2.90868e-02	-1.76000e-02
-1.78171e-03	-7.83834e-05	1.68649e-05	-4.25604e-06	-5.55827e-01	-2.22330e-01	3.77064e-01	2.83696e-02	-1.76000e-02
-1.78767e-03	-7.86359e-05	1.69652e-05	-2.76643e-06	-5.55064e-01	-2.22025e-01	3.80365e-01	2.76601e-02	-1.76000e-02
-1.78510e-03	-7.85122e-05	1.69912e-05	-1.50878e-06	-5.54180e-01	-2.21671e-01	3.83618e-01	2.69585e-02	-1.76000e-02
-1.76281e-03	-7.75182e-05	1.68419e-05	-5.63181e-07	-5.53528e-01	-2.21411e-01	3.86821e-01	2.62649e-02	-1.76000e-02
-1.74701e-03	-7.68082e-05	1.67603e-05	-2.28819e-07	-5.52864e-01	-2.21145e-01	3.89975e-01	2.55795e-02	-1.76000e-02
-1.74564e-03	-7.67345e-05	1.68084e-05	-9.32907e-07	-5.51964e-01	-2.20785e-01	3.93079e-01	2.49024e-02	-1.76000e-02
-1.75125e-03	-7.69695e-05	1.69142e-05	-2.13504e-06	-5.51096e-01	-2.20438e-01	3.96134e-01	2.42337e-02	-1.76000e-02
-1.76827e-03	-7.77062e-05	1.71304e-05	-2.63937e-06	-5.50307e-01	-2.20122e-01	3.99139e-01	2.35736e-02	-1.76000e-02
-1.79837e-03	-7.90159e-05	1.74819e-05	-1.88171e-06	-5.49386e-01	-2.19754e-01	4.02094e-01	2.29222e-02	-1.76000e-02
-1.83783e-03	-8.07377e-05	1.79198e-05	-1.43688e-07	-5.48311e-01	-2.19324e-01	4.04999e-01	2.22797e-02	-1.76000e-02
-1.88040e-03	-8.25975e-05	1.83816e-05	1.75865e-06	-5.47119e-01	-2.18847e-01	4.07853e-01	2.16461e-02	-1.76000e-02
-1.91049e-03	-8.39051e-05	1.87375e-05	2.84279e-06	-5.45952e-01	-2.18380e-01	4.10658e-01	2.10216e-02	-1.76000e-02
-1.92220e-03	-8.44031e-05	1.89259e-05	3.01757e-06	-5.44897e-01	-2.17958e-01	4.13413e-01	2.04063e-02	-1.76000e-02
-1.92942e-03	-8.47061e-05	1.90596e-05	3.15655e-06	-5.43728e-01	-2.17490e-01	4.16117e-01	1.98003e-02	-1.76000e-02
-1.93788e-03	-8.50675e-05	1.91867e-05	3.62446e-06	-5.42377e-01	-2.16950e-01	4.18771e-01	1.92037e-02	-1.76000e-02
-1.93382e-03	-8.48793e-05	1.91927e-05	4.06627e-06	-5.41072e-01	-2.16428e-01	4.21374e-01	1.86166e-02	-1.76000e-02
-1.91205e-03	-8.39096e-05	1.90388e-05	4.40865e-06	-5.40053e-01	-2.16021e-01	4.23928e-01	1.80391e-02	-1.76000e-02
-1.90289e-03	-8.34901e-05	1.90246e-05	4.70682e-06	-5.39222e-01	-2.15688e-01	4.26431e-01	1.74712e-02	-1.76000e-02
-1.93488e-03	-8.48818e-05	1.93969e-05	4.79295e-06	-5.37984e-01	-2.15193e-01	4.28884e-01	1.69131e-02	-1.76000e-02
-1.97609e-03	-8.66843e-05	1.98328e-05	4.70509e-06	-5.36240e-01	-2.14495e-01	4.31287e-01	1.63648e-02	-1.76000e-02
-1.98141e-03	-8.69059e-05	1.99373e-05	4.56556e-06	-5.34624e-01	-2.13849e-01	4.33640e-01	1.58264e-02	-1.76000e-02
-1.95408e-03	-8.56884e-05	1.97438e-05	4.40471e-06	-5.33420e-01	-2.13367e-01	4.35943e-01	1.52980e-02	-1.76000e-02
-1.93075e-03	-8.46495e-05	1.95779e-05	4.36115e-06	-5.32460e-01	-2.12983e-01	4.38197e-01	1.47795e-02	-1.76000e-02
-1.93732e-03	-8.49295e-05	1.96790e-05	4.42754e-06	-5.31412e-01	-2.12564e-01	4.40401e-01	1.42711e-02	-1.76000e-02
-1.95457e-03	-8.56798e-05	1.98785e-05	4.59492e-06	-5.30073e-01	-2.12028e-01	4.42556e-01	1.37728e-02	-1.76000e-02
-1.95336e-03	-8.56150e-05	1.99176e-05	5.02041e-06	-5.28734e-01	-2.11493e-01	4.44661e-01	1.32847e-02	-1.76000e-02
-1.94458e-03	-8.52172e-05	1.98833e-05	5.43720e-06	-5.27554e-01	-2.11021e-01	4.46718e-01	1.28067e-02	-1.76000e-02
-1.94194e-03	-8.50934e-05	1.98918e-05	5.20090e-06	-5.26360e-01	-2.10543e-01	4.48725e-01	1.23389e-02	-1.76000e-02
-1.93515e-03	-8.47868e-05	1.98608e-05	4.18079e-06	-5.25246e-01	-2.10098e-01	4.50685e-01	1.18813e-02	-1.76000e-02
-1.92876e-03	-8.44955e-05	1.98437e-05	2.96205e-06	-5.24270e-01	-2.09707e-01	4.52596e-01	1.14340e-02	-1.76000e-02
-1.93641e-03	-8.48207e-05	1.99632e-05	2.11988e-06	-5.23168e-01	-2.09266e-01	4.54459e-01	1.09968e-02	-1.76000e-02
-1.94489e-03	-8.51831e-05	2.00891e-05	1.67030e-06	-5.21834e-01	-2.08733e-01	4.56275e-01	1.05699e-02	-1.76000e-02
-1.93304e-03	-8.46539e-05	2.00098e-05	1.23656e-06	-5.20469e-01	-2.08187e-01	4.58044e-01	1.01532e-02	-1.76000e-02
-1.90503e-03	-8.34161e-05	1.97674e-05	6.99686e-07	-5.19194e-01	-2.07677e-01	4.59765e-01	9.74664e-03	-1.76000e-02
-1.87711e-03	-8.21845e-05	1.95161e-05	3.85792e-07	-5.17949e-01	-2.07179e-01	4.61440e-01	9.35027e-03	-1.76000e-02
-1.85183e-03	-8.10709e-05	1.92829e-05	3.83554e-07	-5.16684e-01	-2.06673e-01	4.63070e-01	8.96404e-03	-1.76000e-02
-1.81938e-03	-7.96405e-05	1.89841e-05	3.20417e-07	-5.15449e-01	-2.06179e-01	4.64653e-01	8.58789e-03	-1.76000e-02
-1.77517e-03	-7.76928e-05	1.85763e-05	8.05556e-08	-5.14319e-01	-2.05727e-01	4.66192e-01	8.22178e-03	-1.76000e-02
-1.72831e-03	-7.56321e-05	1.81278e-05	-4.38006e-08	-5.13291e-01	-2.05316e-01	4.67685e-01	7.86566e-03	-1.76000e-02
-1.68988e-03	-7.39454e-05	1.77446e-05	6.96952e-08	-5.12305e-01	-2.04922e-01	4.69135e-01	7.51946e-03	-1.76000e-02
-1.66322e-03	-7.27721e-05	1.74923e-05	3.07088e-07	-5.11348e-01	-2.04538e-01	4.70540e-01	7.18311e-03	-1.76000e-02
-1.64496e-03	-7.19636e-05	1.73402e-05	5.68974e-07	-5.10417e-01	-2.04166e-01	4.71903e-01	6.85654e-03	-1.76000e-02
-1.62897e-03	-7.12579e-05	1.71979e-05	6.82594e-07	-5.09474e-01	-2.03789e-01	4.73223e-01	6.53965e-03	-1.76000e-02
-1.61059e-03	-7.04532e-05	1.70065e-05	5.00326e-07	-5.08540e-01	-2.03415e-01	4.74501e-01	6.23235e-03	-1.76000e-02
-1.59184e-03	-6.96300e-05	1.68208e-05	1.57166e-07	-5.07685e-01	-2.03074e-01	4.75738e-01	5.93454e-03	-1.76000e-02
-1.57606e-03	-6.89317e-05	1.66863e-05	-1.09735e-07	-5.06932e-01	-2.02772e-01	4.76934e-01	5.64611e-03	-1.76000e-02
-1.55815e-03	-6.81402e-05	1.65304e-05	-2.73357e-07	-5.06259e-01	-2.02503e-01	4.78090e-01	5.36694e-03	-1.76000e-02
-1.53393e-03	-6.70743e-05	1.63024e-05	-4.70747e-07	-5.05664e-01	-2.02265e-01	4.79207e-01	5.09690e-03	-1.76000e-02
-1.51048e-03	-6.60451e-05	1.60688e-05	-7.89828e-07	-5.05107e-01	-2.02042e-01	4.80285e-01	4.83586e-03	-1.76000e-02
-1.49829e-03	-6.55102e-05	1.59467e-05	-1.23750e-06	-5.04528e-01	-2.01810e-01	4.81325e-01	4.58368e-03	-1.76000e-02
-1.49769e-03	-6.54770e-05	1.59682e-05	-1.84591e-06	-5.03904e-01	-2.01561e-01	4.82328e-01	4.34020e-03	-1.76000e-02
-1.49753e-03	-6.54613e-05	1.60033e-05	-2.64334e-06	-5.03242e-01	-2.01296e-01	4.83294e-01	4.10527e-03	-1.76000e-02
-1.48640e-03	-6.49684e-05	1.59092e-05	-3.59853e-06	-5.02575e-01	-2.01030e-01	4.84225e-01	3.87872e-03	-1.76000e-02
-1.45851e-03	-6.37447e-05	1.56299e-05	-4.65946e-06	-5.01952e-01	-2.00780e-01	4.85121e-01	3.66037e-03	-1.76000e-02
-1.41870e-03	-6.20006e-05	1.52200e-05	-5.69135e-06	-5.01415e-01	-2.00565e-01	4.85984e-01	3.45004e-03	-1.76000e-02
-1.37658e-03	-6.01589e-05	1.47729e-05	-6.48714e-06	-5.00938e-01	-2.00375e-01	4.86813e-01	3.24754e-03	-1.76000e-02
-1.34427e-03	-5.87470e-05	1.44248e-05	-7.05823e-06	-5.00483e-01	-2.00192e-01	4.87610e-01	3.05266e-03	-1.76000e-02
-1.32384e-03	-5.78503e-05	1.42213e-05	-7.64196e-06	-5.00015e-01	-2.00005e-01	4.88377e-01	2.86521e-03	-1.76000e-02
-1.30491e-03	-5.70179e-05	1.40391e-05	-8.38814e-06	-4.99541e-01	-1.99816e-01	4.89113e-01	2.68496e-03	-1.76000e-02
-1.27787e-03	-5.58301e-05	1.37745e-05	-9.26020e-06	-4.99114e-01	-1.99645e-01	4.89820e-01	2.51169e-03	-1.76000e-02
-1.24169e-03	-5.42441e-05	1.34055e-05	-1.01400e-05	-4.98718e-01	-1.99487e-01	4.90499e-01	2.34517e-03	-1.76000e-02
-1.20250e-03	-5.25336e-05	1.29768e-05	-1.09337e-05	-4.98374e-01	-1.99349e-01	4.91151e-01	2.18515e-03	-1.76000e-02
-1.16500e-03	-5.08934e-05	1.25797e-05	-1.16018e-05	-4.98052e-01	-1.99220e-01	4.91777e-01	2.03138e-03	-1.76000e-02
-1.12796e-03	-4.92749e-05	1.21804e-05	-1.21594e-05	-4.97716e-01	-1.99086e-01	4.92378e-01	1.88362e-03	-1.76000e-02
-1.09091e-03	-4.76557e-05	1.17830e-05	-1.26240e-05	-4.97455e-01	-1.98981e-01	4.92955e-01	1.74158e-03	-1.76000e-02
-1.04948e-03	-4.58392e-05	1.13644e-05	-1.30434e-05	-4.97121e-01	-1.98848e-01	4.93510e-01	1.60501e-03	-1.76000e-02
-1.00848e-03	-4.40559e-05	1.08888e-05	-1.34335e-05	-4.96937e-01	-1.98774e-01	4.94043e-01	1.47361e-03	-1.76000e-02
-9.67545e-04	-4.22450e-05	1.05385e-05	-1.37803e-05	-4.96648e-01	-1.98659e-01	4.94556e-01	1.34710e-03	-1.76000e-02
-9.28186e-04	-4.05470e-05	1.00267e-05	-1.40494e-05	-4.96457e-01	-1.98583e-01	4.95050e-01	1.22517e-03	-1.76000e-02
-8.89531e-04	-3.88255e-05	9.74248e-06	-1.42467e-05	-4.96260e-01	-1.98504e-01	4.95527e-01	1.10753e-03	-1.76000e-02
-8.45660e-04	-3.69344e-05	9.16593e-06	-1.44047e-05	-4.95929e-01	-1.98371e-01	4.95987e-01	9.93848e-04	-1.76000e-02
-7.98663e-04	-3.48576e-05	8.75426e-06	-1.45790e-05	-4.95934e-01	-1.98373e-01	4.96433e-01	8.83813e-04	-1.76000e-02
-7.42881e-04	-3.24083e-05	8.20222e-06	-1.48279e-05	-4.95449e-01	-1.98179e-01	4.96864e-01	7.77089e-04	-1.76000e-02
-6.72508e-04	-2.93727e-05	7.28598e-06	-1.52099e-05	-4.95608e-01	-1.98243e-01	4.97284e-01	6.73337e-04	-1.76000e-02
-6.02082e-04	-2.61866e-05	6.96810e-06	-1.56914e-05	-4.95266e-01	-1.98106e-01	4.97692e-01	5.72209e-04	-1.76000e-02
-4.97656e-04	-2.17896e-05	5.17435e-06	-1.62518e-05	-4.95118e-01	-1.98047e-01	4.98091e-01	4.73349e-04	-1.76000e-02
-4.43807e-04	-1.91380e-05	5.80029e-06	-1.67782e-05	-4.95782e-01	-1.98312e-01	4.98483e-01	3.76393e-04	-1.76000e-02
-3.36942e-04	-1.47362e-05	3.57045e-06	-1.70974e-05	-4.94570e-01	-1.97828e-01	4.98868e-01	2.80968e-04	-1.76000e-02
-3.95260e-04	-1.70505e-05	5.14109e-06	-1.73647e-05	-4.98791e-01	-1.99516e-01	4.99248e-01	1.86692e-04	-1.76000e-02
-6.60195e-04	-2.70430e-05	1.43720e-05	-1.58942e-05	-4.98581e-01	-1.99432e-01	4.99625e-01	9.31766e-05	-1.76000e-02
-5.57548e-04	-3.43431e-05	-3.41937e-05	-1.06566e-05	-5.04093e-01	-2.01636e-01	5.00000e-01	0.00000e+00	-1.76000e-02
