"Density"	"Momentum:0"	"Momentum:1"	"Momentum:2"	"StagnationEnergy"	"Pressure"	"Points:0"	"Points:1"	"Points:2"
1.73727e-02	-4.36244e-04	1.02540e-03	-8.16914e-04	-3.58751e-01	-1.43522e-01	-5.01880e-01	0.00000e+00	1.67200e-01
3.34415e-03	2.52964e-04	1.85660e-04	-2.42241e-04	-6.05576e-01	-2.42240e-01	-5.01827e-01	2.24938e-03	1.67200e-01
8.03566e-03	2.95449e-04	4.47883e-04	-2.87533e-04	-5.27494e-01	-2.11007e-01	-5.01668e-01	4.49375e-03	1.67200e-01
1.35894e-02	3.44093e-04	7.58169e-04	-3.01560e-04	-6.13648e-01	-2.45471e-01	-5.01402e-01	6.72797e-03	1.67200e-01
1.49507e-02	4.08338e-04	8.14172e-04	-2.79199e-04	-6.43030e-01	-2.57224e-01	-5.01029e-01	8.94691e-03	1.67200e-01
1.68854e-02	4.41143e-04	9.07800e-04	-2.81041e-04	-7.12915e-01	-2.85179e-01	-5.00552e-01	1.11456e-02	1.67200e-01
1.82331e-02	5.02120e-04	9.57389e-04	-2.57052e-04	-7.98515e-01	-3.19420e-01	-4.99971e-01	1.33194e-02	1.67200e-01
1.88213e-02	5.34187e-04	9.67010e-04	-2.49815e-04	-8.55200e-01	-3.42094e-01	-4.99290e-01	1.54639e-02	1.67200e-01
1.92646e-02	5.72596e-04	9.64199e-04	-2.32957e-04	-9.40557e-01	-3.76236e-01	-4.98513e-01	1.75755e-02	1.67200e-01
1.92298e-02	5.98342e-04	9.36029e-04	-2.22710e-04	-9.97307e-01	-3.98936e-01	-4.97689e-01	1.95493e-02	1.67200e-01
1.90460e-02	6.14996e-04	9.02987e-04	-2.15690e-04	-1.05128e+00	-4.20523e-01	-4.96864e-01	2.13290e-02	1.67200e-01
1.87144e-02	6.28654e-04	8.62246e-04	-2.08085e-04	-1.09925e+00	-4.39711e-01	-4.96035e-01	2.29638e-02	1.67200e-01
1.82550e-02	6.33083e-04	8.18499e-04	-2.05977e-04	-1.13351e+00	-4.53417e-01	-4.95202e-01	2.44861e-02	1.67200e-01
1.77762e-02	6.36762e-04	7.74160e-04	-2.02334e-04	-1.16902e+00	-4.67618e-01	-4.94363e-01	2.59187e-02	1.67200e-01
1.72133e-02	6.34508e-04	7.28173e-04	-2.02237e-04	-1.19431e+00	-4.77736e-01	-4.93516e-01	2.72781e-02	1.67200e-01
1.66370e-02	6.30385e-04	6.82753e-04	-2.02043e-04	-1.21794e+00	-4.87188e-01	-4.92661e-01	2.85772e-02	1.67200e-01
1.60346e-02	6.23411e-04	6.37766e-04	-2.03231e-04	-1.23712e+00	-4.94858e-01	-4.91795e-01	2.98259e-02	1.67200e-01
1.54104e-02	6.14019e-04	5.93290e-04	-2.05301e-04	-1.25242e+00	-5.00977e-01	-4.90917e-01	3.10320e-02	1.67200e-01
1.47872e-02	6.03144e-04	5.50227e-04	-2.07786e-04	-1.26568e+00	-5.06283e-01	-4.90027e-01	3.22020e-02	1.67200e-01
1.41499e-02	5.90307e-04	5.07997e-04	-2.11146e-04	-1.27553e+00	-5.10219e-01	-4.89122e-01	3.33412e-02	1.67200e-01
1.35207e-02	5.76465e-04	4.67387e-04	-2.14886e-04	-1.28348e+00	-5.13399e-01	-4.88202e-01	3.44540e-02	1.67200e-01
1.28928e-02	5.61430e-04	4.28139e-04	-2.19097e-04	-1.28929e+00	-5.15723e-01	-4.87265e-01	3.55442e-02	1.67200e-01
1.22761e-02	5.45706e-04	3.90542e-04	-2.23796e-04	-1.29307e+00	-5.17238e-01	-4.86310e-01	3.66150e-02	1.67200e-01
1.16729e-02	5.29434e-04	3.54663e-04	-2.28816e-04	-1.29551e+00	-5.18213e-01	-4.85335e-01	3.76689e-02	1.67200e-01
1.10855e-02	5.12921e-04	3.20415e-04	-2.34385e-04	-1.29636e+00	-5.18551e-01	-4.84341e-01	3.87083e-02	1.67200e-01
1.05151e-02	4.96236e-04	2.87816e-04	-2.40410e-04	-1.29602e+00	-5.18416e-01	-4.83325e-01	3.97353e-02	1.67200e-01
9.96914e-03	4.79861e-04	2.56951e-04	-2.47130e-04	-1.29467e+00	-5.17874e-01	-4.82287e-01	4.07514e-02	1.67200e-01
9.44406e-03	4.63694e-04	2.27652e-04	-2.54413e-04	-1.29236e+00	-5.16951e-01	-4.81225e-01	4.17583e-02	1.67200e-01
8.94475e-03	4.47972e-04	2.00024e-04	-2.62270e-04	-1.28941e+00	-5.15772e-01	-4.80138e-01	4.27571e-02	1.67200e-01
8.47687e-03	4.33090e-04	1.74074e-04	-2.70904e-04	-1.28586e+00	-5.14350e-01	-4.79026e-01	4.37490e-02	1.67200e-01
8.04184e-03	4.19175e-04	1.49737e-04	-2.80434e-04	-1.28192e+00	-5.12776e-01	-4.77887e-01	4.47350e-02	1.67200e-01
7.64017e-03	4.06390e-04	1.26825e-04	-2.91110e-04	-1.27775e+00	-5.11107e-01	-4.76721e-01	4.57158e-02	1.67200e-01
7.26783e-03	3.94653e-04	1.05086e-04	-3.03087e-04	-1.27347e+00	-5.09395e-01	-4.75526e-01	4.66921e-02	1.67200e-01
6.92782e-03	3.84267e-04	8.43459e-05	-3.16826e-04	-1.26927e+00	-5.07714e-01	-4.74301e-01	4.76646e-02	1.67200e-01
6.61169e-03	3.74887e-04	6.42671e-05	-3.32336e-04	-1.26524e+00	-5.06105e-01	-4.73047e-01	4.86337e-02	1.67200e-01
6.31770e-03	3.66530e-04	4.46472e-05	-3.49868e-04	-1.26155e+00	-5.04629e-01	-4.71761e-01	4.95998e-02	1.67200e-01
6.04213e-03	3.59082e-04	2.52628e-05	-3.69607e-04	-1.25833e+00	-5.03341e-01	-4.70443e-01	5.05633e-02	1.67200e-01
5.78312e-03	3.52525e-04	5.92771e-06	-3.91818e-04	-1.25567e+00	-5.02280e-01	-4.69092e-01	5.15245e-02	1.67200e-01
5.53557e-03	3.46647e-04	-1.35709e-05	-4.16636e-04	-1.25376e+00	-5.01515e-01	-4.67708e-01	5.24835e-02	1.67200e-01
5.29446e-03	3.41191e-04	-3.33547e-05	-4.44026e-04	-1.25266e+00	-5.01077e-01	-4.66289e-01	5.34405e-02	1.67200e-01
5.05695e-03	3.35999e-04	-5.34878e-05	-4.73966e-04	-1.25252e+00	-5.01022e-01	-4.64835e-01	5.43956e-02	1.67200e-01
4.81507e-03	3.30616e-04	-7.40307e-05	-5.06174e-04	-1.25352e+00	-5.01423e-01	-4.63346e-01	5.53488e-02	1.67200e-01
4.56330e-03	3.24696e-04	-9.49652e-05	-5.40364e-04	-1.25573e+00	-5.02312e-01	-4.61820e-01	5.63002e-02	1.67200e-01
4.29394e-03	3.17751e-04	-1.16229e-04	-5.75995e-04	-1.25940e+00	-5.03780e-01	-4.60256e-01	5.72498e-02	1.67200e-01
3.99753e-03	3.09107e-04	-1.37562e-04	-6.11974e-04	-1.26454e+00	-5.05842e-01	-4.58655e-01	5.81974e-02	1.67200e-01
3.67313e-03	2.98690e-04	-1.58855e-04	-6.48045e-04	-1.27119e+00	-5.08505e-01	-4.57016e-01	5.91431e-02	1.67200e-01
3.31202e-03	2.86246e-04	-1.80469e-04	-6.84912e-04	-1.27952e+00	-5.11845e-01	-4.55338e-01	6.00866e-02	1.67200e-01
2.90987e-03	2.71737e-04	-2.02716e-04	-7.23246e-04	-1.28895e+00	-5.15623e-01	-4.53620e-01	6.10279e-02	1.67200e-01
2.45815e-03	2.54717e-04	-2.25572e-04	-7.62503e-04	-1.29900e+00	-5.19655e-01	-4.51862e-01	6.19667e-02	1.67200e-01
1.93307e-03	2.33910e-04	-2.49047e-04	-8.01603e-04	-1.30871e+00	-5.23564e-01	-4.50063e-01	6.29029e-02	1.67200e-01
1.33962e-03	2.09348e-04	-2.72524e-04	-8.38858e-04	-1.31638e+00	-5.26675e-01	-4.48223e-01	6.38363e-02	1.67200e-01
7.67416e-04	1.84406e-04	-2.92879e-04	-8.70540e-04	-1.32059e+00	-5.28463e-01	-4.46342e-01	6.47666e-02	1.67200e-01
3.01128e-04	1.62229e-04	-3.07011e-04	-8.92884e-04	-1.31987e+00	-5.28556e-01	-4.44419e-01	6.56937e-02	1.67200e-01
-1.26176e-04	1.39900e-04	-3.16113e-04	-9.04783e-04	-1.31581e+00	-5.24837e-01	-4.42453e-01	6.66171e-02	1.67200e-01
-4.73442e-04	1.19023e-04	-3.18666e-04	-9.04203e-04	-1.30666e+00	-5.22268e-01	-4.40444e-01	6.75368e-02	1.67200e-01
-4.81023e-04	1.10596e-04	-3.08399e-04	-8.85756e-04	-1.28895e+00	-5.15210e-01	-4.38393e-01	6.84524e-02	1.67200e-01
-4.32433e-04	1.03405e-04	-2.93460e-04	-8.56900e-04	-1.27287e+00	-5.08765e-01	-4.36297e-01	6.93636e-02	1.67200e-01
-8.10163e-04	7.72659e-05	-2.85184e-04	-8.26454e-04	-1.25791e+00	-5.02973e-01	-4.34158e-01	7.02701e-02	1.67200e-01
-1.15455e-03	5.25642e-05	-2.75063e-04	-7.88260e-04	-1.23018e+00	-4.91950e-01	-4.31974e-01	7.11716e-02	1.67200e-01
-8.05140e-04	5.73978e-05	-2.48569e-04	-7.38740e-04	-1.19580e+00	-4.78168e-01	-4.29746e-01	7.20677e-02	1.67200e-01
5.56114e-06	8.24255e-05	-2.12444e-04	-6.83142e-04	-1.16192e+00	-4.83420e-01	-4.27472e-01	7.29583e-02	1.67200e-01
5.73865e-04	9.85192e-05	-1.84343e-04	-6.30009e-04	-1.13351e+00	-4.53559e-01	-4.25154e-01	7.38429e-02	1.67200e-01
4.92675e-04	8.69115e-05	-1.69232e-04	-5.87821e-04	-1.11650e+00	-4.46753e-01	-4.22791e-01	7.47212e-02	1.67200e-01
5.15533e-04	7.99900e-05	-1.51556e-04	-5.39197e-04	-1.09876e+00	-4.39627e-01	-4.20381e-01	7.55928e-02	1.67200e-01
9.66009e-04	9.24750e-05	-1.27193e-04	-4.88000e-04	-1.07762e+00	-4.31102e-01	-4.17926e-01	7.64575e-02	1.67200e-01
1.26897e-03	9.97376e-05	-1.08250e-04	-4.45967e-04	-1.05770e+00	-4.23113e-01	-4.15426e-01	7.73148e-02	1.67200e-01
1.53777e-03	1.05093e-04	-8.79093e-05	-3.92380e-04	-1.03565e+00	-4.14283e-01	-4.12879e-01	7.81645e-02	1.67200e-01
1.94056e-03	1.16509e-04	-6.49780e-05	-3.35021e-04	-1.01925e+00	-4.07715e-01	-4.10285e-01	7.90061e-02	1.67200e-01
2.16314e-03	1.22350e-04	-5.17057e-05	-3.03692e-04	-1.00838e+00	-4.03363e-01	-4.07646e-01	7.98394e-02	1.67200e-01
2.07400e-03	1.15809e-04	-4.73578e-05	-2.87488e-04	-9.95502e-01	-3.98210e-01	-4.04960e-01	8.06640e-02	1.67200e-01
1.84190e-03	1.02910e-04	-4.46317e-05	-2.63647e-04	-9.79477e-01	-3.91800e-01	-4.02227e-01	8.14796e-02	1.67200e-01
1.74164e-03	9.58504e-05	-3.94114e-05	-2.38056e-04	-9.63856e-01	-3.85550e-01	-3.99448e-01	8.22857e-02	1.67200e-01
2.03069e-03	1.06955e-04	-3.12542e-05	-2.19448e-04	-9.54331e-01	-3.81738e-01	-3.96622e-01	8.30821e-02	1.67200e-01
2.31832e-03	1.18345e-04	-2.42075e-05	-2.10938e-04	-9.52973e-01	-3.81194e-01	-3.93749e-01	8.38683e-02	1.67200e-01
2.43877e-03	1.22129e-04	-1.86611e-05	-1.96852e-04	-9.50353e-01	-3.80146e-01	-3.90830e-01	8.46442e-02	1.67200e-01
2.43184e-03	1.19168e-04	-1.03282e-05	-1.63701e-04	-9.43884e-01	-3.77557e-01	-3.87864e-01	8.54092e-02	1.67200e-01
2.12564e-03	1.03312e-04	-7.09390e-06	-1.34137e-04	-9.35447e-01	-3.74181e-01	-3.84851e-01	8.61632e-02	1.67200e-01
1.76163e-03	8.59571e-05	-8.49122e-06	-1.21222e-04	-9.25477e-01	-3.70193e-01	-3.81792e-01	8.69057e-02	1.67200e-01
1.57276e-03	7.67456e-05	-8.73851e-06	-1.11777e-04	-9.15078e-01	-3.66033e-01	-3.78686e-01	8.76364e-02	1.67200e-01
1.30507e-03	6.38884e-05	-9.13778e-06	-1.02434e-04	-9.07868e-01	-3.63150e-01	-3.75534e-01	8.83550e-02	1.67200e-01
9.29984e-04	4.62935e-05	-1.07764e-05	-9.42626e-05	-9.04368e-01	-3.61749e-01	-3.72335e-01	8.90612e-02	1.67200e-01
7.53740e-04	3.78250e-05	-1.08927e-05	-8.55160e-05	-8.98774e-01	-3.59512e-01	-3.69090e-01	8.97547e-02	1.67200e-01
8.95296e-04	4.37218e-05	-7.93191e-06	-7.70963e-05	-8.90337e-01	-3.56136e-01	-3.65799e-01	9.04351e-02	1.67200e-01
1.00388e-03	4.80498e-05	-4.78536e-06	-6.74506e-05	-8.84144e-01	-3.53659e-01	-3.62462e-01	9.11021e-02	1.67200e-01
8.11591e-04	3.86821e-05	-3.57817e-06	-5.38777e-05	-8.81629e-01	-3.52653e-01	-3.59078e-01	9.17555e-02	1.67200e-01
5.72952e-04	2.71908e-05	-2.28210e-06	-3.89410e-05	-8.81249e-01	-3.52500e-01	-3.55650e-01	9.23950e-02	1.67200e-01
5.33023e-04	2.50546e-05	-1.11697e-06	-3.12803e-05	-8.79191e-01	-3.51677e-01	-3.52176e-01	9.30202e-02	1.67200e-01
5.76724e-04	2.70163e-05	-1.01267e-06	-2.99747e-05	-8.74442e-01	-3.49777e-01	-3.48656e-01	9.36308e-02	1.67200e-01
6.04711e-04	2.80709e-05	1.46553e-07	-2.43672e-05	-8.71472e-01	-3.48589e-01	-3.45092e-01	9.42267e-02	1.67200e-01
6.48660e-04	2.96752e-05	2.58939e-06	-1.32001e-05	-8.71976e-01	-3.48791e-01	-3.41482e-01	9.48076e-02	1.67200e-01
7.11044e-04	3.21636e-05	4.99868e-06	-2.51532e-06	-8.73863e-01	-3.49546e-01	-3.37829e-01	9.53731e-02	1.67200e-01
6.82733e-04	3.07813e-05	5.34853e-06	1.74510e-06	-8.75630e-01	-3.50252e-01	-3.34130e-01	9.59230e-02	1.67200e-01
4.75091e-04	2.15136e-05	2.96836e-06	-3.19862e-06	-8.76703e-01	-3.50681e-01	-3.30388e-01	9.64572e-02	1.67200e-01
1.19327e-04	5.54949e-06	-3.72062e-07	-8.37000e-06	-8.75206e-01	-3.50083e-01	-3.26602e-01	9.69753e-02	1.67200e-01
-1.94698e-04	-8.74981e-06	-1.64773e-06	-3.32195e-06	-8.72143e-01	-3.48857e-01	-3.22773e-01	9.74771e-02	1.67200e-01
-2.74101e-04	-1.26138e-05	1.22392e-07	7.93364e-06	-8.71356e-01	-3.48542e-01	-3.18901e-01	9.79624e-02	1.67200e-01
-1.35455e-04	-6.46929e-06	2.14749e-06	1.40385e-05	-8.71794e-01	-3.48717e-01	-3.14985e-01	9.84310e-02	1.67200e-01
-3.09749e-05	-1.70367e-06	2.54449e-06	1.39176e-05	-8.70494e-01	-3.48196e-01	-3.11028e-01	9.88827e-02	1.67200e-01
-2.49883e-04	-1.15578e-05	1.07037e-06	1.26238e-05	-8.69426e-01	-3.47770e-01	-3.07028e-01	9.93173e-02	1.67200e-01
-7.95031e-04	-3.62116e-05	-1.59575e-06	1.07980e-05	-8.69002e-01	-3.47601e-01	-3.02987e-01	9.97347e-02	1.67200e-01
-1.25709e-03	-5.70812e-05	-3.89064e-06	7.61961e-06	-8.65251e-01	-3.46100e-01	-2.98904e-01	1.00135e-01	1.67200e-01
-1.31429e-03	-5.96563e-05	-3.89674e-06	6.73799e-06	-8.59357e-01	-3.43742e-01	-2.94781e-01	1.00517e-01	1.67200e-01
-1.11044e-03	-5.04988e-05	-1.82301e-06	1.42087e-05	-8.55615e-01	-3.42245e-01	-2.90617e-01	1.00881e-01	1.67200e-01
-9.76687e-04	-4.45445e-05	3.87572e-07	2.58056e-05	-8.54256e-01	-3.41702e-01	-2.86413e-01	1.01228e-01	1.67200e-01
-1.03972e-03	-4.74013e-05	7.20097e-07	2.83422e-05	-8.52829e-01	-3.41131e-01	-2.82170e-01	1.01556e-01	1.67200e-01
-1.16276e-03	-5.28853e-05	-3.42018e-07	2.27132e-05	-8.49742e-01	-3.39896e-01	-2.77887e-01	1.01867e-01	1.67200e-01
-1.11649e-03	-5.07671e-05	4.14090e-09	2.32156e-05	-8.46653e-01	-3.38661e-01	-2.73566e-01	1.02159e-01	1.67200e-01
-8.94517e-04	-4.07451e-05	1.64291e-06	3.04349e-05	-8.45090e-01	-3.38035e-01	-2.69206e-01	1.02432e-01	1.67200e-01
-7.28839e-04	-3.32347e-05	2.48539e-06	3.33940e-05	-8.44645e-01	-3.37857e-01	-2.64809e-01	1.02688e-01	1.67200e-01
-7.52423e-04	-3.42645e-05	2.30790e-06	3.17558e-05	-8.44544e-01	-3.37817e-01	-2.60374e-01	1.02924e-01	1.67200e-01
-8.84585e-04	-4.02183e-05	2.07556e-06	3.12716e-05	-8.44049e-01	-3.37619e-01	-2.55903e-01	1.03142e-01	1.67200e-01
-1.00991e-03	-4.58575e-05	1.79607e-06	2.98275e-05	-8.42562e-01	-3.37024e-01	-2.51396e-01	1.03341e-01	1.67200e-01
-1.03946e-03	-4.71482e-05	1.31955e-06	2.56038e-05	-8.39714e-01	-3.35885e-01	-2.46853e-01	1.03522e-01	1.67200e-01
-9.75578e-04	-4.42272e-05	1.30132e-06	2.35280e-05	-8.36944e-01	-3.34777e-01	-2.42275e-01	1.03683e-01	1.67200e-01
-1.03742e-03	-4.70089e-05	1.51873e-06	2.52422e-05	-8.36208e-01	-3.34483e-01	-2.37662e-01	1.03826e-01	1.67200e-01
-1.30460e-03	-5.90800e-05	1.72330e-06	2.78778e-05	-8.34581e-01	-3.33832e-01	-2.33015e-01	1.03950e-01	1.67200e-01
-1.44586e-03	-6.54465e-05	1.93194e-06	3.03779e-05	-8.29353e-01	-3.31741e-01	-2.28335e-01	1.04055e-01	1.67200e-01
-1.33479e-03	-6.04011e-05	2.35045e-06	3.19359e-05	-8.24819e-01	-3.29927e-01	-2.23622e-01	1.04141e-01	1.67200e-01
-1.29433e-03	-5.85459e-05	2.46541e-06	3.07055e-05	-8.21900e-01	-3.28759e-01	-2.18876e-01	1.04208e-01	1.67200e-01
-1.41476e-03	-6.39599e-05	2.06922e-06	2.60468e-05	-8.17232e-01	-3.26892e-01	-2.14099e-01	1.04256e-01	1.67200e-01
-1.51061e-03	-6.82659e-05	1.69224e-06	1.98109e-05	-8.12868e-01	-3.25146e-01	-2.09291e-01	1.04286e-01	1.67200e-01
-1.56485e-03	-7.06948e-05	1.62209e-06	1.61186e-05	-8.10221e-01	-3.24088e-01	-2.04452e-01	1.04296e-01	1.67200e-01
-1.60520e-03	-7.24963e-05	1.93118e-06	1.69166e-05	-8.06755e-01	-3.22701e-01	-1.99584e-01	1.04288e-01	1.67200e-01
-1.63545e-03	-7.38414e-05	2.14721e-06	1.75382e-05	-8.03054e-01	-3.21221e-01	-1.94686e-01	1.04261e-01	1.67200e-01
-1.73836e-03	-7.84689e-05	2.18385e-06	1.43591e-05	-8.00012e-01	-3.20004e-01	-1.89759e-01	1.04215e-01	1.67200e-01
-1.85105e-03	-8.35368e-05	2.29395e-06	1.13500e-05	-7.95658e-01	-3.18262e-01	-1.84805e-01	1.04151e-01	1.67200e-01
-1.82185e-03	-8.21965e-05	2.59856e-06	1.19597e-05	-7.90911e-01	-3.16364e-01	-1.79823e-01	1.04069e-01	1.67200e-01
-1.75151e-03	-7.89975e-05	2.92959e-06	1.36297e-05	-7.87344e-01	-3.14937e-01	-1.74815e-01	1.03967e-01	1.67200e-01
-1.79914e-03	-8.11246e-05	3.21982e-06	1.40339e-05	-7.83174e-01	-3.13269e-01	-1.69781e-01	1.03848e-01	1.67200e-01
-1.88088e-03	-8.47849e-05	3.70675e-06	1.60661e-05	-7.78415e-01	-3.11365e-01	-1.64722e-01	1.03710e-01	1.67200e-01
-1.88059e-03	-8.47314e-05	4.48657e-06	2.27037e-05	-7.74294e-01	-3.09717e-01	-1.59637e-01	1.03554e-01	1.67200e-01
-1.81942e-03	-8.19291e-05	5.18438e-06	3.04024e-05	-7.70282e-01	-3.08112e-01	-1.54530e-01	1.03381e-01	1.67200e-01
-1.76900e-03	-7.96242e-05	5.51015e-06	3.38036e-05	-7.66343e-01	-3.06536e-01	-1.49398e-01	1.03189e-01	1.67200e-01
-1.76080e-03	-7.92324e-05	5.62831e-06	3.34540e-05	-7.62258e-01	-3.04902e-01	-1.44245e-01	1.02980e-01	1.67200e-01
-1.77364e-03	-7.97904e-05	5.75731e-06	3.26962e-05	-7.57560e-01	-3.03023e-01	-1.39069e-01	1.02753e-01	1.67200e-01
-1.79020e-03	-8.05115e-05	5.99547e-06	3.22578e-05	-7.52883e-01	-3.01152e-01	-1.33873e-01	1.02508e-01	1.67200e-01
-1.77245e-03	-7.96896e-05	6.11892e-06	3.15460e-05	-7.48303e-01	-2.99320e-01	-1.28656e-01	1.02247e-01	1.67200e-01
-1.64203e-03	-7.38002e-05	5.91467e-06	2.97645e-05	-7.43964e-01	-2.97585e-01	-1.23419e-01	1.01968e-01	1.67200e-01
-1.42604e-03	-6.40655e-05	5.42616e-06	2.79190e-05	-7.40828e-01	-2.96331e-01	-1.18164e-01	1.01672e-01	1.67200e-01
-1.27221e-03	-5.71205e-05	5.25579e-06	2.99856e-05	-7.38656e-01	-2.95462e-01	-1.12890e-01	1.01360e-01	1.67200e-01
-1.22801e-03	-5.50935e-05	5.59696e-06	3.71970e-05	-7.36652e-01	-2.94660e-01	-1.07599e-01	1.01031e-01	1.67200e-01
-1.14062e-03	-5.11094e-05	6.01259e-06	4.74780e-05	-7.34455e-01	-2.93781e-01	-1.02291e-01	1.00686e-01	1.67200e-01
-9.18839e-04	-4.10843e-05	5.97839e-06	5.94235e-05	-7.32614e-01	-2.93044e-01	-9.69678e-02	1.00325e-01	1.67200e-01
-8.14333e-04	-3.63441e-05	6.09427e-06	6.79729e-05	-7.31986e-01	-2.92793e-01	-9.16290e-02	9.99475e-02	1.67200e-01
-1.08887e-03	-4.86731e-05	6.92182e-06	6.62212e-05	-7.29570e-01	-2.91827e-01	-8.62758e-02	9.95545e-02	1.67200e-01
-1.52376e-03	-6.82210e-05	8.07919e-06	5.93210e-05	-7.23286e-01	-2.89313e-01	-8.09089e-02	9.91461e-02	1.67200e-01
-1.74478e-03	-7.81150e-05	9.11014e-06	6.01673e-05	-7.16278e-01	-2.86510e-01	-7.55292e-02	9.87223e-02	1.67200e-01
-1.74587e-03	-7.81170e-05	9.54126e-06	6.72865e-05	-7.09496e-01	-2.83797e-01	-7.01373e-02	9.82834e-02	1.67200e-01
-1.73764e-03	-7.77274e-05	9.60863e-06	6.76927e-05	-7.01647e-01	-2.80658e-01	-6.47342e-02	9.78298e-02	1.67200e-01
-1.82401e-03	-8.16140e-05	9.69030e-06	5.94841e-05	-6.93215e-01	-2.77285e-01	-5.93204e-02	9.73616e-02	1.67200e-01
-1.91782e-03	-8.58268e-05	9.90735e-06	5.20362e-05	-6.83938e-01	-2.73574e-01	-5.38969e-02	9.68790e-02	1.67200e-01
-1.88896e-03	-8.45211e-05	9.81465e-06	4.87093e-05	-6.74136e-01	-2.69653e-01	-4.84644e-02	9.63823e-02	1.67200e-01
-1.78942e-03	-8.00500e-05	9.39825e-06	4.56659e-05	-6.66132e-01	-2.66452e-01	-4.30237e-02	9.58718e-02	1.67200e-01
-1.76438e-03	-7.89190e-05	9.30771e-06	4.21215e-05	-6.59807e-01	-2.63922e-01	-3.75756e-02	9.53477e-02	1.67200e-01
-1.78712e-03	-7.99220e-05	9.50219e-06	4.12492e-05	-6.53330e-01	-2.61331e-01	-3.21208e-02	9.48102e-02	1.67200e-01
-1.76235e-03	-7.87832e-05	9.61468e-06	4.37616e-05	-6.46901e-01	-2.58759e-01	-2.66602e-02	9.42596e-02	1.67200e-01
-1.70795e-03	-7.63182e-05	9.58228e-06	4.65148e-05	-6.40673e-01	-2.56268e-01	-2.11946e-02	9.36963e-02	1.67200e-01
-1.62774e-03	-7.27086e-05	9.32066e-06	4.67019e-05	-6.33957e-01	-2.53582e-01	-1.57247e-02	9.31203e-02	1.67200e-01
-1.49953e-03	-6.69587e-05	8.75066e-06	4.40526e-05	-6.27621e-01	-2.51047e-01	-1.02514e-02	9.25321e-02	1.67200e-01
-1.40197e-03	-6.25944e-05	8.21199e-06	3.94564e-05	-6.22479e-01	-2.48991e-01	-4.77543e-03	9.19319e-02	1.67200e-01
-1.38438e-03	-6.18117e-05	8.04662e-06	3.43684e-05	-6.17630e-01	-2.47051e-01	7.02393e-04	9.13199e-02	1.67200e-01
-1.36814e-03	-6.10865e-05	7.92236e-06	2.99036e-05	-6.12923e-01	-2.45169e-01	6.18126e-03	9.06964e-02	1.67200e-01
-1.33394e-03	-5.95549e-05	7.73604e-06	2.62314e-05	-6.09472e-01	-2.43788e-01	1.16604e-02	9.00617e-02	1.67200e-01
-1.36012e-03	-6.07191e-05	7.90476e-06	2.35512e-05	-6.06666e-01	-2.42666e-01	1.71389e-02	8.94161e-02	1.67200e-01
-1.44968e-03	-6.47115e-05	8.44968e-06	2.22813e-05	-6.03085e-01	-2.41233e-01	2.26161e-02	8.87598e-02	1.67200e-01
-1.54267e-03	-6.88491e-05	9.08172e-06	2.26510e-05	-5.98841e-01	-2.39536e-01	2.80912e-02	8.80932e-02	1.67200e-01
-1.60652e-03	-7.16788e-05	9.59621e-06	2.40291e-05	-5.93866e-01	-2.37546e-01	3.35633e-02	8.74164e-02	1.67200e-01
-1.61385e-03	-7.19880e-05	9.76285e-06	2.49925e-05	-5.88168e-01	-2.35266e-01	3.90316e-02	8.67299e-02	1.67200e-01
-1.54989e-03	-6.91141e-05	9.52179e-06	2.52295e-05	-5.82770e-01	-2.33107e-01	4.44954e-02	8.60338e-02	1.67200e-01
-1.43353e-03	-6.39048e-05	8.94848e-06	2.54687e-05	-5.77684e-01	-2.31073e-01	4.99538e-02	8.53285e-02	1.67200e-01
-1.29253e-03	-5.76012e-05	8.19267e-06	2.51288e-05	-5.72960e-01	-2.29184e-01	5.54061e-02	8.46141e-02	1.67200e-01
-1.16966e-03	-5.21115e-05	7.50687e-06	2.34240e-05	-5.69268e-01	-2.27706e-01	6.08514e-02	8.38911e-02	1.67200e-01
-1.08685e-03	-4.84132e-05	7.02933e-06	2.14329e-05	-5.66171e-01	-2.26468e-01	6.62889e-02	8.31597e-02	1.67200e-01
-1.02271e-03	-4.55471e-05	6.66983e-06	2.01614e-05	-5.63559e-01	-2.25423e-01	7.17179e-02	8.24202e-02	1.67200e-01
-9.81989e-04	-4.37253e-05	6.45664e-06	1.90243e-05	-5.61858e-01	-2.24743e-01	7.71375e-02	8.16728e-02	1.67200e-01
-9.78396e-04	-4.35591e-05	6.47021e-06	1.78212e-05	-5.60421e-01	-2.24168e-01	8.25471e-02	8.09178e-02	1.67200e-01
-9.71804e-04	-4.32578e-05	6.47445e-06	1.72839e-05	-5.58850e-01	-2.23540e-01	8.79457e-02	8.01556e-02	1.67200e-01
-9.37355e-04	-4.17149e-05	6.30490e-06	1.70935e-05	-5.57694e-01	-2.23077e-01	9.33326e-02	7.93863e-02	1.67200e-01
-9.10285e-04	-4.05023e-05	6.17202e-06	1.60553e-05	-5.56959e-01	-2.22783e-01	9.87070e-02	7.86104e-02	1.67200e-01
-9.12122e-04	-4.05796e-05	6.20948e-06	1.42728e-05	-5.56181e-01	-2.22472e-01	1.04068e-01	7.78280e-02	1.67200e-01
-9.23860e-04	-4.10960e-05	6.32338e-06	1.31950e-05	-5.55316e-01	-2.22126e-01	1.09415e-01	7.70394e-02	1.67200e-01
-9.23966e-04	-4.10912e-05	6.38365e-06	1.37115e-05	-5.54510e-01	-2.21803e-01	1.14747e-01	7.62449e-02	1.67200e-01
-9.05778e-04	-4.02699e-05	6.33681e-06	1.52638e-05	-5.53951e-01	-2.21580e-01	1.20064e-01	7.54448e-02	1.67200e-01
-8.75156e-04	-3.88959e-05	6.20087e-06	1.65343e-05	-5.53712e-01	-2.21484e-01	1.25364e-01	7.46393e-02	1.67200e-01
-8.43868e-04	-3.74966e-05	6.03229e-06	1.67861e-05	-5.53655e-01	-2.21462e-01	1.30648e-01	7.38288e-02	1.67200e-01
-8.20744e-04	-3.64621e-05	5.90814e-06	1.61494e-05	-5.53708e-01	-2.21483e-01	1.35913e-01	7.30135e-02	1.67200e-01
-8.08074e-04	-3.58942e-05	5.84621e-06	1.49740e-05	-5.53751e-01	-2.21500e-01	1.41160e-01	7.21937e-02	1.67200e-01
-8.01109e-04	-3.55804e-05	5.82096e-06	1.35742e-05	-5.53688e-01	-2.21475e-01	1.46387e-01	7.13696e-02	1.67200e-01
-7.99708e-04	-3.55132e-05	5.83932e-06	1.22932e-05	-5.53614e-01	-2.21445e-01	1.51594e-01	7.05415e-02	1.67200e-01
-8.08948e-04	-3.59182e-05	5.93700e-06	1.13910e-05	-5.53585e-01	-2.21434e-01	1.56780e-01	6.97097e-02	1.67200e-01
-8.23318e-04	-3.65504e-05	6.07694e-06	1.09205e-05	-5.53572e-01	-2.21428e-01	1.61945e-01	6.88744e-02	1.67200e-01
-8.28578e-04	-3.67773e-05	6.15418e-06	1.07014e-05	-5.53594e-01	-2.21437e-01	1.67087e-01	6.80360e-02	1.67200e-01
-8.21693e-04	-3.64645e-05	6.14519e-06	1.04926e-05	-5.53698e-01	-2.21479e-01	1.72206e-01	6.71946e-02	1.67200e-01
-8.13538e-04	-3.60957e-05	6.12382e-06	1.00833e-05	-5.53894e-01	-2.21557e-01	1.77301e-01	6.63505e-02	1.67200e-01
-8.14125e-04	-3.61159e-05	6.16177e-06	9.22470e-06	-5.54149e-01	-2.21659e-01	1.82372e-01	6.55041e-02	1.67200e-01
-8.19938e-04	-3.63689e-05	6.23290e-06	7.75905e-06	-5.54405e-01	-2.21762e-01	1.87418e-01	6.46554e-02	1.67200e-01
-8.20981e-04	-3.64110e-05	6.26458e-06	5.94505e-06	-5.54663e-01	-2.21865e-01	1.92437e-01	6.38049e-02	1.67200e-01
-8.13951e-04	-3.60942e-05	6.23898e-06	4.41998e-06	-5.55004e-01	-2.22001e-01	1.97430e-01	6.29528e-02	1.67200e-01
-8.04410e-04	-3.56648e-05	6.20175e-06	3.75450e-06	-5.55455e-01	-2.22182e-01	2.02396e-01	6.20992e-02	1.67200e-01
-7.96485e-04	-3.53061e-05	6.18201e-06	3.97969e-06	-5.55988e-01	-2.22395e-01	2.07334e-01	6.12445e-02	1.67200e-01
-7.93069e-04	-3.51471e-05	6.19823e-06	4.53201e-06	-5.56571e-01	-2.22628e-01	2.12243e-01	6.03889e-02	1.67200e-01
-7.98112e-04	-3.53636e-05	6.27636e-06	4.64168e-06	-5.57160e-01	-2.22864e-01	2.17122e-01	5.95327e-02	1.67200e-01
-8.10051e-04	-3.58870e-05	6.40162e-06	3.76015e-06	-5.57718e-01	-2.23087e-01	2.21972e-01	5.86761e-02	1.67200e-01
-8.20093e-04	-3.63274e-05	6.50507e-06	1.84541e-06	-5.58291e-01	-2.23316e-01	2.26791e-01	5.78193e-02	1.67200e-01
-8.24978e-04	-3.65398e-05	6.56606e-06	-5.35299e-07	-5.58961e-01	-2.23584e-01	2.31578e-01	5.69626e-02	1.67200e-01
-8.31218e-04	-3.68113e-05	6.64222e-06	-2.50025e-06	-5.59675e-01	-2.23870e-01	2.36334e-01	5.61063e-02	1.67200e-01
-8.39884e-04	-3.71889e-05	6.74527e-06	-3.34515e-06	-5.60299e-01	-2.24119e-01	2.41057e-01	5.52505e-02	1.67200e-01
-8.45481e-04	-3.74288e-05	6.83348e-06	-2.92518e-06	-5.60850e-01	-2.24340e-01	2.45746e-01	5.43955e-02	1.67200e-01
-8.51590e-04	-3.76905e-05	6.93028e-06	-1.86396e-06	-5.61425e-01	-2.24570e-01	2.50402e-01	5.35416e-02	1.67200e-01
-8.66721e-04	-3.83518e-05	7.09865e-06	-1.14252e-06	-5.61976e-01	-2.24790e-01	2.55024e-01	5.26889e-02	1.67200e-01
-8.89440e-04	-3.93494e-05	7.32571e-06	-1.19561e-06	-5.62412e-01	-2.24964e-01	2.59610e-01	5.18378e-02	1.67200e-01
-9.11455e-04	-4.03161e-05	7.54576e-06	-1.69889e-06	-5.62759e-01	-2.25103e-01	2.64161e-01	5.09883e-02	1.67200e-01
-9.30649e-04	-4.11574e-05	7.74540e-06	-2.18536e-06	-5.63066e-01	-2.25226e-01	2.68676e-01	5.01409e-02	1.67200e-01
-9.48845e-04	-4.19541e-05	7.93890e-06	-2.50048e-06	-5.63312e-01	-2.25325e-01	2.73153e-01	4.92956e-02	1.67200e-01
-9.64487e-04	-4.26375e-05	8.11314e-06	-2.86620e-06	-5.63505e-01	-2.25401e-01	2.77594e-01	4.84527e-02	1.67200e-01
-9.76610e-04	-4.31654e-05	8.25678e-06	-3.64041e-06	-5.63678e-01	-2.25471e-01	2.81996e-01	4.76125e-02	1.67200e-01
-9.90242e-04	-4.37606e-05	8.40984e-06	-4.76059e-06	-5.63841e-01	-2.25536e-01	2.86360e-01	4.67751e-02	1.67200e-01
-1.01109e-03	-4.46741e-05	8.62847e-06	-5.49019e-06	-5.64028e-01	-2.25611e-01	2.90685e-01	4.59408e-02	1.67200e-01
-1.04131e-03	-4.59990e-05	8.93729e-06	-5.06447e-06	-5.64238e-01	-2.25695e-01	2.94971e-01	4.51098e-02	1.67200e-01
-1.08129e-03	-4.77545e-05	9.33619e-06	-3.60898e-06	-5.64373e-01	-2.25749e-01	2.99217e-01	4.42824e-02	1.67200e-01
-1.12651e-03	-4.97411e-05	9.77995e-06	-2.00602e-06	-5.64369e-01	-2.25747e-01	3.03422e-01	4.34586e-02	1.67200e-01
-1.17014e-03	-5.16572e-05	1.02102e-05	-9.00447e-07	-5.64254e-01	-2.25701e-01	3.07586e-01	4.26387e-02	1.67200e-01
-1.20946e-03	-5.33827e-05	1.06049e-05	-3.77139e-07	-5.64079e-01	-2.25631e-01	3.11709e-01	4.18230e-02	1.67200e-01
-1.24731e-03	-5.50435e-05	1.09876e-05	-4.26509e-07	-5.63824e-01	-2.25529e-01	3.15790e-01	4.10116e-02	1.67200e-01
-1.27891e-03	-5.64279e-05	1.13152e-05	-1.08126e-06	-5.63450e-01	-2.25380e-01	3.19828e-01	4.02048e-02	1.67200e-01
-1.29409e-03	-5.70872e-05	1.15016e-05	-2.09599e-06	-5.63099e-01	-2.25239e-01	3.23824e-01	3.94027e-02	1.67200e-01
-1.30025e-03	-5.73480e-05	1.16099e-05	-2.80478e-06	-5.62866e-01	-2.25146e-01	3.27776e-01	3.86056e-02	1.67200e-01
-1.31169e-03	-5.78428e-05	1.17612e-05	-2.69798e-06	-5.62568e-01	-2.25027e-01	3.31685e-01	3.78136e-02	1.67200e-01
-1.32477e-03	-5.84093e-05	1.19279e-05	-2.01543e-06	-5.62112e-01	-2.24844e-01	3.35549e-01	3.70270e-02	1.67200e-01
-1.32998e-03	-5.86270e-05	1.20351e-05	-1.29725e-06	-5.61701e-01	-2.24680e-01	3.39369e-01	3.62459e-02	1.67200e-01
-1.33382e-03	-5.87836e-05	1.21308e-05	-7.98555e-07	-5.61400e-01	-2.24559e-01	3.43145e-01	3.54705e-02	1.67200e-01
-1.34707e-03	-5.93571e-05	1.23017e-05	-6.10465e-07	-5.61069e-01	-2.24427e-01	3.46875e-01	3.47010e-02	1.67200e-01
-1.37112e-03	-6.04077e-05	1.25650e-05	-8.39759e-07	-5.60600e-01	-2.24239e-01	3.50559e-01	3.39376e-02	1.67200e-01
-1.39818e-03	-6.15905e-05	1.28575e-05	-1.57842e-06	-5.59993e-01	-2.23997e-01	3.54198e-01	3.31805e-02	1.67200e-01
-1.41548e-03	-6.23421e-05	1.30673e-05	-2.80391e-06	-5.59377e-01	-2.23750e-01	3.57790e-01	3.24298e-02	1.67200e-01
-1.42289e-03	-6.26558e-05	1.31943e-05	-4.31458e-06	-5.58870e-01	-2.23547e-01	3.61336e-01	3.16857e-02	1.67200e-01
-1.43497e-03	-6.31767e-05	1.33587e-05	-5.80219e-06	-5.58359e-01	-2.23343e-01	3.64835e-01	3.09485e-02	1.67200e-01
-1.45740e-03	-6.41551e-05	1.36115e-05	-6.86545e-06	-5.57698e-01	-2.23078e-01	3.68287e-01	3.02182e-02	1.67200e-01
-1.48140e-03	-6.52018e-05	1.38823e-05	-7.05578e-06	-5.56931e-01	-2.22772e-01	3.71692e-01	2.94951e-02	1.67200e-01
-1.50279e-03	-6.61304e-05	1.41421e-05	-6.30445e-06	-5.56137e-01	-2.22454e-01	3.75049e-01	2.87792e-02	1.67200e-01
-1.52489e-03	-6.70904e-05	1.44085e-05	-5.11136e-06	-5.55303e-01	-2.22121e-01	3.78358e-01	2.80708e-02	1.67200e-01
-1.54849e-03	-6.81176e-05	1.46841e-05	-3.99755e-06	-5.54439e-01	-2.21775e-01	3.81618e-01	2.73701e-02	1.67200e-01
-1.57512e-03	-6.92776e-05	1.49889e-05	-3.05746e-06	-5.53562e-01	-2.21424e-01	3.84831e-01	2.66770e-02	1.67200e-01
-1.60616e-03	-7.06301e-05	1.53415e-05	-2.19352e-06	-5.52588e-01	-2.21034e-01	3.87995e-01	2.59919e-02	1.67200e-01
-1.63529e-03	-7.18983e-05	1.56793e-05	-1.27623e-06	-5.51460e-01	-2.20584e-01	3.91111e-01	2.53149e-02	1.67200e-01
-1.65281e-03	-7.26560e-05	1.59062e-05	-2.03801e-07	-5.50255e-01	-2.20101e-01	3.94177e-01	2.46461e-02	1.67200e-01
-1.65481e-03	-7.27310e-05	1.59828e-05	6.81456e-07	-5.49093e-01	-2.19637e-01	3.97195e-01	2.39855e-02	1.67200e-01
-1.64803e-03	-7.24224e-05	1.59659e-05	8.66884e-07	-5.48031e-01	-2.19212e-01	4.00163e-01	2.33335e-02	1.67200e-01
-1.64273e-03	-7.21788e-05	1.59637e-05	5.32274e-07	-5.46995e-01	-2.18797e-01	4.03082e-01	2.26901e-02	1.67200e-01
-1.64079e-03	-7.20807e-05	1.60012e-05	2.20511e-07	-5.45900e-01	-2.18359e-01	4.05952e-01	2.20553e-02	1.67200e-01
-1.63436e-03	-7.17866e-05	1.59917e-05	-1.93573e-08	-5.44786e-01	-2.17914e-01	4.08773e-01	2.14295e-02	1.67200e-01
-1.62366e-03	-7.13056e-05	1.59354e-05	-3.49850e-07	-5.43746e-01	-2.17498e-01	4.11543e-01	2.08125e-02	1.67200e-01
-1.62279e-03	-7.12569e-05	1.59744e-05	-6.22847e-07	-5.42748e-01	-2.17098e-01	4.14265e-01	2.02046e-02	1.67200e-01
-1.63446e-03	-7.17591e-05	1.61348e-05	-7.51891e-07	-5.41672e-01	-2.16668e-01	4.16937e-01	1.96059e-02	1.67200e-01
-1.64429e-03	-7.21811e-05	1.62756e-05	-1.06287e-06	-5.40510e-01	-2.16203e-01	4.19559e-01	1.90165e-02	1.67200e-01
-1.64003e-03	-7.19831e-05	1.62804e-05	-1.81104e-06	-5.39374e-01	-2.15749e-01	4.22132e-01	1.84364e-02	1.67200e-01
-1.62239e-03	-7.11976e-05	1.61552e-05	-2.57740e-06	-5.38328e-01	-2.15330e-01	4.24655e-01	1.78658e-02	1.67200e-01
-1.60137e-03	-7.02638e-05	1.59960e-05	-2.56430e-06	-5.37333e-01	-2.14932e-01	4.27128e-01	1.73047e-02	1.67200e-01
-1.59016e-03	-6.97610e-05	1.59330e-05	-1.62568e-06	-5.36268e-01	-2.14507e-01	4.29553e-01	1.67532e-02	1.67200e-01
-1.59406e-03	-6.99216e-05	1.60166e-05	-4.86966e-07	-5.35028e-01	-2.14011e-01	4.31927e-01	1.62114e-02	1.67200e-01
-1.59564e-03	-6.99819e-05	1.60719e-05	2.96907e-07	-5.33730e-01	-2.13491e-01	4.34253e-01	1.56794e-02	1.67200e-01
-1.57483e-03	-6.90590e-05	1.59074e-05	8.77893e-07	-5.32627e-01	-2.13050e-01	4.36529e-01	1.51571e-02	1.67200e-01
-1.53996e-03	-6.75172e-05	1.56104e-05	1.61537e-06	-5.31762e-01	-2.12704e-01	4.38757e-01	1.46448e-02	1.67200e-01
-1.51674e-03	-6.64892e-05	1.54179e-05	2.56851e-06	-5.30862e-01	-2.12344e-01	4.40935e-01	1.41423e-02	1.67200e-01
-1.50089e-03	-6.57880e-05	1.52846e-05	3.42926e-06	-5.29775e-01	-2.11909e-01	4.43065e-01	1.36498e-02	1.67200e-01
-1.46880e-03	-6.43704e-05	1.50049e-05	3.82397e-06	-5.28823e-01	-2.11528e-01	4.45147e-01	1.31673e-02	1.67200e-01
-1.43279e-03	-6.27782e-05	1.46974e-05	3.61122e-06	-5.28221e-01	-2.11288e-01	4.47180e-01	1.26948e-02	1.67200e-01
-1.42711e-03	-6.25272e-05	1.46486e-05	2.99247e-06	-5.27611e-01	-2.11044e-01	4.49165e-01	1.22324e-02	1.67200e-01
-1.44935e-03	-6.35062e-05	1.48568e-05	2.49568e-06	-5.26754e-01	-2.10701e-01	4.51102e-01	1.17801e-02	1.67200e-01
-1.46609e-03	-6.42305e-05	1.50663e-05	2.71471e-06	-5.25856e-01	-2.10342e-01	4.52992e-01	1.13378e-02	1.67200e-01
-1.45622e-03	-6.37809e-05	1.50382e-05	3.60151e-06	-5.25077e-01	-2.10030e-01	4.54834e-01	1.09055e-02	1.67200e-01
-1.43150e-03	-6.26887e-05	1.48230e-05	4.21955e-06	-5.24462e-01	-2.09784e-01	4.56630e-01	1.04834e-02	1.67200e-01
-1.42361e-03	-6.23405e-05	1.47530e-05	3.84862e-06	-5.23898e-01	-2.09559e-01	4.58379e-01	1.00713e-02	1.67200e-01
-1.43817e-03	-6.29758e-05	1.49145e-05	2.85318e-06	-5.23200e-01	-2.09279e-01	4.60082e-01	9.66929e-03	1.67200e-01
-1.44352e-03	-6.32058e-05	1.49881e-05	2.04024e-06	-5.22465e-01	-2.08985e-01	4.61739e-01	9.27727e-03	1.67200e-01
-1.42361e-03	-6.23281e-05	1.48052e-05	1.75656e-06	-5.21866e-01	-2.08746e-01	4.63351e-01	8.89524e-03	1.67200e-01
-1.40132e-03	-6.13419e-05	1.46176e-05	1.81330e-06	-5.21353e-01	-2.08541e-01	4.64917e-01	8.52316e-03	1.67200e-01
-1.39917e-03	-6.12359e-05	1.46454e-05	1.97729e-06	-5.20702e-01	-2.08280e-01	4.66439e-01	8.16097e-03	1.67200e-01
-1.40666e-03	-6.15603e-05	1.47368e-05	2.44691e-06	-5.19895e-01	-2.07957e-01	4.67917e-01	7.80862e-03	1.67200e-01
-1.41063e-03	-6.17274e-05	1.48070e-05	3.52122e-06	-5.19208e-01	-2.07683e-01	4.69352e-01	7.46606e-03	1.67200e-01
-1.42217e-03	-6.22281e-05	1.49451e-05	4.81462e-06	-5.18606e-01	-2.07442e-01	4.70743e-01	7.13320e-03	1.67200e-01
-1.42896e-03	-6.25231e-05	1.50258e-05	5.71055e-06	-5.17951e-01	-2.07180e-01	4.72092e-01	6.80998e-03	1.67200e-01
-1.41077e-03	-6.17140e-05	1.48889e-05	6.20581e-06	-5.17310e-01	-2.06923e-01	4.73399e-01	6.49631e-03	1.67200e-01
-1.37640e-03	-6.01993e-05	1.45735e-05	6.50943e-06	-5.16692e-01	-2.06676e-01	4.74664e-01	6.19209e-03	1.67200e-01
-1.33840e-03	-5.85309e-05	1.41974e-05	6.65161e-06	-5.16090e-01	-2.06435e-01	4.75889e-01	5.89723e-03	1.67200e-01
-1.29915e-03	-5.68068e-05	1.38125e-05	6.69930e-06	-5.15545e-01	-2.06218e-01	4.77074e-01	5.61161e-03	1.67200e-01
-1.26203e-03	-5.51802e-05	1.34323e-05	6.81680e-06	-5.15030e-01	-2.06012e-01	4.78219e-01	5.33511e-03	1.67200e-01
-1.23310e-03	-5.39172e-05	1.31151e-05	7.23322e-06	-5.14529e-01	-2.05811e-01	4.79325e-01	5.06762e-03	1.67200e-01
-1.21157e-03	-5.29788e-05	1.28745e-05	8.00971e-06	-5.14045e-01	-2.05617e-01	4.80393e-01	4.80900e-03	1.67200e-01
-1.18524e-03	-5.18256e-05	1.26028e-05	8.89585e-06	-5.13608e-01	-2.05443e-01	4.81424e-01	4.55911e-03	1.67200e-01
-1.14781e-03	-5.01814e-05	1.22355e-05	9.70472e-06	-5.13254e-01	-2.05301e-01	4.82418e-01	4.31780e-03	1.67200e-01
-1.10891e-03	-4.84736e-05	1.18502e-05	1.05004e-05	-5.12939e-01	-2.05175e-01	4.83376e-01	4.08491e-03	1.67200e-01
-1.07528e-03	-4.70014e-05	1.14993e-05	1.14045e-05	-5.12615e-01	-2.05046e-01	4.84299e-01	3.86028e-03	1.67200e-01
-1.03999e-03	-4.54588e-05	1.11215e-05	1.24420e-05	-5.12308e-01	-2.04923e-01	4.85188e-01	3.64374e-03	1.67200e-01
-9.96781e-04	-4.35664e-05	1.06748e-05	1.35289e-05	-5.12074e-01	-2.04829e-01	4.86044e-01	3.43510e-03	1.67200e-01
-9.50391e-04	-4.15289e-05	1.02187e-05	1.45083e-05	-5.11905e-01	-2.04762e-01	4.86867e-01	3.23417e-03	1.67200e-01
-9.12649e-04	-3.98718e-05	9.84522e-06	1.52082e-05	-5.11749e-01	-2.04699e-01	4.87658e-01	3.04077e-03	1.67200e-01
-8.91382e-04	-3.89401e-05	9.62633e-06	1.55782e-05	-5.11548e-01	-2.04619e-01	4.88419e-01	2.85468e-03	1.67200e-01
-8.83455e-04	-3.85986e-05	9.52085e-06	1.57266e-05	-5.11286e-01	-2.04514e-01	4.89150e-01	2.67569e-03	1.67200e-01
-8.78942e-04	-3.84086e-05	9.44329e-06	1.57589e-05	-5.11009e-01	-2.04403e-01	4.89852e-01	2.50358e-03	1.67200e-01
-8.70297e-04	-3.80330e-05	9.34113e-06	1.57286e-05	-5.10713e-01	-2.04285e-01	4.90527e-01	2.33811e-03	1.67200e-01
-8.54607e-04	-3.73471e-05	9.17378e-06	1.56428e-05	-5.10458e-01	-2.04183e-01	4.91175e-01	2.17906e-03	1.67200e-01
-8.33370e-04	-3.64112e-05	8.97776e-06	1.55270e-05	-5.10229e-01	-2.04091e-01	4.91797e-01	2.02618e-03	1.67200e-01
-8.07760e-04	-3.52874e-05	8.72166e-06	1.53972e-05	-5.10002e-01	-2.04000e-01	4.92395e-01	1.87921e-03	1.67200e-01
-7.84979e-04	-3.42900e-05	8.48466e-06	1.52644e-05	-5.09855e-01	-2.03942e-01	4.92970e-01	1.73788e-03	1.67200e-01
-7.64024e-04	-3.33673e-05	8.28755e-06	1.51326e-05	-5.09610e-01	-2.03844e-01	4.93522e-01	1.60194e-03	1.67200e-01
-7.48665e-04	-3.27059e-05	8.08317e-06	1.50191e-05	-5.09503e-01	-2.03801e-01	4.94053e-01	1.47110e-03	1.67200e-01
-7.33887e-04	-3.20349e-05	8.02629e-06	1.49477e-05	-5.09238e-01	-2.03695e-01	4.94564e-01	1.34507e-03	1.67200e-01
-7.17669e-04	-3.13515e-05	7.74982e-06	1.49318e-05	-5.09060e-01	-2.03624e-01	4.95057e-01	1.22357e-03	1.67200e-01
-6.98953e-04	-3.04985e-05	7.69079e-06	1.49608e-05	-5.08855e-01	-2.03542e-01	4.95532e-01	1.10628e-03	1.67200e-01
-6.70263e-04	-2.92788e-05	7.24495e-06	1.50117e-05	-5.08488e-01	-2.03395e-01	4.95991e-01	9.92907e-04	1.67200e-01
-6.35714e-04	-2.77474e-05	6.96111e-06	1.50530e-05	-5.08496e-01	-2.03398e-01	4.96435e-01	8.83122e-04	1.67200e-01
-5.88625e-04	-2.56829e-05	6.48294e-06	1.50772e-05	-5.07936e-01	-2.03174e-01	4.96866e-01	7.76599e-04	1.67200e-01
-5.28587e-04	-2.31033e-05	5.65979e-06	1.51077e-05	-5.08127e-01	-2.03250e-01	4.97285e-01	6.73006e-04	1.67200e-01
-4.71758e-04	-2.05007e-05	5.53088e-06	1.50735e-05	-5.07697e-01	-2.03079e-01	4.97693e-01	5.71998e-04	1.67200e-01
-3.84950e-04	-1.68920e-05	3.85271e-06	1.50367e-05	-5.07546e-01	-2.03018e-01	4.98092e-01	4.73226e-04	1.67200e-01
-3.57447e-04	-1.53622e-05	4.88070e-06	1.49394e-05	-5.08187e-01	-2.03275e-01	4.98483e-01	3.76329e-04	1.67200e-01
-2.76866e-04	-1.21423e-05	2.79878e-06	1.45323e-05	-5.06822e-01	-2.02728e-01	4.98868e-01	2.80940e-04	1.67200e-01
-3.84218e-04	-1.65797e-05	4.97486e-06	1.45197e-05	-5.11335e-01	-2.04534e-01	4.99248e-01	1.86683e-04	1.67200e-01
-7.09264e-04	-2.91673e-05	1.49799e-05	1.41925e-05	-5.10750e-01	-2.04300e-01	4.99625e-01	9.31752e-05	1.67200e-01
-6.22636e-04	-3.76900e-05	-3.55110e-05	1.11842e-05	-5.15255e-01	-2.06101e-01	5.00000e-01	0.00000e+00	1.67200e-01
