"Density"	"Momentum:0"	"Momentum:1"	"Momentum:2"	"StagnationEnergy"	"Pressure"	"Points:0"	"Points:1"	"Points:2"
1.85193e-02	-7.83723e-04	8.33354e-04	-9.16976e-05	-9.40995e-02	-3.76540e-02	-5.14970e-01	0.00000e+00	8.14000e-02
-4.93709e-04	2.59040e-05	-2.34856e-05	-5.20457e-05	-4.12039e-01	-1.64814e-01	-5.14918e-01	2.24940e-03	8.14000e-02
4.18145e-03	3.26497e-05	1.86205e-04	-6.54234e-05	-2.91710e-01	-1.16686e-01	-5.14761e-01	4.49391e-03	8.14000e-02
1.19862e-02	6.25865e-05	5.36672e-04	-7.38022e-05	-3.51973e-01	-1.40794e-01	-5.14499e-01	6.72854e-03	8.14000e-02
1.51746e-02	1.44181e-04	6.68652e-04	-7.42192e-05	-3.59222e-01	-1.43695e-01	-5.14131e-01	8.94828e-03	8.14000e-02
1.85591e-02	1.85545e-04	8.15515e-04	-7.50074e-05	-4.09897e-01	-1.63966e-01	-5.13659e-01	1.11483e-02	8.14000e-02
2.11702e-02	2.70042e-04	9.14935e-04	-7.29372e-05	-4.92023e-01	-1.96818e-01	-5.13086e-01	1.33239e-02	8.14000e-02
2.26458e-02	3.23389e-04	9.67799e-04	-7.16193e-05	-5.40157e-01	-2.16072e-01	-5.12413e-01	1.54711e-02	8.14000e-02
2.36668e-02	3.83752e-04	9.94910e-04	-6.93511e-05	-6.26060e-01	-2.50434e-01	-5.11645e-01	1.75860e-02	8.14000e-02
2.39854e-02	4.30659e-04	9.91151e-04	-6.78405e-05	-6.83503e-01	-2.73411e-01	-5.10831e-01	1.95633e-02	8.14000e-02
2.39782e-02	4.63130e-04	9.76004e-04	-6.70370e-05	-7.37749e-01	-2.95109e-01	-5.10015e-01	2.13464e-02	8.14000e-02
2.37554e-02	4.92987e-04	9.49916e-04	-6.64277e-05	-7.89617e-01	-3.15856e-01	-5.09196e-01	2.29845e-02	8.14000e-02
2.33310e-02	5.10084e-04	9.19006e-04	-6.66393e-05	-8.25821e-01	-3.30338e-01	-5.08372e-01	2.45101e-02	8.14000e-02
2.28661e-02	5.26075e-04	8.85627e-04	-6.69784e-05	-8.65545e-01	-3.46227e-01	-5.07542e-01	2.59462e-02	8.14000e-02
2.23133e-02	5.35435e-04	8.50675e-04	-6.79084e-05	-8.94931e-01	-3.57982e-01	-5.06704e-01	2.73094e-02	8.14000e-02
2.17362e-02	5.41928e-04	8.15483e-04	-6.91018e-05	-9.23037e-01	-3.69224e-01	-5.05858e-01	2.86125e-02	8.14000e-02
2.11321e-02	5.45517e-04	7.80065e-04	-7.05973e-05	-9.47627e-01	-3.79060e-01	-5.05000e-01	2.98654e-02	8.14000e-02
2.04980e-02	5.45688e-04	7.44783e-04	-7.24097e-05	-9.68212e-01	-3.87293e-01	-5.04131e-01	3.10762e-02	8.14000e-02
1.98840e-02	5.44845e-04	7.10826e-04	-7.45029e-05	-9.87488e-01	-3.95003e-01	-5.03249e-01	3.22512e-02	8.14000e-02
1.92644e-02	5.41787e-04	6.77751e-04	-7.69293e-05	-1.00349e+00	-4.01404e-01	-5.02352e-01	3.33957e-02	8.14000e-02
1.86535e-02	5.37496e-04	6.45715e-04	-7.96177e-05	-1.01780e+00	-4.07129e-01	-5.01440e-01	3.45143e-02	8.14000e-02
1.80309e-02	5.31380e-04	6.14097e-04	-8.24925e-05	-1.03026e+00	-4.12111e-01	-5.00510e-01	3.56106e-02	8.14000e-02
1.74304e-02	5.24536e-04	5.84050e-04	-8.57175e-05	-1.04067e+00	-4.16274e-01	-4.99562e-01	3.66878e-02	8.14000e-02
1.68464e-02	5.16997e-04	5.55281e-04	-8.92308e-05	-1.04979e+00	-4.19922e-01	-4.98595e-01	3.77487e-02	8.14000e-02
1.62594e-02	5.08247e-04	5.27137e-04	-9.29772e-05	-1.05725e+00	-4.22905e-01	-4.97607e-01	3.87955e-02	8.14000e-02
1.56935e-02	4.99116e-04	5.00374e-04	-9.70649e-05	-1.06333e+00	-4.25339e-01	-4.96597e-01	3.98302e-02	8.14000e-02
1.51398e-02	4.89431e-04	4.74665e-04	-1.01457e-04	-1.06820e+00	-4.27285e-01	-4.95564e-01	4.08545e-02	8.14000e-02
1.46000e-02	4.79326e-04	4.50023e-04	-1.06186e-04	-1.07173e+00	-4.28699e-01	-4.94507e-01	4.18700e-02	8.14000e-02
1.40739e-02	4.68861e-04	4.26424e-04	-1.11255e-04	-1.07420e+00	-4.29686e-01	-4.93425e-01	4.28779e-02	8.14000e-02
1.35558e-02	4.57913e-04	4.03655e-04	-1.16665e-04	-1.07553e+00	-4.30219e-01	-4.92317e-01	4.38792e-02	8.14000e-02
1.30510e-02	4.46727e-04	3.81853e-04	-1.22481e-04	-1.07584e+00	-4.30341e-01	-4.91182e-01	4.48750e-02	8.14000e-02
1.25564e-02	4.35243e-04	3.60898e-04	-1.28699e-04	-1.07518e+00	-4.30079e-01	-4.90018e-01	4.58660e-02	8.14000e-02
1.20729e-02	4.23547e-04	3.40793e-04	-1.35345e-04	-1.07357e+00	-4.29434e-01	-4.88826e-01	4.68529e-02	8.14000e-02
1.15971e-02	4.11558e-04	3.21418e-04	-1.42393e-04	-1.07111e+00	-4.28447e-01	-4.87604e-01	4.78364e-02	8.14000e-02
1.11260e-02	3.99205e-04	3.02673e-04	-1.49838e-04	-1.06780e+00	-4.27126e-01	-4.86350e-01	4.88169e-02	8.14000e-02
1.06610e-02	3.86582e-04	2.84586e-04	-1.57741e-04	-1.06373e+00	-4.25495e-01	-4.85065e-01	4.97947e-02	8.14000e-02
1.01999e-02	3.73630e-04	2.67074e-04	-1.66094e-04	-1.05893e+00	-4.23577e-01	-4.83747e-01	5.07703e-02	8.14000e-02
9.74161e-03	3.60343e-04	2.50099e-04	-1.74874e-04	-1.05346e+00	-4.21390e-01	-4.82396e-01	5.17439e-02	8.14000e-02
9.27725e-03	3.46410e-04	2.33433e-04	-1.83862e-04	-1.04740e+00	-4.18965e-01	-4.81011e-01	5.27157e-02	8.14000e-02
8.81502e-03	3.32150e-04	2.17285e-04	-1.93147e-04	-1.04081e+00	-4.16330e-01	-4.79591e-01	5.36858e-02	8.14000e-02
8.34190e-03	3.17091e-04	2.01332e-04	-2.02371e-04	-1.03378e+00	-4.13517e-01	-4.78135e-01	5.46542e-02	8.14000e-02
7.86354e-03	3.01457e-04	1.85716e-04	-2.11502e-04	-1.02639e+00	-4.10561e-01	-4.76642e-01	5.56212e-02	8.14000e-02
7.38308e-03	2.85382e-04	1.70518e-04	-2.20378e-04	-1.01874e+00	-4.07502e-01	-4.75112e-01	5.65866e-02	8.14000e-02
6.89438e-03	2.68633e-04	1.55606e-04	-2.28408e-04	-1.01097e+00	-4.04392e-01	-4.73545e-01	5.75504e-02	8.14000e-02
6.40118e-03	2.51348e-04	1.41103e-04	-2.35182e-04	-1.00321e+00	-4.01289e-01	-4.71938e-01	5.85126e-02	8.14000e-02
5.90644e-03	2.33652e-04	1.27087e-04	-2.40275e-04	-9.95618e-01	-3.98252e-01	-4.70293e-01	5.94730e-02	8.14000e-02
5.41709e-03	2.15823e-04	1.13722e-04	-2.43271e-04	-9.88353e-01	-3.95346e-01	-4.68608e-01	6.04315e-02	8.14000e-02
4.93890e-03	1.98096e-04	1.01149e-04	-2.43591e-04	-9.81591e-01	-3.92641e-01	-4.66883e-01	6.13880e-02	8.14000e-02
4.46649e-03	1.80261e-04	8.92758e-05	-2.40526e-04	-9.75517e-01	-3.90211e-01	-4.65117e-01	6.23423e-02	8.14000e-02
3.99033e-03	1.61957e-04	7.78941e-05	-2.34018e-04	-9.70286e-01	-3.88119e-01	-4.63309e-01	6.32942e-02	8.14000e-02
3.50085e-03	1.42850e-04	6.67424e-05	-2.24666e-04	-9.65974e-01	-3.86394e-01	-4.61460e-01	6.42434e-02	8.14000e-02
2.99822e-03	1.23010e-04	5.57167e-05	-2.13514e-04	-9.62597e-01	-3.85043e-01	-4.59568e-01	6.51897e-02	8.14000e-02
2.50632e-03	1.03451e-04	4.52031e-05	-2.01700e-04	-9.60144e-01	-3.84062e-01	-4.57634e-01	6.61330e-02	8.14000e-02
2.07128e-03	8.60773e-05	3.60426e-05	-1.89932e-04	-9.58549e-01	-3.83424e-01	-4.55656e-01	6.70728e-02	8.14000e-02
1.73105e-03	7.24574e-05	2.89161e-05	-1.78518e-04	-9.57845e-01	-3.83142e-01	-4.53635e-01	6.80089e-02	8.14000e-02
1.50697e-03	6.34963e-05	2.41607e-05	-1.68262e-04	-9.58200e-01	-3.83284e-01	-4.51569e-01	6.89411e-02	8.14000e-02
1.41830e-03	6.00198e-05	2.20614e-05	-1.59824e-04	-9.59724e-01	-3.83894e-01	-4.49459e-01	6.98690e-02	8.14000e-02
1.46832e-03	6.22292e-05	2.25345e-05	-1.53206e-04	-9.62437e-01	-3.84979e-01	-4.47304e-01	7.07923e-02	8.14000e-02
1.62046e-03	6.86860e-05	2.47604e-05	-1.47795e-04	-9.66183e-01	-3.86477e-01	-4.45105e-01	7.17107e-02	8.14000e-02
1.82841e-03	7.75196e-05	2.78075e-05	-1.42665e-04	-9.70923e-01	-3.88372e-01	-4.42859e-01	7.26239e-02	8.14000e-02
2.06630e-03	8.76612e-05	3.12038e-05	-1.37874e-04	-9.76975e-01	-3.90793e-01	-4.40568e-01	7.35315e-02	8.14000e-02
2.30706e-03	9.79817e-05	3.44899e-05	-1.34802e-04	-9.84370e-01	-3.93751e-01	-4.38231e-01	7.44331e-02	8.14000e-02
2.48314e-03	1.05648e-04	3.65531e-05	-1.33789e-04	-9.92682e-01	-3.97075e-01	-4.35848e-01	7.53286e-02	8.14000e-02
2.51392e-03	1.07257e-04	3.61229e-05	-1.33412e-04	-1.00115e+00	-4.00463e-01	-4.33418e-01	7.62174e-02	8.14000e-02
2.43681e-03	1.04300e-04	3.40181e-05	-1.33687e-04	-1.00921e+00	-4.03685e-01	-4.30942e-01	7.70993e-02	8.14000e-02
2.39793e-03	1.02914e-04	3.26040e-05	-1.35913e-04	-1.01773e+00	-4.07095e-01	-4.28419e-01	7.79738e-02	8.14000e-02
2.42660e-03	1.04345e-04	3.23390e-05	-1.38582e-04	-1.02760e+00	-4.11043e-01	-4.25849e-01	7.88407e-02	8.14000e-02
2.36787e-03	1.02030e-04	3.08543e-05	-1.38837e-04	-1.03797e+00	-4.15189e-01	-4.23232e-01	7.96996e-02	8.14000e-02
2.11154e-03	9.12408e-05	2.66603e-05	-1.37184e-04	-1.04738e+00	-4.18953e-01	-4.20567e-01	8.05500e-02	8.14000e-02
1.80975e-03	7.84149e-05	2.21098e-05	-1.34129e-04	-1.05405e+00	-4.21622e-01	-4.17855e-01	8.13918e-02	8.14000e-02
1.70402e-03	7.40185e-05	2.01568e-05	-1.27216e-04	-1.05854e+00	-4.23421e-01	-4.15096e-01	8.22244e-02	8.14000e-02
1.74013e-03	7.56787e-05	2.02232e-05	-1.17134e-04	-1.06384e+00	-4.25540e-01	-4.12289e-01	8.30476e-02	8.14000e-02
1.74249e-03	7.58624e-05	1.99236e-05	-1.06904e-04	-1.07022e+00	-4.28090e-01	-4.09435e-01	8.38609e-02	8.14000e-02
1.67611e-03	7.30732e-05	1.87651e-05	-9.62677e-05	-1.07692e+00	-4.30769e-01	-4.06533e-01	8.46641e-02	8.14000e-02
1.54366e-03	6.73900e-05	1.69145e-05	-8.58779e-05	-1.08398e+00	-4.33595e-01	-4.03583e-01	8.54568e-02	8.14000e-02
1.45965e-03	6.38027e-05	1.56612e-05	-7.78082e-05	-1.09059e+00	-4.36236e-01	-4.00586e-01	8.62385e-02	8.14000e-02
1.52600e-03	6.67576e-05	1.61377e-05	-6.99791e-05	-1.09751e+00	-4.39005e-01	-3.97542e-01	8.70091e-02	8.14000e-02
1.42525e-03	6.24047e-05	1.48384e-05	-6.28932e-05	-1.10573e+00	-4.42294e-01	-3.94449e-01	8.77681e-02	8.14000e-02
9.15709e-04	4.01739e-05	9.19305e-06	-6.36398e-05	-1.11207e+00	-4.44831e-01	-3.91310e-01	8.85152e-02	8.14000e-02
4.57769e-04	2.01228e-05	4.41959e-06	-6.76660e-05	-1.11260e+00	-4.45042e-01	-3.88123e-01	8.92501e-02	8.14000e-02
4.22097e-04	1.86293e-05	3.73328e-06	-5.97843e-05	-1.11072e+00	-4.44291e-01	-3.84888e-01	8.99724e-02	8.14000e-02
5.50196e-04	2.41811e-05	5.33251e-06	-4.16954e-05	-1.11143e+00	-4.44575e-01	-3.81607e-01	9.06818e-02	8.14000e-02
6.67599e-04	2.93041e-05	6.65965e-06	-2.81058e-05	-1.11206e+00	-4.44825e-01	-3.78278e-01	9.13780e-02	8.14000e-02
7.21537e-04	3.17356e-05	6.90202e-06	-2.33134e-05	-1.11337e+00	-4.45347e-01	-3.74903e-01	9.20607e-02	8.14000e-02
6.08460e-04	2.67818e-05	5.73700e-06	-2.25596e-05	-1.11675e+00	-4.46699e-01	-3.71481e-01	9.27295e-02	8.14000e-02
6.78477e-04	2.99421e-05	5.99957e-06	-2.16193e-05	-1.11830e+00	-4.47322e-01	-3.68012e-01	9.33843e-02	8.14000e-02
1.10717e-03	4.90566e-05	8.72644e-06	-1.79237e-05	-1.12296e+00	-4.49185e-01	-3.64497e-01	9.40245e-02	8.14000e-02
1.17200e-03	5.18837e-05	9.50466e-06	-1.17238e-05	-1.13279e+00	-4.53118e-01	-3.60935e-01	9.46501e-02	8.14000e-02
6.37652e-04	2.82088e-05	5.30329e-06	-7.44622e-06	-1.13636e+00	-4.54546e-01	-3.57328e-01	9.52607e-02	8.14000e-02
2.01104e-04	8.85522e-06	1.93942e-06	-8.73197e-06	-1.13356e+00	-4.53424e-01	-3.53675e-01	9.58560e-02	8.14000e-02
6.21516e-05	2.69981e-06	8.46142e-07	-1.19742e-05	-1.13308e+00	-4.53231e-01	-3.49977e-01	9.64357e-02	8.14000e-02
-2.91990e-04	-1.30875e-05	-1.32361e-06	-9.67426e-06	-1.13451e+00	-4.53806e-01	-3.46234e-01	9.69997e-02	8.14000e-02
-9.96272e-04	-4.44694e-05	-5.74169e-06	7.69116e-07	-1.13321e+00	-4.53282e-01	-3.42445e-01	9.75476e-02	8.14000e-02
-1.49613e-03	-6.68249e-05	-8.27038e-06	1.53365e-05	-1.12586e+00	-4.50342e-01	-3.38612e-01	9.80792e-02	8.14000e-02
-1.44786e-03	-6.47227e-05	-7.56268e-06	2.86253e-05	-1.11491e+00	-4.45965e-01	-3.34735e-01	9.85942e-02	8.14000e-02
-1.33788e-03	-5.98685e-05	-6.45922e-06	3.75772e-05	-1.10648e+00	-4.42592e-01	-3.30814e-01	9.90926e-02	8.14000e-02
-1.56610e-03	-7.01153e-05	-7.22665e-06	4.16225e-05	-1.09621e+00	-4.38484e-01	-3.26849e-01	9.95739e-02	8.14000e-02
-1.67271e-03	-7.48935e-05	-7.62295e-06	3.91323e-05	-1.08153e+00	-4.32613e-01	-3.22841e-01	1.00038e-01	8.14000e-02
-1.40510e-03	-6.29605e-05	-5.92313e-06	3.27774e-05	-1.07150e+00	-4.28599e-01	-3.18791e-01	1.00485e-01	8.14000e-02
-1.20659e-03	-5.41138e-05	-4.57941e-06	3.23906e-05	-1.06584e+00	-4.26334e-01	-3.14697e-01	1.00914e-01	8.14000e-02
-1.18927e-03	-5.33542e-05	-4.29457e-06	4.10976e-05	-1.05845e+00	-4.23379e-01	-3.10562e-01	1.01326e-01	8.14000e-02
-1.06088e-03	-4.76219e-05	-3.48722e-06	4.71991e-05	-1.05079e+00	-4.20315e-01	-3.06385e-01	1.01719e-01	8.14000e-02
-8.50125e-04	-3.81840e-05	-2.49764e-06	4.45641e-05	-1.04489e+00	-4.17957e-01	-3.02167e-01	1.02095e-01	8.14000e-02
-8.52447e-04	-3.83017e-05	-2.29403e-06	4.52836e-05	-1.04081e+00	-4.16325e-01	-2.97907e-01	1.02452e-01	8.14000e-02
-1.14712e-03	-5.15422e-05	-3.01971e-06	5.53128e-05	-1.03539e+00	-4.14157e-01	-2.93608e-01	1.02791e-01	8.14000e-02
-1.49627e-03	-6.72365e-05	-3.77376e-06	6.41253e-05	-1.02503e+00	-4.10012e-01	-2.89269e-01	1.03112e-01	8.14000e-02
-1.70324e-03	-7.65542e-05	-3.96257e-06	6.95458e-05	-1.01128e+00	-4.04509e-01	-2.84890e-01	1.03413e-01	8.14000e-02
-1.76271e-03	-7.92516e-05	-3.62436e-06	7.92372e-05	-9.94367e-01	-3.97745e-01	-2.80472e-01	1.03697e-01	8.14000e-02
-1.75160e-03	-7.87654e-05	-3.28157e-06	9.07225e-05	-9.74243e-01	-3.89695e-01	-2.76015e-01	1.03961e-01	8.14000e-02
-1.82485e-03	-8.20696e-05	-3.12059e-06	9.79096e-05	-9.53209e-01	-3.81282e-01	-2.71521e-01	1.04206e-01	8.14000e-02
-1.93704e-03	-8.71298e-05	-2.90428e-06	1.00953e-04	-9.29286e-01	-3.71713e-01	-2.66989e-01	1.04433e-01	8.14000e-02
-1.84674e-03	-8.30741e-05	-2.51640e-06	9.71903e-05	-9.04444e-01	-3.61776e-01	-2.62421e-01	1.04640e-01	8.14000e-02
-1.68000e-03	-7.55837e-05	-1.93046e-06	8.40890e-05	-8.85215e-01	-3.54084e-01	-2.57816e-01	1.04828e-01	8.14000e-02
-1.78629e-03	-8.03678e-05	-1.88446e-06	7.04844e-05	-8.70147e-01	-3.48057e-01	-2.53175e-01	1.04997e-01	8.14000e-02
-2.14399e-03	-9.64624e-05	-2.08602e-06	6.66712e-05	-8.54765e-01	-3.41905e-01	-2.48499e-01	1.05147e-01	8.14000e-02
-2.27855e-03	-1.02523e-04	-1.87099e-06	6.92912e-05	-8.36001e-01	-3.34399e-01	-2.43788e-01	1.05278e-01	8.14000e-02
-1.90216e-03	-8.55915e-05	-1.25840e-06	6.88453e-05	-8.16656e-01	-3.26661e-01	-2.39043e-01	1.05390e-01	8.14000e-02
-1.44807e-03	-6.51687e-05	-3.18072e-07	6.34914e-05	-8.03556e-01	-3.21421e-01	-2.34264e-01	1.05482e-01	8.14000e-02
-1.39604e-03	-6.28260e-05	-1.89952e-07	5.52181e-05	-7.93303e-01	-3.17320e-01	-2.29452e-01	1.05555e-01	8.14000e-02
-1.51016e-03	-6.79586e-05	-3.06618e-07	4.40374e-05	-7.81814e-01	-3.12725e-01	-2.24609e-01	1.05608e-01	8.14000e-02
-1.40440e-03	-6.32002e-05	5.14016e-08	3.51720e-05	-7.71843e-01	-3.08736e-01	-2.19733e-01	1.05643e-01	8.14000e-02
-1.26395e-03	-5.68791e-05	3.54705e-07	3.82876e-05	-7.65276e-01	-3.06109e-01	-2.14826e-01	1.05658e-01	8.14000e-02
-1.38961e-03	-6.25313e-05	8.41770e-07	4.94609e-05	-7.59912e-01	-3.03964e-01	-2.09889e-01	1.05654e-01	8.14000e-02
-1.57911e-03	-7.10562e-05	9.91537e-07	5.26970e-05	-7.51847e-01	-3.00738e-01	-2.04922e-01	1.05631e-01	8.14000e-02
-1.51230e-03	-6.80460e-05	1.15794e-06	4.75246e-05	-7.43099e-01	-2.97239e-01	-1.99926e-01	1.05589e-01	8.14000e-02
-1.34260e-03	-6.04062e-05	1.24572e-06	4.53715e-05	-7.37116e-01	-2.94845e-01	-1.94901e-01	1.05529e-01	8.14000e-02
-1.34342e-03	-6.04397e-05	1.38837e-06	4.40008e-05	-7.31943e-01	-2.92776e-01	-1.89848e-01	1.05449e-01	8.14000e-02
-1.45302e-03	-6.53657e-05	1.68289e-06	3.66301e-05	-7.25281e-01	-2.90112e-01	-1.84769e-01	1.05350e-01	8.14000e-02
-1.50424e-03	-6.76664e-05	1.86355e-06	2.77189e-05	-7.18200e-01	-2.87279e-01	-1.79662e-01	1.05233e-01	8.14000e-02
-1.48671e-03	-6.68716e-05	2.05220e-06	2.36680e-05	-7.12855e-01	-2.85141e-01	-1.74530e-01	1.05097e-01	8.14000e-02
-1.41146e-03	-6.34779e-05	2.22478e-06	2.44949e-05	-7.08440e-01	-2.83376e-01	-1.69373e-01	1.04943e-01	8.14000e-02
-1.21301e-03	-5.45451e-05	2.11969e-06	2.76657e-05	-7.03609e-01	-2.81443e-01	-1.64192e-01	1.04771e-01	8.14000e-02
-9.60589e-04	-4.31884e-05	1.83337e-06	3.01016e-05	-7.00044e-01	-2.80017e-01	-1.58986e-01	1.04580e-01	8.14000e-02
-8.55077e-04	-3.84388e-05	1.76173e-06	2.84984e-05	-6.98177e-01	-2.79270e-01	-1.53758e-01	1.04371e-01	8.14000e-02
-9.17161e-04	-4.12260e-05	1.96383e-06	2.35130e-05	-6.96188e-01	-2.78475e-01	-1.48507e-01	1.04144e-01	8.14000e-02
-9.66051e-04	-4.34178e-05	2.18548e-06	2.01069e-05	-6.93935e-01	-2.77574e-01	-1.43235e-01	1.03900e-01	8.14000e-02
-9.12221e-04	-4.09916e-05	2.19459e-06	2.05646e-05	-6.92305e-01	-2.76921e-01	-1.37942e-01	1.03638e-01	8.14000e-02
-8.42085e-04	-3.78334e-05	2.14487e-06	2.16590e-05	-6.91278e-01	-2.76511e-01	-1.32629e-01	1.03358e-01	8.14000e-02
-8.49588e-04	-3.81643e-05	2.27134e-06	2.02373e-05	-6.90088e-01	-2.76035e-01	-1.27297e-01	1.03062e-01	8.14000e-02
-9.15920e-04	-4.11378e-05	2.55021e-06	1.75164e-05	-6.88315e-01	-2.75326e-01	-1.21946e-01	1.02748e-01	8.14000e-02
-9.79088e-04	-4.39674e-05	2.84367e-06	1.64660e-05	-6.86583e-01	-2.74633e-01	-1.16577e-01	1.02417e-01	8.14000e-02
-1.01823e-03	-4.57165e-05	3.09037e-06	1.75215e-05	-6.85147e-01	-2.74058e-01	-1.11192e-01	1.02070e-01	8.14000e-02
-1.01470e-03	-4.55490e-05	3.20977e-06	1.87858e-05	-6.83461e-01	-2.73384e-01	-1.05789e-01	1.01706e-01	8.14000e-02
-9.37290e-04	-4.20653e-05	3.08563e-06	1.89553e-05	-6.81715e-01	-2.72686e-01	-1.00372e-01	1.01326e-01	8.14000e-02
-8.18978e-04	-3.67478e-05	2.79960e-06	1.78285e-05	-6.80527e-01	-2.72210e-01	-9.49395e-02	1.00930e-01	8.14000e-02
-7.42489e-04	-3.33092e-05	2.62230e-06	1.54419e-05	-6.79740e-01	-2.71896e-01	-8.94932e-02	1.00518e-01	8.14000e-02
-7.28304e-04	-3.26667e-05	2.64790e-06	1.24093e-05	-6.78881e-01	-2.71552e-01	-8.40336e-02	1.00091e-01	8.14000e-02
-7.27324e-04	-3.26165e-05	2.71978e-06	9.94244e-06	-6.77869e-01	-2.71147e-01	-7.85617e-02	9.96480e-02	8.14000e-02
-7.08985e-04	-3.17876e-05	2.72885e-06	8.94096e-06	-6.76961e-01	-2.70784e-01	-7.30781e-02	9.91901e-02	8.14000e-02
-6.96596e-04	-3.12252e-05	2.75981e-06	9.39145e-06	-6.76323e-01	-2.70529e-01	-6.75837e-02	9.87173e-02	8.14000e-02
-7.04949e-04	-3.15922e-05	2.87580e-06	1.06672e-05	-6.75752e-01	-2.70300e-01	-6.20793e-02	9.82299e-02	8.14000e-02
-7.02962e-04	-3.14960e-05	2.94564e-06	1.18628e-05	-6.75120e-01	-2.70048e-01	-5.65657e-02	9.77281e-02	8.14000e-02
-6.74099e-04	-3.01963e-05	2.89240e-06	1.18971e-05	-6.74778e-01	-2.69911e-01	-5.10436e-02	9.72121e-02	8.14000e-02
-6.53528e-04	-2.92687e-05	2.86799e-06	1.02685e-05	-6.74858e-01	-2.69943e-01	-4.55138e-02	9.66823e-02	8.14000e-02
-6.67848e-04	-2.99038e-05	2.99346e-06	7.76848e-06	-6.74973e-01	-2.69989e-01	-3.99773e-02	9.61389e-02	8.14000e-02
-6.98587e-04	-3.12734e-05	3.19776e-06	5.80165e-06	-6.75009e-01	-2.70003e-01	-3.44347e-02	9.55821e-02	8.14000e-02
-7.24316e-04	-3.24180e-05	3.38514e-06	5.16820e-06	-6.75135e-01	-2.70054e-01	-2.88869e-02	9.50123e-02	8.14000e-02
-7.45101e-04	-3.33408e-05	3.55352e-06	5.65657e-06	-6.75314e-01	-2.70125e-01	-2.33347e-02	9.44296e-02	8.14000e-02
-7.62996e-04	-3.41336e-05	3.71261e-06	6.49453e-06	-6.75442e-01	-2.70177e-01	-1.77788e-02	9.38344e-02	8.14000e-02
-7.72411e-04	-3.45467e-05	3.83155e-06	7.05563e-06	-6.75510e-01	-2.70204e-01	-1.22203e-02	9.32269e-02	8.14000e-02
-7.68312e-04	-3.43555e-05	3.88176e-06	7.24866e-06	-6.75522e-01	-2.70208e-01	-6.65971e-03	9.26074e-02	8.14000e-02
-7.52378e-04	-3.36352e-05	3.86990e-06	7.39568e-06	-6.75541e-01	-2.70216e-01	-1.09801e-03	9.19763e-02	8.14000e-02
-7.34929e-04	-3.28473e-05	3.84723e-06	7.79766e-06	-6.75653e-01	-2.70261e-01	4.46403e-03	9.13336e-02	8.14000e-02
-7.24216e-04	-3.23607e-05	3.85724e-06	8.38656e-06	-6.75865e-01	-2.70346e-01	1.00256e-02	9.06798e-02	8.14000e-02
-7.17875e-04	-3.20698e-05	3.88631e-06	8.72593e-06	-6.76175e-01	-2.70469e-01	1.55859e-02	9.00152e-02	8.14000e-02
-7.09859e-04	-3.17046e-05	3.90108e-06	8.31571e-06	-6.76606e-01	-2.70642e-01	2.11440e-02	8.93400e-02	8.14000e-02
-6.95733e-04	-3.10671e-05	3.87696e-06	6.90892e-06	-6.77165e-01	-2.70866e-01	2.66992e-02	8.86544e-02	8.14000e-02
-6.76331e-04	-3.01946e-05	3.81745e-06	4.56460e-06	-6.77881e-01	-2.71152e-01	3.22507e-02	8.79588e-02	8.14000e-02
-6.58547e-04	-2.93943e-05	3.76699e-06	1.58468e-06	-6.78759e-01	-2.71503e-01	3.77977e-02	8.72536e-02	8.14000e-02
-6.45003e-04	-2.87831e-05	3.74029e-06	-1.31868e-06	-6.79630e-01	-2.71852e-01	4.33392e-02	8.65388e-02	8.14000e-02
-6.31078e-04	-2.81552e-05	3.70933e-06	-3.07908e-06	-6.80409e-01	-2.72163e-01	4.88746e-02	8.58149e-02	8.14000e-02
-6.19179e-04	-2.76177e-05	3.68938e-06	-3.16387e-06	-6.81213e-01	-2.72485e-01	5.44030e-02	8.50821e-02	8.14000e-02
-6.16544e-04	-2.74940e-05	3.71972e-06	-2.12137e-06	-6.82054e-01	-2.72821e-01	5.99235e-02	8.43408e-02	8.14000e-02
-6.19096e-04	-2.76015e-05	3.78135e-06	-6.95215e-07	-6.82889e-01	-2.73155e-01	6.54355e-02	8.35911e-02	8.14000e-02
-6.14543e-04	-2.73916e-05	3.80371e-06	9.17972e-07	-6.83784e-01	-2.73513e-01	7.09380e-02	8.28334e-02	8.14000e-02
-6.04409e-04	-2.69334e-05	3.78730e-06	2.51707e-06	-6.84822e-01	-2.73929e-01	7.64303e-02	8.20680e-02	8.14000e-02
-6.05366e-04	-2.69703e-05	3.83445e-06	3.62906e-06	-6.85987e-01	-2.74394e-01	8.19116e-02	8.12952e-02	8.14000e-02
-6.17425e-04	-2.75015e-05	3.95347e-06	3.95888e-06	-6.87034e-01	-2.74814e-01	8.73810e-02	8.05152e-02	8.14000e-02
-6.07988e-04	-2.70747e-05	3.93705e-06	3.45256e-06	-6.87815e-01	-2.75126e-01	9.28378e-02	7.97283e-02	8.14000e-02
-5.57925e-04	-2.48395e-05	3.65288e-06	2.41268e-06	-6.88717e-01	-2.75486e-01	9.82812e-02	7.89348e-02	8.14000e-02
-5.03228e-04	-2.23992e-05	3.32903e-06	1.76698e-06	-6.90121e-01	-2.76048e-01	1.03710e-01	7.81351e-02	8.14000e-02
-4.91093e-04	-2.18546e-05	3.27910e-06	2.15135e-06	-6.91821e-01	-2.76728e-01	1.09124e-01	7.73293e-02	8.14000e-02
-5.23798e-04	-2.33055e-05	3.52775e-06	2.72589e-06	-6.93464e-01	-2.77385e-01	1.14523e-01	7.65178e-02	8.14000e-02
-5.67144e-04	-2.52291e-05	3.85229e-06	2.08279e-06	-6.94925e-01	-2.77970e-01	1.19905e-01	7.57008e-02	8.14000e-02
-5.88525e-04	-2.61744e-05	4.03530e-06	4.21659e-07	-6.96227e-01	-2.78490e-01	1.25269e-01	7.48786e-02	8.14000e-02
-5.79054e-04	-2.57469e-05	4.01077e-06	-4.14454e-07	-6.97569e-01	-2.79027e-01	1.30615e-01	7.40515e-02	8.14000e-02
-5.62046e-04	-2.49848e-05	3.93073e-06	4.03638e-07	-6.99171e-01	-2.79668e-01	1.35943e-01	7.32198e-02	8.14000e-02
-5.66017e-04	-2.51563e-05	3.99055e-06	1.24892e-06	-7.00970e-01	-2.80388e-01	1.41250e-01	7.23838e-02	8.14000e-02
-5.88383e-04	-2.61454e-05	4.17909e-06	8.89585e-08	-7.02778e-01	-2.81111e-01	1.46538e-01	7.15436e-02	8.14000e-02
-6.04469e-04	-2.68548e-05	4.32699e-06	-3.13648e-06	-7.04658e-01	-2.81863e-01	1.51804e-01	7.06997e-02	8.14000e-02
-6.05920e-04	-2.69136e-05	4.37227e-06	-6.67588e-06	-7.06766e-01	-2.82706e-01	1.57048e-01	6.98522e-02	8.14000e-02
-6.03692e-04	-2.68088e-05	4.39168e-06	-8.53104e-06	-7.09082e-01	-2.83632e-01	1.62270e-01	6.90014e-02	8.14000e-02
-6.03978e-04	-2.68159e-05	4.42779e-06	-7.93662e-06	-7.11459e-01	-2.84583e-01	1.67468e-01	6.81477e-02	8.14000e-02
-6.03505e-04	-2.67895e-05	4.45704e-06	-6.02240e-06	-7.13874e-01	-2.85549e-01	1.72642e-01	6.72912e-02	8.14000e-02
-6.03612e-04	-2.67885e-05	4.49231e-06	-4.73289e-06	-7.16343e-01	-2.86537e-01	1.77791e-01	6.64322e-02	8.14000e-02
-6.08563e-04	-2.70025e-05	4.56292e-06	-4.71161e-06	-7.18841e-01	-2.87536e-01	1.82914e-01	6.55710e-02	8.14000e-02
-6.22061e-04	-2.75955e-05	4.69922e-06	-4.83279e-06	-7.21424e-01	-2.88569e-01	1.88011e-01	6.47079e-02	8.14000e-02
-6.47199e-04	-2.87046e-05	4.92478e-06	-3.86259e-06	-7.24073e-01	-2.89629e-01	1.93081e-01	6.38431e-02	8.14000e-02
-6.85318e-04	-3.03893e-05	5.24913e-06	-1.89866e-06	-7.26653e-01	-2.90661e-01	1.98124e-01	6.29768e-02	8.14000e-02
-7.39274e-04	-3.27749e-05	5.70321e-06	-2.64066e-08	-7.29156e-01	-2.91662e-01	2.03137e-01	6.21094e-02	8.14000e-02
-8.09780e-04	-3.58925e-05	6.29343e-06	8.85041e-07	-7.31570e-01	-2.92628e-01	2.08122e-01	6.12410e-02	8.14000e-02
-8.83222e-04	-3.91398e-05	6.90954e-06	7.45417e-07	-7.33855e-01	-2.93541e-01	2.13077e-01	6.03720e-02	8.14000e-02
-9.43097e-04	-4.17850e-05	7.42409e-06	-1.04066e-07	-7.36190e-01	-2.94476e-01	2.18002e-01	5.95025e-02	8.14000e-02
-9.90867e-04	-4.38932e-05	7.84655e-06	-1.27630e-06	-7.38729e-01	-2.95491e-01	2.22895e-01	5.86329e-02	8.14000e-02
-1.03997e-03	-4.60606e-05	8.27856e-06	-2.25997e-06	-7.41314e-01	-2.96525e-01	2.27756e-01	5.77634e-02	8.14000e-02
-1.09775e-03	-4.86115e-05	8.78478e-06	-2.48681e-06	-7.43707e-01	-2.97482e-01	2.32586e-01	5.68941e-02	8.14000e-02
-1.16465e-03	-5.15629e-05	9.37946e-06	-1.97010e-06	-7.45780e-01	-2.98311e-01	2.37381e-01	5.60254e-02	8.14000e-02
-1.23446e-03	-5.46422e-05	1.00053e-05	-1.64674e-06	-7.47495e-01	-2.98997e-01	2.42144e-01	5.51576e-02	8.14000e-02
-1.29543e-03	-5.73300e-05	1.05600e-05	-2.45139e-06	-7.48960e-01	-2.99583e-01	2.46871e-01	5.42908e-02	8.14000e-02
-1.34153e-03	-5.93590e-05	1.09955e-05	-4.17030e-06	-7.50351e-01	-3.00140e-01	2.51564e-01	5.34252e-02	8.14000e-02
-1.37794e-03	-6.09579e-05	1.13606e-05	-5.87779e-06	-7.51747e-01	-3.00698e-01	2.56221e-01	5.25612e-02	8.14000e-02
-1.41255e-03	-6.24750e-05	1.17209e-05	-7.06347e-06	-7.53159e-01	-3.01263e-01	2.60842e-01	5.16989e-02	8.14000e-02
-1.44934e-03	-6.40886e-05	1.20981e-05	-7.47589e-06	-7.54593e-01	-3.01837e-01	2.65427e-01	5.08386e-02	8.14000e-02
-1.49311e-03	-6.60112e-05	1.25301e-05	-6.64077e-06	-7.55939e-01	-3.02375e-01	2.69974e-01	4.99805e-02	8.14000e-02
-1.54777e-03	-6.84159e-05	1.30511e-05	-4.57756e-06	-7.57000e-01	-3.02799e-01	2.74482e-01	4.91249e-02	8.14000e-02
-1.60849e-03	-7.10860e-05	1.36365e-05	-2.21950e-06	-7.57777e-01	-3.03110e-01	2.78953e-01	4.82719e-02	8.14000e-02
-1.66822e-03	-7.37093e-05	1.42278e-05	-5.41658e-07	-7.58367e-01	-3.03346e-01	2.83384e-01	4.74219e-02	8.14000e-02
-1.72404e-03	-7.61630e-05	1.47697e-05	-1.64270e-07	-7.58698e-01	-3.03478e-01	2.87776e-01	4.65749e-02	8.14000e-02
-1.76478e-03	-7.79502e-05	1.51839e-05	-1.48702e-06	-7.58781e-01	-3.03512e-01	2.92128e-01	4.57313e-02	8.14000e-02
-1.78212e-03	-7.86993e-05	1.54177e-05	-4.01809e-06	-7.58829e-01	-3.03531e-01	2.96439e-01	4.48912e-02	8.14000e-02
-1.79191e-03	-7.91158e-05	1.55832e-05	-6.52906e-06	-7.58898e-01	-3.03558e-01	3.00708e-01	4.40549e-02	8.14000e-02
-1.82364e-03	-8.05023e-05	1.59315e-05	-8.47457e-06	-7.58793e-01	-3.03517e-01	3.04937e-01	4.32226e-02	8.14000e-02
-1.88885e-03	-8.33662e-05	1.65770e-05	-1.01310e-05	-7.58394e-01	-3.03357e-01	3.09123e-01	4.23945e-02	8.14000e-02
-1.97384e-03	-8.71004e-05	1.74077e-05	-1.17901e-05	-7.57734e-01	-3.03093e-01	3.13266e-01	4.15707e-02	8.14000e-02
-2.05027e-03	-9.04562e-05	1.81656e-05	-1.37805e-05	-7.56858e-01	-3.02742e-01	3.17366e-01	4.07516e-02	8.14000e-02
-2.09616e-03	-9.24642e-05	1.86544e-05	-1.58996e-05	-7.55904e-01	-3.02361e-01	3.21423e-01	3.99374e-02	8.14000e-02
-2.12015e-03	-9.35052e-05	1.89523e-05	-1.66789e-05	-7.54971e-01	-3.01987e-01	3.25436e-01	3.91281e-02	8.14000e-02
-2.15616e-03	-9.50783e-05	1.93493e-05	-1.52275e-05	-7.53873e-01	-3.01548e-01	3.29405e-01	3.83241e-02	8.14000e-02
-2.21870e-03	-9.78188e-05	1.99957e-05	-1.28514e-05	-7.52425e-01	-3.00969e-01	3.33328e-01	3.75255e-02	8.14000e-02
-2.29884e-03	-1.01333e-04	2.08114e-05	-1.12519e-05	-7.50699e-01	-3.00279e-01	3.37207e-01	3.67325e-02	8.14000e-02
-2.38646e-03	-1.05176e-04	2.16964e-05	-1.07441e-05	-7.48798e-01	-2.99518e-01	3.41040e-01	3.59453e-02	8.14000e-02
-2.47377e-03	-1.09004e-04	2.25860e-05	-1.10676e-05	-7.46687e-01	-2.98674e-01	3.44827e-01	3.51641e-02	8.14000e-02
-2.54776e-03	-1.12243e-04	2.33628e-05	-1.18189e-05	-7.44345e-01	-2.97737e-01	3.48568e-01	3.43891e-02	8.14000e-02
-2.60245e-03	-1.14631e-04	2.39682e-05	-1.19278e-05	-7.41880e-01	-2.96751e-01	3.52262e-01	3.36205e-02	8.14000e-02
-2.64832e-03	-1.16629e-04	2.44980e-05	-1.08749e-05	-7.39393e-01	-2.95756e-01	3.55909e-01	3.28584e-02	8.14000e-02
-2.69654e-03	-1.18730e-04	2.50509e-05	-9.79919e-06	-7.36900e-01	-2.94759e-01	3.59509e-01	3.21031e-02	8.14000e-02
-2.74638e-03	-1.20903e-04	2.56172e-05	-9.64057e-06	-7.34400e-01	-2.93759e-01	3.63061e-01	3.13546e-02	8.14000e-02
-2.78814e-03	-1.22719e-04	2.61120e-05	-9.73679e-06	-7.31864e-01	-2.92744e-01	3.66565e-01	3.06133e-02	8.14000e-02
-2.81932e-03	-1.24070e-04	2.65071e-05	-9.33563e-06	-7.29233e-01	-2.91692e-01	3.70021e-01	2.98792e-02	8.14000e-02
-2.85287e-03	-1.25526e-04	2.69163e-05	-8.49385e-06	-7.26446e-01	-2.90577e-01	3.73429e-01	2.91525e-02	8.14000e-02
-2.89587e-03	-1.27398e-04	2.74131e-05	-7.26110e-06	-7.23445e-01	-2.89377e-01	3.76788e-01	2.84334e-02	8.14000e-02
-2.94012e-03	-1.29325e-04	2.79244e-05	-5.74082e-06	-7.20259e-01	-2.88103e-01	3.80098e-01	2.77221e-02	8.14000e-02
-2.97622e-03	-1.30892e-04	2.83613e-05	-4.51094e-06	-7.16984e-01	-2.86792e-01	3.83359e-01	2.70186e-02	8.14000e-02
-3.00095e-03	-1.31959e-04	2.86940e-05	-3.94787e-06	-7.13694e-01	-2.85476e-01	3.86570e-01	2.63232e-02	8.14000e-02
-3.02117e-03	-1.32826e-04	2.89899e-05	-3.61236e-06	-7.10442e-01	-2.84176e-01	3.89732e-01	2.56360e-02	8.14000e-02
-3.03905e-03	-1.33588e-04	2.92707e-05	-2.91947e-06	-7.07181e-01	-2.82871e-01	3.92845e-01	2.49571e-02	8.14000e-02
-3.03861e-03	-1.33543e-04	2.93853e-05	-1.98507e-06	-7.03854e-01	-2.81540e-01	3.95907e-01	2.42867e-02	8.14000e-02
-3.00295e-03	-1.31950e-04	2.91550e-05	-1.27633e-06	-7.00585e-01	-2.80233e-01	3.98920e-01	2.36249e-02	8.14000e-02
-2.94751e-03	-1.29494e-04	2.87071e-05	-1.01594e-06	-6.97533e-01	-2.79012e-01	4.01883e-01	2.29718e-02	8.14000e-02
-2.90042e-03	-1.27408e-04	2.83261e-05	-1.31927e-06	-6.94647e-01	-2.77857e-01	4.04795e-01	2.23276e-02	8.14000e-02
-2.86128e-03	-1.25668e-04	2.80342e-05	-2.32157e-06	-6.91839e-01	-2.76734e-01	4.07657e-01	2.16924e-02	8.14000e-02
-2.80670e-03	-1.23250e-04	2.75981e-05	-3.60305e-06	-6.89170e-01	-2.75667e-01	4.10469e-01	2.10663e-02	8.14000e-02
-2.71759e-03	-1.19316e-04	2.68136e-05	-3.93222e-06	-6.86682e-01	-2.74672e-01	4.13231e-01	2.04494e-02	8.14000e-02
-2.59696e-03	-1.14003e-04	2.56982e-05	-2.39435e-06	-6.84379e-01	-2.73750e-01	4.15942e-01	1.98419e-02	8.14000e-02
-2.48560e-03	-1.09099e-04	2.46619e-05	1.81204e-07	-6.82320e-01	-2.72927e-01	4.18602e-01	1.92437e-02	8.14000e-02
-2.43422e-03	-1.06831e-04	2.42090e-05	1.58274e-06	-6.80380e-01	-2.72151e-01	4.21213e-01	1.86551e-02	8.14000e-02
-2.43237e-03	-1.06737e-04	2.42512e-05	8.91269e-07	-6.78310e-01	-2.71323e-01	4.23772e-01	1.80761e-02	8.14000e-02
-2.43483e-03	-1.06828e-04	2.43484e-05	-3.77461e-07	-6.76210e-01	-2.70483e-01	4.26282e-01	1.75068e-02	8.14000e-02
-2.45725e-03	-1.07793e-04	2.46547e-05	-1.29111e-06	-6.74152e-01	-2.69660e-01	4.28741e-01	1.69473e-02	8.14000e-02
-2.51591e-03	-1.10350e-04	2.53122e-05	-2.71492e-06	-6.71708e-01	-2.68682e-01	4.31150e-01	1.63976e-02	8.14000e-02
-2.54500e-03	-1.11604e-04	2.57000e-05	-4.79715e-06	-6.68839e-01	-2.67535e-01	4.33509e-01	1.58578e-02	8.14000e-02
-2.49562e-03	-1.09414e-04	2.53119e-05	-7.16312e-06	-6.66042e-01	-2.66416e-01	4.35818e-01	1.53280e-02	8.14000e-02
-2.40673e-03	-1.05507e-04	2.44480e-05	-9.59857e-06	-6.63529e-01	-2.65411e-01	4.38077e-01	1.48083e-02	8.14000e-02
-2.33981e-03	-1.02572e-04	2.37781e-05	-1.12984e-05	-6.61273e-01	-2.64508e-01	4.40287e-01	1.42986e-02	8.14000e-02
-2.31946e-03	-1.01669e-04	2.36139e-05	-1.13065e-05	-6.59151e-01	-2.63660e-01	4.42447e-01	1.37991e-02	8.14000e-02
-2.32820e-03	-1.02040e-04	2.37585e-05	-9.38813e-06	-6.56861e-01	-2.62744e-01	4.44557e-01	1.33097e-02	8.14000e-02
-2.32214e-03	-1.01764e-04	2.37379e-05	-6.47760e-06	-6.54286e-01	-2.61714e-01	4.46619e-01	1.28306e-02	8.14000e-02
-2.26963e-03	-9.94507e-05	2.32552e-05	-4.35289e-06	-6.51651e-01	-2.60659e-01	4.48632e-01	1.23617e-02	8.14000e-02
-2.18558e-03	-9.57522e-05	2.24602e-05	-4.00559e-06	-6.49205e-01	-2.59681e-01	4.50596e-01	1.19030e-02	8.14000e-02
-2.09486e-03	-9.17619e-05	2.15960e-05	-4.45004e-06	-6.46987e-01	-2.58794e-01	4.52511e-01	1.14545e-02	8.14000e-02
-1.99226e-03	-8.72542e-05	2.05949e-05	-4.26912e-06	-6.44972e-01	-2.57988e-01	4.54379e-01	1.10163e-02	8.14000e-02
-1.89219e-03	-8.28626e-05	1.95975e-05	-3.89146e-06	-6.43344e-01	-2.57337e-01	4.56199e-01	1.05884e-02	8.14000e-02
-1.85490e-03	-8.12268e-05	1.92236e-05	-4.45943e-06	-6.42028e-01	-2.56810e-01	4.57972e-01	1.01707e-02	8.14000e-02
-1.89367e-03	-8.29247e-05	1.96243e-05	-5.25286e-06	-6.40629e-01	-2.56251e-01	4.59698e-01	9.76316e-03	8.14000e-02
-1.96534e-03	-8.60493e-05	2.04259e-05	-4.93615e-06	-6.39112e-01	-2.55644e-01	4.61377e-01	9.36587e-03	8.14000e-02
-2.03841e-03	-8.92302e-05	2.12613e-05	-3.93294e-06	-6.37512e-01	-2.55004e-01	4.63010e-01	8.97873e-03	8.14000e-02
-2.08255e-03	-9.11524e-05	2.17650e-05	-3.37950e-06	-6.35723e-01	-2.54288e-01	4.64597e-01	8.60171e-03	8.14000e-02
-2.08051e-03	-9.10449e-05	2.18190e-05	-3.20285e-06	-6.33952e-01	-2.53580e-01	4.66139e-01	8.23477e-03	8.14000e-02
-2.08070e-03	-9.10286e-05	2.19255e-05	-2.60875e-06	-6.32221e-01	-2.52887e-01	4.67636e-01	7.87784e-03	8.14000e-02
-2.11509e-03	-9.25351e-05	2.22793e-05	-1.72885e-06	-6.30192e-01	-2.52076e-01	4.69088e-01	7.53086e-03	8.14000e-02
-2.13890e-03	-9.35785e-05	2.25218e-05	-1.58468e-06	-6.28019e-01	-2.51207e-01	4.70497e-01	7.19377e-03	8.14000e-02
-2.13089e-03	-9.32115e-05	2.25072e-05	-2.40490e-06	-6.25999e-01	-2.50399e-01	4.71863e-01	6.86648e-03	8.14000e-02
-2.11096e-03	-9.23270e-05	2.23482e-05	-3.38035e-06	-6.24043e-01	-2.49616e-01	4.73186e-01	6.54890e-03	8.14000e-02
-2.07715e-03	-9.08419e-05	2.20168e-05	-3.87998e-06	-6.22104e-01	-2.48841e-01	4.74466e-01	6.24095e-03	8.14000e-02
-2.01839e-03	-8.82647e-05	2.14252e-05	-3.96796e-06	-6.20261e-01	-2.48104e-01	4.75706e-01	5.94251e-03	8.14000e-02
-1.93963e-03	-8.48125e-05	2.06222e-05	-3.96279e-06	-6.18558e-01	-2.47422e-01	4.76904e-01	5.65348e-03	8.14000e-02
-1.85028e-03	-8.08957e-05	1.97116e-05	-4.00305e-06	-6.17037e-01	-2.46814e-01	4.78063e-01	5.37373e-03	8.14000e-02
-1.74453e-03	-7.62589e-05	1.86398e-05	-4.24740e-06	-6.15704e-01	-2.46281e-01	4.79181e-01	5.10315e-03	8.14000e-02
-1.59822e-03	-6.98521e-05	1.71234e-05	-4.94680e-06	-6.14542e-01	-2.45816e-01	4.80261e-01	4.84160e-03	8.14000e-02
-1.40718e-03	-6.14945e-05	1.51088e-05	-5.95306e-06	-6.13677e-01	-2.45470e-01	4.81303e-01	4.58893e-03	8.14000e-02
-1.21868e-03	-5.32408e-05	1.31510e-05	-6.96414e-06	-6.13203e-01	-2.45281e-01	4.82308e-01	4.34499e-03	8.14000e-02
-1.08038e-03	-4.71824e-05	1.17263e-05	-8.06762e-06	-6.12950e-01	-2.45180e-01	4.83277e-01	4.10962e-03	8.14000e-02
-9.94567e-04	-4.34294e-05	1.08168e-05	-9.35390e-06	-6.12746e-01	-2.45098e-01	4.84209e-01	3.88265e-03	8.14000e-02
-9.46373e-04	-4.13245e-05	1.02939e-05	-1.07114e-05	-6.12558e-01	-2.45023e-01	4.85107e-01	3.66392e-03	8.14000e-02
-9.34081e-04	-4.07920e-05	1.01427e-05	-1.20852e-05	-6.12319e-01	-2.44927e-01	4.85971e-01	3.45323e-03	8.14000e-02
-9.43188e-04	-4.12008e-05	1.01961e-05	-1.32920e-05	-6.11915e-01	-2.44766e-01	4.86802e-01	3.25039e-03	8.14000e-02
-9.42041e-04	-4.11587e-05	1.01510e-05	-1.40370e-05	-6.11405e-01	-2.44562e-01	4.87600e-01	3.05520e-03	8.14000e-02
-9.13172e-04	-3.98916e-05	9.86339e-06	-1.42619e-05	-6.10919e-01	-2.44367e-01	4.88368e-01	2.86746e-03	8.14000e-02
-8.64852e-04	-3.77755e-05	9.36285e-06	-1.40759e-05	-6.10526e-01	-2.44210e-01	4.89105e-01	2.68694e-03	8.14000e-02
-8.14426e-04	-3.55696e-05	8.83050e-06	-1.35661e-05	-6.10292e-01	-2.44116e-01	4.89813e-01	2.51342e-03	8.14000e-02
-7.72569e-04	-3.37293e-05	8.42649e-06	-1.28379e-05	-6.10167e-01	-2.44066e-01	4.90493e-01	2.34667e-03	8.14000e-02
-7.41428e-04	-3.23581e-05	8.13380e-06	-1.20392e-05	-6.10133e-01	-2.44053e-01	4.91146e-01	2.18644e-03	8.14000e-02
-7.22528e-04	-3.15288e-05	7.94447e-06	-1.13204e-05	-6.10082e-01	-2.44033e-01	4.91772e-01	2.03249e-03	8.14000e-02
-7.12345e-04	-3.10949e-05	7.79005e-06	-1.07220e-05	-6.09975e-01	-2.43990e-01	4.92374e-01	1.88456e-03	8.14000e-02
-7.08222e-04	-3.09194e-05	7.72654e-06	-1.00892e-05	-6.09966e-01	-2.43986e-01	4.92952e-01	1.74237e-03	8.14000e-02
-6.98187e-04	-3.04659e-05	7.67937e-06	-9.22451e-06	-6.09854e-01	-2.43941e-01	4.93507e-01	1.60566e-03	8.14000e-02
-6.88467e-04	-3.00478e-05	7.54782e-06	-8.11472e-06	-6.09922e-01	-2.43969e-01	4.94041e-01	1.47414e-03	8.14000e-02
-6.78964e-04	-2.96047e-05	7.55882e-06	-6.79687e-06	-6.09796e-01	-2.43918e-01	4.94554e-01	1.34753e-03	8.14000e-02
-6.73394e-04	-2.93977e-05	7.35104e-06	-5.24566e-06	-6.09767e-01	-2.43907e-01	4.95049e-01	1.22551e-03	8.14000e-02
-6.70916e-04	-2.92500e-05	7.48413e-06	-3.50333e-06	-6.09702e-01	-2.43881e-01	4.95526e-01	1.10779e-03	8.14000e-02
-6.63212e-04	-2.89545e-05	7.23472e-06	-1.71811e-06	-6.09415e-01	-2.43766e-01	4.95986e-01	9.94049e-04	8.14000e-02
-6.53153e-04	-2.84902e-05	7.22634e-06	2.94751e-08	-6.09562e-01	-2.43824e-01	4.96432e-01	8.83960e-04	8.14000e-02
-6.32250e-04	-2.75657e-05	7.04656e-06	1.76120e-06	-6.08993e-01	-2.43597e-01	4.96864e-01	7.77193e-04	8.14000e-02
-5.93954e-04	-2.59460e-05	6.41760e-06	3.51670e-06	-6.09288e-01	-2.43715e-01	4.97283e-01	6.73408e-04	8.14000e-02
-5.56929e-04	-2.41783e-05	6.62478e-06	5.26647e-06	-6.08852e-01	-2.43540e-01	4.97692e-01	5.72254e-04	8.14000e-02
-4.72787e-04	-2.07250e-05	4.81799e-06	6.96306e-06	-6.08631e-01	-2.43452e-01	4.98091e-01	4.73376e-04	8.14000e-02
-4.54718e-04	-1.95303e-05	6.25844e-06	8.56993e-06	-6.09541e-01	-2.43816e-01	4.98483e-01	3.76407e-04	8.14000e-02
-3.57344e-04	-1.56350e-05	3.76061e-06	1.00157e-05	-6.07767e-01	-2.43107e-01	4.98868e-01	2.80974e-04	8.14000e-02
-4.72594e-04	-2.03738e-05	6.19815e-06	1.12659e-05	-6.13587e-01	-2.45435e-01	4.99248e-01	1.86694e-04	8.14000e-02
-8.75131e-04	-3.57207e-05	1.95609e-05	1.17223e-05	-6.13296e-01	-2.45318e-01	4.99625e-01	9.31769e-05	8.14000e-02
-8.10294e-04	-4.91050e-05	-4.64412e-05	1.07097e-05	-6.19493e-01	-2.47796e-01	5.00000e-01	0.00000e+00	8.14000e-02
