"Density"	"Momentum:0"	"Momentum:1"	"Momentum:2"	"StagnationEnergy"	"Pressure"	"Points:0"	"Points:1"	"Points:2"
1.84902e-02	-7.84508e-04	8.32041e-04	-4.62874e-05	-9.04185e-02	-3.61816e-02	-5.14970e-01	0.00000e+00	-2.86000e-02
-4.91633e-04	2.25004e-05	-2.32327e-05	1.07286e-05	-4.07617e-01	-1.63046e-01	-5.14918e-01	2.24940e-03	-2.86000e-02
4.17179e-03	2.83340e-05	1.86171e-04	1.49327e-05	-2.87401e-01	-1.14962e-01	-5.14761e-01	4.49391e-03	-2.86000e-02
1.19622e-02	5.77802e-05	5.36258e-04	1.51700e-05	-3.47281e-01	-1.38917e-01	-5.14499e-01	6.72854e-03	-2.86000e-02
1.51435e-02	1.39131e-04	6.68184e-04	1.86198e-05	-3.54421e-01	-1.41774e-01	-5.14131e-01	8.94828e-03	-2.86000e-02
1.85200e-02	1.80305e-04	8.14954e-04	2.08765e-05	-4.04796e-01	-1.61926e-01	-5.13659e-01	1.11483e-02	-2.86000e-02
2.11231e-02	2.64578e-04	9.14302e-04	2.61169e-05	-4.86615e-01	-1.94654e-01	-5.13086e-01	1.33239e-02	-2.86000e-02
2.25911e-02	3.17729e-04	9.67112e-04	3.01800e-05	-5.34463e-01	-2.13794e-01	-5.12413e-01	1.54711e-02	-2.86000e-02
2.36040e-02	3.77894e-04	9.94152e-04	3.50321e-05	-6.20003e-01	-2.48011e-01	-5.11645e-01	1.75860e-02	-2.86000e-02
2.39151e-02	4.24579e-04	9.90345e-04	3.94586e-05	-6.77111e-01	-2.70854e-01	-5.10831e-01	1.95633e-02	-2.86000e-02
2.39009e-02	4.56840e-04	9.75156e-04	4.31463e-05	-7.31023e-01	-2.92419e-01	-5.10015e-01	2.13464e-02	-2.86000e-02
2.36710e-02	4.86468e-04	9.49024e-04	4.67595e-05	-7.82549e-01	-3.13029e-01	-5.09196e-01	2.29845e-02	-2.86000e-02
2.32398e-02	5.03334e-04	9.18072e-04	4.97334e-05	-8.18426e-01	-3.27380e-01	-5.08372e-01	2.45101e-02	-2.86000e-02
2.27677e-02	5.19074e-04	8.84641e-04	5.26782e-05	-8.57807e-01	-3.43132e-01	-5.07542e-01	2.59462e-02	-2.86000e-02
2.22073e-02	5.28159e-04	8.49628e-04	5.53564e-05	-8.86849e-01	-3.54749e-01	-5.06704e-01	2.73094e-02	-2.86000e-02
2.16223e-02	5.34358e-04	8.14362e-04	5.79330e-05	-9.14598e-01	-3.65848e-01	-5.05858e-01	2.86125e-02	-2.86000e-02
2.10095e-02	5.37623e-04	7.78855e-04	6.04374e-05	-9.38816e-01	-3.75535e-01	-5.05000e-01	2.98654e-02	-2.86000e-02
2.03661e-02	5.37445e-04	7.43469e-04	6.28455e-05	-9.59016e-01	-3.83615e-01	-5.04131e-01	3.10762e-02	-2.86000e-02
1.97420e-02	5.36210e-04	7.09388e-04	6.53309e-05	-9.77884e-01	-3.91162e-01	-5.03249e-01	3.22512e-02	-2.86000e-02
1.91111e-02	5.32713e-04	6.76164e-04	6.78408e-05	-9.93459e-01	-3.97392e-01	-5.02352e-01	3.33957e-02	-2.86000e-02
1.84875e-02	5.27930e-04	6.43947e-04	7.04322e-05	-1.00732e+00	-4.02936e-01	-5.01440e-01	3.45143e-02	-2.86000e-02
1.78510e-02	5.21272e-04	6.12120e-04	7.30511e-05	-1.01930e+00	-4.07726e-01	-5.00510e-01	3.56106e-02	-2.86000e-02
1.72350e-02	5.13821e-04	5.81838e-04	7.58650e-05	-1.02920e+00	-4.11686e-01	-4.99562e-01	3.66878e-02	-2.86000e-02
1.66338e-02	5.05600e-04	5.52798e-04	7.88723e-05	-1.03778e+00	-4.15117e-01	-4.98595e-01	3.77487e-02	-2.86000e-02
1.60279e-02	4.96094e-04	5.24347e-04	8.20211e-05	-1.04466e+00	-4.17869e-01	-4.97607e-01	3.87955e-02	-2.86000e-02
1.54402e-02	4.86100e-04	4.97219e-04	8.54325e-05	-1.05012e+00	-4.20055e-01	-4.96597e-01	3.98302e-02	-2.86000e-02
1.48621e-02	4.75437e-04	4.71094e-04	8.90957e-05	-1.05432e+00	-4.21736e-01	-4.95564e-01	4.08545e-02	-2.86000e-02
1.42950e-02	4.64237e-04	4.45983e-04	9.30678e-05	-1.05715e+00	-4.22865e-01	-4.94507e-01	4.18700e-02	-2.86000e-02
1.37387e-02	4.52554e-04	4.21870e-04	9.73881e-05	-1.05886e+00	-4.23548e-01	-4.93425e-01	4.28779e-02	-2.86000e-02
1.31872e-02	4.40259e-04	3.98528e-04	1.02064e-04	-1.05937e+00	-4.23755e-01	-4.92317e-01	4.38792e-02	-2.86000e-02
1.26452e-02	4.27561e-04	3.76085e-04	1.07151e-04	-1.05880e+00	-4.23527e-01	-4.91182e-01	4.48750e-02	-2.86000e-02
1.21088e-02	4.14375e-04	3.54407e-04	1.12642e-04	-1.05721e+00	-4.22890e-01	-4.90018e-01	4.58660e-02	-2.86000e-02
1.15782e-02	4.00757e-04	3.33488e-04	1.18587e-04	-1.05461e+00	-4.21848e-01	-4.88826e-01	4.68529e-02	-2.86000e-02
1.10501e-02	3.86625e-04	3.13215e-04	1.25005e-04	-1.05109e+00	-4.20440e-01	-4.87604e-01	4.78364e-02	-2.86000e-02
1.05217e-02	3.71922e-04	2.93498e-04	1.31907e-04	-1.04667e+00	-4.18671e-01	-4.86350e-01	4.88169e-02	-2.86000e-02
9.99461e-03	3.56733e-04	2.74368e-04	1.39310e-04	-1.04141e+00	-4.16570e-01	-4.85065e-01	4.97947e-02	-2.86000e-02
9.46565e-03	3.40973e-04	2.55734e-04	1.47138e-04	-1.03540e+00	-4.14163e-01	-4.83747e-01	5.07703e-02	-2.86000e-02
8.93334e-03	3.24611e-04	2.37554e-04	1.55325e-04	-1.02868e+00	-4.11476e-01	-4.82396e-01	5.17439e-02	-2.86000e-02
8.39028e-03	3.07398e-04	2.19629e-04	1.63685e-04	-1.02136e+00	-4.08548e-01	-4.81011e-01	5.27157e-02	-2.86000e-02
7.84652e-03	2.89721e-04	2.02220e-04	1.72294e-04	-1.01352e+00	-4.05411e-01	-4.79591e-01	5.36858e-02	-2.86000e-02
7.29395e-03	2.71304e-04	1.85107e-04	1.80754e-04	-1.00527e+00	-4.02112e-01	-4.78135e-01	5.46542e-02	-2.86000e-02
6.74042e-03	2.52459e-04	1.68484e-04	1.88842e-04	-9.96760e-01	-3.98708e-01	-4.76642e-01	5.56212e-02	-2.86000e-02
6.19057e-03	2.33378e-04	1.52461e-04	1.96183e-04	-9.88149e-01	-3.95263e-01	-4.75112e-01	5.65866e-02	-2.86000e-02
5.64389e-03	2.14065e-04	1.37010e-04	2.02176e-04	-9.79619e-01	-3.91851e-01	-4.73545e-01	5.75504e-02	-2.86000e-02
5.11202e-03	1.94991e-04	1.22387e-04	2.06485e-04	-9.71358e-01	-3.88547e-01	-4.71938e-01	5.85126e-02	-2.86000e-02
4.60267e-03	1.76483e-04	1.08740e-04	2.08568e-04	-9.63582e-01	-3.85436e-01	-4.70293e-01	5.94730e-02	-2.86000e-02
4.11384e-03	1.58487e-04	9.60017e-05	2.07748e-04	-9.56514e-01	-3.82609e-01	-4.68608e-01	6.04315e-02	-2.86000e-02
3.63188e-03	1.40494e-04	8.38419e-05	2.03522e-04	-9.50329e-01	-3.80136e-01	-4.66883e-01	6.13880e-02	-2.86000e-02
3.13890e-03	1.21835e-04	7.18254e-05	1.95879e-04	-9.45133e-01	-3.78057e-01	-4.65117e-01	6.23423e-02	-2.86000e-02
2.63292e-03	1.02463e-04	5.98606e-05	1.85796e-04	-9.40990e-01	-3.76400e-01	-4.63309e-01	6.32942e-02	-2.86000e-02
2.13464e-03	8.32327e-05	4.83327e-05	1.74688e-04	-9.37861e-01	-3.75148e-01	-4.61460e-01	6.42434e-02	-2.86000e-02
1.68194e-03	6.56841e-05	3.79819e-05	1.63744e-04	-9.35679e-01	-3.74275e-01	-4.59568e-01	6.51897e-02	-2.86000e-02
1.32520e-03	5.18458e-05	2.98289e-05	1.54078e-04	-9.34528e-01	-3.73815e-01	-4.57634e-01	6.61330e-02	-2.86000e-02
1.13189e-03	4.44686e-05	2.51752e-05	1.46805e-04	-9.34533e-01	-3.73817e-01	-4.55656e-01	6.70728e-02	-2.86000e-02
1.15636e-03	4.58574e-05	2.48825e-05	1.41868e-04	-9.35924e-01	-3.74373e-01	-4.53635e-01	6.80089e-02	-2.86000e-02
1.38874e-03	5.57407e-05	2.84917e-05	1.37925e-04	-9.39093e-01	-3.75641e-01	-4.51569e-01	6.89411e-02	-2.86000e-02
1.75616e-03	7.12256e-05	3.44398e-05	1.34050e-04	-9.44466e-01	-3.77789e-01	-4.49459e-01	6.98690e-02	-2.86000e-02
2.16869e-03	8.86481e-05	4.09994e-05	1.31021e-04	-9.52169e-01	-3.80870e-01	-4.47304e-01	7.07923e-02	-2.86000e-02
2.56214e-03	1.05407e-04	4.69002e-05	1.28972e-04	-9.61483e-01	-3.84596e-01	-4.45105e-01	7.17107e-02	-2.86000e-02
2.90659e-03	1.20257e-04	5.16140e-05	1.26879e-04	-9.72121e-01	-3.88851e-01	-4.42859e-01	7.26239e-02	-2.86000e-02
3.15158e-03	1.30931e-04	5.46850e-05	1.26676e-04	-9.84582e-01	-3.93835e-01	-4.40568e-01	7.35315e-02	-2.86000e-02
3.20235e-03	1.33458e-04	5.45633e-05	1.32590e-04	-9.97730e-01	-3.99094e-01	-4.38231e-01	7.44331e-02	-2.86000e-02
3.02162e-03	1.26208e-04	5.08173e-05	1.43745e-04	-1.00992e+00	-4.03969e-01	-4.35848e-01	7.53286e-02	-2.86000e-02
2.70075e-03	1.13019e-04	4.49288e-05	1.52737e-04	-1.02065e+00	-4.08262e-01	-4.33418e-01	7.62174e-02	-2.86000e-02
2.46319e-03	1.03355e-04	4.02867e-05	1.53137e-04	-1.02947e+00	-4.11791e-01	-4.30942e-01	7.70993e-02	-2.86000e-02
2.44663e-03	1.03065e-04	3.89390e-05	1.44467e-04	-1.03764e+00	-4.15058e-01	-4.28419e-01	7.79738e-02	-2.86000e-02
2.42308e-03	1.02406e-04	3.76629e-05	1.31856e-04	-1.04728e+00	-4.18916e-01	-4.25849e-01	7.88407e-02	-2.86000e-02
2.10912e-03	8.93023e-05	3.23596e-05	1.24900e-04	-1.05625e+00	-4.22503e-01	-4.23232e-01	7.96996e-02	-2.86000e-02
1.67758e-03	7.10712e-05	2.56869e-05	1.30120e-04	-1.06266e+00	-4.25066e-01	-4.20567e-01	8.05500e-02	-2.86000e-02
1.49810e-03	6.34783e-05	2.29855e-05	1.40645e-04	-1.06855e+00	-4.27421e-01	-4.17855e-01	8.13918e-02	-2.86000e-02
1.59829e-03	6.79334e-05	2.39229e-05	1.43260e-04	-1.07542e+00	-4.30173e-01	-4.15096e-01	8.22244e-02	-2.86000e-02
1.74606e-03	7.45573e-05	2.50635e-05	1.36284e-04	-1.08285e+00	-4.33142e-01	-4.12289e-01	8.30476e-02	-2.86000e-02
1.83660e-03	7.88053e-05	2.51093e-05	1.29412e-04	-1.09045e+00	-4.36183e-01	-4.09435e-01	8.38609e-02	-2.86000e-02
1.87106e-03	8.04696e-05	2.49909e-05	1.30336e-04	-1.10084e+00	-4.40338e-01	-4.06533e-01	8.46641e-02	-2.86000e-02
1.72285e-03	7.40243e-05	2.33651e-05	1.35625e-04	-1.11353e+00	-4.45415e-01	-4.03583e-01	8.54568e-02	-2.86000e-02
1.42911e-03	6.14835e-05	1.91646e-05	1.30620e-04	-1.12135e+00	-4.48542e-01	-4.00586e-01	8.62385e-02	-2.86000e-02
1.26258e-03	5.45800e-05	1.59752e-05	1.07573e-04	-1.12378e+00	-4.49516e-01	-3.97542e-01	8.70091e-02	-2.86000e-02
1.28623e-03	5.58194e-05	1.54529e-05	7.83012e-05	-1.12813e+00	-4.51255e-01	-3.94449e-01	8.77681e-02	-2.86000e-02
1.32044e-03	5.74525e-05	1.52962e-05	5.98306e-05	-1.13716e+00	-4.54866e-01	-3.91310e-01	8.85152e-02	-2.86000e-02
1.23657e-03	5.38137e-05	1.43361e-05	5.55905e-05	-1.14945e+00	-4.59783e-01	-3.88123e-01	8.92501e-02	-2.86000e-02
1.05354e-03	4.58259e-05	1.23777e-05	4.94689e-05	-1.16102e+00	-4.64410e-01	-3.84888e-01	8.99724e-02	-2.86000e-02
6.99267e-04	3.04840e-05	7.94720e-06	2.45803e-05	-1.16677e+00	-4.66708e-01	-3.81607e-01	9.06818e-02	-2.86000e-02
8.98733e-05	3.84199e-06	1.39718e-06	-9.23086e-06	-1.16737e+00	-4.66950e-01	-3.78278e-01	9.13780e-02	-2.86000e-02
-6.22572e-04	-2.76100e-05	-4.81270e-06	-2.76458e-05	-1.16575e+00	-4.66298e-01	-3.74903e-01	9.20607e-02	-2.86000e-02
-1.04837e-03	-4.64502e-05	-8.29470e-06	-3.04868e-05	-1.16215e+00	-4.64859e-01	-3.71481e-01	9.27295e-02	-2.86000e-02
-8.79483e-04	-3.90376e-05	-6.56483e-06	-3.76739e-05	-1.15908e+00	-4.63632e-01	-3.68012e-01	9.33843e-02	-2.86000e-02
-4.80579e-04	-2.14528e-05	-2.89791e-06	-5.34650e-05	-1.15683e+00	-4.62731e-01	-3.64497e-01	9.40245e-02	-2.86000e-02
-7.19901e-04	-3.19687e-05	-5.26330e-06	-6.53509e-05	-1.15324e+00	-4.61295e-01	-3.60935e-01	9.46501e-02	-2.86000e-02
-1.65019e-03	-7.32689e-05	-1.21173e-05	-6.99926e-05	-1.14721e+00	-4.58884e-01	-3.57328e-01	9.52607e-02	-2.86000e-02
-2.14105e-03	-9.52005e-05	-1.48708e-05	-6.86126e-05	-1.13593e+00	-4.54372e-01	-3.53675e-01	9.58560e-02	-2.86000e-02
-1.69510e-03	-7.55221e-05	-1.07905e-05	-5.10986e-05	-1.12550e+00	-4.50197e-01	-3.49977e-01	9.64357e-02	-2.86000e-02
-1.46344e-03	-6.52671e-05	-8.84559e-06	-2.34952e-05	-1.12022e+00	-4.48087e-01	-3.46234e-01	9.69997e-02	-2.86000e-02
-2.14313e-03	-9.55574e-05	-1.30769e-05	-1.59247e-05	-1.11204e+00	-4.44815e-01	-3.42445e-01	9.75476e-02	-2.86000e-02
-2.79863e-03	-1.24867e-04	-1.64612e-05	-3.39860e-05	-1.09753e+00	-4.39009e-01	-3.38612e-01	9.80792e-02	-2.86000e-02
-2.88003e-03	-1.28593e-04	-1.62057e-05	-5.06795e-05	-1.07949e+00	-4.31793e-01	-3.34735e-01	9.85942e-02	-2.86000e-02
-2.85057e-03	-1.27342e-04	-1.55101e-05	-5.21952e-05	-1.05860e+00	-4.23440e-01	-3.30814e-01	9.90926e-02	-2.86000e-02
-2.77486e-03	-1.24047e-04	-1.43597e-05	-4.72329e-05	-1.03724e+00	-4.14896e-01	-3.26849e-01	9.95739e-02	-2.86000e-02
-2.42048e-03	-1.08265e-04	-1.19926e-05	-5.11877e-05	-1.01957e+00	-4.07827e-01	-3.22841e-01	1.00038e-01	-2.86000e-02
-1.96428e-03	-8.79119e-05	-9.24865e-06	-6.58748e-05	-1.00601e+00	-4.02403e-01	-3.18791e-01	1.00485e-01	-2.86000e-02
-1.55613e-03	-6.96486e-05	-7.29125e-06	-7.51544e-05	-9.93425e-01	-3.97369e-01	-3.14697e-01	1.00914e-01	-2.86000e-02
-1.12592e-03	-5.04082e-05	-5.13618e-06	-7.45873e-05	-9.82960e-01	-3.93182e-01	-3.10562e-01	1.01326e-01	-2.86000e-02
-8.45049e-04	-3.78414e-05	-3.78400e-06	-7.26952e-05	-9.76898e-01	-3.90758e-01	-3.06385e-01	1.01719e-01	-2.86000e-02
-9.45229e-04	-4.23554e-05	-3.93651e-06	-6.70383e-05	-9.70976e-01	-3.88389e-01	-3.02167e-01	1.02095e-01	-2.86000e-02
-1.22006e-03	-5.46960e-05	-4.79423e-06	-5.55121e-05	-9.61111e-01	-3.84443e-01	-2.97907e-01	1.02452e-01	-2.86000e-02
-1.29756e-03	-5.82112e-05	-4.59847e-06	-4.67821e-05	-9.50931e-01	-3.80371e-01	-2.93608e-01	1.02791e-01	-2.86000e-02
-1.21680e-03	-5.46090e-05	-4.03801e-06	-4.32374e-05	-9.44366e-01	-3.77746e-01	-2.89269e-01	1.03112e-01	-2.86000e-02
-1.25865e-03	-5.64999e-05	-4.00394e-06	-4.10288e-05	-9.40504e-01	-3.76201e-01	-2.84890e-01	1.03413e-01	-2.86000e-02
-1.47449e-03	-6.62146e-05	-4.31022e-06	-4.14092e-05	-9.37313e-01	-3.74924e-01	-2.80472e-01	1.03697e-01	-2.86000e-02
-1.67266e-03	-7.51454e-05	-4.36951e-06	-4.81367e-05	-9.33130e-01	-3.73251e-01	-2.76015e-01	1.03961e-01	-2.86000e-02
-1.67065e-03	-7.50724e-05	-4.05117e-06	-5.95198e-05	-9.27086e-01	-3.70833e-01	-2.71521e-01	1.04206e-01	-2.86000e-02
-1.55924e-03	-7.00749e-05	-3.62253e-06	-6.86775e-05	-9.21020e-01	-3.68407e-01	-2.66989e-01	1.04433e-01	-2.86000e-02
-1.62519e-03	-7.30593e-05	-3.33724e-06	-7.04467e-05	-9.15937e-01	-3.66374e-01	-2.62421e-01	1.04640e-01	-2.86000e-02
-1.89015e-03	-8.49904e-05	-3.40961e-06	-6.70075e-05	-9.09696e-01	-3.63877e-01	-2.57816e-01	1.04828e-01	-2.86000e-02
-2.09695e-03	-9.43053e-05	-3.35496e-06	-6.79887e-05	-9.01235e-01	-3.60493e-01	-2.53175e-01	1.04997e-01	-2.86000e-02
-2.19512e-03	-9.87315e-05	-3.18060e-06	-7.85894e-05	-8.90285e-01	-3.56113e-01	-2.48499e-01	1.05147e-01	-2.86000e-02
-2.39411e-03	-1.07696e-04	-2.99656e-06	-8.88606e-05	-8.76454e-01	-3.50580e-01	-2.43788e-01	1.05278e-01	-2.86000e-02
-2.75068e-03	-1.23748e-04	-2.96255e-06	-9.06689e-05	-8.61207e-01	-3.44481e-01	-2.39043e-01	1.05390e-01	-2.86000e-02
-3.03427e-03	-1.36521e-04	-2.56986e-06	-9.08326e-05	-8.44642e-01	-3.37855e-01	-2.34264e-01	1.05482e-01	-2.86000e-02
-2.99944e-03	-1.34962e-04	-2.01791e-06	-9.22395e-05	-8.26430e-01	-3.30570e-01	-2.29452e-01	1.05555e-01	-2.86000e-02
-2.69335e-03	-1.21196e-04	-1.31343e-06	-8.69378e-05	-8.10493e-01	-3.24196e-01	-2.24609e-01	1.05608e-01	-2.86000e-02
-2.34744e-03	-1.05634e-04	-7.09720e-07	-7.60660e-05	-7.97947e-01	-3.19177e-01	-2.19733e-01	1.05643e-01	-2.86000e-02
-2.03144e-03	-9.14160e-05	-3.09536e-07	-7.16912e-05	-7.86761e-01	-3.14703e-01	-2.14826e-01	1.05658e-01	-2.86000e-02
-1.74675e-03	-7.86052e-05	-4.40587e-08	-7.63334e-05	-7.77643e-01	-3.11056e-01	-2.09889e-01	1.05654e-01	-2.86000e-02
-1.55858e-03	-7.01378e-05	1.32241e-07	-8.05511e-05	-7.69446e-01	-3.07777e-01	-2.04922e-01	1.05631e-01	-2.86000e-02
-1.44591e-03	-6.50672e-05	3.12921e-07	-8.07492e-05	-7.60587e-01	-3.04233e-01	-1.99926e-01	1.05589e-01	-2.86000e-02
-1.33119e-03	-5.99030e-05	5.17673e-07	-7.89527e-05	-7.52223e-01	-3.00888e-01	-1.94901e-01	1.05529e-01	-2.86000e-02
-1.20366e-03	-5.41613e-05	6.99540e-07	-7.15809e-05	-7.44345e-01	-2.97737e-01	-1.89848e-01	1.05449e-01	-2.86000e-02
-1.14795e-03	-5.16508e-05	9.12887e-07	-5.73220e-05	-7.37700e-01	-2.95079e-01	-1.84769e-01	1.05350e-01	-2.86000e-02
-1.23422e-03	-5.55259e-05	1.26990e-06	-4.33372e-05	-7.32644e-01	-2.93057e-01	-1.79662e-01	1.05233e-01	-2.86000e-02
-1.26700e-03	-5.69967e-05	1.48082e-06	-3.58729e-05	-7.26347e-01	-2.90538e-01	-1.74530e-01	1.05097e-01	-2.86000e-02
-1.05869e-03	-4.76213e-05	1.38715e-06	-3.40297e-05	-7.20504e-01	-2.88201e-01	-1.69373e-01	1.04943e-01	-2.86000e-02
-9.17433e-04	-4.12628e-05	1.35272e-06	-3.38160e-05	-7.18636e-01	-2.87454e-01	-1.64192e-01	1.04771e-01	-2.86000e-02
-1.14892e-03	-5.16674e-05	1.88760e-06	-3.30730e-05	-7.16678e-01	-2.86670e-01	-1.58986e-01	1.04580e-01	-2.86000e-02
-1.45183e-03	-6.52798e-05	2.63219e-06	-3.20283e-05	-7.10939e-01	-2.84375e-01	-1.53758e-01	1.04371e-01	-2.86000e-02
-1.44643e-03	-6.50280e-05	2.84341e-06	-3.13162e-05	-7.04435e-01	-2.81773e-01	-1.48507e-01	1.04144e-01	-2.86000e-02
-1.20866e-03	-5.43310e-05	2.53428e-06	-3.03838e-05	-6.99590e-01	-2.79835e-01	-1.43235e-01	1.03900e-01	-2.86000e-02
-9.80313e-04	-4.40614e-05	2.16452e-06	-2.82513e-05	-6.96116e-01	-2.78446e-01	-1.37942e-01	1.03638e-01	-2.86000e-02
-8.64483e-04	-3.88486e-05	2.03869e-06	-2.50428e-05	-6.93819e-01	-2.77527e-01	-1.32629e-01	1.03358e-01	-2.86000e-02
-8.61303e-04	-3.86987e-05	2.15978e-06	-2.18881e-05	-6.92036e-01	-2.76814e-01	-1.27297e-01	1.03062e-01	-2.86000e-02
-9.26104e-04	-4.16028e-05	2.45023e-06	-1.93654e-05	-6.90167e-01	-2.76066e-01	-1.21946e-01	1.02748e-01	-2.86000e-02
-9.98949e-04	-4.48664e-05	2.78773e-06	-1.73592e-05	-6.88339e-01	-2.75335e-01	-1.16577e-01	1.02417e-01	-2.86000e-02
-1.03123e-03	-4.63071e-05	3.02516e-06	-1.58586e-05	-6.86611e-01	-2.74644e-01	-1.11192e-01	1.02070e-01	-2.86000e-02
-9.96522e-04	-4.47390e-05	3.06303e-06	-1.49748e-05	-6.85138e-01	-2.74055e-01	-1.05789e-01	1.01706e-01	-2.86000e-02
-9.23334e-04	-4.14455e-05	2.94757e-06	-1.47749e-05	-6.84070e-01	-2.73628e-01	-1.00372e-01	1.01326e-01	-2.86000e-02
-8.74585e-04	-3.92500e-05	2.89336e-06	-1.50994e-05	-6.83293e-01	-2.73317e-01	-9.49395e-02	1.00930e-01	-2.86000e-02
-8.65467e-04	-3.88329e-05	2.96866e-06	-1.59193e-05	-6.82478e-01	-2.72991e-01	-8.94932e-02	1.00518e-01	-2.86000e-02
-8.57562e-04	-3.84703e-05	3.04329e-06	-1.74821e-05	-6.81269e-01	-2.72507e-01	-8.40336e-02	1.00091e-01	-2.86000e-02
-8.52775e-04	-3.82478e-05	3.12206e-06	-1.90972e-05	-6.80289e-01	-2.72115e-01	-7.85617e-02	9.96480e-02	-2.86000e-02
-9.02508e-04	-4.04696e-05	3.40942e-06	-1.92401e-05	-6.79871e-01	-2.71948e-01	-7.30781e-02	9.91901e-02	-2.86000e-02
-9.58235e-04	-4.29557e-05	3.76914e-06	-1.74210e-05	-6.78443e-01	-2.71377e-01	-6.75837e-02	9.87173e-02	-2.86000e-02
-9.05619e-04	-4.05904e-05	3.63707e-06	-1.38497e-05	-6.75821e-01	-2.70328e-01	-6.20793e-02	9.82299e-02	-2.86000e-02
-7.90246e-04	-3.54103e-05	3.27266e-06	-8.56307e-06	-6.73833e-01	-2.69533e-01	-5.65657e-02	9.77281e-02	-2.86000e-02
-7.41814e-04	-3.32328e-05	3.14992e-06	-2.72178e-06	-6.72637e-01	-2.69054e-01	-5.10436e-02	9.72121e-02	-2.86000e-02
-7.44603e-04	-3.33486e-05	3.25664e-06	1.42905e-06	-6.71768e-01	-2.68707e-01	-4.55138e-02	9.66823e-02	-2.86000e-02
-7.00083e-04	-3.13460e-05	3.14985e-06	2.92738e-06	-6.71466e-01	-2.68586e-01	-3.99773e-02	9.61389e-02	-2.86000e-02
-6.02529e-04	-2.69725e-05	2.76538e-06	2.89116e-06	-6.71871e-01	-2.68748e-01	-3.44347e-02	9.55821e-02	-2.86000e-02
-5.37013e-04	-2.40340e-05	2.51859e-06	2.81507e-06	-6.72976e-01	-2.69190e-01	-2.88869e-02	9.50123e-02	-2.86000e-02
-5.54922e-04	-2.48319e-05	2.63780e-06	3.00686e-06	-6.73994e-01	-2.69598e-01	-2.33347e-02	9.44296e-02	-2.86000e-02
-6.05819e-04	-2.71030e-05	2.93937e-06	2.86942e-06	-6.74206e-01	-2.69682e-01	-1.77788e-02	9.38344e-02	-2.86000e-02
-6.19852e-04	-2.77236e-05	3.07267e-06	2.06043e-06	-6.74112e-01	-2.69645e-01	-1.22203e-02	9.32269e-02	-2.86000e-02
-6.02001e-04	-2.69193e-05	3.03709e-06	9.73496e-07	-6.74344e-01	-2.69737e-01	-6.65971e-03	9.26074e-02	-2.86000e-02
-5.90665e-04	-2.64067e-05	3.02992e-06	3.11703e-07	-6.74757e-01	-2.69903e-01	-1.09801e-03	9.19763e-02	-2.86000e-02
-5.89147e-04	-2.63330e-05	3.07284e-06	4.15398e-07	-6.75106e-01	-2.70042e-01	4.46403e-03	9.13336e-02	-2.86000e-02
-5.86613e-04	-2.62130e-05	3.11639e-06	1.13362e-06	-6.75480e-01	-2.70192e-01	1.00256e-02	9.06798e-02	-2.86000e-02
-5.90237e-04	-2.63687e-05	3.18758e-06	2.13473e-06	-6.75952e-01	-2.70381e-01	1.55859e-02	9.00152e-02	-2.86000e-02
-6.07636e-04	-2.71398e-05	3.33276e-06	2.94870e-06	-6.76478e-01	-2.70591e-01	2.11440e-02	8.93400e-02	-2.86000e-02
-6.28528e-04	-2.80664e-05	3.50035e-06	2.99908e-06	-6.77009e-01	-2.70803e-01	2.66992e-02	8.86544e-02	-2.86000e-02
-6.36994e-04	-2.84380e-05	3.59861e-06	2.32548e-06	-6.77573e-01	-2.71029e-01	3.22507e-02	8.79588e-02	-2.86000e-02
-6.34525e-04	-2.83211e-05	3.63702e-06	1.99668e-06	-6.78327e-01	-2.71331e-01	3.77977e-02	8.72536e-02	-2.86000e-02
-6.40918e-04	-2.85999e-05	3.72430e-06	2.90749e-06	-6.79267e-01	-2.71707e-01	4.33392e-02	8.65388e-02	-2.86000e-02
-6.70220e-04	-2.99008e-05	3.94517e-06	4.56396e-06	-6.80188e-01	-2.72075e-01	4.88746e-02	8.58149e-02	-2.86000e-02
-7.14145e-04	-3.18529e-05	4.26025e-06	5.59753e-06	-6.80907e-01	-2.72363e-01	5.44030e-02	8.50821e-02	-2.86000e-02
-7.54836e-04	-3.36599e-05	4.56208e-06	5.01982e-06	-6.81413e-01	-2.72565e-01	5.99235e-02	8.43408e-02	-2.86000e-02
-7.89586e-04	-3.52013e-05	4.83180e-06	3.08149e-06	-6.81893e-01	-2.72757e-01	6.54355e-02	8.35911e-02	-2.86000e-02
-8.23161e-04	-3.66898e-05	5.09769e-06	1.05574e-06	-6.82448e-01	-2.72979e-01	7.09380e-02	8.28334e-02	-2.86000e-02
-8.40705e-04	-3.74633e-05	5.26678e-06	-1.32158e-07	-6.83017e-01	-2.73207e-01	7.64303e-02	8.20680e-02	-2.86000e-02
-8.14430e-04	-3.62839e-05	5.16311e-06	-4.45068e-07	-6.83670e-01	-2.73468e-01	8.19116e-02	8.12952e-02	-2.86000e-02
-7.41763e-04	-3.30385e-05	4.75820e-06	2.94814e-08	-6.84612e-01	-2.73844e-01	8.73810e-02	8.05152e-02	-2.86000e-02
-6.53913e-04	-2.91190e-05	4.24006e-06	9.71917e-07	-6.85989e-01	-2.74396e-01	9.28378e-02	7.97283e-02	-2.86000e-02
-5.85877e-04	-2.60837e-05	3.83756e-06	1.50331e-06	-6.87731e-01	-2.75092e-01	9.82812e-02	7.89348e-02	-2.86000e-02
-5.54472e-04	-2.46809e-05	3.66311e-06	1.22167e-06	-6.89541e-01	-2.75816e-01	1.03710e-01	7.81351e-02	-2.86000e-02
-5.54448e-04	-2.46746e-05	3.69780e-06	7.97893e-07	-6.91167e-01	-2.76467e-01	1.09124e-01	7.73293e-02	-2.86000e-02
-5.64970e-04	-2.51369e-05	3.80807e-06	8.11406e-07	-6.92557e-01	-2.77022e-01	1.14523e-01	7.65178e-02	-2.86000e-02
-5.63856e-04	-2.50820e-05	3.83546e-06	8.53975e-07	-6.93918e-01	-2.77567e-01	1.19905e-01	7.57008e-02	-2.86000e-02
-5.53261e-04	-2.46059e-05	3.79434e-06	2.80778e-07	-6.95604e-01	-2.78242e-01	1.25269e-01	7.48786e-02	-2.86000e-02
-5.52909e-04	-2.45857e-05	3.82171e-06	-6.49868e-07	-6.97570e-01	-2.79028e-01	1.30615e-01	7.40515e-02	-2.86000e-02
-5.65891e-04	-2.51576e-05	3.94566e-06	-8.00535e-07	-6.99460e-01	-2.79784e-01	1.35943e-01	7.32198e-02	-2.86000e-02
-5.78342e-04	-2.57041e-05	4.07698e-06	4.80406e-07	-7.01219e-01	-2.80487e-01	1.41250e-01	7.23838e-02	-2.86000e-02
-5.86355e-04	-2.60530e-05	4.17873e-06	2.53089e-06	-7.03018e-01	-2.81207e-01	1.46538e-01	7.15436e-02	-2.86000e-02
-5.96613e-04	-2.65030e-05	4.28772e-06	4.51058e-06	-7.04978e-01	-2.81991e-01	1.51804e-01	7.06997e-02	-2.86000e-02
-6.14572e-04	-2.72958e-05	4.44748e-06	6.43720e-06	-7.07166e-01	-2.82866e-01	1.57048e-01	6.98522e-02	-2.86000e-02
-6.38128e-04	-2.83366e-05	4.65102e-06	8.31136e-06	-7.09525e-01	-2.83810e-01	1.62270e-01	6.90014e-02	-2.86000e-02
-6.59099e-04	-2.92619e-05	4.83992e-06	9.51594e-06	-7.11955e-01	-2.84782e-01	1.67468e-01	6.81477e-02	-2.86000e-02
-6.73927e-04	-2.99141e-05	4.98611e-06	9.92385e-06	-7.14480e-01	-2.85792e-01	1.72642e-01	6.72912e-02	-2.86000e-02
-6.90406e-04	-3.06389e-05	5.14760e-06	1.03330e-05	-7.17111e-01	-2.86844e-01	1.77791e-01	6.64322e-02	-2.86000e-02
-7.15360e-04	-3.17398e-05	5.37211e-06	1.11685e-05	-7.19792e-01	-2.87916e-01	1.82914e-01	6.55710e-02	-2.86000e-02
-7.51229e-04	-3.33244e-05	5.68216e-06	1.17444e-05	-7.22498e-01	-2.88999e-01	1.88011e-01	6.47079e-02	-2.86000e-02
-8.03238e-04	-3.56244e-05	6.11714e-06	1.12152e-05	-7.25170e-01	-2.90067e-01	1.93081e-01	6.38431e-02	-2.86000e-02
-8.77138e-04	-3.88944e-05	6.72336e-06	9.86020e-06	-7.27693e-01	-2.91077e-01	1.98124e-01	6.29768e-02	-2.86000e-02
-9.67421e-04	-4.28889e-05	7.46625e-06	8.85051e-06	-7.30076e-01	-2.92030e-01	2.03137e-01	6.21094e-02	-2.86000e-02
-1.05799e-03	-4.68940e-05	8.22263e-06	8.81095e-06	-7.32447e-01	-2.92978e-01	2.08122e-01	6.12410e-02	-2.86000e-02
-1.13951e-03	-5.04971e-05	8.91454e-06	9.18557e-06	-7.34874e-01	-2.93949e-01	2.13077e-01	6.03720e-02	-2.86000e-02
-1.22046e-03	-5.40741e-05	9.60581e-06	9.09602e-06	-7.37298e-01	-2.94919e-01	2.18002e-01	5.95025e-02	-2.86000e-02
-1.31095e-03	-5.80720e-05	1.03827e-05	8.40024e-06	-7.39647e-01	-2.95858e-01	2.22895e-01	5.86329e-02	-2.86000e-02
-1.40143e-03	-6.20671e-05	1.11706e-05	7.65437e-06	-7.41938e-01	-2.96775e-01	2.27756e-01	5.77634e-02	-2.86000e-02
-1.46879e-03	-6.50369e-05	1.17818e-05	7.33059e-06	-7.44297e-01	-2.97718e-01	2.32586e-01	5.68941e-02	-2.86000e-02
-1.51013e-03	-6.68538e-05	1.21895e-05	7.48422e-06	-7.46757e-01	-2.98702e-01	2.37381e-01	5.60254e-02	-2.86000e-02
-1.54634e-03	-6.84434e-05	1.25539e-05	7.87338e-06	-7.49097e-01	-2.99638e-01	2.42144e-01	5.51576e-02	-2.86000e-02
-1.59011e-03	-7.03680e-05	1.29789e-05	8.21140e-06	-7.51127e-01	-3.00450e-01	2.46871e-01	5.42908e-02	-2.86000e-02
-1.64036e-03	-7.25779e-05	1.34639e-05	8.52319e-06	-7.52928e-01	-3.01171e-01	2.51564e-01	5.34252e-02	-2.86000e-02
-1.70642e-03	-7.54863e-05	1.40844e-05	9.03775e-06	-7.54649e-01	-3.01859e-01	2.56221e-01	5.25612e-02	-2.86000e-02
-1.80572e-03	-7.98639e-05	1.49836e-05	9.70203e-06	-7.56239e-01	-3.02495e-01	2.60842e-01	5.16989e-02	-2.86000e-02
-1.93637e-03	-8.56267e-05	1.61502e-05	1.02090e-05	-7.57543e-01	-3.03016e-01	2.65427e-01	5.08386e-02	-2.86000e-02
-2.07468e-03	-9.17263e-05	1.73926e-05	1.04965e-05	-7.58527e-01	-3.03410e-01	2.69974e-01	4.99805e-02	-2.86000e-02
-2.19749e-03	-9.71373e-05	1.85206e-05	1.08565e-05	-7.59286e-01	-3.03713e-01	2.74482e-01	4.91249e-02	-2.86000e-02
-2.29331e-03	-1.01352e-04	1.94371e-05	1.14327e-05	-7.59889e-01	-3.03954e-01	2.78953e-01	4.82719e-02	-2.86000e-02
-2.35976e-03	-1.04267e-04	2.01118e-05	1.19234e-05	-7.60339e-01	-3.04135e-01	2.83384e-01	4.74219e-02	-2.86000e-02
-2.40965e-03	-1.06451e-04	2.06455e-05	1.19924e-05	-7.60645e-01	-3.04257e-01	2.87776e-01	4.65749e-02	-2.86000e-02
-2.46583e-03	-1.08912e-04	2.12324e-05	1.16992e-05	-7.60769e-01	-3.04307e-01	2.92128e-01	4.57313e-02	-2.86000e-02
-2.54280e-03	-1.12291e-04	2.20020e-05	1.15355e-05	-7.60640e-01	-3.04255e-01	2.96439e-01	4.48912e-02	-2.86000e-02
-2.63514e-03	-1.16347e-04	2.29098e-05	1.21394e-05	-7.60266e-01	-3.04105e-01	3.00708e-01	4.40549e-02	-2.86000e-02
-2.73682e-03	-1.20814e-04	2.39065e-05	1.37213e-05	-7.59738e-01	-3.03894e-01	3.04937e-01	4.32226e-02	-2.86000e-02
-2.84831e-03	-1.25712e-04	2.50002e-05	1.56036e-05	-7.59025e-01	-3.03609e-01	3.09123e-01	4.23945e-02	-2.86000e-02
-2.95860e-03	-1.30555e-04	2.60947e-05	1.67959e-05	-7.57960e-01	-3.03183e-01	3.13266e-01	4.15707e-02	-2.86000e-02
-3.03688e-03	-1.33982e-04	2.69175e-05	1.71493e-05	-7.56514e-01	-3.02604e-01	3.17366e-01	4.07516e-02	-2.86000e-02
-3.05965e-03	-1.34960e-04	2.72541e-05	1.76713e-05	-7.54971e-01	-3.01987e-01	3.21423e-01	3.99374e-02	-2.86000e-02
-3.03932e-03	-1.34036e-04	2.72070e-05	1.93040e-05	-7.53667e-01	-3.01466e-01	3.25436e-01	3.91281e-02	-2.86000e-02
-3.01976e-03	-1.33149e-04	2.71508e-05	2.14418e-05	-7.52572e-01	-3.01027e-01	3.29405e-01	3.83241e-02	-2.86000e-02
-3.02934e-03	-1.33549e-04	2.73471e-05	2.24323e-05	-7.51311e-01	-3.00523e-01	3.33328e-01	3.75255e-02	-2.86000e-02
-3.05975e-03	-1.34865e-04	2.77408e-05	2.17201e-05	-7.49524e-01	-2.99808e-01	3.37207e-01	3.67325e-02	-2.86000e-02
-3.07970e-03	-1.35719e-04	2.80437e-05	2.04694e-05	-7.47169e-01	-2.98866e-01	3.41040e-01	3.59453e-02	-2.86000e-02
-3.07511e-03	-1.35494e-04	2.81145e-05	2.01705e-05	-7.44549e-01	-2.97818e-01	3.44827e-01	3.51641e-02	-2.86000e-02
-3.05736e-03	-1.34688e-04	2.80662e-05	2.11221e-05	-7.41952e-01	-2.96779e-01	3.48568e-01	3.43891e-02	-2.86000e-02
-3.04506e-03	-1.34120e-04	2.80781e-05	2.23544e-05	-7.39412e-01	-2.95764e-01	3.52262e-01	3.36205e-02	-2.86000e-02
-3.05932e-03	-1.34723e-04	2.83287e-05	2.29642e-05	-7.36847e-01	-2.94737e-01	3.55909e-01	3.28584e-02	-2.86000e-02
-3.10113e-03	-1.36542e-04	2.88255e-05	2.28093e-05	-7.34043e-01	-2.93616e-01	3.59509e-01	3.21031e-02	-2.86000e-02
-3.13468e-03	-1.37995e-04	2.92468e-05	2.20422e-05	-7.30926e-01	-2.92369e-01	3.63061e-01	3.13546e-02	-2.86000e-02
-3.14323e-03	-1.38345e-04	2.94501e-05	2.12333e-05	-7.27864e-01	-2.91144e-01	3.66565e-01	3.06133e-02	-2.86000e-02
-3.16615e-03	-1.39329e-04	2.97834e-05	2.13241e-05	-7.24932e-01	-2.89972e-01	3.70021e-01	2.98792e-02	-2.86000e-02
-3.23096e-03	-1.42160e-04	3.04939e-05	2.24232e-05	-7.21755e-01	-2.88701e-01	3.73429e-01	2.91525e-02	-2.86000e-02
-3.30902e-03	-1.45569e-04	3.13484e-05	2.34981e-05	-7.18304e-01	-2.87320e-01	3.76788e-01	2.84334e-02	-2.86000e-02
-3.36836e-03	-1.48152e-04	3.20364e-05	2.34057e-05	-7.14745e-01	-2.85897e-01	3.80098e-01	2.77221e-02	-2.86000e-02
-3.40537e-03	-1.49756e-04	3.24973e-05	2.21813e-05	-7.10997e-01	-2.84397e-01	3.83359e-01	2.70186e-02	-2.86000e-02
-3.42814e-03	-1.50735e-04	3.28190e-05	2.18841e-05	-7.07017e-01	-2.82805e-01	3.86570e-01	2.63232e-02	-2.86000e-02
-3.44556e-03	-1.51473e-04	3.31125e-05	2.47654e-05	-7.02852e-01	-2.81139e-01	3.89732e-01	2.56360e-02	-2.86000e-02
-3.44109e-03	-1.51245e-04	3.32147e-05	3.02017e-05	-6.98565e-01	-2.79424e-01	3.92845e-01	2.49571e-02	-2.86000e-02
-3.37921e-03	-1.48494e-04	3.27606e-05	3.55974e-05	-6.94347e-01	-2.77737e-01	3.95907e-01	2.42867e-02	-2.86000e-02
-3.25969e-03	-1.43213e-04	3.17303e-05	3.93331e-05	-6.90489e-01	-2.76194e-01	3.98920e-01	2.36249e-02	-2.86000e-02
-3.13638e-03	-1.37768e-04	3.06543e-05	4.08327e-05	-6.87094e-01	-2.74836e-01	4.01883e-01	2.29718e-02	-2.86000e-02
-3.04747e-03	-1.33843e-04	2.98751e-05	3.94457e-05	-6.83864e-01	-2.73544e-01	4.04795e-01	2.23276e-02	-2.86000e-02
-2.97842e-03	-1.30800e-04	2.92432e-05	3.54122e-05	-6.80587e-01	-2.72233e-01	4.07657e-01	2.16924e-02	-2.86000e-02
-2.90418e-03	-1.27523e-04	2.85875e-05	3.10641e-05	-6.77483e-01	-2.70992e-01	4.10469e-01	2.10663e-02	-2.86000e-02
-2.80884e-03	-1.23315e-04	2.77489e-05	2.90457e-05	-6.74651e-01	-2.69859e-01	4.13231e-01	2.04494e-02	-2.86000e-02
-2.70590e-03	-1.18775e-04	2.68227e-05	2.94327e-05	-6.72066e-01	-2.68825e-01	4.15942e-01	1.98419e-02	-2.86000e-02
-2.66133e-03	-1.16807e-04	2.64305e-05	2.98910e-05	-6.69597e-01	-2.67838e-01	4.18602e-01	1.92437e-02	-2.86000e-02
-2.69837e-03	-1.18427e-04	2.68224e-05	2.87279e-05	-6.66725e-01	-2.66689e-01	4.21213e-01	1.86551e-02	-2.86000e-02
-2.73091e-03	-1.19838e-04	2.72213e-05	2.66604e-05	-6.63385e-01	-2.65353e-01	4.23772e-01	1.80761e-02	-2.86000e-02
-2.69209e-03	-1.18106e-04	2.69631e-05	2.51647e-05	-6.60144e-01	-2.64056e-01	4.26282e-01	1.75068e-02	-2.86000e-02
-2.60161e-03	-1.14116e-04	2.61441e-05	2.46453e-05	-6.56988e-01	-2.62794e-01	4.28741e-01	1.69473e-02	-2.86000e-02
-2.47457e-03	-1.08537e-04	2.48943e-05	2.48120e-05	-6.53917e-01	-2.61566e-01	4.31150e-01	1.63976e-02	-2.86000e-02
-2.34053e-03	-1.02641e-04	2.36220e-05	2.51363e-05	-6.51533e-01	-2.60612e-01	4.33509e-01	1.58578e-02	-2.86000e-02
-2.26257e-03	-9.92053e-05	2.29072e-05	2.44965e-05	-6.49775e-01	-2.59909e-01	4.35818e-01	1.53280e-02	-2.86000e-02
-2.21054e-03	-9.69151e-05	2.24184e-05	2.20391e-05	-6.48178e-01	-2.59270e-01	4.38077e-01	1.48083e-02	-2.86000e-02
-2.10868e-03	-9.24301e-05	2.14680e-05	1.92367e-05	-6.47001e-01	-2.58800e-01	4.40287e-01	1.42986e-02	-2.86000e-02
-1.99847e-03	-8.75732e-05	2.04589e-05	1.93723e-05	-6.46264e-01	-2.58505e-01	4.42447e-01	1.37991e-02	-2.86000e-02
-1.96318e-03	-8.60249e-05	2.01063e-05	2.30345e-05	-6.45253e-01	-2.58100e-01	4.44557e-01	1.33097e-02	-2.86000e-02
-2.02027e-03	-8.85362e-05	2.06491e-05	2.71901e-05	-6.43842e-01	-2.57536e-01	4.46619e-01	1.28306e-02	-2.86000e-02
-2.15794e-03	-9.45647e-05	2.20769e-05	3.01491e-05	-6.42305e-01	-2.56921e-01	4.48632e-01	1.23617e-02	-2.86000e-02
-2.29154e-03	-1.00390e-04	2.35705e-05	3.27221e-05	-6.40248e-01	-2.56098e-01	4.50596e-01	1.19030e-02	-2.86000e-02
-2.28759e-03	-1.00198e-04	2.36069e-05	3.47160e-05	-6.37685e-01	-2.55073e-01	4.52511e-01	1.14545e-02	-2.86000e-02
-2.17896e-03	-9.54298e-05	2.25297e-05	3.52981e-05	-6.35498e-01	-2.54198e-01	4.54379e-01	1.10163e-02	-2.86000e-02
-2.12092e-03	-9.28719e-05	2.19986e-05	3.50924e-05	-6.33776e-01	-2.53509e-01	4.56199e-01	1.05884e-02	-2.86000e-02
-2.13980e-03	-9.36830e-05	2.22587e-05	3.48804e-05	-6.32023e-01	-2.52808e-01	4.57972e-01	1.01707e-02	-2.86000e-02
-2.17126e-03	-9.50534e-05	2.26164e-05	3.43866e-05	-6.30218e-01	-2.52086e-01	4.59698e-01	9.76316e-03	-2.86000e-02
-2.20207e-03	-9.64039e-05	2.29297e-05	3.32014e-05	-6.28372e-01	-2.51348e-01	4.61377e-01	9.36587e-03	-2.86000e-02
-2.22434e-03	-9.73749e-05	2.31782e-05	3.12162e-05	-6.26426e-01	-2.50569e-01	4.63010e-01	8.97873e-03	-2.86000e-02
-2.21588e-03	-9.69956e-05	2.31277e-05	2.83235e-05	-6.24426e-01	-2.49769e-01	4.64597e-01	8.60171e-03	-2.86000e-02
-2.17476e-03	-9.51871e-05	2.27334e-05	2.45969e-05	-6.22450e-01	-2.48979e-01	4.66139e-01	8.23477e-03	-2.86000e-02
-2.10725e-03	-9.22261e-05	2.20542e-05	2.06660e-05	-6.20639e-01	-2.48255e-01	4.67636e-01	7.87784e-03	-2.86000e-02
-2.00924e-03	-8.79252e-05	2.10752e-05	1.72968e-05	-6.19101e-01	-2.47640e-01	4.69088e-01	7.53086e-03	-2.86000e-02
-1.87180e-03	-8.18945e-05	1.97012e-05	1.48475e-05	-6.17861e-01	-2.47144e-01	4.70497e-01	7.19377e-03	-2.86000e-02
-1.71211e-03	-7.48880e-05	1.81039e-05	1.34304e-05	-6.16917e-01	-2.46766e-01	4.71863e-01	6.86648e-03	-2.86000e-02
-1.56953e-03	-6.86380e-05	1.66518e-05	1.27749e-05	-6.16231e-01	-2.46492e-01	4.73186e-01	6.54890e-03	-2.86000e-02
-1.46630e-03	-6.41148e-05	1.55937e-05	1.19252e-05	-6.15725e-01	-2.46289e-01	4.74466e-01	6.24095e-03	-2.86000e-02
-1.39546e-03	-6.10175e-05	1.48388e-05	1.00935e-05	-6.15248e-01	-2.46099e-01	4.75706e-01	5.94251e-03	-2.86000e-02
-1.34905e-03	-5.90005e-05	1.42946e-05	7.66843e-06	-6.14839e-01	-2.45935e-01	4.76904e-01	5.65348e-03	-2.86000e-02
-1.35081e-03	-5.90645e-05	1.43657e-05	5.62411e-06	-6.14587e-01	-2.45834e-01	4.78063e-01	5.37373e-03	-2.86000e-02
-1.42439e-03	-6.22621e-05	1.52296e-05	4.41131e-06	-6.14062e-01	-2.45624e-01	4.79181e-01	5.10315e-03	-2.86000e-02
-1.51337e-03	-6.61611e-05	1.61417e-05	3.89387e-06	-6.13016e-01	-2.45206e-01	4.80261e-01	4.84160e-03	-2.86000e-02
-1.53702e-03	-6.71968e-05	1.63872e-05	3.89237e-06	-6.11843e-01	-2.44736e-01	4.81303e-01	4.58893e-03	-2.86000e-02
-1.49294e-03	-6.52563e-05	1.59710e-05	4.17858e-06	-6.10823e-01	-2.44328e-01	4.82308e-01	4.34499e-03	-2.86000e-02
-1.42556e-03	-6.23010e-05	1.52921e-05	4.49733e-06	-6.09943e-01	-2.43977e-01	4.83277e-01	4.10962e-03	-2.86000e-02
-1.37564e-03	-6.01113e-05	1.47893e-05	4.87723e-06	-6.09204e-01	-2.43681e-01	4.84209e-01	3.88265e-03	-2.86000e-02
-1.36548e-03	-5.96577e-05	1.47205e-05	5.29216e-06	-6.08481e-01	-2.43392e-01	4.85107e-01	3.66392e-03	-2.86000e-02
-1.39394e-03	-6.08999e-05	1.50313e-05	5.57899e-06	-6.07644e-01	-2.43057e-01	4.85971e-01	3.45323e-03	-2.86000e-02
-1.43915e-03	-6.28835e-05	1.54848e-05	5.94933e-06	-6.06695e-01	-2.42678e-01	4.86802e-01	3.25039e-03	-2.86000e-02
-1.48831e-03	-6.50483e-05	1.59455e-05	6.51188e-06	-6.05756e-01	-2.42302e-01	4.87600e-01	3.05520e-03	-2.86000e-02
-1.55672e-03	-6.80347e-05	1.66922e-05	6.68500e-06	-6.04988e-01	-2.41995e-01	4.88368e-01	2.86746e-03	-2.86000e-02
-1.63819e-03	-7.15610e-05	1.77048e-05	6.09768e-06	-6.04220e-01	-2.41687e-01	4.89105e-01	2.68694e-03	-2.86000e-02
-1.68072e-03	-7.34096e-05	1.82027e-05	5.03089e-06	-6.03146e-01	-2.41258e-01	4.89813e-01	2.51342e-03	-2.86000e-02
-1.67625e-03	-7.32112e-05	1.81670e-05	3.53824e-06	-6.01951e-01	-2.40780e-01	4.90493e-01	2.34667e-03	-2.86000e-02
-1.66951e-03	-7.29101e-05	1.81206e-05	1.50668e-06	-6.00918e-01	-2.40366e-01	4.91146e-01	2.18644e-03	-2.86000e-02
-1.67702e-03	-7.32409e-05	1.81906e-05	-5.87220e-07	-5.99869e-01	-2.39947e-01	4.91772e-01	2.03249e-03	-2.86000e-02
-1.68267e-03	-7.34895e-05	1.82447e-05	-2.06061e-06	-5.98769e-01	-2.39507e-01	4.92374e-01	1.88456e-03	-2.86000e-02
-1.68187e-03	-7.34428e-05	1.82840e-05	-2.70223e-06	-5.97790e-01	-2.39116e-01	4.92952e-01	1.74237e-03	-2.86000e-02
-1.66922e-03	-7.28694e-05	1.82306e-05	-2.80386e-06	-5.96728e-01	-2.38691e-01	4.93507e-01	1.60566e-03	-2.86000e-02
-1.65050e-03	-7.20569e-05	1.80066e-05	-2.80303e-06	-5.95845e-01	-2.38337e-01	4.94041e-01	1.47414e-03	-2.86000e-02
-1.61913e-03	-7.06680e-05	1.77431e-05	-3.02602e-06	-5.94810e-01	-2.37923e-01	4.94554e-01	1.34753e-03	-2.86000e-02
-1.57058e-03	-6.85925e-05	1.70357e-05	-3.56596e-06	-5.93917e-01	-2.37566e-01	4.95049e-01	1.22551e-03	-2.86000e-02
-1.50074e-03	-6.55140e-05	1.63923e-05	-4.34953e-06	-5.93113e-01	-2.37245e-01	4.95526e-01	1.10779e-03	-2.86000e-02
-1.40472e-03	-6.13521e-05	1.52218e-05	-5.25896e-06	-5.92286e-01	-2.36914e-01	4.95986e-01	9.94049e-04	-2.86000e-02
-1.29219e-03	-5.64021e-05	1.41449e-05	-6.19650e-06	-5.92027e-01	-2.36810e-01	4.96432e-01	8.83960e-04	-2.86000e-02
-1.16288e-03	-5.07352e-05	1.28213e-05	-7.09800e-06	-5.91275e-01	-2.36510e-01	4.96864e-01	7.77193e-04	-2.86000e-02
-1.01766e-03	-4.44340e-05	1.10814e-05	-7.90361e-06	-5.91423e-01	-2.36569e-01	4.97283e-01	6.73408e-04	-2.86000e-02
-8.78281e-04	-3.82079e-05	1.01300e-05	-8.46756e-06	-5.91029e-01	-2.36411e-01	4.97692e-01	5.72254e-04	-2.86000e-02
-7.03490e-04	-3.07680e-05	7.45154e-06	-8.87711e-06	-5.90924e-01	-2.36369e-01	4.98091e-01	4.73376e-04	-2.86000e-02
-5.98772e-04	-2.58213e-05	7.82246e-06	-9.05802e-06	-5.91913e-01	-2.36765e-01	4.98483e-01	3.76407e-04	-2.86000e-02
-4.34951e-04	-1.89902e-05	4.73991e-06	-8.66052e-06	-5.90578e-01	-2.36231e-01	4.98868e-01	2.80974e-04	-2.86000e-02
-4.74737e-04	-2.04575e-05	6.26143e-06	-8.68085e-06	-5.95992e-01	-2.38396e-01	4.99248e-01	1.86694e-04	-2.86000e-02
-8.06328e-04	-3.29176e-05	1.80018e-05	-9.10238e-06	-5.96331e-01	-2.38532e-01	4.99625e-01	9.31769e-05	-2.86000e-02
-7.77402e-04	-4.60655e-05	-4.03434e-05	-7.30886e-06	-6.03187e-01	-2.41274e-01	5.00000e-01	0.00000e+00	-2.86000e-02
