f	SCd	
0.000000e+00 	 5.153874e-05 	 
2.830795e-02 	 9.088591e-05 	 
5.661591e-02 	 8.889286e-05 	 
8.492386e-02 	 8.447337e-05 	 
1.132318e-01 	 8.980053e-05 	 
1.415398e-01 	 4.319755e-05 	 
1.698477e-01 	 9.790797e-06 	 
1.981557e-01 	 4.284722e-06 	 
2.264636e-01 	 2.242472e-06 	 
2.547716e-01 	 2.785118e-06 	 
2.830795e-01 	 1.210778e-06 	 
3.113875e-01 	 8.188748e-07 	 
3.396955e-01 	 5.953460e-07 	 
3.680034e-01 	 5.285771e-07 	 
3.963114e-01 	 1.003362e-06 	 
4.246193e-01 	 4.625947e-07 	 
4.529273e-01 	 1.426330e-07 	 
4.812352e-01 	 2.141894e-07 	 
5.095432e-01 	 1.132789e-07 	 
5.378511e-01 	 7.358719e-08 	 
5.661591e-01 	 6.425117e-08 	 
5.944671e-01 	 1.887084e-07 	 
6.227750e-01 	 1.605694e-07 	 
6.510830e-01 	 6.589656e-08 	 
6.793909e-01 	 2.024377e-07 	 
7.076989e-01 	 1.242906e-07 	 
7.360068e-01 	 1.687939e-08 	 
7.643148e-01 	 2.228054e-08 	 
7.926227e-01 	 4.657549e-08 	 
8.209307e-01 	 1.182402e-07 	 
8.492386e-01 	 9.979617e-08 	 
8.775466e-01 	 4.044505e-08 	 
9.058546e-01 	 2.885343e-08 	 
9.341625e-01 	 1.854286e-08 	 
9.624705e-01 	 2.062987e-08 	 
9.907784e-01 	 1.242092e-08 	 
1.019086e+00 	 1.534061e-08 	 
1.047394e+00 	 1.544463e-08 	 
1.075702e+00 	 1.099348e-08 	 
1.104010e+00 	 1.295480e-08 	 
1.132318e+00 	 1.939730e-08 	 
1.160626e+00 	 1.504619e-08 	 
1.188934e+00 	 1.458536e-08 	 
1.217242e+00 	 1.490354e-08 	 
1.245550e+00 	 7.039006e-09 	 
1.273858e+00 	 8.068270e-09 	 
1.302166e+00 	 1.417094e-08 	 
1.330474e+00 	 7.367905e-09 	 
1.358782e+00 	 7.277531e-09 	 
1.387090e+00 	 1.852143e-08 	 
1.415398e+00 	 1.152817e-08 	 
1.443706e+00 	 3.454089e-09 	 
1.472014e+00 	 1.502801e-08 	 
1.500322e+00 	 7.289265e-09 	 
1.528630e+00 	 1.221520e-08 	 
1.556938e+00 	 1.261905e-08 	 
1.585245e+00 	 1.422782e-08 	 
1.613553e+00 	 2.362501e-08 	 
1.641861e+00 	 3.165728e-08 	 
1.670169e+00 	 1.341882e-08 	 
1.698477e+00 	 7.151316e-09 	 
1.726785e+00 	 6.097158e-09 	 
1.755093e+00 	 9.467270e-10 	 
1.783401e+00 	 3.940532e-09 	 
1.811709e+00 	 4.106303e-09 	 
1.840017e+00 	 8.928194e-09 	 
1.868325e+00 	 6.748767e-09 	 
1.896633e+00 	 3.390772e-09 	 
1.924941e+00 	 2.832641e-09 	 
1.953249e+00 	 2.269577e-09 	 
1.981557e+00 	 6.294762e-10 	 
2.009865e+00 	 3.232224e-09 	 
2.038173e+00 	 6.373141e-09 	 
2.066481e+00 	 2.990157e-09 	 
2.094789e+00 	 3.147818e-09 	 
2.123097e+00 	 2.960511e-09 	 
2.151405e+00 	 4.317802e-09 	 
2.179713e+00 	 3.346141e-09 	 
2.208020e+00 	 1.471806e-09 	 
2.236328e+00 	 2.659901e-09 	 
2.264636e+00 	 2.973834e-09 	 
2.292944e+00 	 1.553649e-09 	 
2.321252e+00 	 2.927497e-09 	 
2.349560e+00 	 2.369378e-09 	 
2.377868e+00 	 1.271799e-09 	 
2.406176e+00 	 1.183245e-09 	 
2.434484e+00 	 6.806321e-10 	 
2.462792e+00 	 5.272911e-10 	 
2.491100e+00 	 1.241883e-09 	 
2.519408e+00 	 1.065519e-09 	 
2.547716e+00 	 4.466319e-10 	 
2.576024e+00 	 1.032334e-09 	 
2.604332e+00 	 7.451310e-10 	 
2.632640e+00 	 1.282195e-10 	 
2.660948e+00 	 1.255193e-10 	 
2.689256e+00 	 3.731308e-10 	 
2.717564e+00 	 3.312013e-10 	 
2.745872e+00 	 2.254616e-10 	 
2.774180e+00 	 1.749584e-10 	 
2.802488e+00 	 5.211546e-10 	 
2.830795e+00 	 5.214927e-10 	 
2.859103e+00 	 9.772441e-11 	 
2.887411e+00 	 8.611980e-10 	 
2.915719e+00 	 9.004240e-10 	 
2.944027e+00 	 4.369706e-10 	 
2.972335e+00 	 4.903945e-10 	 
3.000643e+00 	 6.031568e-10 	 
3.028951e+00 	 1.227616e-09 	 
3.057259e+00 	 1.695116e-09 	 
3.085567e+00 	 7.398878e-10 	 
3.113875e+00 	 8.730285e-10 	 
3.142183e+00 	 1.360154e-09 	 
3.170491e+00 	 1.759738e-09 	 
3.198799e+00 	 2.369619e-10 	 
3.227107e+00 	 2.399480e-10 	 
3.255415e+00 	 9.728994e-10 	 
3.283723e+00 	 1.396568e-09 	 
3.312031e+00 	 2.648748e-10 	 
3.340339e+00 	 4.608718e-10 	 
3.368647e+00 	 5.648412e-10 	 
3.396955e+00 	 4.994452e-10 	 
3.425263e+00 	 1.721459e-10 	 
3.453570e+00 	 7.142653e-11 	 
3.481878e+00 	 9.572232e-11 	 
3.510186e+00 	 2.982416e-10 	 
3.538494e+00 	 6.419220e-10 	 
3.566802e+00 	 3.068063e-10 	 
3.595110e+00 	 2.187567e-10 	 
3.623418e+00 	 2.435250e-10 	 
3.651726e+00 	 4.153192e-10 	 
3.680034e+00 	 9.345420e-10 	 
3.708342e+00 	 6.572771e-10 	 
3.736650e+00 	 1.386711e-10 	 
3.764958e+00 	 1.668415e-10 	 
3.793266e+00 	 1.706409e-10 	 
3.821574e+00 	 1.980331e-10 	 
3.849882e+00 	 3.091616e-10 	 
3.878190e+00 	 3.450022e-10 	 
3.906498e+00 	 2.369260e-10 	 
3.934806e+00 	 7.846832e-11 	 
3.963114e+00 	 1.105267e-10 	 
3.991422e+00 	 3.295316e-10 	 
4.019730e+00 	 5.045087e-10 	 
4.048038e+00 	 1.236132e-09 	 
4.076345e+00 	 1.210012e-09 	 
4.104653e+00 	 6.360672e-10 	 
4.132961e+00 	 5.071845e-10 	 
4.161269e+00 	 4.088475e-10 	 
4.189577e+00 	 2.129592e-10 	 
4.217885e+00 	 1.333109e-10 	 
4.246193e+00 	 1.716055e-10 	 
4.274501e+00 	 1.512459e-10 	 
4.302809e+00 	 1.218771e-10 	 
4.331117e+00 	 1.139703e-10 	 
4.359425e+00 	 5.842377e-11 	 
4.387733e+00 	 1.281723e-11 	 
4.416041e+00 	 8.699262e-11 	 
4.444349e+00 	 2.532127e-11 	 
4.472657e+00 	 3.083818e-10 	 
4.500965e+00 	 6.029467e-10 	 
4.529273e+00 	 1.244916e-10 	 
4.557581e+00 	 1.164180e-10 	 
4.585889e+00 	 1.084471e-10 	 
4.614197e+00 	 7.198840e-11 	 
4.642505e+00 	 2.414503e-10 	 
4.670813e+00 	 2.233638e-10 	 
4.699120e+00 	 2.123939e-10 	 
4.727428e+00 	 1.136342e-10 	 
4.755736e+00 	 3.782993e-11 	 
4.784044e+00 	 9.334208e-11 	 
4.812352e+00 	 1.254552e-10 	 
4.840660e+00 	 3.101541e-11 	 
