"Density"	"Momentum:0"	"Momentum:1"	"Momentum:2"	"StagnationEnergy"	"Pressure"	"$C_p$"	"Points:0"	"Points:1"	"Points:2"
9.76979e-01	4.90344e-03	4.70358e-02	-2.77583e-03	6.99050e-01	2.79160e-01	-1.90451e-01	-5.00000e-01	0.00000e+00	-1.10000e-01
9.53691e-01	9.20961e-19	4.69825e-19	0.00000e+00	6.81734e-01	2.72694e-01	-4.06897e-01	-4.99947e-01	2.24938e-03	-1.10000e-01
9.53740e-01	2.81294e-18	9.36412e-19	0.00000e+00	6.80725e-01	2.72290e-01	-4.19505e-01	-4.99788e-01	4.49373e-03	-1.10000e-01
9.38845e-01	2.07989e-19	1.03078e-18	0.00000e+00	6.71168e-01	2.68467e-01	-5.38970e-01	-4.99521e-01	6.72789e-03	-1.10000e-01
9.36376e-01	2.79563e-18	-1.50653e-18	0.00000e+00	6.68395e-01	2.67358e-01	-5.73639e-01	-4.99148e-01	8.94671e-03	-1.10000e-01
9.22623e-01	-4.62608e-22	1.11734e-18	0.00000e+00	6.59425e-01	2.63770e-01	-6.85759e-01	-4.98669e-01	1.11452e-02	-1.10000e-01
9.13453e-01	-6.55072e-18	-7.47575e-19	0.00000e+00	6.52247e-01	2.60899e-01	-7.75478e-01	-4.98087e-01	1.33187e-02	-1.10000e-01
9.05209e-01	4.13905e-18	-1.86538e-18	0.00000e+00	6.46722e-01	2.58689e-01	-8.44552e-01	-4.97406e-01	1.54629e-02	-1.10000e-01
8.94052e-01	-2.00402e-19	-2.75715e-19	0.00000e+00	6.38625e-01	2.55450e-01	-9.45754e-01	-4.96627e-01	1.75740e-02	-1.10000e-01
8.87553e-01	-6.84660e-21	3.73926e-19	0.00000e+00	6.33946e-01	2.53578e-01	-1.00425e+00	-4.95802e-01	1.95471e-02	-1.10000e-01
8.80323e-01	-4.30892e-18	-1.77457e-19	0.00000e+00	6.28898e-01	2.51559e-01	-1.06735e+00	-4.94976e-01	2.13254e-02	-1.10000e-01
8.74702e-01	4.34722e-18	2.85106e-19	0.00000e+00	6.24748e-01	2.49899e-01	-1.11922e+00	-4.94147e-01	2.29575e-02	-1.10000e-01
8.70395e-01	-5.85052e-18	9.28871e-19	0.00000e+00	6.21781e-01	2.48712e-01	-1.15631e+00	-4.93315e-01	2.44754e-02	-1.10000e-01
8.66151e-01	-4.90948e-18	-4.71907e-19	0.00000e+00	6.18675e-01	2.47470e-01	-1.19514e+00	-4.92478e-01	2.59015e-02	-1.10000e-01
8.63141e-01	3.38740e-18	1.50130e-18	0.00000e+00	6.16562e-01	2.46625e-01	-1.22155e+00	-4.91636e-01	2.72523e-02	-1.10000e-01
8.60380e-01	1.45740e-18	5.58831e-19	0.00000e+00	6.14573e-01	2.45829e-01	-1.24641e+00	-4.90787e-01	2.85402e-02	-1.10000e-01
8.58174e-01	-1.91881e-18	-1.81296e-19	0.00000e+00	6.12998e-01	2.45199e-01	-1.26610e+00	-4.89930e-01	2.97751e-02	-1.10000e-01
8.56475e-01	-2.05111e-18	1.40073e-18	0.00000e+00	6.11786e-01	2.44714e-01	-1.28124e+00	-4.89064e-01	3.09647e-02	-1.10000e-01
8.55020e-01	-1.67631e-18	-5.58785e-19	0.00000e+00	6.10741e-01	2.44296e-01	-1.29431e+00	-4.88189e-01	3.21153e-02	-1.10000e-01
8.54002e-01	2.03816e-18	2.79323e-19	0.00000e+00	6.10016e-01	2.44006e-01	-1.30337e+00	-4.87303e-01	3.32323e-02	-1.10000e-01
8.53205e-01	-4.08261e-18	3.65461e-21	0.00000e+00	6.09443e-01	2.43777e-01	-1.31053e+00	-4.86406e-01	3.43199e-02	-1.10000e-01
8.52678e-01	6.04444e-19	-3.89192e-19	0.00000e+00	6.09066e-01	2.43627e-01	-1.31524e+00	-4.85496e-01	3.53819e-02	-1.10000e-01
8.52374e-01	-2.41620e-18	-7.41978e-19	0.00000e+00	6.08847e-01	2.43539e-01	-1.31798e+00	-4.84572e-01	3.64215e-02	-1.10000e-01
8.52234e-01	-3.55311e-18	1.12136e-18	0.00000e+00	6.08747e-01	2.43499e-01	-1.31923e+00	-4.83634e-01	3.74412e-02	-1.10000e-01
8.52269e-01	4.14673e-18	1.11563e-18	0.00000e+00	6.08770e-01	2.43508e-01	-1.31895e+00	-4.82680e-01	3.84435e-02	-1.10000e-01
8.52421e-01	1.87708e-18	5.69980e-19	0.00000e+00	6.08878e-01	2.43551e-01	-1.31760e+00	-4.81711e-01	3.94304e-02	-1.10000e-01
8.52678e-01	-5.62809e-18	-3.88591e-21	0.00000e+00	6.09060e-01	2.43624e-01	-1.31532e+00	-4.80724e-01	4.04036e-02	-1.10000e-01
8.53018e-01	-1.28744e-18	1.21971e-18	0.00000e+00	6.09302e-01	2.43721e-01	-1.31229e+00	-4.79720e-01	4.13646e-02	-1.10000e-01
8.53411e-01	3.69763e-18	-1.12705e-18	0.00000e+00	6.09582e-01	2.43833e-01	-1.30879e+00	-4.78697e-01	4.23149e-02	-1.10000e-01
8.53848e-01	-2.87363e-18	-5.70211e-19	0.00000e+00	6.09893e-01	2.43957e-01	-1.30491e+00	-4.77654e-01	4.32555e-02	-1.10000e-01
8.54301e-01	3.95697e-18	-2.79739e-19	0.00000e+00	6.10217e-01	2.44087e-01	-1.30086e+00	-4.76592e-01	4.41875e-02	-1.10000e-01
8.54760e-01	-1.48405e-18	-1.03102e-18	0.00000e+00	6.10544e-01	2.44218e-01	-1.29677e+00	-4.75508e-01	4.51118e-02	-1.10000e-01
8.55209e-01	-5.43731e-18	4.83518e-19	0.00000e+00	6.10864e-01	2.44346e-01	-1.29277e+00	-4.74403e-01	4.60293e-02	-1.10000e-01
8.55632e-01	1.85016e-18	3.77766e-19	0.00000e+00	6.11166e-01	2.44466e-01	-1.28900e+00	-4.73276e-01	4.69405e-02	-1.10000e-01
8.56021e-01	-5.43824e-18	-1.41637e-18	0.00000e+00	6.11444e-01	2.44577e-01	-1.28553e+00	-4.72126e-01	4.78462e-02	-1.10000e-01
8.56364e-01	-8.23905e-19	1.58587e-18	0.00000e+00	6.11689e-01	2.44675e-01	-1.28246e+00	-4.70952e-01	4.87467e-02	-1.10000e-01
8.56656e-01	9.63151e-19	1.88883e-19	0.00000e+00	6.11897e-01	2.44759e-01	-1.27986e+00	-4.69753e-01	4.96427e-02	-1.10000e-01
8.56892e-01	-2.98281e-18	-2.81266e-19	0.00000e+00	6.12065e-01	2.44826e-01	-1.27775e+00	-4.68530e-01	5.05344e-02	-1.10000e-01
8.57068e-01	-5.39401e-19	-1.03462e-18	0.00000e+00	6.12191e-01	2.44876e-01	-1.27618e+00	-4.67281e-01	5.14223e-02	-1.10000e-01
8.57185e-01	1.85432e-18	3.93217e-21	0.00000e+00	6.12275e-01	2.44910e-01	-1.27514e+00	-4.66007e-01	5.23065e-02	-1.10000e-01
8.57244e-01	9.65741e-19	-8.88208e-20	0.00000e+00	6.12317e-01	2.44927e-01	-1.27461e+00	-4.64705e-01	5.31874e-02	-1.10000e-01
8.57248e-01	-2.28158e-18	-7.59233e-19	0.00000e+00	6.12319e-01	2.44928e-01	-1.27458e+00	-4.63376e-01	5.40651e-02	-1.10000e-01
8.57199e-01	1.65105e-18	1.03485e-18	0.00000e+00	6.12284e-01	2.44914e-01	-1.27502e+00	-4.62019e-01	5.49397e-02	-1.10000e-01
8.57104e-01	-3.16063e-18	-5.47451e-19	0.00000e+00	6.12216e-01	2.44886e-01	-1.27587e+00	-4.60634e-01	5.58114e-02	-1.10000e-01
8.56966e-01	-1.84766e-19	-3.81421e-19	0.00000e+00	6.12118e-01	2.44847e-01	-1.27710e+00	-4.59220e-01	5.66803e-02	-1.10000e-01
8.56792e-01	-3.57976e-18	-7.55162e-19	0.00000e+00	6.11993e-01	2.44797e-01	-1.27866e+00	-4.57777e-01	5.75464e-02	-1.10000e-01
8.56586e-01	4.86386e-18	-6.60605e-19	0.00000e+00	6.11846e-01	2.44738e-01	-1.28049e+00	-4.56304e-01	5.84098e-02	-1.10000e-01
8.56354e-01	-1.50681e-18	-9.44646e-20	0.00000e+00	6.11679e-01	2.44672e-01	-1.28258e+00	-4.54800e-01	5.92704e-02	-1.10000e-01
8.56103e-01	5.39771e-19	-1.12923e-18	0.00000e+00	6.11500e-01	2.44600e-01	-1.28482e+00	-4.53266e-01	6.01282e-02	-1.10000e-01
8.55847e-01	1.56362e-20	-4.68067e-19	0.00000e+00	6.11317e-01	2.44527e-01	-1.28711e+00	-4.51701e-01	6.09832e-02	-1.10000e-01
8.55603e-01	-4.42892e-18	-1.96733e-18	0.00000e+00	6.11142e-01	2.44457e-01	-1.28929e+00	-4.50104e-01	6.18353e-02	-1.10000e-01
8.55402e-01	-5.50967e-19	1.12539e-18	0.00000e+00	6.10999e-01	2.44399e-01	-1.29109e+00	-4.48476e-01	6.26844e-02	-1.10000e-01
8.55268e-01	-1.32158e-18	5.55130e-19	0.00000e+00	6.10902e-01	2.44361e-01	-1.29230e+00	-4.46815e-01	6.35304e-02	-1.10000e-01
8.55230e-01	6.90582e-18	1.39717e-18	0.00000e+00	6.10874e-01	2.44350e-01	-1.29265e+00	-4.45121e-01	6.43733e-02	-1.10000e-01
8.55298e-01	2.03899e-18	1.60123e-18	0.00000e+00	6.10921e-01	2.44368e-01	-1.29206e+00	-4.43394e-01	6.52129e-02	-1.10000e-01
8.55461e-01	3.00270e-18	9.44184e-20	0.00000e+00	6.11037e-01	2.44415e-01	-1.29061e+00	-4.41634e-01	6.60490e-02	-1.10000e-01
8.55694e-01	-1.29891e-18	9.36366e-19	0.00000e+00	6.11202e-01	2.44481e-01	-1.28855e+00	-4.39840e-01	6.68815e-02	-1.10000e-01
8.55894e-01	-1.46545e-18	5.62300e-19	0.00000e+00	6.11344e-01	2.44538e-01	-1.28677e+00	-4.38013e-01	6.77103e-02	-1.10000e-01
8.55986e-01	5.06001e-19	1.81389e-19	0.00000e+00	6.11410e-01	2.44564e-01	-1.28594e+00	-4.36151e-01	6.85351e-02	-1.10000e-01
8.55896e-01	-1.14412e-18	-6.68469e-19	0.00000e+00	6.11346e-01	2.44538e-01	-1.28675e+00	-4.34254e-01	6.93558e-02	-1.10000e-01
8.55551e-01	1.69315e-19	1.21805e-18	0.00000e+00	6.11100e-01	2.44440e-01	-1.28982e+00	-4.32323e-01	7.01722e-02	-1.10000e-01
8.55058e-01	2.06814e-18	7.51368e-19	0.00000e+00	6.10750e-01	2.44300e-01	-1.29419e+00	-4.30357e-01	7.09841e-02	-1.10000e-01
8.54574e-01	-6.57505e-18	-3.73973e-19	0.00000e+00	6.10407e-01	2.44163e-01	-1.29848e+00	-4.28356e-01	7.17913e-02	-1.10000e-01
8.54462e-01	-2.06518e-18	-9.36689e-19	0.00000e+00	6.10330e-01	2.44132e-01	-1.29944e+00	-4.26319e-01	7.25936e-02	-1.10000e-01
8.54972e-01	-2.99928e-18	3.62269e-19	0.00000e+00	6.10697e-01	2.44279e-01	-1.29486e+00	-4.24247e-01	7.33908e-02	-1.10000e-01
8.55775e-01	-2.23967e-18	-4.75839e-19	0.00000e+00	6.11268e-01	2.44507e-01	-1.28773e+00	-4.22139e-01	7.41826e-02	-1.10000e-01
8.57046e-01	-9.13837e-19	1.40490e-18	0.00000e+00	6.12181e-01	2.44872e-01	-1.27631e+00	-4.19995e-01	7.49689e-02	-1.10000e-01
8.59336e-01	-9.35394e-19	-8.49719e-19	0.00000e+00	6.13817e-01	2.45527e-01	-1.25586e+00	-4.17814e-01	7.57494e-02	-1.10000e-01
8.62316e-01	-9.74438e-19	-1.04244e-18	0.00000e+00	6.15954e-01	2.46381e-01	-1.22915e+00	-4.15598e-01	7.65239e-02	-1.10000e-01
8.65111e-01	-2.44405e-18	6.53434e-19	0.00000e+00	6.17948e-01	2.47179e-01	-1.20422e+00	-4.13345e-01	7.72921e-02	-1.10000e-01
8.66764e-01	2.03548e-19	-5.51429e-19	0.00000e+00	6.19119e-01	2.47648e-01	-1.18958e+00	-4.11056e-01	7.80538e-02	-1.10000e-01
8.68090e-01	-5.70766e-19	-1.02755e-18	0.00000e+00	6.20082e-01	2.48033e-01	-1.17755e+00	-4.08730e-01	7.88089e-02	-1.10000e-01
8.69703e-01	1.35591e-18	-9.21238e-19	0.00000e+00	6.21227e-01	2.48491e-01	-1.16323e+00	-4.06368e-01	7.95570e-02	-1.10000e-01
8.70765e-01	-4.14257e-18	2.40741e-35	0.00000e+00	6.21989e-01	2.48796e-01	-1.15371e+00	-4.03968e-01	8.02979e-02	-1.10000e-01
8.72531e-01	1.86496e-18	-4.72046e-19	0.00000e+00	6.23261e-01	2.49305e-01	-1.13781e+00	-4.01532e-01	8.10314e-02	-1.10000e-01
8.74287e-01	-1.53373e-18	-1.79492e-19	0.00000e+00	6.24499e-01	2.49800e-01	-1.12233e+00	-3.99059e-01	8.17572e-02	-1.10000e-01
8.75298e-01	2.45090e-18	-3.70087e-21	0.00000e+00	6.25239e-01	2.50096e-01	-1.11308e+00	-3.96550e-01	8.24751e-02	-1.10000e-01
8.77917e-01	-2.79712e-18	4.83426e-19	0.00000e+00	6.27105e-01	2.50842e-01	-1.08976e+00	-3.94003e-01	8.31849e-02	-1.10000e-01
8.79933e-01	-2.77158e-18	5.58785e-19	0.00000e+00	6.28535e-01	2.51414e-01	-1.07189e+00	-3.91420e-01	8.38863e-02	-1.10000e-01
8.80115e-01	-1.15523e-18	-7.53404e-19	0.00000e+00	6.28675e-01	2.51470e-01	-1.07014e+00	-3.88799e-01	8.45791e-02	-1.10000e-01
8.80923e-01	4.29402e-18	5.62763e-19	0.00000e+00	6.29239e-01	2.51696e-01	-1.06308e+00	-3.86142e-01	8.52631e-02	-1.10000e-01
8.81684e-01	9.37059e-19	-1.92676e-19	0.00000e+00	6.29789e-01	2.51916e-01	-1.05621e+00	-3.83448e-01	8.59380e-02	-1.10000e-01
8.82866e-01	1.33675e-18	-4.73896e-19	0.00000e+00	6.30646e-01	2.52259e-01	-1.04549e+00	-3.80717e-01	8.66036e-02	-1.10000e-01
8.84601e-01	-1.69620e-18	1.02889e-18	0.00000e+00	6.31873e-01	2.52749e-01	-1.03016e+00	-3.77950e-01	8.72596e-02	-1.10000e-01
8.84809e-01	-8.90891e-19	8.44260e-19	0.00000e+00	6.32012e-01	2.52805e-01	-1.02842e+00	-3.75146e-01	8.79059e-02	-1.10000e-01
8.84629e-01	1.07529e-18	-4.77643e-19	0.00000e+00	6.31884e-01	2.52753e-01	-1.03003e+00	-3.72305e-01	8.85422e-02	-1.10000e-01
8.85275e-01	-3.56523e-18	-1.39541e-18	0.00000e+00	6.32356e-01	2.52942e-01	-1.02413e+00	-3.69427e-01	8.91683e-02	-1.10000e-01
8.86226e-01	-5.66908e-18	-9.48023e-19	0.00000e+00	6.33030e-01	2.53212e-01	-1.01570e+00	-3.66514e-01	8.97840e-02	-1.10000e-01
8.86588e-01	3.28729e-19	-1.98320e-19	0.00000e+00	6.33285e-01	2.53314e-01	-1.01251e+00	-3.63564e-01	9.03891e-02	-1.10000e-01
8.85470e-01	-2.26937e-18	1.11762e-18	0.00000e+00	6.32474e-01	2.52989e-01	-1.02265e+00	-3.60577e-01	9.09833e-02	-1.10000e-01
8.84907e-01	-1.69453e-18	9.36412e-19	0.00000e+00	6.32091e-01	2.52836e-01	-1.02744e+00	-3.57555e-01	9.15665e-02	-1.10000e-01
8.86857e-01	-3.73815e-18	-5.57073e-19	0.00000e+00	6.33472e-01	2.53389e-01	-1.01018e+00	-3.54497e-01	9.21384e-02	-1.10000e-01
8.88239e-01	3.21319e-18	4.73803e-19	0.00000e+00	6.34472e-01	2.53789e-01	-9.97668e-01	-3.51403e-01	9.26989e-02	-1.10000e-01
8.88751e-01	-1.50598e-18	3.74065e-19	0.00000e+00	6.34837e-01	2.53935e-01	-9.93114e-01	-3.48273e-01	9.32478e-02	-1.10000e-01
8.90163e-01	-6.58144e-18	-3.85121e-19	0.00000e+00	6.35845e-01	2.54338e-01	-9.80503e-01	-3.45109e-01	9.37848e-02	-1.10000e-01
8.91415e-01	4.04690e-19	-1.21041e-18	0.00000e+00	6.36728e-01	2.54691e-01	-9.69471e-01	-3.41908e-01	9.43098e-02	-1.10000e-01
8.92552e-01	2.43998e-18	-9.80267e-20	0.00000e+00	6.37547e-01	2.55019e-01	-9.59238e-01	-3.38673e-01	9.48226e-02	-1.10000e-01
8.93766e-01	-5.07972e-18	7.55116e-19	0.00000e+00	6.38404e-01	2.55361e-01	-9.48526e-01	-3.35403e-01	9.53230e-02	-1.10000e-01
8.93559e-01	1.72090e-19	2.00263e-19	0.00000e+00	6.38266e-01	2.55307e-01	-9.50241e-01	-3.32099e-01	9.58109e-02	-1.10000e-01
8.93031e-01	-2.45432e-18	1.96562e-19	0.00000e+00	6.37882e-01	2.55153e-01	-9.55041e-01	-3.28759e-01	9.62860e-02	-1.10000e-01
8.92979e-01	-4.11518e-18	1.49885e-20	0.00000e+00	6.37847e-01	2.55139e-01	-9.55478e-01	-3.25386e-01	9.67483e-02	-1.10000e-01
8.92582e-01	-3.96640e-19	-1.11396e-18	0.00000e+00	6.37563e-01	2.55025e-01	-9.59036e-01	-3.21979e-01	9.71976e-02	-1.10000e-01
8.92020e-01	2.81368e-18	2.77380e-19	0.00000e+00	6.37155e-01	2.54862e-01	-9.64131e-01	-3.18538e-01	9.76337e-02	-1.10000e-01
8.92053e-01	1.31890e-18	-4.66587e-19	0.00000e+00	6.37182e-01	2.54873e-01	-9.63791e-01	-3.15064e-01	9.80565e-02	-1.10000e-01
8.92806e-01	1.69870e-19	-4.64320e-19	0.00000e+00	6.37718e-01	2.55087e-01	-9.57097e-01	-3.11557e-01	9.84658e-02	-1.10000e-01
8.93317e-01	4.13868e-18	5.62532e-19	0.00000e+00	6.38086e-01	2.55234e-01	-9.52501e-01	-3.08016e-01	9.88616e-02	-1.10000e-01
8.93111e-01	2.09978e-18	1.20440e-18	0.00000e+00	6.37937e-01	2.55175e-01	-9.54363e-01	-3.04444e-01	9.92436e-02	-1.10000e-01
8.93187e-01	3.02111e-18	5.64521e-19	0.00000e+00	6.37993e-01	2.55197e-01	-9.53657e-01	-3.00839e-01	9.96118e-02	-1.10000e-01
8.94393e-01	4.30873e-19	-1.77364e-19	0.00000e+00	6.38856e-01	2.55542e-01	-9.42872e-01	-2.97201e-01	9.99660e-02	-1.10000e-01
8.96059e-01	2.10672e-19	1.51245e-18	0.00000e+00	6.40047e-01	2.56019e-01	-9.27987e-01	-2.93533e-01	1.00306e-01	-1.10000e-01
8.96999e-01	5.49042e-18	1.75981e-18	0.00000e+00	6.40711e-01	2.56284e-01	-9.19685e-01	-2.89832e-01	1.00632e-01	-1.10000e-01
8.97083e-01	-3.05581e-18	1.32200e-18	0.00000e+00	6.40770e-01	2.56308e-01	-9.18947e-01	-2.86101e-01	1.00944e-01	-1.10000e-01
8.97568e-01	-9.62595e-19	5.78260e-21	0.00000e+00	6.41126e-01	2.56450e-01	-9.14501e-01	-2.82339e-01	1.01242e-01	-1.10000e-01
8.98490e-01	-9.40113e-19	9.19665e-19	0.00000e+00	6.41777e-01	2.56711e-01	-9.06356e-01	-2.78547e-01	1.01525e-01	-1.10000e-01
8.98845e-01	-9.24939e-19	-3.70318e-19	0.00000e+00	6.42034e-01	2.56814e-01	-9.03144e-01	-2.74725e-01	1.01793e-01	-1.10000e-01
8.99235e-01	-3.73445e-18	-3.58845e-19	0.00000e+00	6.42309e-01	2.56924e-01	-8.99707e-01	-2.70873e-01	1.02047e-01	-1.10000e-01
9.00006e-01	-4.65125e-18	3.73973e-19	0.00000e+00	6.42861e-01	2.57145e-01	-8.92804e-01	-2.66992e-01	1.02286e-01	-1.10000e-01
9.01031e-01	-6.19386e-18	5.72293e-19	0.00000e+00	6.43598e-01	2.57439e-01	-8.83600e-01	-2.63081e-01	1.02511e-01	-1.10000e-01
9.02361e-01	-2.04658e-18	9.40437e-19	0.00000e+00	6.44545e-01	2.57818e-01	-8.71759e-01	-2.59143e-01	1.02721e-01	-1.10000e-01
9.03457e-01	-1.58027e-19	1.06030e-19	0.00000e+00	6.45330e-01	2.58132e-01	-8.61950e-01	-2.55176e-01	1.02916e-01	-1.10000e-01
9.04326e-01	9.74161e-19	-4.72138e-19	0.00000e+00	6.45949e-01	2.58379e-01	-8.54214e-01	-2.51181e-01	1.03096e-01	-1.10000e-01
9.05246e-01	2.22145e-18	5.58923e-19	0.00000e+00	6.46605e-01	2.58642e-01	-8.46009e-01	-2.47159e-01	1.03262e-01	-1.10000e-01
9.05939e-01	-7.30921e-21	-9.04862e-20	0.00000e+00	6.47099e-01	2.58840e-01	-8.39834e-01	-2.43110e-01	1.03413e-01	-1.10000e-01
9.06452e-01	-9.40483e-19	-1.84997e-19	0.00000e+00	6.47467e-01	2.58987e-01	-8.35240e-01	-2.39035e-01	1.03548e-01	-1.10000e-01
9.07233e-01	-1.27541e-18	5.70119e-19	0.00000e+00	6.48026e-01	2.59210e-01	-8.28247e-01	-2.34933e-01	1.03669e-01	-1.10000e-01
9.08369e-01	4.53069e-18	5.64660e-19	0.00000e+00	6.48838e-01	2.59535e-01	-8.18095e-01	-2.30806e-01	1.03775e-01	-1.10000e-01
9.09496e-01	-1.50255e-19	-1.81389e-19	0.00000e+00	6.49644e-01	2.59857e-01	-8.08026e-01	-2.26653e-01	1.03866e-01	-1.10000e-01
9.10407e-01	5.24875e-19	5.70026e-19	0.00000e+00	6.50295e-01	2.60118e-01	-7.99889e-01	-2.22475e-01	1.03942e-01	-1.10000e-01
9.11268e-01	-1.43594e-19	-9.42472e-19	0.00000e+00	6.50909e-01	2.60363e-01	-7.92215e-01	-2.18273e-01	1.04003e-01	-1.10000e-01
9.12022e-01	-3.53498e-18	1.75763e-18	0.00000e+00	6.51446e-01	2.60578e-01	-7.85501e-01	-2.14047e-01	1.04049e-01	-1.10000e-01
9.12612e-01	3.85075e-19	3.73510e-19	0.00000e+00	6.51867e-01	2.60747e-01	-7.80234e-01	-2.09798e-01	1.04081e-01	-1.10000e-01
9.13404e-01	4.23472e-19	-1.38371e-18	0.00000e+00	6.52433e-01	2.60973e-01	-7.73160e-01	-2.05525e-01	1.04098e-01	-1.10000e-01
9.14471e-01	1.13644e-18	2.66324e-19	0.00000e+00	6.53194e-01	2.61278e-01	-7.63643e-01	-2.01230e-01	1.04100e-01	-1.10000e-01
9.15481e-01	-2.01586e-18	-1.20088e-18	0.00000e+00	6.53917e-01	2.61567e-01	-7.54614e-01	-1.96913e-01	1.04087e-01	-1.10000e-01
9.16254e-01	-2.38909e-18	1.13098e-18	0.00000e+00	6.54467e-01	2.61787e-01	-7.47730e-01	-1.92573e-01	1.04059e-01	-1.10000e-01
9.16871e-01	-4.63626e-18	-5.60589e-19	0.00000e+00	6.54909e-01	2.61964e-01	-7.42205e-01	-1.88213e-01	1.04017e-01	-1.10000e-01
9.17456e-01	-4.58907e-20	-8.59064e-19	0.00000e+00	6.55327e-01	2.62131e-01	-7.36988e-01	-1.83832e-01	1.03960e-01	-1.10000e-01
9.17713e-01	-1.32510e-18	-3.62592e-19	0.00000e+00	6.55509e-01	2.62203e-01	-7.34714e-01	-1.79431e-01	1.03889e-01	-1.10000e-01
9.17667e-01	1.69167e-18	1.75560e-19	0.00000e+00	6.55478e-01	2.62191e-01	-7.35093e-01	-1.75010e-01	1.03804e-01	-1.10000e-01
9.17809e-01	-1.67307e-18	-7.51230e-19	0.00000e+00	6.55578e-01	2.62231e-01	-7.33845e-01	-1.70569e-01	1.03704e-01	-1.10000e-01
9.17949e-01	1.69972e-18	-1.00062e-19	0.00000e+00	6.55679e-01	2.62272e-01	-7.32583e-01	-1.66110e-01	1.03590e-01	-1.10000e-01
9.17950e-01	-3.92662e-18	3.81559e-19	0.00000e+00	6.55680e-01	2.62272e-01	-7.32573e-01	-1.61633e-01	1.03461e-01	-1.10000e-01
9.18086e-01	1.50644e-18	-8.25062e-19	0.00000e+00	6.55776e-01	2.62310e-01	-7.31374e-01	-1.57138e-01	1.03319e-01	-1.10000e-01
9.18439e-01	-3.91589e-18	1.92769e-19	0.00000e+00	6.56028e-01	2.62411e-01	-7.28225e-01	-1.52625e-01	1.03162e-01	-1.10000e-01
9.19119e-01	-3.38759e-18	-5.78307e-19	0.00000e+00	6.56515e-01	2.62606e-01	-7.22137e-01	-1.48096e-01	1.02992e-01	-1.10000e-01
9.19889e-01	-3.57124e-18	-1.28998e-18	0.00000e+00	6.57063e-01	2.62825e-01	-7.15278e-01	-1.43550e-01	1.02808e-01	-1.10000e-01
9.20217e-01	6.04444e-19	9.25263e-19	0.00000e+00	6.57299e-01	2.62920e-01	-7.12330e-01	-1.38989e-01	1.02610e-01	-1.10000e-01
9.20245e-01	1.30641e-18	-1.13316e-18	0.00000e+00	6.57318e-01	2.62927e-01	-7.12097e-01	-1.34412e-01	1.02399e-01	-1.10000e-01
9.20326e-01	-3.94207e-18	-2.79184e-19	0.00000e+00	6.57376e-01	2.62951e-01	-7.11366e-01	-1.29821e-01	1.02174e-01	-1.10000e-01
9.20520e-01	1.26477e-18	-9.22765e-19	0.00000e+00	6.57515e-01	2.63006e-01	-7.09633e-01	-1.25216e-01	1.01937e-01	-1.10000e-01
9.20682e-01	-3.73029e-18	-1.00807e-18	0.00000e+00	6.57630e-01	2.63052e-01	-7.08193e-01	-1.20597e-01	1.01685e-01	-1.10000e-01
9.20699e-01	-9.24847e-19	-4.66217e-19	0.00000e+00	6.57642e-01	2.63057e-01	-7.08046e-01	-1.15964e-01	1.01421e-01	-1.10000e-01
9.20705e-01	9.67962e-19	4.58445e-19	0.00000e+00	6.57646e-01	2.63058e-01	-7.08002e-01	-1.11320e-01	1.01144e-01	-1.10000e-01
9.20805e-01	-7.43967e-19	1.12909e-18	0.00000e+00	6.57717e-01	2.63087e-01	-7.07104e-01	-1.06663e-01	1.00855e-01	-1.10000e-01
9.20969e-01	7.18061e-19	3.54913e-19	0.00000e+00	6.57835e-01	2.63134e-01	-7.05640e-01	-1.01994e-01	1.00552e-01	-1.10000e-01
9.21158e-01	4.08141e-18	1.76693e-18	0.00000e+00	6.57970e-01	2.63188e-01	-7.03946e-01	-9.73145e-02	1.00238e-01	-1.10000e-01
9.21299e-01	-1.86144e-18	1.31372e-18	0.00000e+00	6.58070e-01	2.63228e-01	-7.02691e-01	-9.26245e-02	9.99105e-02	-1.10000e-01
9.21356e-01	1.95776e-19	2.01743e-19	0.00000e+00	6.58111e-01	2.63244e-01	-7.02184e-01	-8.79246e-02	9.95714e-02	-1.10000e-01
9.21404e-01	-5.77983e-19	2.24911e-18	0.00000e+00	6.58146e-01	2.63258e-01	-7.01750e-01	-8.32153e-02	9.92202e-02	-1.10000e-01
9.21487e-01	2.21192e-18	1.40092e-18	0.00000e+00	6.58205e-01	2.63282e-01	-7.01012e-01	-7.84971e-02	9.88572e-02	-1.10000e-01
9.21574e-01	-1.67631e-18	-8.57491e-19	0.00000e+00	6.58267e-01	2.63307e-01	-7.00231e-01	-7.37705e-02	9.84826e-02	-1.10000e-01
9.21679e-01	-1.66955e-18	-1.79409e-18	0.00000e+00	6.58343e-01	2.63337e-01	-6.99286e-01	-6.90362e-02	9.80964e-02	-1.10000e-01
9.21812e-01	-1.68760e-18	-8.57445e-19	0.00000e+00	6.58437e-01	2.63375e-01	-6.98104e-01	-6.42947e-02	9.76990e-02	-1.10000e-01
9.21923e-01	-1.30252e-18	-1.58605e-18	0.00000e+00	6.58516e-01	2.63407e-01	-6.97116e-01	-5.95465e-02	9.72904e-02	-1.10000e-01
9.21989e-01	5.24894e-18	-2.79092e-19	0.00000e+00	6.58563e-01	2.63425e-01	-6.96532e-01	-5.47921e-02	9.68709e-02	-1.10000e-01
9.22031e-01	1.86551e-18	1.20075e-18	0.00000e+00	6.58593e-01	2.63437e-01	-6.96157e-01	-5.00322e-02	9.64405e-02	-1.10000e-01
9.22074e-01	3.19311e-18	1.13085e-18	0.00000e+00	6.58624e-01	2.63450e-01	-6.95766e-01	-4.52671e-02	9.59996e-02	-1.10000e-01
9.22119e-01	-2.65482e-18	-2.71829e-19	0.00000e+00	6.58656e-01	2.63463e-01	-6.95366e-01	-4.04976e-02	9.55482e-02	-1.10000e-01
9.22145e-01	-3.00233e-18	9.25217e-20	0.00000e+00	6.58675e-01	2.63470e-01	-6.95140e-01	-3.57241e-02	9.50865e-02	-1.10000e-01
9.22144e-01	2.24245e-18	1.51823e-18	0.00000e+00	6.58674e-01	2.63470e-01	-6.95145e-01	-3.09472e-02	9.46148e-02	-1.10000e-01
9.22142e-01	-1.12571e-18	-5.39818e-19	0.00000e+00	6.58673e-01	2.63469e-01	-6.95165e-01	-2.61674e-02	9.41332e-02	-1.10000e-01
9.22160e-01	7.29626e-19	5.64382e-21	0.00000e+00	6.58686e-01	2.63474e-01	-6.94997e-01	-2.13852e-02	9.36419e-02	-1.10000e-01
9.22183e-01	-2.39418e-18	-1.32167e-18	0.00000e+00	6.58702e-01	2.63481e-01	-6.94795e-01	-1.66013e-02	9.31411e-02	-1.10000e-01
9.22185e-01	4.87561e-18	8.43705e-19	0.00000e+00	6.58704e-01	2.63482e-01	-6.94773e-01	-1.18162e-02	9.26310e-02	-1.10000e-01
9.22181e-01	-2.99076e-18	-2.43919e-18	0.00000e+00	6.58701e-01	2.63480e-01	-6.94814e-01	-7.03029e-03	9.21118e-02	-1.10000e-01
9.22190e-01	3.20560e-18	2.62438e-18	0.00000e+00	6.58707e-01	2.63483e-01	-6.94734e-01	-2.24426e-03	9.15836e-02	-1.10000e-01
9.22209e-01	-1.70305e-18	-1.50528e-18	0.00000e+00	6.58721e-01	2.63488e-01	-6.94563e-01	2.54139e-03	9.10466e-02	-1.10000e-01
9.22220e-01	-2.83551e-18	-5.50920e-19	0.00000e+00	6.58729e-01	2.63491e-01	-6.94463e-01	7.32612e-03	9.05011e-02	-1.10000e-01
9.22219e-01	2.18721e-19	-6.60743e-19	0.00000e+00	6.58727e-01	2.63491e-01	-6.94480e-01	1.21094e-02	8.99473e-02	-1.10000e-01
9.22215e-01	5.81499e-19	-4.60850e-19	0.00000e+00	6.58725e-01	2.63490e-01	-6.94514e-01	1.68907e-02	8.93852e-02	-1.10000e-01
9.22221e-01	-3.66848e-19	-4.52894e-19	0.00000e+00	6.58729e-01	2.63492e-01	-6.94457e-01	2.16695e-02	8.88152e-02	-1.10000e-01
9.22244e-01	-1.69176e-18	8.66003e-20	0.00000e+00	6.58746e-01	2.63498e-01	-6.94249e-01	2.64452e-02	8.82374e-02	-1.10000e-01
9.22277e-01	-1.85450e-18	1.71628e-20	0.00000e+00	6.58770e-01	2.63508e-01	-6.93952e-01	3.12173e-02	8.76520e-02	-1.10000e-01
9.22304e-01	2.05842e-18	3.10605e-18	0.00000e+00	6.58789e-01	2.63516e-01	-6.93706e-01	3.59853e-02	8.70592e-02	-1.10000e-01
9.22324e-01	-3.57337e-18	-1.03624e-19	0.00000e+00	6.58803e-01	2.63521e-01	-6.93531e-01	4.07487e-02	8.64592e-02	-1.10000e-01
9.22341e-01	-2.99483e-18	-1.97996e-19	0.00000e+00	6.58815e-01	2.63526e-01	-6.93384e-01	4.55069e-02	8.58522e-02	-1.10000e-01
9.22344e-01	3.98361e-18	-2.73818e-19	0.00000e+00	6.58817e-01	2.63527e-01	-6.93363e-01	5.02594e-02	8.52384e-02	-1.10000e-01
9.22324e-01	3.59141e-18	-9.32526e-19	0.00000e+00	6.58802e-01	2.63521e-01	-6.93545e-01	5.50058e-02	8.46180e-02	-1.10000e-01
9.22300e-01	-1.86348e-18	-9.36458e-19	0.00000e+00	6.58786e-01	2.63514e-01	-6.93749e-01	5.97454e-02	8.39911e-02	-1.10000e-01
9.22303e-01	1.89669e-20	-1.98228e-19	0.00000e+00	6.58789e-01	2.63515e-01	-6.93715e-01	6.44778e-02	8.33579e-02	-1.10000e-01
9.22340e-01	2.27418e-19	-1.29706e-18	0.00000e+00	6.58815e-01	2.63526e-01	-6.93384e-01	6.92024e-02	8.27187e-02	-1.10000e-01
9.22392e-01	-5.08989e-18	-3.93476e-18	0.00000e+00	6.58853e-01	2.63541e-01	-6.92910e-01	7.39188e-02	8.20737e-02	-1.10000e-01
9.22439e-01	-2.62456e-18	8.42132e-19	0.00000e+00	6.58886e-01	2.63554e-01	-6.92498e-01	7.86265e-02	8.14230e-02	-1.10000e-01
9.22457e-01	-2.78324e-18	-1.39527e-18	0.00000e+00	6.58899e-01	2.63560e-01	-6.92336e-01	8.33249e-02	8.07668e-02	-1.10000e-01
9.22441e-01	-4.72416e-18	-3.79524e-19	0.00000e+00	6.58887e-01	2.63555e-01	-6.92484e-01	8.80135e-02	8.01053e-02	-1.10000e-01
9.22406e-01	-3.66108e-19	-4.68160e-19	0.00000e+00	6.58861e-01	2.63544e-01	-6.92806e-01	9.26920e-02	7.94387e-02	-1.10000e-01
9.22356e-01	2.97577e-18	-6.49456e-19	0.00000e+00	6.58825e-01	2.63530e-01	-6.93255e-01	9.73597e-02	7.87671e-02	-1.10000e-01
9.22287e-01	2.46626e-18	-7.36565e-19	0.00000e+00	6.58776e-01	2.63510e-01	-6.93872e-01	1.02016e-01	7.80908e-02	-1.10000e-01
9.22222e-01	-7.87767e-18	-3.90719e-19	0.00000e+00	6.58729e-01	2.63492e-01	-6.94454e-01	1.06661e-01	7.74100e-02	-1.10000e-01
9.22177e-01	-9.31601e-19	1.14246e-18	0.00000e+00	6.58697e-01	2.63479e-01	-6.94856e-01	1.11294e-01	7.67248e-02	-1.10000e-01
9.22128e-01	9.44739e-19	5.73958e-19	0.00000e+00	6.58663e-01	2.63465e-01	-6.95288e-01	1.15914e-01	7.60354e-02	-1.10000e-01
9.22061e-01	-3.85630e-19	-1.12335e-18	0.00000e+00	6.58615e-01	2.63446e-01	-6.95890e-01	1.20521e-01	7.53420e-02	-1.10000e-01
9.21989e-01	-1.84608e-18	-4.59185e-19	0.00000e+00	6.58563e-01	2.63425e-01	-6.96532e-01	1.25114e-01	7.46448e-02	-1.10000e-01
9.21937e-01	-4.10426e-18	6.32478e-19	0.00000e+00	6.58526e-01	2.63411e-01	-6.96993e-01	1.29693e-01	7.39438e-02	-1.10000e-01
9.21911e-01	-3.62213e-18	-2.07526e-18	0.00000e+00	6.58508e-01	2.63403e-01	-6.97218e-01	1.34258e-01	7.32395e-02	-1.10000e-01
9.21892e-01	2.60920e-18	-1.78076e-18	0.00000e+00	6.58495e-01	2.63398e-01	-6.97390e-01	1.38808e-01	7.25318e-02	-1.10000e-01
9.21863e-01	-7.09826e-19	2.75761e-19	0.00000e+00	6.58474e-01	2.63390e-01	-6.97642e-01	1.43343e-01	7.18209e-02	-1.10000e-01
9.21827e-01	-7.31911e-18	1.49529e-18	0.00000e+00	6.58448e-01	2.63379e-01	-6.97972e-01	1.47861e-01	7.11071e-02	-1.10000e-01
9.21780e-01	-7.05755e-19	-2.08090e-18	0.00000e+00	6.58415e-01	2.63366e-01	-6.98390e-01	1.52364e-01	7.03905e-02	-1.10000e-01
9.21710e-01	-1.65244e-19	1.77452e-18	0.00000e+00	6.58364e-01	2.63346e-01	-6.99021e-01	1.56850e-01	6.96713e-02	-1.10000e-01
9.21623e-01	2.95986e-18	1.40480e-18	0.00000e+00	6.58302e-01	2.63321e-01	-6.99792e-01	1.61319e-01	6.89496e-02	-1.10000e-01
9.21563e-01	3.77673e-19	1.31404e-18	0.00000e+00	6.58259e-01	2.63304e-01	-7.00329e-01	1.65770e-01	6.82256e-02	-1.10000e-01
9.21507e-01	5.93064e-19	7.55069e-19	0.00000e+00	6.58219e-01	2.63288e-01	-7.00833e-01	1.70204e-01	6.74995e-02	-1.10000e-01
9.21404e-01	5.00996e-18	9.45895e-19	0.00000e+00	6.58146e-01	2.63258e-01	-7.01748e-01	1.74619e-01	6.67714e-02	-1.10000e-01
9.21289e-01	-3.55292e-18	-8.55132e-19	0.00000e+00	6.58064e-01	2.63225e-01	-7.02777e-01	1.79016e-01	6.60415e-02	-1.10000e-01
9.21208e-01	2.06157e-18	-3.65461e-21	0.00000e+00	6.58006e-01	2.63202e-01	-7.03499e-01	1.83393e-01	6.53099e-02	-1.10000e-01
9.21178e-01	3.38722e-18	8.47822e-19	0.00000e+00	6.57984e-01	2.63194e-01	-7.03770e-01	1.87751e-01	6.45769e-02	-1.10000e-01
9.21169e-01	2.77611e-18	1.67510e-18	0.00000e+00	6.57977e-01	2.63191e-01	-7.03853e-01	1.92089e-01	6.38424e-02	-1.10000e-01
9.21090e-01	1.70693e-18	2.06004e-18	0.00000e+00	6.57922e-01	2.63169e-01	-7.04551e-01	1.96407e-01	6.31068e-02	-1.10000e-01
9.20922e-01	3.91542e-18	1.40286e-18	0.00000e+00	6.57801e-01	2.63121e-01	-7.06056e-01	2.00705e-01	6.23701e-02	-1.10000e-01
9.20774e-01	2.93423e-18	3.64605e-18	0.00000e+00	6.57695e-01	2.63078e-01	-7.07381e-01	2.04981e-01	6.16326e-02	-1.10000e-01
9.20710e-01	3.99879e-19	2.98521e-19	0.00000e+00	6.57650e-01	2.63060e-01	-7.07949e-01	2.09237e-01	6.08942e-02	-1.10000e-01
9.20654e-01	-9.36689e-19	-1.32542e-18	0.00000e+00	6.57610e-01	2.63044e-01	-7.08448e-01	2.13470e-01	6.01553e-02	-1.10000e-01
9.20582e-01	-2.03872e-18	-8.34314e-19	0.00000e+00	6.57558e-01	2.63023e-01	-7.09093e-01	2.17682e-01	5.94159e-02	-1.10000e-01
9.20557e-01	-1.54696e-19	1.06113e-18	0.00000e+00	6.57541e-01	2.63016e-01	-7.09315e-01	2.21872e-01	5.86761e-02	-1.10000e-01
9.20541e-01	5.36348e-19	6.37937e-19	0.00000e+00	6.57530e-01	2.63012e-01	-7.09449e-01	2.26039e-01	5.79362e-02	-1.10000e-01
9.20479e-01	2.82487e-18	-3.59030e-19	0.00000e+00	6.57486e-01	2.62994e-01	-7.10002e-01	2.30183e-01	5.71962e-02	-1.10000e-01
9.20412e-01	-9.58895e-19	-1.69935e-18	0.00000e+00	6.57437e-01	2.62975e-01	-7.10605e-01	2.34304e-01	5.64563e-02	-1.10000e-01
9.20331e-01	-1.73737e-18	-1.96331e-19	0.00000e+00	6.57379e-01	2.62952e-01	-7.11329e-01	2.38401e-01	5.57166e-02	-1.10000e-01
9.20197e-01	1.27930e-18	2.34112e-18	0.00000e+00	6.57283e-01	2.62913e-01	-7.12532e-01	2.42475e-01	5.49772e-02	-1.10000e-01
9.20076e-01	2.19776e-18	-3.91228e-19	0.00000e+00	6.57197e-01	2.62879e-01	-7.13613e-01	2.46525e-01	5.42383e-02	-1.10000e-01
9.20052e-01	-3.78414e-20	-1.96747e-18	0.00000e+00	6.57179e-01	2.62872e-01	-7.13830e-01	2.50551e-01	5.35000e-02	-1.10000e-01
9.20097e-01	5.17104e-19	-7.59094e-19	0.00000e+00	6.57211e-01	2.62885e-01	-7.13429e-01	2.54552e-01	5.27623e-02	-1.10000e-01
9.20116e-01	3.39490e-18	-1.98922e-21	0.00000e+00	6.57225e-01	2.62890e-01	-7.13254e-01	2.58528e-01	5.20256e-02	-1.10000e-01
9.20080e-01	5.65677e-19	-1.87319e-18	0.00000e+00	6.57200e-01	2.62880e-01	-7.13572e-01	2.62479e-01	5.12897e-02	-1.10000e-01
9.20052e-01	-1.30261e-18	-1.30303e-18	0.00000e+00	6.57180e-01	2.62872e-01	-7.13820e-01	2.66405e-01	5.05550e-02	-1.10000e-01
9.20068e-01	-2.08470e-18	-8.51199e-20	0.00000e+00	6.57192e-01	2.62877e-01	-7.13677e-01	2.70306e-01	4.98214e-02	-1.10000e-01
9.20075e-01	2.11319e-19	-2.98702e-18	0.00000e+00	6.57197e-01	2.62879e-01	-7.13613e-01	2.74181e-01	4.90891e-02	-1.10000e-01
9.20031e-01	-2.64732e-18	3.66154e-19	0.00000e+00	6.57165e-01	2.62866e-01	-7.14006e-01	2.78030e-01	4.83582e-02	-1.10000e-01
9.19984e-01	2.59014e-18	-1.32380e-18	0.00000e+00	6.57131e-01	2.62853e-01	-7.14429e-01	2.81853e-01	4.76288e-02	-1.10000e-01
9.19990e-01	1.11775e-18	9.26975e-19	0.00000e+00	6.57136e-01	2.62854e-01	-7.14375e-01	2.85650e-01	4.69010e-02	-1.10000e-01
9.20041e-01	2.76779e-18	1.11979e-18	0.00000e+00	6.57172e-01	2.62869e-01	-7.13916e-01	2.89421e-01	4.61749e-02	-1.10000e-01
9.20121e-01	-3.39138e-18	8.44121e-19	0.00000e+00	6.57229e-01	2.62892e-01	-7.13205e-01	2.93165e-01	4.54506e-02	-1.10000e-01
9.20210e-01	7.64294e-18	2.79415e-19	0.00000e+00	6.57293e-01	2.62917e-01	-7.12406e-01	2.96882e-01	4.47283e-02	-1.10000e-01
9.20253e-01	3.92754e-19	1.98922e-21	0.00000e+00	6.57324e-01	2.62930e-01	-7.12016e-01	3.00572e-01	4.40079e-02	-1.10000e-01
9.20230e-01	2.94931e-18	3.81189e-19	0.00000e+00	6.57308e-01	2.62923e-01	-7.12217e-01	3.04236e-01	4.32896e-02	-1.10000e-01
9.20202e-01	5.77520e-19	-3.20042e-18	0.00000e+00	6.57288e-01	2.62915e-01	-7.12470e-01	3.07872e-01	4.25735e-02	-1.10000e-01
9.20228e-01	-1.48044e-18	-8.51801e-19	0.00000e+00	6.57307e-01	2.62923e-01	-7.12239e-01	3.11481e-01	4.18597e-02	-1.10000e-01
9.20320e-01	2.04667e-18	4.86756e-19	0.00000e+00	6.57372e-01	2.62949e-01	-7.11421e-01	3.15063e-01	4.11482e-02	-1.10000e-01
9.20454e-01	6.93283e-18	-1.77457e-19	0.00000e+00	6.57468e-01	2.62987e-01	-7.10225e-01	3.18618e-01	4.04392e-02	-1.10000e-01
9.20572e-01	3.94966e-18	1.57685e-18	0.00000e+00	6.57552e-01	2.63021e-01	-7.09174e-01	3.22145e-01	3.97326e-02	-1.10000e-01
9.20633e-01	-4.30068e-18	3.81467e-19	0.00000e+00	6.57595e-01	2.63038e-01	-7.08631e-01	3.25644e-01	3.90287e-02	-1.10000e-01
9.20685e-01	1.09879e-18	3.75499e-19	0.00000e+00	6.57632e-01	2.63053e-01	-7.08166e-01	3.29117e-01	3.83273e-02	-1.10000e-01
9.20775e-01	-3.92292e-18	1.30890e-18	0.00000e+00	6.57696e-01	2.63079e-01	-7.07367e-01	3.32561e-01	3.76288e-02	-1.10000e-01
9.20871e-01	5.39670e-18	-3.75731e-19	0.00000e+00	6.57765e-01	2.63106e-01	-7.06505e-01	3.35978e-01	3.69330e-02	-1.10000e-01
9.20942e-01	2.18629e-18	-1.31034e-18	0.00000e+00	6.57817e-01	2.63127e-01	-7.05865e-01	3.39367e-01	3.62400e-02	-1.10000e-01
9.21001e-01	-3.34531e-18	-1.68815e-18	0.00000e+00	6.57859e-01	2.63144e-01	-7.05335e-01	3.42729e-01	3.55500e-02	-1.10000e-01
9.21084e-01	-4.48998e-18	-1.73478e-19	0.00000e+00	6.57918e-01	2.63167e-01	-7.04601e-01	3.46063e-01	3.48629e-02	-1.10000e-01
9.21178e-01	3.53988e-19	-2.90782e-18	0.00000e+00	6.57985e-01	2.63194e-01	-7.03757e-01	3.49370e-01	3.41788e-02	-1.10000e-01
9.21249e-01	2.05037e-18	-8.30613e-19	0.00000e+00	6.58035e-01	2.63214e-01	-7.03134e-01	3.52649e-01	3.34979e-02	-1.10000e-01
9.21343e-01	-2.42407e-18	-1.00062e-19	0.00000e+00	6.58102e-01	2.63241e-01	-7.02297e-01	3.55900e-01	3.28200e-02	-1.10000e-01
9.21536e-01	1.87717e-18	-9.89982e-21	0.00000e+00	6.58239e-01	2.63295e-01	-7.00588e-01	3.59124e-01	3.21453e-02	-1.10000e-01
9.21771e-01	3.00538e-18	9.44276e-19	0.00000e+00	6.58407e-01	2.63363e-01	-6.98482e-01	3.62321e-01	3.14738e-02	-1.10000e-01
9.21925e-01	-2.63215e-18	-1.04022e-18	0.00000e+00	6.58517e-01	2.63407e-01	-6.97104e-01	3.65491e-01	3.08055e-02	-1.10000e-01
9.22004e-01	4.14867e-19	1.24835e-18	0.00000e+00	6.58574e-01	2.63430e-01	-6.96391e-01	3.68633e-01	3.01406e-02	-1.10000e-01
9.22153e-01	-2.05768e-18	-1.03846e-18	0.00000e+00	6.58680e-01	2.63472e-01	-6.95065e-01	3.71748e-01	2.94789e-02	-1.10000e-01
9.22350e-01	4.89421e-18	-1.78590e-18	0.00000e+00	6.58822e-01	2.63529e-01	-6.93299e-01	3.74837e-01	2.88205e-02	-1.10000e-01
9.22461e-01	-1.16402e-18	2.77056e-19	0.00000e+00	6.58901e-01	2.63560e-01	-6.92310e-01	3.77899e-01	2.81655e-02	-1.10000e-01
9.22579e-01	-4.89856e-18	8.32140e-19	0.00000e+00	6.58985e-01	2.63594e-01	-6.91256e-01	3.80934e-01	2.75139e-02	-1.10000e-01
9.22809e-01	1.12950e-18	2.84920e-19	0.00000e+00	6.59150e-01	2.63660e-01	-6.89198e-01	3.83942e-01	2.68656e-02	-1.10000e-01
9.23074e-01	1.89133e-18	4.56548e-19	0.00000e+00	6.59338e-01	2.63735e-01	-6.86841e-01	3.86925e-01	2.62208e-02	-1.10000e-01
9.23393e-01	1.46832e-19	5.54991e-19	0.00000e+00	6.59567e-01	2.63827e-01	-6.83981e-01	3.89881e-01	2.55793e-02	-1.10000e-01
9.23698e-01	4.05060e-19	4.72092e-19	0.00000e+00	6.59784e-01	2.63914e-01	-6.81267e-01	3.92812e-01	2.49413e-02	-1.10000e-01
9.23819e-01	-1.70323e-18	1.96747e-18	0.00000e+00	6.59872e-01	2.63949e-01	-6.80174e-01	3.95716e-01	2.43066e-02	-1.10000e-01
9.23947e-01	2.23070e-19	1.14630e-18	0.00000e+00	6.59963e-01	2.63985e-01	-6.79032e-01	3.98596e-01	2.36754e-02	-1.10000e-01
9.24156e-01	-5.81129e-19	9.28918e-20	0.00000e+00	6.60112e-01	2.64045e-01	-6.77168e-01	4.01450e-01	2.30475e-02	-1.10000e-01
9.24294e-01	3.03221e-18	2.82071e-18	0.00000e+00	6.60211e-01	2.64085e-01	-6.75929e-01	4.04280e-01	2.24230e-02	-1.10000e-01
9.24452e-01	2.42370e-18	-9.40113e-19	0.00000e+00	6.60325e-01	2.64130e-01	-6.74511e-01	4.07085e-01	2.18019e-02	-1.10000e-01
9.24620e-01	2.62105e-18	2.60772e-18	0.00000e+00	6.60444e-01	2.64178e-01	-6.73018e-01	4.09866e-01	2.11841e-02	-1.10000e-01
9.24698e-01	-7.58585e-19	4.83194e-19	0.00000e+00	6.60501e-01	2.64200e-01	-6.72313e-01	4.12623e-01	2.05696e-02	-1.10000e-01
9.24839e-01	-5.31629e-19	-1.12937e-18	0.00000e+00	6.60600e-01	2.64240e-01	-6.71066e-01	4.15356e-01	1.99584e-02	-1.10000e-01
9.25051e-01	-4.69335e-18	-9.13513e-19	0.00000e+00	6.60752e-01	2.64301e-01	-6.69167e-01	4.18067e-01	1.93504e-02	-1.10000e-01
9.25256e-01	7.36102e-19	-1.31603e-18	0.00000e+00	6.60899e-01	2.64360e-01	-6.67334e-01	4.20754e-01	1.87456e-02	-1.10000e-01
9.25416e-01	-1.42576e-19	1.89161e-19	0.00000e+00	6.61013e-01	2.64405e-01	-6.65913e-01	4.23419e-01	1.81440e-02	-1.10000e-01
9.25490e-01	1.15143e-18	-1.38181e-18	0.00000e+00	6.61066e-01	2.64426e-01	-6.65250e-01	4.26061e-01	1.75455e-02	-1.10000e-01
9.25623e-01	-1.50246e-18	-2.16390e-18	0.00000e+00	6.61161e-01	2.64464e-01	-6.64059e-01	4.28682e-01	1.69500e-02	-1.10000e-01
9.25808e-01	3.79912e-18	1.94481e-18	0.00000e+00	6.61292e-01	2.64517e-01	-6.62422e-01	4.31282e-01	1.63575e-02	-1.10000e-01
9.25857e-01	2.58200e-18	-1.23706e-18	0.00000e+00	6.61328e-01	2.64531e-01	-6.61967e-01	4.33861e-01	1.57679e-02	-1.10000e-01
9.25913e-01	-3.73482e-18	-7.64877e-19	0.00000e+00	6.61368e-01	2.64547e-01	-6.61470e-01	4.36420e-01	1.51812e-02	-1.10000e-01
9.26064e-01	-3.56569e-18	-2.24319e-18	0.00000e+00	6.61475e-01	2.64590e-01	-6.60134e-01	4.38959e-01	1.45972e-02	-1.10000e-01
9.26210e-01	9.86559e-19	-5.45600e-19	0.00000e+00	6.61580e-01	2.64632e-01	-6.58821e-01	4.41478e-01	1.40159e-02	-1.10000e-01
9.26357e-01	2.25790e-18	-3.85306e-19	0.00000e+00	6.61685e-01	2.64674e-01	-6.57510e-01	4.43979e-01	1.34372e-02	-1.10000e-01
9.26484e-01	1.99939e-19	1.69750e-18	0.00000e+00	6.61776e-01	2.64710e-01	-6.56377e-01	4.46462e-01	1.28611e-02	-1.10000e-01
9.26600e-01	-3.14583e-18	-1.32556e-18	0.00000e+00	6.61858e-01	2.64743e-01	-6.55347e-01	4.48926e-01	1.22873e-02	-1.10000e-01
9.26719e-01	3.57171e-18	5.72200e-19	0.00000e+00	6.61943e-01	2.64777e-01	-6.54281e-01	4.51374e-01	1.17159e-02	-1.10000e-01
9.26820e-01	-3.92477e-19	3.74065e-19	0.00000e+00	6.62016e-01	2.64807e-01	-6.53368e-01	4.53805e-01	1.11466e-02	-1.10000e-01
9.26923e-01	3.89673e-18	-2.04848e-18	0.00000e+00	6.62089e-01	2.64836e-01	-6.52460e-01	4.56219e-01	1.05794e-02	-1.10000e-01
9.26952e-01	-6.86788e-19	1.13617e-19	0.00000e+00	6.62110e-01	2.64844e-01	-6.52192e-01	4.58619e-01	1.00142e-02	-1.10000e-01
9.26918e-01	2.24680e-18	-1.38403e-18	0.00000e+00	6.62085e-01	2.64834e-01	-6.52506e-01	4.61004e-01	9.45085e-03	-1.10000e-01
9.26899e-01	-3.77673e-18	-1.22170e-18	0.00000e+00	6.62072e-01	2.64829e-01	-6.52674e-01	4.63375e-01	8.88918e-03	-1.10000e-01
9.26853e-01	3.36400e-18	-2.25827e-18	0.00000e+00	6.62038e-01	2.64815e-01	-6.53092e-01	4.65732e-01	8.32906e-03	-1.10000e-01
9.26788e-01	-1.61913e-19	-1.85090e-19	0.00000e+00	6.61994e-01	2.64798e-01	-6.53650e-01	4.68076e-01	7.77036e-03	-1.10000e-01
9.26749e-01	-1.70323e-18	-1.69958e-18	0.00000e+00	6.61963e-01	2.64785e-01	-6.54032e-01	4.70409e-01	7.21293e-03	-1.10000e-01
9.26805e-01	2.05750e-18	-9.63336e-19	0.00000e+00	6.62005e-01	2.64802e-01	-6.53508e-01	4.72730e-01	6.65660e-03	-1.10000e-01
9.26935e-01	3.18302e-18	2.14511e-18	0.00000e+00	6.62097e-01	2.64839e-01	-6.52360e-01	4.75041e-01	6.10121e-03	-1.10000e-01
9.26954e-01	-1.15652e-20	-3.62315e-19	0.00000e+00	6.62110e-01	2.64844e-01	-6.52200e-01	4.77342e-01	5.54659e-03	-1.10000e-01
9.27117e-01	-5.82276e-18	-3.63448e-18	0.00000e+00	6.62230e-01	2.64892e-01	-6.50701e-01	4.79634e-01	4.99256e-03	-1.10000e-01
9.27266e-01	4.29384e-18	2.79092e-19	0.00000e+00	6.62330e-01	2.64932e-01	-6.49448e-01	4.81918e-01	4.43894e-03	-1.10000e-01
9.27509e-01	1.49848e-18	-4.75978e-19	0.00000e+00	6.62511e-01	2.65004e-01	-6.47189e-01	4.84195e-01	3.88553e-03	-1.10000e-01
9.27955e-01	-4.50488e-18	8.69704e-20	0.00000e+00	6.62827e-01	2.65131e-01	-6.43235e-01	4.86465e-01	3.33213e-03	-1.10000e-01
9.27957e-01	-1.70702e-19	1.23100e-18	0.00000e+00	6.62819e-01	2.65128e-01	-6.43328e-01	4.88730e-01	2.77855e-03	-1.10000e-01
9.28483e-01	-2.37105e-18	6.64537e-19	0.00000e+00	6.63222e-01	2.65289e-01	-6.38301e-01	4.90990e-01	2.22456e-03	-1.10000e-01
9.28963e-01	-9.32804e-19	7.55208e-19	0.00000e+00	6.63520e-01	2.65408e-01	-6.34569e-01	4.93246e-01	1.66994e-03	-1.10000e-01
9.28950e-01	-5.63864e-18	1.85978e-18	0.00000e+00	6.63563e-01	2.65425e-01	-6.34029e-01	4.95499e-01	1.11447e-03	-1.10000e-01
9.30259e-01	-2.04973e-18	-8.28532e-20	0.00000e+00	6.64453e-01	2.65781e-01	-6.22909e-01	4.97750e-01	5.57914e-04	-1.10000e-01
9.29867e-01	1.25160e-04	1.46501e-03	1.05395e-05	6.64085e-01	2.65633e-01	-6.27512e-01	5.00000e-01	0.00000e+00	-1.10000e-01
