"Density"	"Momentum:0"	"Momentum:1"	"Momentum:2"	"StagnationEnergy"	"Pressure"	"Function0"	"Function1"	"Function2"	"Function3"	"Function4"	"Function5"	"vtkValidPointMask"	"arc_length"	"Points:0"	"Points:1"	"Points:2"
-1.25728e-01	2.74114e-01	1.20569e-01	-6.43946e-01	6.80963e-01	1.19698e+00	1.23116e-03	6.10521e-04	7.80378e-04	-2.17497e-04	1.96447e-04	2.55495e-05	1	0.00000e+00	2.00000e-01	1.50000e-01	-1.10000e-01
-9.56114e-02	3.08231e-01	7.55050e-02	-6.54652e-01	6.80980e-01	2.32478e+00	1.24440e-03	6.25186e-04	7.68216e-04	-2.38262e-04	2.02868e-04	2.17557e-05	1	1.10000e-03	2.00000e-01	1.50000e-01	-1.08900e-01
-6.83044e-02	3.45294e-01	2.78570e-02	-6.60698e-01	6.80996e-01	3.35990e+00	1.25661e-03	6.40031e-04	7.55151e-04	-2.59059e-04	2.08977e-04	1.77667e-05	1	2.20000e-03	2.00000e-01	1.50000e-01	-1.07800e-01
-5.80721e-02	3.55388e-01	-2.86474e-02	-6.72422e-01	6.81010e-01	7.00504e+00	1.26136e-03	6.48261e-04	7.45893e-04	-2.67925e-04	2.07119e-04	1.48907e-05	1	3.30000e-03	2.00000e-01	1.50000e-01	-1.06700e-01
-5.07039e-02	3.69251e-01	-9.09681e-02	-6.79707e-01	6.81024e-01	1.01589e+01	1.26361e-03	6.56329e-04	7.35941e-04	-2.76550e-04	2.05365e-04	1.22818e-05	1	4.40000e-03	2.00000e-01	1.50000e-01	-1.05600e-01
-7.69057e-02	3.69994e-01	-1.31508e-01	-6.91078e-01	6.81033e-01	5.87653e+00	1.25545e-03	6.63376e-04	7.28640e-04	-2.69716e-04	1.97272e-04	1.22078e-05	1	5.50000e-03	2.00000e-01	1.50000e-01	-1.04500e-01
-1.04970e-01	3.74263e-01	-1.75106e-01	-7.00192e-01	6.81043e-01	2.02222e+00	1.24585e-03	6.70129e-04	7.21239e-04	-2.62629e-04	1.88938e-04	1.24076e-05	1	6.60000e-03	2.00000e-01	1.50000e-01	-1.03400e-01
-1.55069e-01	3.70971e-01	-1.40056e-01	-7.15879e-01	6.81048e-01	1.51832e+00	1.23877e-03	6.81983e-04	7.14699e-04	-2.47904e-04	1.79820e-04	1.56866e-05	1	7.70000e-03	2.00000e-01	1.50000e-01	-1.02300e-01
-2.05387e-01	3.67912e-01	-1.01598e-01	-7.32200e-01	6.81054e-01	1.05758e+00	1.23177e-03	6.93725e-04	7.08469e-04	-2.32967e-04	1.70651e-04	1.89609e-05	1	8.80000e-03	2.00000e-01	1.50000e-01	-1.01200e-01
-2.22092e-01	3.58777e-01	-7.72371e-03	-7.70624e-01	6.81058e-01	1.07851e+00	1.24497e-03	7.07765e-04	7.01485e-04	-2.21285e-04	1.62489e-04	2.55838e-05	1	9.90000e-03	2.00000e-01	1.50000e-01	-1.00100e-01
-2.39122e-01	3.45854e-01	9.14688e-02	-8.11452e-01	6.81062e-01	1.09741e+00	1.25835e-03	7.21770e-04	6.94631e-04	-2.09723e-04	1.54331e-04	3.19636e-05	1	1.10000e-02	2.00000e-01	1.50000e-01	-9.90000e-02
-2.17423e-01	3.34109e-01	1.43694e-01	-8.78192e-01	6.81064e-01	1.53088e+00	1.27639e-03	7.27946e-04	6.87554e-04	-2.05902e-04	1.42115e-04	3.95199e-05	1	1.21000e-02	2.00000e-01	1.50000e-01	-9.79000e-02
-1.96237e-01	3.16926e-01	1.98080e-01	-9.46659e-01	6.81065e-01	1.91741e+00	1.29476e-03	7.34344e-04	6.80254e-04	-2.02732e-04	1.29663e-04	4.68334e-05	1	1.32000e-02	2.00000e-01	1.50000e-01	-9.68000e-02
-1.46717e-01	3.07889e-01	1.54326e-01	-1.00788e+00	6.81065e-01	9.42614e-01	1.29373e-03	7.27399e-04	6.76459e-04	-1.97413e-04	1.12779e-04	5.23433e-05	1	1.43000e-02	2.00000e-01	1.50000e-01	-9.57000e-02
-9.81985e-02	2.96308e-01	1.09097e-01	-1.06874e+00	6.81064e-01	2.64004e-01	1.29397e-03	7.20646e-04	6.72382e-04	-1.92774e-04	9.56406e-05	5.77605e-05	1	1.54000e-02	2.00000e-01	1.50000e-01	-9.46000e-02
-4.02500e-02	3.02284e-01	-7.60037e-04	-1.07750e+00	6.81060e-01	-1.14701e+00	1.27446e-03	7.05457e-04	6.74794e-04	-1.77701e-04	8.14946e-05	6.06318e-05	1	1.65000e-02	2.00000e-01	1.50000e-01	-9.35000e-02
1.68453e-02	3.10286e-01	-1.14679e-01	-1.08442e+00	6.81056e-01	-2.90653e+00	1.25619e-03	6.89841e-04	6.77087e-04	-1.62586e-04	6.73421e-05	6.35595e-05	1	1.76000e-02	2.00000e-01	1.50000e-01	-9.24000e-02
6.70103e-02	3.48926e-01	-2.33473e-01	-1.03178e+00	6.81052e-01	-3.69447e+00	1.23367e-03	6.72743e-04	6.84835e-04	-1.47108e-04	6.01814e-05	6.27732e-05	1	1.87000e-02	2.00000e-01	1.50000e-01	-9.13000e-02
1.17606e-01	3.90847e-01	-3.56538e-01	-9.77534e-01	6.81048e-01	-3.97263e+00	1.21145e-03	6.55257e-04	6.92643e-04	-1.31285e-04	5.31672e-05	6.21141e-05	1	1.98000e-02	2.00000e-01	1.50000e-01	-9.02000e-02
1.38888e-01	4.53617e-01	-3.98688e-01	-8.98857e-01	6.81046e-01	-1.96225e+00	1.19087e-03	6.43675e-04	7.03065e-04	-1.30001e-04	5.19565e-05	5.71669e-05	1	2.09000e-02	2.00000e-01	1.50000e-01	-8.91000e-02
1.61053e-01	5.18022e-01	-4.42418e-01	-8.19926e-01	6.81043e-01	-2.28814e-01	1.16994e-03	6.32034e-04	7.13633e-04	-1.28530e-04	5.08762e-05	5.23812e-05	1	2.20000e-02	2.00000e-01	1.50000e-01	-8.80000e-02
1.14183e-01	5.55235e-01	-3.36363e-01	-7.56942e-01	6.81041e-01	-2.18947e+00	1.14449e-03	6.30818e-04	7.24914e-04	-1.45130e-04	5.30702e-05	4.55070e-05	1	2.31000e-02	2.00000e-01	1.50000e-01	-8.69000e-02
6.75380e-02	5.93031e-01	-2.29786e-01	-6.94646e-01	6.81039e-01	-4.21014e+00	1.11871e-03	6.29591e-04	7.36289e-04	-1.61667e-04	5.52936e-05	3.87738e-05	1	2.42000e-02	2.00000e-01	1.50000e-01	-8.58000e-02
-1.03527e-02	5.68555e-01	-3.82737e-02	-6.63897e-01	6.81034e-01	-2.49023e-01	1.09175e-03	6.33121e-04	7.47553e-04	-1.86389e-04	5.80396e-05	3.14162e-05	1	2.53000e-02	2.00000e-01	1.50000e-01	-8.47000e-02
-8.82054e-02	5.44445e-01	1.53700e-01	-6.33725e-01	6.81029e-01	3.75245e+00	1.06471e-03	6.36645e-04	7.58835e-04	-2.11103e-04	6.07546e-05	2.41251e-05	1	2.64000e-02	2.00000e-01	1.50000e-01	-8.36000e-02
-1.22616e-01	4.80511e-01	2.68342e-01	-6.21365e-01	6.81020e-01	2.78997e+00	1.04552e-03	6.41469e-04	7.69914e-04	-2.26452e-04	6.29481e-05	1.55912e-05	1	2.75000e-02	2.00000e-01	1.50000e-01	-8.25000e-02
-1.57027e-01	4.16577e-01	3.82984e-01	-6.09004e-01	6.81011e-01	1.82747e+00	1.02633e-03	6.46292e-04	7.80992e-04	-2.41802e-04	6.51415e-05	7.05727e-06	1	2.86000e-02	2.00000e-01	1.50000e-01	-8.14000e-02
-1.71691e-01	3.51889e-01	3.61769e-01	-5.90093e-01	6.81003e-01	1.52923e+00	1.01320e-03	6.50029e-04	7.91689e-04	-2.42639e-04	6.73302e-05	-3.11931e-06	1	2.97000e-02	2.00000e-01	1.50000e-01	-8.03000e-02
-1.87019e-01	2.87514e-01	3.40091e-01	-5.70805e-01	6.80995e-01	1.22144e+00	1.00001e-03	6.53669e-04	8.02411e-04	-2.43423e-04	6.95097e-05	-1.33011e-05	1	3.08000e-02	2.00000e-01	1.50000e-01	-7.92000e-02
-2.10930e-01	2.30604e-01	2.92366e-01	-5.37375e-01	6.80991e-01	9.67245e-01	9.85865e-04	6.55406e-04	8.10425e-04	-2.40758e-04	7.12311e-05	-2.42706e-05	1	3.19000e-02	2.00000e-01	1.50000e-01	-7.81000e-02
-2.35295e-01	1.74613e-01	2.44463e-01	-5.03585e-01	6.80987e-01	7.16480e-01	9.71654e-04	6.57044e-04	8.18483e-04	-2.38018e-04	7.29681e-05	-3.51301e-05	1	3.30000e-02	2.00000e-01	1.50000e-01	-7.70000e-02
-2.54835e-01	1.12476e-01	2.75391e-01	-4.70630e-01	6.80988e-01	6.27618e-01	9.60587e-04	6.60851e-04	8.19574e-04	-2.39835e-04	7.43600e-05	-4.39260e-05	1	3.41000e-02	2.00000e-01	1.50000e-01	-7.59000e-02
-2.74002e-01	5.10623e-02	3.08010e-01	-4.37388e-01	6.80989e-01	5.41899e-01	9.49493e-04	6.64769e-04	8.20694e-04	-2.41756e-04	7.59398e-05	-5.24567e-05	1	3.52000e-02	2.00000e-01	1.50000e-01	-7.48000e-02
-2.63757e-01	-3.23238e-02	3.84854e-01	-4.26734e-01	6.80994e-01	5.86348e-01	9.53531e-04	6.69354e-04	8.11908e-04	-2.46444e-04	7.80879e-05	-5.57723e-05	1	3.63000e-02	2.00000e-01	1.50000e-01	-7.37000e-02
-2.53444e-01	-1.13883e-01	4.64484e-01	-4.15507e-01	6.80999e-01	6.31958e-01	9.57624e-04	6.74619e-04	8.03161e-04	-2.51539e-04	8.05637e-05	-5.88008e-05	1	3.74000e-02	2.00000e-01	1.50000e-01	-7.26000e-02
-1.97440e-01	-2.11022e-01	5.01114e-01	-4.39583e-01	6.81007e-01	1.03621e+00	9.84805e-04	6.82638e-04	7.84385e-04	-2.59045e-04	8.47628e-05	-5.71554e-05	1	3.85000e-02	2.00000e-01	1.50000e-01	-7.15000e-02
-1.43642e-01	-3.03309e-01	5.39350e-01	-4.62715e-01	6.81016e-01	1.41178e+00	1.01196e-03	6.91646e-04	7.65660e-04	-2.67063e-04	8.92685e-05	-5.53238e-05	1	3.96000e-02	2.00000e-01	1.50000e-01	-7.04000e-02
-8.42450e-02	-3.72654e-01	5.05133e-01	-5.09192e-01	6.81025e-01	-1.06951e+00	1.05224e-03	7.08159e-04	7.40540e-04	-2.75936e-04	9.74259e-05	-5.41668e-05	1	4.07000e-02	2.00000e-01	1.50000e-01	-6.93000e-02
-2.80794e-02	-4.37428e-01	4.69930e-01	-5.54926e-01	6.81035e-01	-3.24720e+00	1.09219e-03	7.24897e-04	7.15395e-04	-2.84969e-04	1.05784e-04	-5.29104e-05	1	4.18000e-02	2.00000e-01	1.50000e-01	-6.82000e-02
-1.04533e-02	-4.60200e-01	3.71296e-01	-5.88076e-01	6.81043e-01	-1.52765e+00	1.12600e-03	7.41286e-04	6.90485e-04	-2.86982e-04	1.15497e-04	-5.58892e-05	1	4.29000e-02	2.00000e-01	1.50000e-01	-6.71000e-02
6.87982e-03	-4.83815e-01	2.67782e-01	-6.21372e-01	6.81051e-01	-1.75340e-03	1.15984e-03	7.57063e-04	6.65483e-04	-2.88981e-04	1.25154e-04	-5.88532e-05	1	4.40000e-02	2.00000e-01	1.50000e-01	-6.60000e-02
-1.68016e-03	-4.83789e-01	1.40875e-01	-6.24813e-01	6.81055e-01	1.70237e-01	1.18252e-03	7.65287e-04	6.45709e-04	-2.88537e-04	1.31541e-04	-6.25903e-05	1	4.51000e-02	2.00000e-01	1.50000e-01	-6.49000e-02
-8.55309e-03	-4.87800e-01	7.06733e-03	-6.29769e-01	6.81059e-01	3.52204e-01	1.20610e-03	7.72887e-04	6.25945e-04	-2.88204e-04	1.37467e-04	-6.64540e-05	1	4.62000e-02	2.00000e-01	1.50000e-01	-6.38000e-02
-1.62971e-02	-4.57106e-01	-6.69166e-02	-6.39199e-01	6.81062e-01	-1.13008e-01	1.22817e-03	7.74047e-04	6.12248e-04	-2.97193e-04	1.40586e-04	-6.85658e-05	1	4.73000e-02	2.00000e-01	1.50000e-01	-6.27000e-02
-2.17638e-02	-4.27944e-01	-1.43067e-01	-6.51700e-01	6.81065e-01	-2.81463e-01	1.25141e-03	7.74980e-04	5.98767e-04	-3.06047e-04	1.43104e-04	-7.09994e-05	1	4.84000e-02	2.00000e-01	1.50000e-01	-6.16000e-02
-2.39745e-02	-3.43498e-01	-1.35805e-01	-7.03120e-01	6.81067e-01	7.57289e+00	1.27127e-03	7.75873e-04	5.90014e-04	-3.26022e-04	1.45332e-04	-7.35587e-05	1	4.95000e-02	2.00000e-01	1.50000e-01	-6.05000e-02
-2.17684e-02	-2.60969e-01	-1.23314e-01	-7.58127e-01	6.81069e-01	1.59773e+01	1.29182e-03	7.76968e-04	5.81558e-04	-3.46001e-04	1.47191e-04	-7.64779e-05	1	5.06000e-02	2.00000e-01	1.50000e-01	-5.94000e-02
-2.31844e-02	-1.86382e-01	-1.29310e-01	-8.12542e-01	6.81070e-01	1.25435e+00	1.30784e-03	7.85451e-04	5.77194e-04	-3.74500e-04	1.48775e-04	-8.07341e-05	1	5.17000e-02	2.00000e-01	1.50000e-01	-5.83000e-02
-1.95232e-02	-1.20637e-01	-1.29762e-01	-8.68692e-01	6.81071e-01	-1.58134e+01	1.32376e-03	7.94608e-04	5.73004e-04	-4.03444e-04	1.49968e-04	-8.50816e-05	1	5.28000e-02	2.00000e-01	1.50000e-01	-5.72000e-02
-6.49489e-02	-1.46556e-01	-2.27881e-01	-8.48290e-01	6.81071e-01	-7.64718e+00	1.34657e-03	8.09262e-04	5.73748e-04	-4.33485e-04	1.51786e-04	-9.12479e-05	1	5.39000e-02	2.00000e-01	1.50000e-01	-5.61000e-02
-1.15248e-01	-1.82427e-01	-3.26931e-01	-8.21633e-01	6.81071e-01	1.81715e+00	1.36771e-03	8.23573e-04	5.74868e-04	-4.62527e-04	1.52519e-04	-9.67702e-05	1	5.50000e-02	2.00000e-01	1.50000e-01	-5.50000e-02
-1.98299e-01	-2.78062e-01	-4.34153e-01	-7.11752e-01	6.81072e-01	1.34071e+00	1.39343e-03	8.24458e-04	5.81944e-04	-4.79351e-04	1.56862e-04	-1.01418e-04	1	5.61000e-02	2.00000e-01	1.50000e-01	-5.39000e-02
-2.80710e-01	-3.74270e-01	-5.38824e-01	-6.03042e-01	6.81073e-01	9.10541e-01	1.41701e-03	8.24638e-04	5.88599e-04	-4.95347e-04	1.59983e-04	-1.05663e-04	1	5.72000e-02	2.00000e-01	1.50000e-01	-5.28000e-02
-3.38766e-01	-4.44882e-01	-5.29657e-01	-4.87013e-01	6.81075e-01	7.90259e-01	1.43110e-03	8.02389e-04	5.99346e-04	-4.99524e-04	1.66365e-04	-1.06073e-04	1	5.83000e-02	2.00000e-01	1.50000e-01	-5.17000e-02
-3.98813e-01	-5.09818e-01	-5.20997e-01	-3.74509e-01	6.81078e-01	6.75751e-01	1.44387e-03	7.79549e-04	6.09303e-04	-5.03069e-04	1.71752e-04	-1.06388e-04	1	5.94000e-02	2.00000e-01	1.50000e-01	-5.06000e-02
-4.36403e-01	-5.44981e-01	-4.09262e-01	-2.95380e-01	6.81081e-01	5.98790e-01	1.43743e-03	7.46487e-04	6.19629e-04	-4.95680e-04	1.74544e-04	-1.04277e-04	1	6.05000e-02	2.00000e-01	1.50000e-01	-4.95000e-02
-4.73997e-01	-5.77706e-01	-2.97686e-01	-2.21306e-01	6.81084e-01	5.26165e-01	1.43035e-03	7.12686e-04	6.29446e-04	-4.87300e-04	1.77480e-04	-1.02208e-04	1	6.16000e-02	2.00000e-01	1.50000e-01	-4.84000e-02
-5.01406e-01	-6.07746e-01	-1.69080e-01	-1.69245e-01	6.81088e-01	5.11065e-01	1.40009e-03	6.86017e-04	6.36236e-04	-4.67400e-04	1.72846e-04	-1.02142e-04	1	6.27000e-02	2.00000e-01	1.50000e-01	-4.73000e-02
-5.26493e-01	-6.40023e-01	-3.66843e-02	-1.22947e-01	6.81093e-01	5.00721e-01	1.36967e-03	6.59016e-04	6.42820e-04	-4.46286e-04	1.69281e-04	-1.02181e-04	1	6.38000e-02	2.00000e-01	1.50000e-01	-4.62000e-02
-5.71455e-01	-6.31272e-01	6.88599e-02	-8.90036e-02	6.81099e-01	4.90617e-01	1.31655e-03	6.44580e-04	6.46393e-04	-4.16836e-04	1.58023e-04	-1.04650e-04	1	6.49000e-02	2.00000e-01	1.50000e-01	-4.51000e-02
-6.15022e-01	-6.23077e-01	1.78091e-01	-5.96407e-02	6.81107e-01	4.83453e-01	1.26311e-03	6.30950e-04	6.49710e-04	-3.87334e-04	1.47526e-04	-1.07593e-04	1	6.60000e-02	2.00000e-01	1.50000e-01	-4.40000e-02
-6.93146e-01	-5.53373e-01	2.68340e-01	-5.76022e-02	6.81117e-01	4.45526e-01	1.20563e-03	6.26922e-04	6.50379e-04	-3.49415e-04	1.35198e-04	-1.09241e-04	1	6.71000e-02	2.00000e-01	1.50000e-01	-4.29000e-02
-7.74209e-01	-4.79285e-01	3.57935e-01	-5.73108e-02	6.81128e-01	4.05267e-01	1.14746e-03	6.24380e-04	6.50935e-04	-3.12213e-04	1.23169e-04	-1.11451e-04	1	6.82000e-02	2.00000e-01	1.50000e-01	-4.18000e-02
-8.17409e-01	-4.13726e-01	4.19169e-01	-9.64758e-02	6.81142e-01	3.93432e-01	1.10485e-03	6.20609e-04	6.47255e-04	-2.79633e-04	1.13913e-04	-1.09911e-04	1	6.93000e-02	2.00000e-01	1.50000e-01	-4.07000e-02
-8.65287e-01	-3.41639e-01	4.77804e-01	-1.35074e-01	6.81157e-01	3.79377e-01	1.06191e-03	6.17487e-04	6.43700e-04	-2.47643e-04	1.04856e-04	-1.08696e-04	1	7.04000e-02	2.00000e-01	1.50000e-01	-3.96000e-02
-8.21847e-01	-3.37562e-01	4.60008e-01	-1.93769e-01	6.81171e-01	3.85162e-01	1.03626e-03	6.08383e-04	6.37137e-04	-2.35419e-04	9.65382e-05	-1.04712e-04	1	7.15000e-02	2.00000e-01	1.50000e-01	-3.85000e-02
-7.79862e-01	-3.29890e-01	4.41558e-01	-2.51167e-01	6.81185e-01	3.89329e-01	1.01076e-03	5.98999e-04	6.30715e-04	-2.23696e-04	8.83115e-05	-1.00844e-04	1	7.26000e-02	2.00000e-01	1.50000e-01	-3.74000e-02
-7.04018e-01	-3.65813e-01	3.35734e-01	-2.86864e-01	6.81195e-01	3.93551e-01	9.92900e-04	5.93797e-04	6.26335e-04	-2.22561e-04	7.90045e-05	-9.73707e-05	1	7.37000e-02	2.00000e-01	1.50000e-01	-3.63000e-02
-6.24926e-01	-4.03274e-01	2.31472e-01	-3.20873e-01	6.81205e-01	3.98155e-01	9.75263e-04	5.88128e-04	6.22022e-04	-2.21838e-04	6.96641e-05	-9.39727e-05	1	7.48000e-02	2.00000e-01	1.50000e-01	-3.52000e-02
-6.05079e-01	-4.34983e-01	1.00455e-01	-3.16329e-01	6.81211e-01	4.00624e-01	9.57005e-04	5.86968e-04	6.21897e-04	-2.14456e-04	6.27364e-05	-9.10117e-05	1	7.59000e-02	2.00000e-01	1.50000e-01	-3.41000e-02
-5.80722e-01	-4.70261e-01	-2.91803e-02	-3.09519e-01	6.81216e-01	4.04493e-01	9.38973e-04	5.85497e-04	6.21789e-04	-2.07276e-04	5.57713e-05	-8.81472e-05	1	7.70000e-02	2.00000e-01	1.50000e-01	-3.30000e-02
-6.55519e-01	-4.78364e-01	-1.41531e-01	-2.93811e-01	6.81219e-01	3.99629e-01	9.22843e-04	5.78591e-04	6.22770e-04	-1.92972e-04	5.43826e-05	-8.49432e-05	1	7.81000e-02	2.00000e-01	1.50000e-01	-3.19000e-02
-7.29180e-01	-4.88088e-01	-2.54175e-01	-2.76172e-01	6.81222e-01	3.94770e-01	9.07135e-04	5.71626e-04	6.23749e-04	-1.78722e-04	5.30960e-05	-8.18260e-05	1	7.92000e-02	2.00000e-01	1.50000e-01	-3.08000e-02
-8.25781e-01	-4.73243e-01	-3.71993e-01	-2.80171e-01	6.81225e-01	3.97431e-01	8.95674e-04	5.59581e-04	6.23691e-04	-1.65534e-04	5.47719e-05	-7.94914e-05	1	8.03000e-02	2.00000e-01	1.50000e-01	-2.97000e-02
-9.23255e-01	-4.58115e-01	-4.90696e-01	-2.83431e-01	6.81228e-01	3.99847e-01	8.84440e-04	5.47529e-04	6.23633e-04	-1.52372e-04	5.65296e-05	-7.72106e-05	1	8.14000e-02	2.00000e-01	1.50000e-01	-2.86000e-02
-9.09550e-01	-4.38315e-01	-6.29640e-01	-2.99607e-01	6.81230e-01	4.38353e-01	8.86198e-04	5.40070e-04	6.23653e-04	-1.42098e-04	5.76582e-05	-7.50362e-05	1	8.25000e-02	2.00000e-01	1.50000e-01	-2.75000e-02
-8.95846e-01	-4.18515e-01	-7.68583e-01	-3.15783e-01	6.81231e-01	4.76858e-01	8.87956e-04	5.32611e-04	6.23673e-04	-1.31825e-04	5.87869e-05	-7.28617e-05	1	8.36000e-02	2.00000e-01	1.50000e-01	-2.64000e-02
-7.84104e-01	-4.19085e-01	-8.74106e-01	-3.20179e-01	6.81231e-01	5.69943e-01	9.15886e-04	5.28891e-04	6.23220e-04	-1.23516e-04	5.97265e-05	-7.00428e-05	1	8.47000e-02	2.00000e-01	1.50000e-01	-2.53000e-02
-6.72566e-01	-4.20028e-01	-9.79105e-01	-3.24436e-01	6.81231e-01	6.63102e-01	9.43956e-04	5.25140e-04	6.22754e-04	-1.15246e-04	6.07424e-05	-6.72585e-05	1	8.58000e-02	2.00000e-01	1.50000e-01	-2.42000e-02
-5.86675e-01	-4.32459e-01	-9.82244e-01	-3.14022e-01	6.81231e-01	7.28686e-01	9.88544e-04	5.19150e-04	6.21738e-04	-1.05279e-04	6.43602e-05	-6.51326e-05	1	8.69000e-02	2.00000e-01	1.50000e-01	-2.31000e-02
-5.00883e-01	-4.44489e-01	-9.85624e-01	-3.02979e-01	6.81231e-01	7.94955e-01	1.03339e-03	5.13113e-04	6.20744e-04	-9.54251e-05	6.81048e-05	-6.32357e-05	1	8.80000e-02	2.00000e-01	1.50000e-01	-2.20000e-02
-4.67530e-01	-4.33587e-01	-8.81902e-01	-2.95514e-01	6.81230e-01	7.52662e-01	1.06755e-03	5.17464e-04	6.22687e-04	-8.76036e-05	7.58245e-05	-6.40986e-05	1	8.91000e-02	2.00000e-01	1.50000e-01	-2.09000e-02
-4.32955e-01	-4.22385e-01	-7.79572e-01	-2.87207e-01	6.81230e-01	7.14693e-01	1.10185e-03	5.21850e-04	6.24694e-04	-7.98500e-05	8.35310e-05	-6.53421e-05	1	9.02000e-02	2.00000e-01	1.50000e-01	-1.98000e-02
-4.07300e-01	-4.10644e-01	-6.24453e-01	-2.92559e-01	6.81229e-01	6.87889e-01	1.11004e-03	5.41602e-04	6.29962e-04	-8.62125e-05	9.29328e-05	-6.92679e-05	1	9.13000e-02	2.00000e-01	1.50000e-01	-1.87000e-02
-3.80349e-01	-3.99767e-01	-4.70659e-01	-2.97215e-01	6.81228e-01	6.70606e-01	1.11826e-03	5.61326e-04	6.35220e-04	-9.26316e-05	1.02047e-04	-7.35396e-05	1	9.24000e-02	2.00000e-01	1.50000e-01	-1.76000e-02
-3.34029e-01	-4.60822e-01	-3.37534e-01	-3.04373e-01	6.81225e-01	3.40958e-02	1.11090e-03	5.83071e-04	6.40045e-04	-1.09820e-04	1.11744e-04	-7.94806e-05	1	9.35000e-02	2.00000e-01	1.50000e-01	-1.65000e-02
-2.87382e-01	-5.22300e-01	-2.03536e-01	-3.10441e-01	6.81222e-01	-7.42450e-01	1.10361e-03	6.04682e-04	6.44736e-04	-1.27227e-04	1.21107e-04	-8.57011e-05	1	9.46000e-02	2.00000e-01	1.50000e-01	-1.54000e-02
-2.35716e-01	-6.47477e-01	-1.55124e-01	-3.07764e-01	6.81218e-01	-3.42933e-02	1.10181e-03	6.20564e-04	6.47838e-04	-1.48178e-04	1.30008e-04	-9.44160e-05	1	9.57000e-02	2.00000e-01	1.50000e-01	-1.43000e-02
-1.84420e-01	-7.70900e-01	-1.03421e-01	-3.02601e-01	6.81215e-01	8.09418e-01	1.10010e-03	6.36381e-04	6.50683e-04	-1.69428e-04	1.38864e-04	-1.03386e-04	1	9.68000e-02	2.00000e-01	1.50000e-01	-1.32000e-02
-1.84513e-01	-8.50545e-01	-1.39529e-01	-2.90007e-01	6.81212e-01	8.07863e-01	1.11631e-03	6.51967e-04	6.52892e-04	-1.94766e-04	1.44164e-04	-1.15305e-04	1	9.79000e-02	2.00000e-01	1.50000e-01	-1.21000e-02
-1.86894e-01	-9.27304e-01	-1.72863e-01	-2.73976e-01	6.81209e-01	7.58268e-01	1.13234e-03	6.67733e-04	6.54733e-04	-2.20285e-04	1.49633e-04	-1.27432e-04	1	9.90000e-02	2.00000e-01	1.50000e-01	-1.10000e-02
-2.43098e-01	-9.01917e-01	-2.06165e-01	-2.49682e-01	6.81208e-01	8.86061e-01	1.14829e-03	6.87410e-04	6.56585e-04	-2.41810e-04	1.49248e-04	-1.38973e-04	1	1.00100e-01	2.00000e-01	1.50000e-01	-9.90000e-03
-3.03808e-01	-8.75423e-01	-2.39597e-01	-2.22670e-01	6.81206e-01	1.06691e+00	1.16348e-03	7.07492e-04	6.58064e-04	-2.62849e-04	1.48969e-04	-1.50503e-04	1	1.01200e-01	2.00000e-01	1.50000e-01	-8.80000e-03
-3.50806e-01	-7.93492e-01	-1.86945e-01	-1.83172e-01	6.81205e-01	8.34293e-01	1.15600e-03	7.29184e-04	6.59998e-04	-2.70198e-04	1.42561e-04	-1.53803e-04	1	1.02300e-01	2.00000e-01	1.50000e-01	-7.70000e-03
-4.01487e-01	-7.14002e-01	-1.36563e-01	-1.42091e-01	6.81204e-01	5.95667e-01	1.14748e-03	7.50735e-04	6.61724e-04	-2.76620e-04	1.36204e-04	-1.56759e-04	1	1.03400e-01	2.00000e-01	1.50000e-01	-6.60000e-03
-4.07325e-01	-6.21459e-01	-2.18695e-02	-9.86079e-02	6.81202e-01	5.23264e-01	1.12801e-03	7.71282e-04	6.63761e-04	-2.74260e-04	1.23886e-04	-1.49493e-04	1	1.04500e-01	2.00000e-01	1.50000e-01	-5.50000e-03
-4.15417e-01	-5.32332e-01	9.01375e-02	-5.40481e-02	6.81200e-01	4.53952e-01	1.10758e-03	7.90957e-04	6.65854e-04	-2.71514e-04	1.11680e-04	-1.41726e-04	1	1.05600e-01	2.00000e-01	1.50000e-01	-4.40000e-03
-4.17427e-01	-4.34135e-01	1.80187e-01	-3.30871e-02	6.81197e-01	4.22858e-01	1.09614e-03	8.10953e-04	6.67985e-04	-2.71788e-04	9.30332e-05	-1.29581e-04	1	1.06700e-01	2.00000e-01	1.50000e-01	-3.30000e-03
-4.20699e-01	-3.35722e-01	2.68144e-01	-1.24144e-02	6.81195e-01	3.91979e-01	1.08408e-03	8.29856e-04	6.70435e-04	-2.72277e-04	7.44851e-05	-1.17000e-04	1	1.07800e-01	2.00000e-01	1.50000e-01	-2.20000e-03
-4.34200e-01	-2.61412e-01	3.01729e-01	-3.33490e-02	6.81194e-01	3.75679e-01	1.07946e-03	8.55383e-04	6.72363e-04	-2.83957e-04	5.33089e-05	-1.04293e-04	1	1.08900e-01	2.00000e-01	1.50000e-01	-1.10000e-03
-4.47040e-01	-1.84131e-01	3.34229e-01	-5.70674e-02	6.81193e-01	3.58769e-01	1.07506e-03	8.80009e-04	6.74798e-04	-2.95712e-04	3.20853e-05	-9.14097e-05	1	1.10000e-01	2.00000e-01	1.50000e-01	0.00000e+00
-4.54701e-01	-1.76239e-01	3.48138e-01	-1.05497e-01	6.81194e-01	3.61077e-01	1.06777e-03	9.09391e-04	6.74528e-04	-3.10475e-04	1.38984e-05	-7.99183e-05	1	1.11100e-01	2.00000e-01	1.50000e-01	1.10000e-03
-4.58301e-01	-1.70899e-01	3.61734e-01	-1.58903e-01	6.81194e-01	3.65175e-01	1.06121e-03	9.38166e-04	6.74701e-04	-3.24714e-04	-4.22257e-06	-6.85702e-05	1	1.12200e-01	2.00000e-01	1.50000e-01	2.20000e-03
-4.50295e-01	-2.04466e-01	3.88202e-01	-1.85363e-01	6.81197e-01	3.84848e-01	1.05281e-03	9.59738e-04	6.70217e-04	-3.30110e-04	-1.58535e-05	-6.01822e-05	1	1.13300e-01	2.00000e-01	1.50000e-01	3.30000e-03
-4.40964e-01	-2.34845e-01	4.15235e-01	-2.11873e-01	6.81201e-01	4.05126e-01	1.04599e-03	9.81784e-04	6.66225e-04	-3.35843e-04	-2.71454e-05	-5.24222e-05	1	1.14400e-01	2.00000e-01	1.50000e-01	4.40000e-03
-4.20939e-01	-2.48436e-01	4.35469e-01	-1.92526e-01	6.81205e-01	4.18835e-01	1.04468e-03	9.87275e-04	6.58770e-04	-3.34034e-04	-3.22421e-05	-4.64670e-05	1	1.15500e-01	2.00000e-01	1.50000e-01	5.50000e-03
-4.02016e-01	-2.59454e-01	4.53452e-01	-1.70990e-01	6.81210e-01	4.30145e-01	1.04450e-03	9.94010e-04	6.51624e-04	-3.32769e-04	-3.69805e-05	-4.08854e-05	1	1.16600e-01	2.00000e-01	1.50000e-01	6.60000e-03
-3.73814e-01	-2.54481e-01	4.39418e-01	-1.47251e-01	6.81214e-01	4.28216e-01	1.05315e-03	9.85480e-04	6.42861e-04	-3.32549e-04	-3.70221e-05	-3.41190e-05	1	1.17700e-01	2.00000e-01	1.50000e-01	7.70000e-03
-3.48121e-01	-2.51108e-01	4.21087e-01	-1.21040e-01	6.81219e-01	4.23318e-01	1.06252e-03	9.77826e-04	6.34079e-04	-3.32673e-04	-3.69649e-05	-2.72083e-05	1	1.18800e-01	2.00000e-01	1.50000e-01	8.80000e-03
-3.16681e-01	-2.48288e-01	3.89671e-01	-1.40351e-01	6.81224e-01	4.31123e-01	1.08107e-03	9.65064e-04	6.24266e-04	-3.37624e-04	-3.43049e-05	-1.82556e-05	1	1.19900e-01	2.00000e-01	1.50000e-01	9.90000e-03
-2.88269e-01	-2.50076e-01	3.56272e-01	-1.57820e-01	6.81229e-01	4.37253e-01	1.09982e-03	9.52586e-04	6.14314e-04	-3.42662e-04	-3.18865e-05	-8.87228e-06	1	1.21000e-01	2.00000e-01	1.50000e-01	1.10000e-02
-2.57136e-01	-2.17132e-01	3.35970e-01	-2.08307e-01	6.81233e-01	4.64251e-01	1.12086e-03	9.39444e-04	6.04190e-04	-3.44179e-04	-3.05003e-05	-2.24957e-07	1	1.22100e-01	2.00000e-01	1.50000e-01	1.21000e-02
-2.28202e-01	-1.86893e-01	3.18057e-01	-2.57901e-01	6.81238e-01	4.87632e-01	1.14130e-03	9.26614e-04	5.93856e-04	-3.45764e-04	-2.93717e-05	8.80129e-06	1	1.23200e-01	2.00000e-01	1.50000e-01	1.32000e-02
-1.95146e-01	-9.23735e-02	3.00008e-01	-2.96842e-01	6.81241e-01	5.55907e-01	1.14774e-03	9.12746e-04	5.84822e-04	-3.40420e-04	-3.26262e-05	1.47054e-05	1	1.24300e-01	2.00000e-01	1.50000e-01	1.43000e-02
-1.62641e-01	3.32924e-03	2.85890e-01	-3.36209e-01	6.81244e-01	6.13263e-01	1.15347e-03	8.99066e-04	5.75540e-04	-3.35034e-04	-3.60293e-05	2.08940e-05	1	1.25400e-01	2.00000e-01	1.50000e-01	1.54000e-02
-1.33228e-01	1.08895e-01	2.60196e-01	-3.52731e-01	6.81245e-01	9.17385e-01	1.13735e-03	8.88598e-04	5.68227e-04	-3.28913e-04	-4.00143e-05	2.53258e-05	1	1.26500e-01	2.00000e-01	1.50000e-01	1.65000e-02
-1.03011e-01	2.16828e-01	2.37319e-01	-3.70739e-01	6.81247e-01	1.17944e+00	1.12105e-03	8.77917e-04	5.60768e-04	-3.22422e-04	-4.40959e-05	2.99160e-05	1	1.27600e-01	2.00000e-01	1.50000e-01	1.76000e-02
-9.57195e-02	2.61996e-01	2.13698e-01	-3.80228e-01	6.81248e-01	1.20661e+00	1.09541e-03	8.72305e-04	5.55769e-04	-3.13718e-04	-4.16159e-05	3.50977e-05	1	1.28700e-01	2.00000e-01	1.50000e-01	1.87000e-02
-8.76514e-02	3.08411e-01	1.92028e-01	-3.91259e-01	6.81249e-01	1.24508e+00	1.06979e-03	8.66317e-04	5.50651e-04	-3.04586e-04	-3.91460e-05	4.02106e-05	1	1.29800e-01	2.00000e-01	1.50000e-01	1.98000e-02
-1.04704e-01	3.00460e-01	1.54010e-01	-3.92603e-01	6.81248e-01	9.91881e-01	1.05328e-03	8.61786e-04	5.49083e-04	-2.96656e-04	-3.15636e-05	4.50877e-05	1	1.30900e-01	2.00000e-01	1.50000e-01	2.09000e-02
-1.21853e-01	2.92875e-01	1.17295e-01	-3.94533e-01	6.81247e-01	7.58027e-01	1.03671e-03	8.56866e-04	5.47375e-04	-2.88568e-04	-2.40067e-05	4.98048e-05	1	1.32000e-01	2.00000e-01	1.50000e-01	2.20000e-02
-1.33044e-01	2.87295e-01	5.83554e-02	-3.71334e-01	6.81243e-01	6.93279e-01	1.02967e-03	8.53104e-04	5.49469e-04	-2.91751e-04	-1.76003e-05	5.20425e-05	1	1.33100e-01	2.00000e-01	1.50000e-01	2.31000e-02
-1.44644e-01	2.81999e-01	-1.44845e-04	-3.47722e-01	6.81238e-01	6.25729e-01	1.02267e-03	8.49068e-04	5.51435e-04	-2.94999e-04	-1.12951e-05	5.41882e-05	1	1.34200e-01	2.00000e-01	1.50000e-01	2.42000e-02
-1.69137e-01	2.94581e-01	-1.35476e-02	-3.00813e-01	6.81231e-01	5.61488e-01	1.02530e-03	8.49960e-04	5.54996e-04	-3.08821e-04	-8.06120e-06	5.13570e-05	1	1.35300e-01	2.00000e-01	1.50000e-01	2.53000e-02
-1.93759e-01	3.07494e-01	-2.70375e-02	-2.53483e-01	6.81223e-01	4.98378e-01	1.02803e-03	8.50749e-04	5.58490e-04	-3.22744e-04	-4.89668e-06	4.85072e-05	1	1.36400e-01	2.00000e-01	1.50000e-01	2.64000e-02
-2.60515e-01	3.03195e-01	4.94285e-02	-2.05679e-01	6.81217e-01	4.33653e-01	1.03477e-03	8.60143e-04	5.60817e-04	-3.39828e-04	-4.46224e-06	3.90069e-05	1	1.37500e-01	2.00000e-01	1.50000e-01	2.75000e-02
-3.27271e-01	2.98896e-01	1.25895e-01	-1.57874e-01	6.81211e-01	3.68929e-01	1.04151e-03	8.69537e-04	5.63144e-04	-3.56912e-04	-4.02781e-06	2.95067e-05	1	1.38600e-01	2.00000e-01	1.50000e-01	2.86000e-02
-3.90399e-01	2.46141e-01	2.05801e-01	-1.29792e-01	6.81209e-01	3.55117e-01	1.04017e-03	8.84314e-04	5.63372e-04	-3.67905e-04	-6.99742e-06	1.65445e-05	1	1.39700e-01	2.00000e-01	1.50000e-01	2.97000e-02
-4.53952e-01	1.93188e-01	2.86746e-01	-1.01280e-01	6.81207e-01	3.41073e-01	1.03884e-03	8.98942e-04	5.63570e-04	-3.78831e-04	-9.91718e-06	3.56849e-06	1	1.40800e-01	2.00000e-01	1.50000e-01	3.08000e-02
-4.40042e-01	8.87430e-02	2.51093e-01	-9.37980e-02	6.81206e-01	3.24664e-01	1.03068e-03	9.09446e-04	5.63858e-04	-3.79534e-04	-1.48903e-05	-5.98414e-06	1	1.41900e-01	2.00000e-01	1.50000e-01	3.19000e-02
-4.27035e-01	-1.56044e-02	2.16813e-01	-8.49687e-02	6.81205e-01	3.08655e-01	1.02252e-03	9.19451e-04	5.64047e-04	-3.80288e-04	-1.98864e-05	-1.55880e-05	1	1.43000e-01	2.00000e-01	1.50000e-01	3.30000e-02
-3.48569e-01	-1.63827e-01	8.67389e-02	-8.39358e-02	6.81201e-01	3.42186e-01	1.01620e-03	9.20547e-04	5.67888e-04	-3.74028e-04	-2.46958e-05	-1.61093e-05	1	1.44100e-01	2.00000e-01	1.50000e-01	3.41000e-02
-2.69994e-01	-3.12188e-01	-4.40729e-02	-8.15974e-02	6.81198e-01	3.75929e-01	1.01012e-03	9.21205e-04	5.71649e-04	-3.68023e-04	-2.97445e-05	-1.67639e-05	1	1.45200e-01	2.00000e-01	1.50000e-01	3.52000e-02
-2.04921e-01	-4.72269e-01	-1.23912e-01	-7.89612e-02	6.81194e-01	6.90412e-01	1.00835e-03	9.20137e-04	5.79933e-04	-3.57570e-04	-3.50341e-05	-7.95799e-06	1	1.46300e-01	2.00000e-01	1.50000e-01	3.63000e-02
-1.38536e-01	-6.32685e-01	-2.05390e-01	-7.63060e-02	6.81189e-01	1.01084e+00	1.00708e-03	9.18873e-04	5.88200e-04	-3.47226e-04	-4.06998e-05	5.66645e-07	1	1.47400e-01	2.00000e-01	1.50000e-01	3.74000e-02
-1.24042e-01	-7.34329e-01	-1.52988e-01	-8.28257e-02	6.81186e-01	1.32990e+00	1.00720e-03	9.16801e-04	5.99601e-04	-3.33293e-04	-4.75873e-05	1.29799e-05	1	1.48500e-01	2.00000e-01	1.50000e-01	3.85000e-02
-1.09326e-01	-8.34521e-01	-9.84779e-02	-9.06273e-02	6.81183e-01	1.65803e+00	1.00730e-03	9.14436e-04	6.11016e-04	-3.19121e-04	-5.47166e-05	2.50390e-05	1	1.49600e-01	2.00000e-01	1.50000e-01	3.96000e-02
-1.12271e-01	-8.35674e-01	1.89483e-02	-1.18978e-01	6.81181e-01	1.63280e+00	1.00530e-03	9.06385e-04	6.23669e-04	-3.08531e-04	-6.00547e-05	3.56043e-05	1	1.50700e-01	2.00000e-01	1.50000e-01	4.07000e-02
-1.16455e-01	-8.33327e-01	1.42205e-01	-1.48885e-01	6.81178e-01	1.58494e+00	1.00263e-03	8.98487e-04	6.36244e-04	-2.97744e-04	-6.55667e-05	4.59482e-05	1	1.51800e-01	2.00000e-01	1.50000e-01	4.18000e-02
-1.03968e-01	-7.76415e-01	2.24932e-01	-1.92207e-01	6.81179e-01	1.72059e+00	1.00028e-03	8.92997e-04	6.48372e-04	-2.99571e-04	-6.58790e-05	5.32271e-05	1	1.52900e-01	2.00000e-01	1.50000e-01	4.29000e-02
-9.18150e-02	-7.17149e-01	3.11017e-01	-2.36885e-01	6.81179e-01	1.85420e+00	9.97407e-04	8.88632e-04	6.60199e-04	-3.01644e-04	-6.66222e-05	6.05668e-05	1	1.54000e-01	2.00000e-01	1.50000e-01	4.40000e-02
-7.25726e-02	-6.66635e-01	3.35006e-01	-2.73449e-01	6.81182e-01	-1.53693e+00	1.00002e-03	8.87874e-04	6.70489e-04	-3.11639e-04	-6.04982e-05	6.57639e-05	1	1.55100e-01	2.00000e-01	1.50000e-01	4.51000e-02
-5.08760e-02	-6.17266e-01	3.55902e-01	-3.11677e-01	6.81186e-01	-5.55877e+00	1.00245e-03	8.88508e-04	6.80436e-04	-3.22208e-04	-5.48923e-05	7.12827e-05	1	1.56200e-01	2.00000e-01	1.50000e-01	4.62000e-02
-4.77372e-02	-5.82883e-01	3.39283e-01	-3.23683e-01	6.81189e-01	-3.44072e+00	9.99278e-04	8.79566e-04	6.89800e-04	-3.24766e-04	-4.42776e-05	7.74147e-05	1	1.57300e-01	2.00000e-01	1.50000e-01	4.73000e-02
-4.14588e-02	-5.52024e-01	3.17283e-01	-3.37630e-01	6.81193e-01	-8.10479e-01	9.96347e-04	8.71338e-04	6.99215e-04	-3.27840e-04	-3.38585e-05	8.39870e-05	1	1.58400e-01	2.00000e-01	1.50000e-01	4.84000e-02
-5.90426e-02	-5.09130e-01	2.74719e-01	-3.25517e-01	6.81195e-01	3.86170e-01	9.81066e-04	8.50757e-04	7.08422e-04	-3.15571e-04	-2.27277e-05	9.47712e-05	1	1.59500e-01	2.00000e-01	1.50000e-01	4.95000e-02
-7.53281e-02	-4.69669e-01	2.31308e-01	-3.14472e-01	6.81196e-01	1.85511e+00	9.66175e-04	8.30165e-04	7.17963e-04	-3.03637e-04	-1.14691e-05	1.06076e-04	1	1.60600e-01	2.00000e-01	1.50000e-01	5.06000e-02
-1.07218e-01	-4.12486e-01	1.85637e-01	-2.99214e-01	6.81195e-01	1.32228e+00	9.49109e-04	8.08811e-04	7.25620e-04	-2.79925e-04	-6.44604e-07	1.20182e-04	1	1.61700e-01	2.00000e-01	1.50000e-01	5.17000e-02
-1.39812e-01	-3.57054e-01	1.42957e-01	-2.83492e-01	6.81194e-01	7.29259e-01	9.32025e-04	7.87426e-04	7.33380e-04	-2.56018e-04	1.03006e-05	1.34912e-04	1	1.62800e-01	2.00000e-01	1.50000e-01	5.28000e-02
-1.96611e-01	-2.96983e-01	1.12123e-01	-2.86981e-01	6.81192e-01	5.81273e-01	9.19889e-04	7.72775e-04	7.39951e-04	-2.28010e-04	2.13647e-05	1.46536e-04	1	1.63900e-01	2.00000e-01	1.50000e-01	5.39000e-02
-2.54089e-01	-2.32628e-01	7.93826e-02	-2.90451e-01	6.81189e-01	4.26377e-01	9.08413e-04	7.58140e-04	7.45424e-04	-1.99770e-04	3.25732e-05	1.58873e-04	1	1.65000e-01	2.00000e-01	1.50000e-01	5.50000e-02
-3.10643e-01	-1.51873e-01	5.57609e-02	-3.18791e-01	6.81184e-01	4.14657e-01	9.08129e-04	7.47390e-04	7.50630e-04	-1.85725e-04	4.29893e-05	1.63841e-04	1	1.66100e-01	2.00000e-01	1.50000e-01	5.61000e-02
-3.61327e-01	-7.06562e-02	2.84024e-02	-3.50216e-01	6.81180e-01	4.09679e-01	9.08008e-04	7.37108e-04	7.55770e-04	-1.71374e-04	5.33212e-05	1.69146e-04	1	1.67200e-01	2.00000e-01	1.50000e-01	5.72000e-02
-3.56629e-01	4.25838e-02	1.78692e-02	-3.86128e-01	6.81174e-01	4.68672e-01	9.22478e-04	7.27024e-04	7.60602e-04	-1.80235e-04	6.04727e-05	1.67736e-04	1	1.68300e-01	2.00000e-01	1.50000e-01	5.83000e-02
-3.50929e-01	1.56401e-01	3.67320e-03	-4.21733e-01	6.81167e-01	5.38608e-01	9.36966e-04	7.17044e-04	7.65679e-04	-1.88746e-04	6.74685e-05	1.66628e-04	1	1.69400e-01	2.00000e-01	1.50000e-01	5.94000e-02
-2.90384e-01	2.68835e-01	2.71217e-02	-4.47575e-01	6.81161e-01	7.25156e-01	9.65432e-04	7.05979e-04	7.67701e-04	-2.08674e-04	7.07051e-05	1.63107e-04	1	1.70500e-01	2.00000e-01	1.50000e-01	6.05000e-02
-2.33682e-01	3.81288e-01	5.07255e-02	-4.70426e-01	6.81155e-01	9.35675e-01	9.93767e-04	6.94493e-04	7.70210e-04	-2.28123e-04	7.38892e-05	1.59710e-04	1	1.71600e-01	2.00000e-01	1.50000e-01	6.16000e-02
-1.86055e-01	4.25153e-01	1.12997e-01	-4.79165e-01	6.81150e-01	1.05284e+00	1.02081e-03	6.84785e-04	7.69161e-04	-2.40043e-04	7.48187e-05	1.57724e-04	1	1.72700e-01	2.00000e-01	1.50000e-01	6.27000e-02
-1.43426e-01	4.67438e-01	1.77631e-01	-4.84401e-01	6.81145e-01	1.14258e+00	1.04767e-03	6.74344e-04	7.68658e-04	-2.51533e-04	7.60249e-05	1.55687e-04	1	1.73800e-01	2.00000e-01	1.50000e-01	6.38000e-02
-1.40572e-01	4.48358e-01	2.22658e-01	-4.72326e-01	6.81141e-01	1.06702e+00	1.05250e-03	6.70187e-04	7.66550e-04	-2.52826e-04	7.63678e-05	1.55430e-04	1	1.74900e-01	2.00000e-01	1.50000e-01	6.49000e-02
-1.40021e-01	4.26983e-01	2.68591e-01	-4.58250e-01	6.81138e-01	9.62695e-01	1.05709e-03	6.65235e-04	7.64897e-04	-2.53953e-04	7.71090e-05	1.55029e-04	1	1.76000e-01	2.00000e-01	1.50000e-01	6.60000e-02
-1.50496e-01	4.20937e-01	2.32958e-01	-4.26661e-01	6.81135e-01	8.48189e-01	1.04345e-03	6.67545e-04	7.64049e-04	-2.52020e-04	7.53770e-05	1.53770e-04	1	1.77100e-01	2.00000e-01	1.50000e-01	6.71000e-02
-1.60390e-01	4.13171e-01	1.96849e-01	-3.95288e-01	6.81132e-01	7.33299e-01	1.02951e-03	6.69213e-04	7.63482e-04	-2.49959e-04	7.36985e-05	1.52295e-04	1	1.78200e-01	2.00000e-01	1.50000e-01	6.82000e-02
-1.50860e-01	4.54435e-01	9.29997e-02	-3.55322e-01	6.81129e-01	7.83913e-01	1.01577e-03	6.74009e-04	7.65866e-04	-2.47121e-04	7.05217e-05	1.49335e-04	1	1.79300e-01	2.00000e-01	1.50000e-01	6.93000e-02
-1.40580e-01	4.94852e-01	-9.55580e-03	-3.17232e-01	6.81127e-01	8.37967e-01	1.00190e-03	6.78501e-04	7.68299e-04	-2.44316e-04	6.71808e-05	1.46129e-04	1	1.80400e-01	2.00000e-01	1.50000e-01	7.04000e-02
-1.36022e-01	5.62054e-01	-1.25432e-01	-2.81390e-01	6.81124e-01	1.12918e+00	9.93302e-04	6.79122e-04	7.73934e-04	-2.40814e-04	6.38039e-05	1.43573e-04	1	1.81500e-01	2.00000e-01	1.50000e-01	7.15000e-02
-1.32187e-01	6.29210e-01	-2.38693e-01	-2.47520e-01	6.81121e-01	1.39825e+00	9.84882e-04	6.79716e-04	7.79449e-04	-2.37475e-04	6.03359e-05	1.40839e-04	1	1.82600e-01	2.00000e-01	1.50000e-01	7.26000e-02
-1.77471e-01	6.98634e-01	-3.13879e-01	-2.16002e-01	6.81119e-01	1.25850e+00	9.81987e-04	6.74805e-04	7.85479e-04	-2.35035e-04	5.62312e-05	1.36905e-04	1	1.83700e-01	2.00000e-01	1.50000e-01	7.37000e-02
-2.24201e-01	7.68415e-01	-3.89057e-01	-1.85003e-01	6.81118e-01	1.11263e+00	9.79195e-04	6.70078e-04	7.91366e-04	-2.32646e-04	5.21632e-05	1.32944e-04	1	1.84800e-01	2.00000e-01	1.50000e-01	7.48000e-02
-2.81966e-01	7.97096e-01	-3.54575e-01	-1.54232e-01	6.81119e-01	9.28877e-01	9.81829e-04	6.63193e-04	7.94758e-04	-2.26624e-04	4.93289e-05	1.26050e-04	1	1.85900e-01	2.00000e-01	1.50000e-01	7.59000e-02
-3.40434e-01	8.26153e-01	-3.22504e-01	-1.22657e-01	6.81120e-01	7.58266e-01	9.84577e-04	6.56543e-04	7.98113e-04	-2.20581e-04	4.66767e-05	1.19256e-04	1	1.87000e-01	2.00000e-01	1.50000e-01	7.70000e-02
-3.37752e-01	7.85528e-01	-1.52110e-01	-1.03779e-01	6.81122e-01	6.96965e-01	9.95315e-04	6.51342e-04	7.96208e-04	-2.08708e-04	4.48470e-05	1.13797e-04	1	1.88100e-01	2.00000e-01	1.50000e-01	7.81000e-02
-3.33929e-01	7.45484e-01	1.71508e-02	-8.41842e-02	6.81124e-01	6.38844e-01	1.00620e-03	6.46225e-04	7.94373e-04	-1.96869e-04	4.32252e-05	1.08456e-04	1	1.89200e-01	2.00000e-01	1.50000e-01	7.92000e-02
-2.90680e-01	6.90694e-01	2.08007e-01	-8.84384e-02	6.81126e-01	7.57056e-01	1.02672e-03	6.44536e-04	7.85862e-04	-1.88101e-04	3.80971e-05	1.04620e-04	1	1.90300e-01	2.00000e-01	1.50000e-01	8.03000e-02
-2.46730e-01	6.36369e-01	3.99361e-01	-9.25908e-02	6.81128e-01	8.77128e-01	1.04728e-03	6.42821e-04	7.77394e-04	-1.79340e-04	3.30356e-05	1.00835e-04	1	1.91400e-01	2.00000e-01	1.50000e-01	8.14000e-02
-2.21308e-01	6.08315e-01	4.52627e-01	-1.07946e-01	6.81129e-01	9.76407e-01	1.06771e-03	6.46737e-04	7.65552e-04	-1.83109e-04	2.35564e-05	9.47137e-05	1	1.92500e-01	2.00000e-01	1.50000e-01	8.25000e-02
-1.95887e-01	5.80262e-01	5.05893e-01	-1.23302e-01	6.81129e-01	1.07569e+00	1.08814e-03	6.50654e-04	7.53710e-04	-1.86878e-04	1.40773e-05	8.85922e-05	1	1.93600e-01	2.00000e-01	1.50000e-01	8.36000e-02
-1.98678e-01	5.21969e-01	4.21630e-01	-1.38433e-01	6.81126e-01	8.54843e-01	1.09848e-03	6.63113e-04	7.42520e-04	-2.00844e-04	7.93017e-06	8.30988e-05	1	1.94700e-01	2.00000e-01	1.50000e-01	8.47000e-02
-2.00810e-01	4.64051e-01	3.36848e-01	-1.53590e-01	6.81123e-01	6.36494e-01	1.10883e-03	6.75546e-04	7.31422e-04	-2.14835e-04	1.82192e-06	7.75770e-05	1	1.95800e-01	2.00000e-01	1.50000e-01	8.58000e-02
-2.21056e-01	3.56577e-01	2.57085e-01	-1.83923e-01	6.81113e-01	5.20329e-01	1.11679e-03	6.83927e-04	7.24260e-04	-2.24372e-04	3.39806e-06	7.38489e-05	1	1.96900e-01	2.00000e-01	1.50000e-01	8.69000e-02
-2.41133e-01	2.49774e-01	1.77042e-01	-2.14674e-01	6.81103e-01	4.05565e-01	1.12491e-03	6.92122e-04	7.17284e-04	-2.33959e-04	5.04188e-06	7.02525e-05	1	1.98000e-01	2.00000e-01	1.50000e-01	8.80000e-02
-2.45255e-01	1.73445e-01	1.92275e-01	-2.72537e-01	6.81088e-01	4.13588e-01	1.14406e-03	6.80200e-04	7.17188e-04	-2.31041e-04	1.04568e-05	6.74032e-05	1	1.99100e-01	2.00000e-01	1.50000e-01	8.91000e-02
-2.50670e-01	9.70442e-02	2.06764e-01	-3.31130e-01	6.81073e-01	4.20573e-01	1.16365e-03	6.68293e-04	7.17201e-04	-2.28326e-04	1.59891e-05	6.49395e-05	1	2.00200e-01	2.00000e-01	1.50000e-01	9.02000e-02
-2.22612e-01	9.46973e-02	2.76463e-01	-3.98838e-01	6.81055e-01	5.48609e-01	1.18568e-03	6.50658e-04	7.23149e-04	-2.19734e-04	2.16031e-05	6.42028e-05	1	2.01300e-01	2.00000e-01	1.50000e-01	9.13000e-02
-1.96230e-01	9.18642e-02	3.46069e-01	-4.66915e-01	6.81037e-01	6.71187e-01	1.20812e-03	6.33431e-04	7.29073e-04	-2.11535e-04	2.73823e-05	6.38609e-05	1	2.02400e-01	2.00000e-01	1.50000e-01	9.24000e-02
-1.75526e-01	1.34372e-01	3.86252e-01	-5.18255e-01	6.81019e-01	8.69923e-01	1.21928e-03	6.21580e-04	7.38011e-04	-2.05336e-04	3.15930e-05	6.44138e-05	1	2.03500e-01	2.00000e-01	1.50000e-01	9.35000e-02
-1.55335e-01	1.75631e-01	4.30851e-01	-5.68879e-01	6.81000e-01	1.06023e+00	1.23031e-03	6.10299e-04	7.46844e-04	-1.99568e-04	3.60825e-05	6.52672e-05	1	2.04600e-01	2.00000e-01	1.50000e-01	9.46000e-02
-1.42094e-01	2.57337e-01	4.13049e-01	-5.91340e-01	6.80985e-01	1.28216e+00	1.23347e-03	6.01228e-04	7.56735e-04	-1.98555e-04	3.98550e-05	6.46451e-05	1	2.05700e-01	2.00000e-01	1.50000e-01	9.57000e-02
-1.28941e-01	3.35920e-01	4.03276e-01	-6.12231e-01	6.80969e-01	1.49219e+00	1.23622e-03	5.92683e-04	7.66528e-04	-1.97632e-04	4.39559e-05	6.42640e-05	1	2.06800e-01	2.00000e-01	1.50000e-01	9.68000e-02
-1.02626e-01	4.46476e-01	3.61495e-01	-6.08239e-01	6.80957e-01	-7.09467e+01	1.24064e-03	5.84383e-04	7.76332e-04	-1.99524e-04	5.03058e-05	6.11347e-05	1	2.07900e-01	2.00000e-01	1.50000e-01	9.79000e-02
-7.71567e-02	5.54590e-01	3.23663e-01	-6.03440e-01	6.80945e-01	-1.33398e+02	1.24488e-03	5.76393e-04	7.86243e-04	-2.01048e-04	5.66948e-05	5.80653e-05	1	2.09000e-01	2.00000e-01	1.50000e-01	9.90000e-02
-8.01782e-02	6.01784e-01	2.97911e-01	-5.89608e-01	6.80937e-01	-5.84728e+01	1.24601e-03	5.68951e-04	7.94546e-04	-2.01857e-04	6.74833e-05	5.42415e-05	1	2.10100e-01	2.00000e-01	1.50000e-01	1.00100e-01
-8.10725e-02	6.50475e-01	2.68966e-01	-5.77156e-01	6.80928e-01	5.12022e+00	1.24735e-03	5.61037e-04	8.03242e-04	-2.02048e-04	7.78513e-05	5.02958e-05	1	2.11200e-01	2.00000e-01	1.50000e-01	1.01200e-01
-1.21455e-01	5.71147e-01	2.65210e-01	-5.73858e-01	6.80923e-01	2.94221e+00	1.23993e-03	5.57818e-04	8.08525e-04	-2.00422e-04	9.36549e-05	4.86255e-05	1	2.12300e-01	2.00000e-01	1.50000e-01	1.02300e-01
-1.56619e-01	4.94747e-01	2.57974e-01	-5.73166e-01	6.80918e-01	1.13251e+00	1.23263e-03	5.53666e-04	8.14261e-04	-1.98232e-04	1.09014e-04	4.68376e-05	1	2.13400e-01	2.00000e-01	1.50000e-01	1.03400e-01
-1.82987e-01	3.81569e-01	2.50711e-01	-5.84880e-01	6.80918e-01	9.57869e-01	1.22362e-03	5.55411e-04	8.15084e-04	-1.93809e-04	1.26393e-04	4.49763e-05	1	2.14500e-01	2.00000e-01	1.50000e-01	1.04500e-01
-2.06138e-01	2.68033e-01	2.45801e-01	-5.97812e-01	6.80918e-01	7.86165e-01	1.21425e-03	5.56867e-04	8.16219e-04	-1.88999e-04	1.43645e-04	4.30227e-05	1	2.15600e-01	2.00000e-01	1.50000e-01	1.05600e-01
-1.97328e-01	2.37098e-01	2.17397e-01	-6.12732e-01	6.80926e-01	7.99844e-01	1.21363e-03	5.65796e-04	8.10315e-04	-1.89111e-04	1.58080e-04	3.88045e-05	1	2.16700e-01	2.00000e-01	1.50000e-01	1.06700e-01
-1.89462e-01	2.03133e-01	1.94523e-01	-6.26421e-01	6.80934e-01	8.10406e-01	1.21239e-03	5.75186e-04	8.04483e-04	-1.88896e-04	1.72885e-04	3.43764e-05	1	2.17800e-01	2.00000e-01	1.50000e-01	1.07800e-01
-1.56386e-01	2.39352e-01	1.56766e-01	-6.36260e-01	6.80948e-01	1.00680e+00	1.22217e-03	5.92498e-04	7.92570e-04	-2.03205e-04	1.84197e-04	3.01458e-05	1	2.18900e-01	2.00000e-01	1.50000e-01	1.08900e-01
-1.25716e-01	2.74085e-01	1.20472e-01	-6.43946e-01	6.80963e-01	1.19704e+00	1.23116e-03	6.10521e-04	7.80378e-04	-2.17497e-04	1.96447e-04	2.55495e-05	1	2.20000e-01	2.00000e-01	1.50000e-01	1.10000e-01
