Density	Momentum:0	Momentum:1	Momentum:2	StagnationEnergy	Function0	Function1	Function2	Function3	Function4	Function5	Points:0	Points:1	Points:2
0.954704	-0.0671301	0.0113624	0.00572704	0.683339	0.00098532	0.000431867	0.0005368	-0.00018196	0.000106893	6.04876E-06	0	0.15	-0.11
0.954745	-0.0667802	0.0113109	0.0059433	0.683359	0.00100216	0.000437851	0.000526797	-0.000181771	0.00011542	4.01894E-06	0	0.15	-0.1078
0.954775	-0.0663501	0.011347	0.00602914	0.683378	0.00101669	0.000445072	0.000516675	-0.000181814	0.000104793	1.11941E-05	0	0.15	-0.1056
0.954801	-0.0656751	0.0112944	0.00592598	0.683397	0.00104402	0.000464621	0.000504025	-0.000191203	7.63964E-05	2.98402E-05	0	0.15	-0.1034
0.954832	-0.0651036	0.01124	0.00577589	0.683415	0.00107346	0.000489422	0.000493683	-0.000211111	0.000042536	4.75929E-05	0	0.15	-0.1012
0.954863	-0.065022	0.0113865	0.00560791	0.683429	0.00110549	0.000517329	0.000493114	-0.000242751	1.23366E-05	6.33623E-05	0	0.15	-0.099
0.954895	-0.0655525	0.0119275	0.00537473	0.683438	0.00114694	0.000550292	0.0004974	-0.000278157	-9.72119E-06	7.81354E-05	0	0.15	-0.0968
0.954928	-0.0664123	0.012789	0.00501357	0.683446	0.00119195	0.000574731	0.000497355	-0.000304559	-3.21597E-05	9.13364E-05	0	0.15	-0.0946
0.954949	-0.0672669	0.0136237	0.00451019	0.683452	0.00121388	0.000576239	0.000493409	-0.00031268	-6.27829E-05	9.95348E-05	0	0.15	-0.0924
0.954955	-0.0681004	0.0141403	0.00394977	0.683456	0.00119593	0.000561339	0.000491076	-0.000299737	-0.000094503	0.000100423	0	0.15	-0.0902
0.954955	-0.0690565	0.0143921	0.00343422	0.683464	0.00115522	0.000550505	0.00048832	-0.00027299	-0.00011566	0.000100775	0	0.15	-0.088
0.954962	-0.0700376	0.0146163	0.0029629	0.683475	0.00110692	0.000545748	0.00048196	-0.000244702	-0.000122267	9.84987E-05	0	0.15	-0.0858
0.954977	-0.0706829	0.0147997	0.00249855	0.68349	0.00103477	0.00053655	0.000476723	-0.000212887	-0.000116772	8.06916E-05	0	0.15	-0.0836
0.954987	-0.0707582	0.0146616	0.00208729	0.683504	0.000924843	0.000521251	0.00047491	-0.00017353	-0.000106304	5.15722E-05	0	0.15	-0.0814
0.954988	-0.0703696	0.0140102	0.00177767	0.683516	0.000805172	0.000511768	0.000472214	-0.000138783	-0.000101713	0.000026349	0	0.15	-0.0792
0.954985	-0.0696913	0.012832	0.00150696	0.683527	0.000714167	0.000517849	0.000467217	-0.0001172	-0.000102175	8.04792E-06	0	0.15	-0.077
0.954979	-0.0686918	0.011212	0.00119865	0.683537	0.000657922	0.000535977	0.000462423	-0.000109271	-0.000101792	-3.94387E-06	0	0.15	-0.0748
0.954971	-0.0673297	0.00938507	0.000890811	0.68355	0.000625953	0.000562962	0.000458054	-0.000115954	-0.000102787	-9.5045E-06	0	0.15	-0.0726
0.95496	-0.0658287	0.00765871	0.000673846	0.683564	0.000608414	0.000603561	0.000451612	-0.000134172	-0.000106015	-1.44225E-05	0	0.15	-0.0704
0.954947	-0.0645098	0.00623546	0.000567085	0.683579	0.000600929	0.000655923	0.000442276	-0.000153272	-0.000104183	-2.44322E-05	0	0.15	-0.0682
0.954934	-0.0634754	0.00528345	0.00049605	0.683595	0.000604798	0.000703611	0.000431648	-0.000167686	-8.96111E-05	-3.76552E-05	0	0.15	-0.066
0.954922	-0.0626469	0.00506672	0.00034798	0.683611	0.000615819	0.000721223	0.000422237	-0.000186688	-6.31954E-05	-4.76498E-05	0	0.15	-0.0638
0.954917	-0.0619951	0.00575293	6.87238E-05	0.683628	0.000623636	0.000695993	0.00041827	-0.000216827	-3.52385E-05	-4.99742E-05	0	0.15	-0.0616
0.954922	-0.0615667	0.00707809	-0.000251989	0.683645	0.000624892	0.000647002	0.000421835	-0.000250637	-1.34062E-05	-4.79027E-05	0	0.15	-0.0594
0.954921	-0.0614197	0.0083861	-0.000481054	0.683658	0.000593713	0.000608828	0.000425155	-0.000265488	-7.05649E-06	-4.80039E-05	0	0.15	-0.0572
0.954912	-0.0614267	0.00926591	-0.000617312	0.683669	0.000540181	0.000578676	0.000418455	-0.000255673	-7.43778E-06	-4.38043E-05	0	0.15	-0.055
0.954913	-0.0615275	0.00953804	-0.000674426	0.683679	0.000508654	0.000551972	0.000404412	-0.000242078	-7.01975E-06	-3.90063E-05	0	0.15	-0.0528
0.95492	-0.0616846	0.00929277	-0.000658248	0.683682	0.00050174	0.000530218	0.000394108	-0.000236581	-2.31628E-06	-4.20476E-05	0	0.15	-0.0506
0.954901	-0.0616886	0.00872944	-0.000544558	0.683673	0.00049291	0.000523267	0.00039495	-0.000223665	6.9488E-06	-5.64175E-05	0	0.15	-0.0484
0.954864	-0.0612529	0.00805286	-0.000330805	0.683658	0.000509095	0.000538699	0.000405656	-0.000213525	1.01424E-05	-7.75121E-05	0	0.15	-0.0462
0.954853	-0.0603797	0.00745006	-8.40911E-05	0.683645	0.000548064	0.000549569	0.000423441	-0.000210425	3.67582E-06	-9.13086E-05	0	0.15	-0.044
0.954857	-0.059408	0.00687501	4.74717E-06	0.683635	0.000558348	0.000539883	0.000441883	-0.000184769	-3.54922E-06	-9.47472E-05	0	0.15	-0.0418
0.954847	-0.0585716	0.00625197	-8.39184E-05	0.683621	0.000552941	0.000531001	0.000458664	-0.000145143	-0.000018548	-7.64438E-05	0	0.15	-0.0396
0.954809	-0.0579212	0.00568224	-0.000152089	0.683601	0.000568895	0.000531727	0.000477063	-0.000114119	-4.24552E-05	-3.67703E-05	0	0.15	-0.0374
0.954758	-0.0574818	0.00540455	3.95965E-05	0.683581	0.000601033	0.000542579	0.00049105	-0.000103558	-6.46373E-05	4.71951E-06	0	0.15	-0.0352
0.954715	-0.057355	0.00547218	0.000567897	0.683564	0.000620183	0.000553404	0.000494685	-9.21615E-05	-0.000078589	3.10639E-05	0	0.15	-0.033
0.954679	-0.0576053	0.00572961	0.00135383	0.683548	0.000609556	0.000547257	0.000493203	-0.000063859	-8.75009E-05	4.86113E-05	0	0.15	-0.0308
0.954652	-0.0580942	0.00612704	0.00224942	0.683531	0.000590278	0.000539014	0.000494028	-3.96213E-05	-9.45679E-05	6.39147E-05	0	0.15	-0.0286
0.954641	-0.0585004	0.00677156	0.00309927	0.683513	0.000595038	0.000537333	0.00050149	-3.51114E-05	-9.92459E-05	7.05765E-05	0	0.15	-0.0264
0.954654	-0.0585632	0.00760837	0.00380837	0.683498	0.000626775	0.000527102	0.000510118	-2.70255E-05	-0.000103132	6.33075E-05	0	0.15	-0.0242
0.954685	-0.0582832	0.00826455	0.00437264	0.683491	0.000680466	0.000499953	0.000512292	5.40306E-06	-0.000104131	4.47459E-05	0	0.15	-0.022
0.954708	-0.0578326	0.00830906	0.00485494	0.683489	0.000753214	0.000459181	0.00051178	3.47165E-05	-0.000104082	1.84662E-05	0	0.15	-0.0198
0.954697	-0.0573111	0.00760416	0.00533307	0.683485	0.000848339	0.000422951	0.000515002	3.00033E-05	-0.000109383	-1.22176E-05	0	0.15	-0.0176
0.954656	-0.0566752	0.00640158	0.005832	0.683479	0.00095252	0.000410994	0.000523595	-4.04685E-06	-0.00011899	-4.47524E-05	0	0.15	-0.0154
0.954614	-0.0559105	0.00514889	0.00631053	0.68347	0.00104796	0.000420089	0.000538523	-4.33155E-05	-0.000121872	-7.94844E-05	0	0.15	-0.0132
0.954595	-0.0551319	0.00417689	0.00674421	0.68346	0.00114044	0.000439764	0.000562064	-7.40962E-05	-0.000104521	-0.000120668	0	0.15	-0.011
0.954592	-0.0544065	0.00354263	0.00718421	0.683448	0.00124011	0.000476562	0.000596316	-0.000111828	-6.00654E-05	-0.000171976	0	0.15	-0.0088
0.95459	-0.0535494	0.00322957	0.00747234	0.683438	0.00134604	0.000524097	0.000634122	-0.000166165	4.60285E-06	-0.000208355	0	0.15	-0.0066
0.954578	-0.052627	0.00304308	0.00756166	0.683431	0.00143984	0.000564017	0.000651361	-0.000211692	7.35749E-05	-0.000209753	0	0.15	-0.0044
0.954563	-0.0519904	0.00297768	0.00742999	0.683428	0.00148043	0.000587637	0.000644911	-0.000223751	0.000138425	-0.000174809	0	0.15	-0.0022
0.954551	-0.0518603	0.0030671	0.00712721	0.683429	0.00144887	0.000598554	0.00062618	-0.000195679	0.000195489	-0.000121049	0	0.15	0
0.954536	-0.0520345	0.00330166	0.00675895	0.683432	0.00136716	0.000599695	0.000602344	-0.000143208	0.000236152	-6.66856E-05	0	0.15	0.0022
0.954519	-0.0522023	0.00364692	0.00645212	0.683432	0.00127699	0.000590401	0.000575848	-8.75037E-05	0.000252754	-1.50951E-05	0	0.15	0.0044
0.954519	-0.0521507	0.00405357	0.00636009	0.683432	0.00122124	0.000584578	0.000558622	-0.0000394	0.000241702	3.66473E-05	0	0.15	0.0066
0.95454	-0.052018	0.00441437	0.00660685	0.683434	0.00120228	0.000585578	0.000547612	4.08836E-06	0.000232068	0.000090219	0	0.15	0.0088
0.954578	-0.0518208	0.00479432	0.00708972	0.683441	0.0011918	0.000598204	0.000540283	4.16772E-05	0.000233255	0.000131235	0	0.15	0.011
0.954618	-0.0515884	0.00531011	0.00768989	0.683453	0.00115036	0.00063513	0.000536934	0.000061694	0.000240268	0.000148203	0	0.15	0.0132
0.954645	-0.0513568	0.00591821	0.00830476	0.683464	0.00106594	0.000706817	0.000533461	5.67462E-05	0.000242513	0.000144167	0	0.15	0.0154
0.954651	-0.051077	0.00632317	0.0088594	0.683469	0.000971	0.000811396	0.000525329	3.28061E-05	0.000237463	0.000127617	0	0.15	0.0176
0.95463	-0.0506944	0.0062943	0.00929423	0.68346	0.000905742	0.000921269	0.000514024	-2.83145E-06	0.000229748	0.000103227	0	0.15	0.0198
0.954563	-0.0503671	0.00598226	0.00952026	0.683432	0.000880079	0.00100131	0.000504037	-4.86538E-05	0.000217017	7.00293E-05	0	0.15	0.022
0.954427	-0.0504721	0.00565089	0.00942548	0.683385	0.000869301	0.00104728	0.000497781	-0.000100974	0.000192859	2.59627E-05	0	0.15	0.0242
0.954248	-0.0511731	0.00535882	0.00899755	0.683324	0.00083607	0.00107636	0.000504033	-0.000151087	0.000159011	-0.000019119	0	0.15	0.0264
0.954091	-0.0520734	0.00518655	0.00840875	0.683255	0.000768349	0.00107753	0.000534039	-0.00018421	0.000125862	-0.000050589	0	0.15	0.0286
0.953999	-0.0525864	0.00536237	0.00789336	0.683191	0.00069948	0.00102892	0.000583669	-0.000198532	9.56259E-05	-6.87784E-05	0	0.15	0.0308
0.953975	-0.0525699	0.00594045	0.00753935	0.683147	0.000685171	0.000949191	0.000634614	-0.000209101	6.56295E-05	-8.03855E-05	0	0.15	0.033
0.954006	-0.0523522	0.00673949	0.00726395	0.68313	0.000751141	0.000867481	0.000672091	-0.000229799	4.20655E-05	-8.40371E-05	0	0.15	0.0352
0.954077	-0.0522971	0.00768258	0.00697865	0.683134	0.000862371	0.00079495	0.000689638	-0.000251209	3.37264E-05	-7.74036E-05	0	0.15	0.0374
0.954159	-0.0525713	0.00885117	0.00667798	0.683153	0.000953007	0.000733798	0.000685642	-0.000245832	3.67495E-05	-6.17852E-05	0	0.15	0.0396
0.954222	-0.053161	0.0101353	0.00635502	0.68318	0.000983383	0.00068126	0.000660852	-0.000209136	3.41644E-05	-4.12758E-05	0	0.15	0.0418
0.954256	-0.0539215	0.0111496	0.00594655	0.68321	0.000964141	0.00063284	0.000617337	-0.000169088	1.80118E-05	-2.27895E-05	0	0.15	0.044
0.95427	-0.0546969	0.011636	0.00542656	0.683234	0.000925247	0.000589289	0.000563221	-0.000146574	-4.59287E-06	-0.000010889	0	0.15	0.0462
0.954286	-0.0553763	0.0117237	0.00485702	0.683247	0.000889246	0.000558897	0.000511966	-0.000141878	-2.47574E-05	-5.34431E-06	0	0.15	0.0484
0.954316	-0.0557291	0.0116465	0.00430023	0.683247	0.000878057	0.00055731	0.000476986	-0.000149749	-3.53604E-05	-1.87279E-06	0	0.15	0.0506
0.954352	-0.055465	0.0113354	0.0037258	0.683244	0.000909746	0.000594899	0.000467143	-0.000175435	-4.17587E-05	1.20373E-05	0	0.15	0.0528
0.954349	-0.0548785	0.0107498	0.00299683	0.683227	0.000958526	0.000624537	0.00047465	-0.000224269	-6.20802E-05	3.10011E-05	0	0.15	0.055
0.954319	-0.0545199	0.0100019	0.00226415	0.683202	0.000995104	0.000649385	0.000500647	-0.000287044	-9.56782E-05	5.92266E-05	0	0.15	0.0572
0.954284	-0.0545535	0.00934325	0.00173655	0.683176	0.00100164	0.000676403	0.0005318	-0.000338799	-0.000123409	9.58922E-05	0	0.15	0.0594
0.954263	-0.0547656	0.00900264	0.00153626	0.683155	0.000982593	0.000696672	0.000548199	-0.000361794	-0.000130147	0.000124572	0	0.15	0.0616
0.954257	-0.0551751	0.00909985	0.00176373	0.68314	0.000944033	0.000688195	0.000545218	-0.000339926	-0.000108653	0.000122709	0	0.15	0.0638
0.954263	-0.0561256	0.00953568	0.00251216	0.683134	0.000897719	0.000657616	0.000541336	-0.000272275	-5.76485E-05	8.22288E-05	0	0.15	0.066
0.954277	-0.0573794	0.0101292	0.00342759	0.683134	0.000865323	0.000627234	0.000550383	-0.000216188	-8.60369E-06	3.78814E-05	0	0.15	0.0682
0.95429	-0.0587815	0.0107537	0.00431625	0.683141	0.000835036	0.000619891	0.000571945	-0.000194591	2.40602E-05	7.2753E-06	0	0.15	0.0704
0.954292	-0.0602669	0.0112281	0.00502631	0.683153	0.000799169	0.000638802	0.000598168	-0.000189722	4.14631E-05	-5.57041E-06	0	0.15	0.0726
0.954286	-0.061727	0.0113786	0.00547476	0.683164	0.0007683	0.000684903	0.000624967	-0.000194378	5.01124E-05	-6.61366E-06	0	0.15	0.0748
0.954292	-0.0628999	0.0111885	0.00567368	0.683171	0.000752179	0.000761585	0.000654804	-0.000218406	5.11146E-05	3.3384E-06	0	0.15	0.077
0.954319	-0.0635563	0.0108993	0.00571534	0.683172	0.000741303	0.000853617	0.000685621	-0.000261695	4.22055E-05	2.52224E-05	0	0.15	0.0792
0.954341	-0.0637894	0.0108115	0.00565874	0.683168	0.000728258	0.00089449	0.000710714	-0.000306164	2.53839E-05	4.93485E-05	0	0.15	0.0814
0.954343	-0.0640443	0.0109538	0.00548304	0.683161	0.00071738	0.000840686	0.000730129	-0.000312806	1.09956E-05	7.08875E-05	0	0.15	0.0836
0.954339	-0.0647163	0.0110654	0.0051895	0.683154	0.000719911	0.000768707	0.000747965	-0.000283492	5.3485E-06	9.93711E-05	0	0.15	0.0858
0.95434	-0.065753	0.0109559	0.00488087	0.683149	0.000749906	0.000737505	0.000764441	-0.000263627	8.89658E-06	0.000134445	0	0.15	0.088
0.954335	-0.0667766	0.0107652	0.00470232	0.683145	0.000800893	0.000718911	0.000775764	-0.000272178	0.000017107	0.000161087	0	0.15	0.0902
0.954324	-0.0674822	0.0107895	0.00472049	0.683142	0.000845295	0.000685117	0.000776699	-0.000296398	2.10178E-05	0.000167466	0	0.15	0.0924
0.95432	-0.0678242	0.0111685	0.00486839	0.683145	0.000867845	0.000636624	0.000761323	-0.000314977	1.69232E-05	0.00015263	0	0.15	0.0946
0.954341	-0.0679871	0.0118263	0.00500638	0.683158	0.000875635	0.000578949	0.000727482	-0.000314126	9.8007E-06	0.000125081	0	0.15	0.0968
0.954395	-0.068205	0.0125656	0.00504922	0.68318	0.000878977	0.000523935	0.000679957	-0.000296504	1.06147E-05	9.31765E-05	0	0.15	0.099
0.954469	-0.0684851	0.0130787	0.00504122	0.683209	0.000885605	0.000476119	0.000628478	-0.000269871	2.74117E-05	5.80758E-05	0	0.15	0.1012
0.954544	-0.0684792	0.0130253	0.00499933	0.683244	0.000901552	0.000440115	0.000594726	-0.000232802	0.0000498	2.66548E-05	0	0.15	0.1034
0.954602	-0.068092	0.0124116	0.00511574	0.683279	0.000930493	0.000417249	0.000572818	-0.000197597	6.68419E-05	1.38819E-05	0	0.15	0.1056
0.954654	-0.0675642	0.0117279	0.00540668	0.683312	0.000961502	0.000419686	0.000552771	-0.000183237	8.62753E-05	1.08289E-05	0	0.15	0.1078
0.954704	-0.0671301	0.0113624	0.00572704	0.683339	0.00098532	0.000431867	0.0005368	-0.00018196	0.000106893	6.04876E-06	0	0.15	0.11
