-4.00000000e-01	0.00000000e+00	1.00000000e+00
-4.00000000e-01	2.00000000e-02	9.96456983e-01
-4.00000000e-01	4.00000000e-02	9.86179161e-01
-4.00000000e-01	6.00000000e-02	9.69633720e-01
-4.00000000e-01	8.00000000e-02	9.47523827e-01
-4.00000000e-01	1.00000000e-01	9.20516165e-01
-4.00000000e-01	1.20000000e-01	8.89234591e-01
-4.00000000e-01	1.40000000e-01	8.54207537e-01
-4.00000000e-01	1.60000000e-01	8.15844545e-01
-4.00000000e-01	1.80000000e-01	7.74448175e-01
-4.00000000e-01	2.00000000e-01	7.30238715e-01
-4.00000000e-01	2.20000000e-01	6.83404415e-01
-4.00000000e-01	2.40000000e-01	6.34167570e-01
-4.00000000e-01	2.60000000e-01	5.82770588e-01
-4.00000000e-01	2.80000000e-01	5.29437628e-01
-4.00000000e-01	3.00000000e-01	4.74398003e-01
-4.00000000e-01	3.20000000e-01	4.17938882e-01
-4.00000000e-01	3.40000000e-01	3.60430760e-01
-4.00000000e-01	3.60000000e-01	3.02313852e-01
-4.00000000e-01	3.80000000e-01	2.44050100e-01
-4.00000000e-01	4.00000000e-01	1.86093250e-01
-4.00000000e-01	4.20000000e-01	1.28839492e-01
-4.00000000e-01	4.40000000e-01	7.26047555e-02
-4.00000000e-01	4.60000000e-01	1.76526697e-02
-4.00000000e-01	4.80000000e-01	-3.59082940e-02
-4.00000000e-01	5.00000000e-01	-8.80082898e-02
-4.00000000e-01	5.20000000e-01	-1.38649839e-01
-4.00000000e-01	5.40000000e-01	-1.87834162e-01
-4.00000000e-01	5.60000000e-01	-2.35493041e-01
-4.00000000e-01	5.80000000e-01	-2.81589780e-01
-4.00000000e-01	6.00000000e-01	-3.26018381e-01
-4.00000000e-01	6.20000000e-01	-3.68657169e-01
-4.00000000e-01	6.40000000e-01	-4.09372083e-01
-4.00000000e-01	6.60000000e-01	-4.48056907e-01
-4.00000000e-01	6.80000000e-01	-4.84660283e-01
-4.00000000e-01	7.00000000e-01	-5.19181801e-01
-4.00000000e-01	7.20000000e-01	-5.51629677e-01
-4.00000000e-01	7.40000000e-01	-5.82004970e-01
-4.00000000e-01	7.60000000e-01	-6.10301690e-01
-4.00000000e-01	7.80000000e-01	-6.36511614e-01
-4.00000000e-01	8.00000000e-01	-6.60618455e-01
-4.00000000e-01	8.20000000e-01	-6.82595024e-01
-4.00000000e-01	8.40000000e-01	-7.02411932e-01
-4.00000000e-01	8.60000000e-01	-7.20044047e-01
-4.00000000e-01	8.80000000e-01	-7.35474507e-01
-4.00000000e-01	9.00000000e-01	-7.48696730e-01
-4.00000000e-01	9.20000000e-01	-7.59711008e-01
-4.00000000e-01	9.40000000e-01	-7.68521733e-01
-4.00000000e-01	9.60000000e-01	-7.75133701e-01
-4.00000000e-01	9.80000000e-01	-7.79546084e-01
-4.00000000e-01	1.00000000e+00	-7.81754185e-01
-4.00000000e-01	1.02000000e+00	-7.81754185e-01
-4.00000000e-01	1.04000000e+00	-7.79546084e-01
-4.00000000e-01	1.06000000e+00	-7.75133701e-01
-4.00000000e-01	1.08000000e+00	-7.68521733e-01
-4.00000000e-01	1.10000000e+00	-7.59711008e-01
-4.00000000e-01	1.12000000e+00	-7.48696730e-01
-4.00000000e-01	1.14000000e+00	-7.35474507e-01
-4.00000000e-01	1.16000000e+00	-7.20044047e-01
-4.00000000e-01	1.18000000e+00	-7.02411932e-01
-4.00000000e-01	1.20000000e+00	-6.82595024e-01
-4.00000000e-01	1.22000000e+00	-6.60618455e-01
-4.00000000e-01	1.24000000e+00	-6.36511614e-01
-4.00000000e-01	1.26000000e+00	-6.10301690e-01
-4.00000000e-01	1.28000000e+00	-5.82004970e-01
-4.00000000e-01	1.30000000e+00	-5.51629677e-01
-4.00000000e-01	1.32000000e+00	-5.19181801e-01
-4.00000000e-01	1.34000000e+00	-4.84660283e-01
-4.00000000e-01	1.36000000e+00	-4.48056907e-01
-4.00000000e-01	1.38000000e+00	-4.09372083e-01
-4.00000000e-01	1.40000000e+00	-3.68657169e-01
-4.00000000e-01	1.42000000e+00	-3.26018381e-01
-4.00000000e-01	1.44000000e+00	-2.81589780e-01
-4.00000000e-01	1.46000000e+00	-2.35493041e-01
-4.00000000e-01	1.48000000e+00	-1.87834162e-01
-4.00000000e-01	1.50000000e+00	-1.38649839e-01
-4.00000000e-01	1.52000000e+00	-8.80082898e-02
-4.00000000e-01	1.54000000e+00	-3.59082940e-02
-4.00000000e-01	1.56000000e+00	1.76526697e-02
-4.00000000e-01	1.58000000e+00	7.26047555e-02
-4.00000000e-01	1.60000000e+00	1.28839492e-01
-4.00000000e-01	1.62000000e+00	1.86093250e-01
-4.00000000e-01	1.64000000e+00	2.44050100e-01
-4.00000000e-01	1.66000000e+00	3.02313852e-01
-4.00000000e-01	1.68000000e+00	3.60430760e-01
-4.00000000e-01	1.70000000e+00	4.17938882e-01
-4.00000000e-01	1.72000000e+00	4.74398003e-01
-4.00000000e-01	1.74000000e+00	5.29437628e-01
-4.00000000e-01	1.76000000e+00	5.82770588e-01
-4.00000000e-01	1.78000000e+00	6.34167570e-01
-4.00000000e-01	1.80000000e+00	6.83404415e-01
-4.00000000e-01	1.82000000e+00	7.30238715e-01
-4.00000000e-01	1.84000000e+00	7.74448175e-01
-4.00000000e-01	1.86000000e+00	8.15844545e-01
-4.00000000e-01	1.88000000e+00	8.54207537e-01
-4.00000000e-01	1.90000000e+00	8.89234591e-01
-4.00000000e-01	1.92000000e+00	9.20516165e-01
-4.00000000e-01	1.94000000e+00	9.47523827e-01
-4.00000000e-01	1.96000000e+00	9.69633720e-01
-4.00000000e-01	1.98000000e+00	9.86179161e-01
-4.00000000e-01	2.00000000e+00	9.96456983e-01
-3.00000000e-01	0.00000000e+00	1.00000000e+00
-3.00000000e-01	2.00000000e-02	9.97921871e-01
-3.00000000e-01	4.00000000e-02	9.91763938e-01
-3.00000000e-01	6.00000000e-02	9.81598009e-01
-3.00000000e-01	8.00000000e-02	9.67492045e-01
-3.00000000e-01	1.00000000e-01	9.49519388e-01
-3.00000000e-01	1.20000000e-01	9.27783411e-01
-3.00000000e-01	1.40000000e-01	9.02407877e-01
-3.00000000e-01	1.60000000e-01	8.73519029e-01
-3.00000000e-01	1.80000000e-01	8.41244754e-01
-3.00000000e-01	2.00000000e-01	8.05729674e-01
-3.00000000e-01	2.20000000e-01	7.67136715e-01
-3.00000000e-01	2.40000000e-01	7.25627308e-01
-3.00000000e-01	2.60000000e-01	6.81355509e-01
-3.00000000e-01	2.80000000e-01	6.34482555e-01
-3.00000000e-01	3.00000000e-01	5.85185839e-01
-3.00000000e-01	3.20000000e-01	5.33655098e-01
-3.00000000e-01	3.40000000e-01	4.80092562e-01
-3.00000000e-01	3.60000000e-01	4.24714425e-01
-3.00000000e-01	3.80000000e-01	3.67743578e-01
-3.00000000e-01	4.00000000e-01	3.09404138e-01
-3.00000000e-01	4.20000000e-01	2.49928091e-01
-3.00000000e-01	4.40000000e-01	1.89561547e-01
-3.00000000e-01	4.60000000e-01	1.28561043e-01
-3.00000000e-01	4.80000000e-01	6.71797561e-02
-3.00000000e-01	5.00000000e-01	5.65865227e-03
-3.00000000e-01	5.20000000e-01	-5.57619461e-02
-3.00000000e-01	5.40000000e-01	-1.16840134e-01
-3.00000000e-01	5.60000000e-01	-1.77344223e-01
-3.00000000e-01	5.80000000e-01	-2.37055632e-01
-3.00000000e-01	6.00000000e-01	-2.95758644e-01
-3.00000000e-01	6.20000000e-01	-3.53228988e-01
-3.00000000e-01	6.40000000e-01	-4.09249446e-01
-3.00000000e-01	6.60000000e-01	-4.63620105e-01
-3.00000000e-01	6.80000000e-01	-5.16148299e-01
-3.00000000e-01	7.00000000e-01	-5.66648405e-01
-3.00000000e-01	7.20000000e-01	-6.14949062e-01
-3.00000000e-01	7.40000000e-01	-6.60880903e-01
-3.00000000e-01	7.60000000e-01	-7.04270902e-01
-3.00000000e-01	7.80000000e-01	-7.44949208e-01
-3.00000000e-01	8.00000000e-01	-7.82756073e-01
-3.00000000e-01	8.20000000e-01	-8.17539791e-01
-3.00000000e-01	8.40000000e-01	-8.49158096e-01
-3.00000000e-01	8.60000000e-01	-8.77497179e-01
-3.00000000e-01	8.80000000e-01	-9.02478468e-01
-3.00000000e-01	9.00000000e-01	-9.24030806e-01
-3.00000000e-01	9.20000000e-01	-9.42075671e-01
-3.00000000e-01	9.40000000e-01	-9.56550443e-01
-3.00000000e-01	9.60000000e-01	-9.67429765e-01
-3.00000000e-01	9.80000000e-01	-9.74700409e-01
-3.00000000e-01	1.00000000e+00	-9.78344212e-01
-3.00000000e-01	1.02000000e+00	-9.78344212e-01
-3.00000000e-01	1.04000000e+00	-9.74700409e-01
-3.00000000e-01	1.06000000e+00	-9.67429765e-01
-3.00000000e-01	1.08000000e+00	-9.56550443e-01
-3.00000000e-01	1.10000000e+00	-9.42075671e-01
-3.00000000e-01	1.12000000e+00	-9.24030806e-01
-3.00000000e-01	1.14000000e+00	-9.02478468e-01
-3.00000000e-01	1.16000000e+00	-8.77497179e-01
-3.00000000e-01	1.18000000e+00	-8.49158096e-01
-3.00000000e-01	1.20000000e+00	-8.17539791e-01
-3.00000000e-01	1.22000000e+00	-7.82756073e-01
-3.00000000e-01	1.24000000e+00	-7.44949208e-01
-3.00000000e-01	1.26000000e+00	-7.04270902e-01
-3.00000000e-01	1.28000000e+00	-6.60880903e-01
-3.00000000e-01	1.30000000e+00	-6.14949062e-01
-3.00000000e-01	1.32000000e+00	-5.66648405e-01
-3.00000000e-01	1.34000000e+00	-5.16148299e-01
-3.00000000e-01	1.36000000e+00	-4.63620105e-01
-3.00000000e-01	1.38000000e+00	-4.09249446e-01
-3.00000000e-01	1.40000000e+00	-3.53228988e-01
-3.00000000e-01	1.42000000e+00	-2.95758644e-01
-3.00000000e-01	1.44000000e+00	-2.37055632e-01
-3.00000000e-01	1.46000000e+00	-1.77344223e-01
-3.00000000e-01	1.48000000e+00	-1.16840134e-01
-3.00000000e-01	1.50000000e+00	-5.57619461e-02
-3.00000000e-01	1.52000000e+00	5.65865227e-03
-3.00000000e-01	1.54000000e+00	6.71797561e-02
-3.00000000e-01	1.56000000e+00	1.28561043e-01
-3.00000000e-01	1.58000000e+00	1.89561547e-01
-3.00000000e-01	1.60000000e+00	2.49928091e-01
-3.00000000e-01	1.62000000e+00	3.09404138e-01
-3.00000000e-01	1.64000000e+00	3.67743578e-01
-3.00000000e-01	1.66000000e+00	4.24714425e-01
-3.00000000e-01	1.68000000e+00	4.80092562e-01
-3.00000000e-01	1.70000000e+00	5.33655098e-01
-3.00000000e-01	1.72000000e+00	5.85185839e-01
-3.00000000e-01	1.74000000e+00	6.34482555e-01
-3.00000000e-01	1.76000000e+00	6.81355509e-01
-3.00000000e-01	1.78000000e+00	7.25627308e-01
-3.00000000e-01	1.80000000e+00	7.67136715e-01
-3.00000000e-01	1.82000000e+00	8.05729674e-01
-3.00000000e-01	1.84000000e+00	8.41244754e-01
-3.00000000e-01	1.86000000e+00	8.73519029e-01
-3.00000000e-01	1.88000000e+00	9.02407877e-01
-3.00000000e-01	1.90000000e+00	9.27783411e-01
-3.00000000e-01	1.92000000e+00	9.49519388e-01
-3.00000000e-01	1.94000000e+00	9.67492045e-01
-3.00000000e-01	1.96000000e+00	9.81598009e-01
-3.00000000e-01	1.98000000e+00	9.91763938e-01
-3.00000000e-01	2.00000000e+00	9.97921871e-01
-2.00000000e-01	0.00000000e+00	1.00000000e+00
-2.00000000e-01	2.00000000e-02	9.97830466e-01
-2.00000000e-01	4.00000000e-02	9.91421701e-01
-2.00000000e-01	6.00000000e-02	9.80969554e-01
-2.00000000e-01	8.00000000e-02	9.66659829e-01
-2.00000000e-01	1.00000000e-01	9.48607069e-01
-2.00000000e-01	1.20000000e-01	9.26872021e-01
-2.00000000e-01	1.40000000e-01	9.01515096e-01
-2.00000000e-01	1.60000000e-01	8.72629821e-01
-2.00000000e-01	1.80000000e-01	8.40343370e-01
-2.00000000e-01	2.00000000e-01	8.04792709e-01
-2.00000000e-01	2.20000000e-01	7.66111282e-01
-2.00000000e-01	2.40000000e-01	7.24449859e-01
-2.00000000e-01	2.60000000e-01	6.80002693e-01
-2.00000000e-01	2.80000000e-01	6.33008188e-01
-2.00000000e-01	3.00000000e-01	5.83711734e-01
-2.00000000e-01	3.20000000e-01	5.32321607e-01
-2.00000000e-01	3.40000000e-01	4.78995320e-01
-2.00000000e-01	3.60000000e-01	4.23865600e-01
-2.00000000e-01	3.80000000e-01	3.67096015e-01
-2.00000000e-01	4.00000000e-01	3.08910206e-01
-2.00000000e-01	4.20000000e-01	2.49573898e-01
-2.00000000e-01	4.40000000e-01	1.89354156e-01
-2.00000000e-01	4.60000000e-01	1.28495939e-01
-2.00000000e-01	4.80000000e-01	6.72284501e-02
-2.00000000e-01	5.00000000e-01	5.77904413e-03
-2.00000000e-01	5.20000000e-01	-5.56091961e-02
-2.00000000e-01	5.40000000e-01	-1.16684895e-01
-2.00000000e-01	5.60000000e-01	-1.77221400e-01
-2.00000000e-01	5.80000000e-01	-2.37024857e-01
-2.00000000e-01	6.00000000e-01	-2.95898736e-01
-2.00000000e-01	6.20000000e-01	-3.53608251e-01
-2.00000000e-01	6.40000000e-01	-4.09880314e-01
-2.00000000e-01	6.60000000e-01	-4.64433872e-01
-2.00000000e-01	6.80000000e-01	-5.17021756e-01
-2.00000000e-01	7.00000000e-01	-5.67458480e-01
-2.00000000e-01	7.20000000e-01	-6.15602563e-01
-2.00000000e-01	7.40000000e-01	-6.61312096e-01
-2.00000000e-01	7.60000000e-01	-7.04420626e-01
-2.00000000e-01	7.80000000e-01	-7.44757039e-01
-2.00000000e-01	8.00000000e-01	-7.82182315e-01
-2.00000000e-01	8.20000000e-01	-8.16591085e-01
-2.00000000e-01	8.40000000e-01	-8.47878822e-01
-2.00000000e-01	8.60000000e-01	-8.75923567e-01
-2.00000000e-01	8.80000000e-01	-9.00603050e-01
-2.00000000e-01	9.00000000e-01	-9.21823824e-01
-2.00000000e-01	9.20000000e-01	-9.39540569e-01
-2.00000000e-01	9.40000000e-01	-9.53750350e-01
-2.00000000e-01	9.60000000e-01	-9.64454445e-01
-2.00000000e-01	9.80000000e-01	-9.71629690e-01
-2.00000000e-01	1.00000000e+00	-9.75233834e-01
-2.00000000e-01	1.02000000e+00	-9.75233834e-01
-2.00000000e-01	1.04000000e+00	-9.71629690e-01
-2.00000000e-01	1.06000000e+00	-9.64454445e-01
-2.00000000e-01	1.08000000e+00	-9.53750350e-01
-2.00000000e-01	1.10000000e+00	-9.39540569e-01
-2.00000000e-01	1.12000000e+00	-9.21823824e-01
-2.00000000e-01	1.14000000e+00	-9.00603050e-01
-2.00000000e-01	1.16000000e+00	-8.75923567e-01
-2.00000000e-01	1.18000000e+00	-8.47878822e-01
-2.00000000e-01	1.20000000e+00	-8.16591085e-01
-2.00000000e-01	1.22000000e+00	-7.82182315e-01
-2.00000000e-01	1.24000000e+00	-7.44757039e-01
-2.00000000e-01	1.26000000e+00	-7.04420626e-01
-2.00000000e-01	1.28000000e+00	-6.61312096e-01
-2.00000000e-01	1.30000000e+00	-6.15602563e-01
-2.00000000e-01	1.32000000e+00	-5.67458480e-01
-2.00000000e-01	1.34000000e+00	-5.17021756e-01
-2.00000000e-01	1.36000000e+00	-4.64433872e-01
-2.00000000e-01	1.38000000e+00	-4.09880314e-01
-2.00000000e-01	1.40000000e+00	-3.53608251e-01
-2.00000000e-01	1.42000000e+00	-2.95898736e-01
-2.00000000e-01	1.44000000e+00	-2.37024857e-01
-2.00000000e-01	1.46000000e+00	-1.77221400e-01
-2.00000000e-01	1.48000000e+00	-1.16684895e-01
-2.00000000e-01	1.50000000e+00	-5.56091961e-02
-2.00000000e-01	1.52000000e+00	5.77904413e-03
-2.00000000e-01	1.54000000e+00	6.72284501e-02
-2.00000000e-01	1.56000000e+00	1.28495939e-01
-2.00000000e-01	1.58000000e+00	1.89354156e-01
-2.00000000e-01	1.60000000e+00	2.49573898e-01
-2.00000000e-01	1.62000000e+00	3.08910206e-01
-2.00000000e-01	1.64000000e+00	3.67096015e-01
-2.00000000e-01	1.66000000e+00	4.23865600e-01
-2.00000000e-01	1.68000000e+00	4.78995320e-01
-2.00000000e-01	1.70000000e+00	5.32321607e-01
-2.00000000e-01	1.72000000e+00	5.83711734e-01
-2.00000000e-01	1.74000000e+00	6.33008188e-01
-2.00000000e-01	1.76000000e+00	6.80002693e-01
-2.00000000e-01	1.78000000e+00	7.24449859e-01
-2.00000000e-01	1.80000000e+00	7.66111282e-01
-2.00000000e-01	1.82000000e+00	8.04792709e-01
-2.00000000e-01	1.84000000e+00	8.40343370e-01
-2.00000000e-01	1.86000000e+00	8.72629821e-01
-2.00000000e-01	1.88000000e+00	9.01515096e-01
-2.00000000e-01	1.90000000e+00	9.26872021e-01
-2.00000000e-01	1.92000000e+00	9.48607069e-01
-2.00000000e-01	1.94000000e+00	9.66659829e-01
-2.00000000e-01	1.96000000e+00	9.80969554e-01
-2.00000000e-01	1.98000000e+00	9.91421701e-01
-2.00000000e-01	2.00000000e+00	9.97830466e-01
-1.00000000e-01	0.00000000e+00	1.00000000e+00
-1.00000000e-01	2.00000000e-02	9.96848935e-01
-1.00000000e-01	4.00000000e-02	9.87830472e-01
-1.00000000e-01	6.00000000e-02	9.73622477e-01
-1.00000000e-01	8.00000000e-02	9.54815325e-01
-1.00000000e-01	1.00000000e-01	9.31807738e-01
-1.00000000e-01	1.20000000e-01	9.04986738e-01
-1.00000000e-01	1.40000000e-01	8.74823811e-01
-1.00000000e-01	1.60000000e-01	8.41763565e-01
-1.00000000e-01	1.80000000e-01	8.06092522e-01
-1.00000000e-01	2.00000000e-01	7.67960644e-01
-1.00000000e-01	2.20000000e-01	7.27442000e-01
-1.00000000e-01	2.40000000e-01	6.84542466e-01
-1.00000000e-01	2.60000000e-01	6.39244064e-01
-1.00000000e-01	2.80000000e-01	5.91635215e-01
-1.00000000e-01	3.00000000e-01	5.41958632e-01
-1.00000000e-01	3.20000000e-01	4.90469248e-01
-1.00000000e-01	3.40000000e-01	4.37295043e-01
-1.00000000e-01	3.60000000e-01	3.82511698e-01
-1.00000000e-01	3.80000000e-01	3.26329557e-01
-1.00000000e-01	4.00000000e-01	2.69152009e-01
-1.00000000e-01	4.20000000e-01	2.11445444e-01
-1.00000000e-01	4.40000000e-01	1.53569425e-01
-1.00000000e-01	4.60000000e-01	9.57441652e-02
-1.00000000e-01	4.80000000e-01	3.81077880e-02
-1.00000000e-01	5.00000000e-01	-1.91866708e-02
-1.00000000e-01	5.20000000e-01	-7.59170613e-02
-1.00000000e-01	5.40000000e-01	-1.31829707e-01
-1.00000000e-01	5.60000000e-01	-1.86731297e-01
-1.00000000e-01	5.80000000e-01	-2.40518284e-01
-1.00000000e-01	6.00000000e-01	-2.93129857e-01
-1.00000000e-01	6.20000000e-01	-3.44479009e-01
-1.00000000e-01	6.40000000e-01	-3.94463135e-01
-1.00000000e-01	6.60000000e-01	-4.43003981e-01
-1.00000000e-01	6.80000000e-01	-4.90083067e-01
-1.00000000e-01	7.00000000e-01	-5.35744038e-01
-1.00000000e-01	7.20000000e-01	-5.80022173e-01
-1.00000000e-01	7.40000000e-01	-6.22823019e-01
-1.00000000e-01	7.60000000e-01	-6.63865887e-01
-1.00000000e-01	7.80000000e-01	-7.02745236e-01
-1.00000000e-01	8.00000000e-01	-7.39073079e-01
-1.00000000e-01	8.20000000e-01	-7.72582855e-01
-1.00000000e-01	8.40000000e-01	-8.03063068e-01
-1.00000000e-01	8.60000000e-01	-8.30211401e-01
-1.00000000e-01	8.80000000e-01	-8.53664250e-01
-1.00000000e-01	9.00000000e-01	-8.73206645e-01
-1.00000000e-01	9.20000000e-01	-8.88896559e-01
-1.00000000e-01	9.40000000e-01	-9.00990722e-01
-1.00000000e-01	9.60000000e-01	-9.09802230e-01
-1.00000000e-01	9.80000000e-01	-9.15561438e-01
-1.00000000e-01	1.00000000e+00	-9.18404310e-01
-1.00000000e-01	1.02000000e+00	-9.18404310e-01
-1.00000000e-01	1.04000000e+00	-9.15561438e-01
-1.00000000e-01	1.06000000e+00	-9.09802230e-01
-1.00000000e-01	1.08000000e+00	-9.00990722e-01
-1.00000000e-01	1.10000000e+00	-8.88896559e-01
-1.00000000e-01	1.12000000e+00	-8.73206645e-01
-1.00000000e-01	1.14000000e+00	-8.53664250e-01
-1.00000000e-01	1.16000000e+00	-8.30211401e-01
-1.00000000e-01	1.18000000e+00	-8.03063068e-01
-1.00000000e-01	1.20000000e+00	-7.72582855e-01
-1.00000000e-01	1.22000000e+00	-7.39073079e-01
-1.00000000e-01	1.24000000e+00	-7.02745236e-01
-1.00000000e-01	1.26000000e+00	-6.63865887e-01
-1.00000000e-01	1.28000000e+00	-6.22823019e-01
-1.00000000e-01	1.30000000e+00	-5.80022173e-01
-1.00000000e-01	1.32000000e+00	-5.35744038e-01
-1.00000000e-01	1.34000000e+00	-4.90083067e-01
-1.00000000e-01	1.36000000e+00	-4.43003981e-01
-1.00000000e-01	1.38000000e+00	-3.94463135e-01
-1.00000000e-01	1.40000000e+00	-3.44479009e-01
-1.00000000e-01	1.42000000e+00	-2.93129857e-01
-1.00000000e-01	1.44000000e+00	-2.40518284e-01
-1.00000000e-01	1.46000000e+00	-1.86731297e-01
-1.00000000e-01	1.48000000e+00	-1.31829707e-01
-1.00000000e-01	1.50000000e+00	-7.59170613e-02
-1.00000000e-01	1.52000000e+00	-1.91866708e-02
-1.00000000e-01	1.54000000e+00	3.81077880e-02
-1.00000000e-01	1.56000000e+00	9.57441652e-02
-1.00000000e-01	1.58000000e+00	1.53569425e-01
-1.00000000e-01	1.60000000e+00	2.11445444e-01
-1.00000000e-01	1.62000000e+00	2.69152009e-01
-1.00000000e-01	1.64000000e+00	3.26329557e-01
-1.00000000e-01	1.66000000e+00	3.82511698e-01
-1.00000000e-01	1.68000000e+00	4.37295043e-01
-1.00000000e-01	1.70000000e+00	4.90469248e-01
-1.00000000e-01	1.72000000e+00	5.41958632e-01
-1.00000000e-01	1.74000000e+00	5.91635215e-01
-1.00000000e-01	1.76000000e+00	6.39244064e-01
-1.00000000e-01	1.78000000e+00	6.84542466e-01
-1.00000000e-01	1.80000000e+00	7.27442000e-01
-1.00000000e-01	1.82000000e+00	7.67960644e-01
-1.00000000e-01	1.84000000e+00	8.06092522e-01
-1.00000000e-01	1.86000000e+00	8.41763565e-01
-1.00000000e-01	1.88000000e+00	8.74823811e-01
-1.00000000e-01	1.90000000e+00	9.04986738e-01
-1.00000000e-01	1.92000000e+00	9.31807738e-01
-1.00000000e-01	1.94000000e+00	9.54815325e-01
-1.00000000e-01	1.96000000e+00	9.73622477e-01
-1.00000000e-01	1.98000000e+00	9.87830472e-01
-1.00000000e-01	2.00000000e+00	9.96848935e-01
0.00000000e+00	0.00000000e+00	1.00000000e+00
0.00000000e+00	2.00000000e-02	9.94363932e-01
0.00000000e+00	4.00000000e-02	9.78494763e-01
0.00000000e+00	6.00000000e-02	9.54782703e-01
0.00000000e+00	8.00000000e-02	9.25824540e-01
0.00000000e+00	1.00000000e-01	8.93695973e-01
0.00000000e+00	1.20000000e-01	8.59931299e-01
0.00000000e+00	1.40000000e-01	8.25656956e-01
0.00000000e+00	1.60000000e-01	7.91545888e-01
0.00000000e+00	1.80000000e-01	7.57737995e-01
0.00000000e+00	2.00000000e-01	7.23870191e-01
0.00000000e+00	2.20000000e-01	6.89266002e-01
0.00000000e+00	2.40000000e-01	6.53226724e-01
0.00000000e+00	2.60000000e-01	6.15292241e-01
0.00000000e+00	2.80000000e-01	5.75316412e-01
0.00000000e+00	3.00000000e-01	5.33324781e-01
0.00000000e+00	3.20000000e-01	4.89318332e-01
0.00000000e+00	3.40000000e-01	4.43233058e-01
0.00000000e+00	3.60000000e-01	3.95081652e-01
0.00000000e+00	3.80000000e-01	3.45096424e-01
0.00000000e+00	4.00000000e-01	2.93721179e-01
0.00000000e+00	4.20000000e-01	2.41473101e-01
0.00000000e+00	4.40000000e-01	1.88806670e-01
0.00000000e+00	4.60000000e-01	1.36044077e-01
0.00000000e+00	4.80000000e-01	8.32323598e-02
0.00000000e+00	5.00000000e-01	3.00070519e-02
0.00000000e+00	5.20000000e-01	-2.44074483e-02
0.00000000e+00	5.40000000e-01	-8.08813040e-02
0.00000000e+00	5.60000000e-01	-1.39903813e-01
0.00000000e+00	5.80000000e-01	-2.01346788e-01
0.00000000e+00	6.00000000e-01	-2.64552977e-01
0.00000000e+00	6.20000000e-01	-3.28517294e-01
0.00000000e+00	6.40000000e-01	-3.91955064e-01
0.00000000e+00	6.60000000e-01	-4.53413367e-01
0.00000000e+00	6.80000000e-01	-5.11515353e-01
0.00000000e+00	7.00000000e-01	-5.65148186e-01
0.00000000e+00	7.20000000e-01	-6.13506316e-01
0.00000000e+00	7.40000000e-01	-6.56156726e-01
0.00000000e+00	7.60000000e-01	-6.93161418e-01
0.00000000e+00	7.80000000e-01	-7.25045544e-01
0.00000000e+00	8.00000000e-01	-7.52526577e-01
0.00000000e+00	8.20000000e-01	-7.76279173e-01
0.00000000e+00	8.40000000e-01	-7.96991419e-01
0.00000000e+00	8.60000000e-01	-8.15536560e-01
0.00000000e+00	8.80000000e-01	-8.32871183e-01
0.00000000e+00	9.00000000e-01	-8.49611073e-01
0.00000000e+00	9.20000000e-01	-8.65664864e-01
0.00000000e+00	9.40000000e-01	-8.80280181e-01
0.00000000e+00	9.60000000e-01	-8.92406789e-01
0.00000000e+00	9.80000000e-01	-9.01074232e-01
0.00000000e+00	1.00000000e+00	-9.05590659e-01
0.00000000e+00	1.02000000e+00	-9.05590659e-01
0.00000000e+00	1.04000000e+00	-9.01074232e-01
0.00000000e+00	1.06000000e+00	-8.92406789e-01
0.00000000e+00	1.08000000e+00	-8.80280181e-01
0.00000000e+00	1.10000000e+00	-8.65664864e-01
0.00000000e+00	1.12000000e+00	-8.49611073e-01
0.00000000e+00	1.14000000e+00	-8.32871183e-01
0.00000000e+00	1.16000000e+00	-8.15536560e-01
0.00000000e+00	1.18000000e+00	-7.96991419e-01
0.00000000e+00	1.20000000e+00	-7.76279173e-01
0.00000000e+00	1.22000000e+00	-7.52526577e-01
0.00000000e+00	1.24000000e+00	-7.25045544e-01
0.00000000e+00	1.26000000e+00	-6.93161418e-01
0.00000000e+00	1.28000000e+00	-6.56156726e-01
0.00000000e+00	1.30000000e+00	-6.13506316e-01
0.00000000e+00	1.32000000e+00	-5.65148186e-01
0.00000000e+00	1.34000000e+00	-5.11515353e-01
0.00000000e+00	1.36000000e+00	-4.53413367e-01
0.00000000e+00	1.38000000e+00	-3.91955064e-01
0.00000000e+00	1.40000000e+00	-3.28517294e-01
0.00000000e+00	1.42000000e+00	-2.64552977e-01
0.00000000e+00	1.44000000e+00	-2.01346788e-01
0.00000000e+00	1.46000000e+00	-1.39903813e-01
0.00000000e+00	1.48000000e+00	-8.08813040e-02
0.00000000e+00	1.50000000e+00	-2.44074483e-02
0.00000000e+00	1.52000000e+00	3.00070519e-02
0.00000000e+00	1.54000000e+00	8.32323598e-02
0.00000000e+00	1.56000000e+00	1.36044077e-01
0.00000000e+00	1.58000000e+00	1.88806670e-01
0.00000000e+00	1.60000000e+00	2.41473101e-01
0.00000000e+00	1.62000000e+00	2.93721179e-01
0.00000000e+00	1.64000000e+00	3.45096424e-01
0.00000000e+00	1.66000000e+00	3.95081652e-01
0.00000000e+00	1.68000000e+00	4.43233058e-01
0.00000000e+00	1.70000000e+00	4.89318332e-01
0.00000000e+00	1.72000000e+00	5.33324781e-01
0.00000000e+00	1.74000000e+00	5.75316412e-01
0.00000000e+00	1.76000000e+00	6.15292241e-01
0.00000000e+00	1.78000000e+00	6.53226724e-01
0.00000000e+00	1.80000000e+00	6.89266002e-01
0.00000000e+00	1.82000000e+00	7.23870191e-01
0.00000000e+00	1.84000000e+00	7.57737995e-01
0.00000000e+00	1.86000000e+00	7.91545888e-01
0.00000000e+00	1.88000000e+00	8.25656956e-01
0.00000000e+00	1.90000000e+00	8.59931299e-01
0.00000000e+00	1.92000000e+00	8.93695973e-01
0.00000000e+00	1.94000000e+00	9.25824540e-01
0.00000000e+00	1.96000000e+00	9.54782703e-01
0.00000000e+00	1.98000000e+00	9.78494763e-01
0.00000000e+00	2.00000000e+00	9.94363932e-01
1.00000000e-01	0.00000000e+00	1.00000000e+00
1.00000000e-01	2.00000000e-02	9.76976196e-01
1.00000000e-01	4.00000000e-02	9.14288704e-01
1.00000000e-01	6.00000000e-02	8.25184959e-01
1.00000000e-01	8.00000000e-02	7.19857271e-01
1.00000000e-01	1.00000000e-01	6.02600841e-01
1.00000000e-01	1.20000000e-01	4.76242288e-01
1.00000000e-01	1.40000000e-01	3.45950787e-01
1.00000000e-01	1.60000000e-01	2.18155814e-01
1.00000000e-01	1.80000000e-01	9.75041489e-02
1.00000000e-01	2.00000000e-01	-1.37695195e-02
1.00000000e-01	2.20000000e-01	-1.13595333e-01
1.00000000e-01	2.40000000e-01	-1.98379573e-01
1.00000000e-01	2.60000000e-01	-2.64290944e-01
1.00000000e-01	2.80000000e-01	-3.09606763e-01
1.00000000e-01	3.00000000e-01	-3.34777072e-01
1.00000000e-01	3.20000000e-01	-3.40611404e-01
1.00000000e-01	3.40000000e-01	-3.28060934e-01
1.00000000e-01	3.60000000e-01	-3.00169857e-01
1.00000000e-01	3.80000000e-01	-2.62451200e-01
1.00000000e-01	4.00000000e-01	-2.19932814e-01
1.00000000e-01	4.20000000e-01	-1.74651151e-01
1.00000000e-01	4.40000000e-01	-1.26994885e-01
1.00000000e-01	4.60000000e-01	-7.85434343e-02
1.00000000e-01	4.80000000e-01	-3.24433803e-02
1.00000000e-01	5.00000000e-01	8.28799279e-03
1.00000000e-01	5.20000000e-01	4.15171139e-02
1.00000000e-01	5.40000000e-01	6.50915257e-02
1.00000000e-01	5.60000000e-01	7.64813308e-02
1.00000000e-01	5.80000000e-01	7.46175179e-02
1.00000000e-01	6.00000000e-01	6.22561680e-02
1.00000000e-01	6.20000000e-01	4.52708452e-02
1.00000000e-01	6.40000000e-01	2.83691785e-02
1.00000000e-01	6.60000000e-01	1.18611512e-02
1.00000000e-01	6.80000000e-01	-6.52790763e-03
1.00000000e-01	7.00000000e-01	-2.74497902e-02
1.00000000e-01	7.20000000e-01	-4.92582377e-02
1.00000000e-01	7.40000000e-01	-7.12633949e-02
1.00000000e-01	7.60000000e-01	-9.53805477e-02
1.00000000e-01	7.80000000e-01	-1.23348251e-01
1.00000000e-01	8.00000000e-01	-1.53399931e-01
1.00000000e-01	8.20000000e-01	-1.80943648e-01
1.00000000e-01	8.40000000e-01	-2.02488594e-01
1.00000000e-01	8.60000000e-01	-2.18484453e-01
1.00000000e-01	8.80000000e-01	-2.32261570e-01
1.00000000e-01	9.00000000e-01	-2.46330907e-01
1.00000000e-01	9.20000000e-01	-2.60115248e-01
1.00000000e-01	9.40000000e-01	-2.71511487e-01
1.00000000e-01	9.60000000e-01	-2.79709863e-01
1.00000000e-01	9.80000000e-01	-2.85316445e-01
1.00000000e-01	1.00000000e+00	-2.88445297e-01
1.00000000e-01	1.02000000e+00	-2.88445297e-01
1.00000000e-01	1.04000000e+00	-2.85316445e-01
1.00000000e-01	1.06000000e+00	-2.79709863e-01
1.00000000e-01	1.08000000e+00	-2.71511487e-01
1.00000000e-01	1.10000000e+00	-2.60115248e-01
1.00000000e-01	1.12000000e+00	-2.46330907e-01
1.00000000e-01	1.14000000e+00	-2.32261570e-01
1.00000000e-01	1.16000000e+00	-2.18484453e-01
1.00000000e-01	1.18000000e+00	-2.02488594e-01
1.00000000e-01	1.20000000e+00	-1.80943648e-01
1.00000000e-01	1.22000000e+00	-1.53399931e-01
1.00000000e-01	1.24000000e+00	-1.23348251e-01
1.00000000e-01	1.26000000e+00	-9.53805477e-02
1.00000000e-01	1.28000000e+00	-7.12633949e-02
1.00000000e-01	1.30000000e+00	-4.92582377e-02
1.00000000e-01	1.32000000e+00	-2.74497902e-02
1.00000000e-01	1.34000000e+00	-6.52790763e-03
1.00000000e-01	1.36000000e+00	1.18611512e-02
1.00000000e-01	1.38000000e+00	2.83691785e-02
1.00000000e-01	1.40000000e+00	4.52708452e-02
1.00000000e-01	1.42000000e+00	6.22561680e-02
1.00000000e-01	1.44000000e+00	7.46175179e-02
1.00000000e-01	1.46000000e+00	7.64813308e-02
1.00000000e-01	1.48000000e+00	6.50915257e-02
1.00000000e-01	1.50000000e+00	4.15171139e-02
1.00000000e-01	1.52000000e+00	8.28799279e-03
1.00000000e-01	1.54000000e+00	-3.24433803e-02
1.00000000e-01	1.56000000e+00	-7.85434343e-02
1.00000000e-01	1.58000000e+00	-1.26994885e-01
1.00000000e-01	1.60000000e+00	-1.74651151e-01
1.00000000e-01	1.62000000e+00	-2.19932814e-01
1.00000000e-01	1.64000000e+00	-2.62451200e-01
1.00000000e-01	1.66000000e+00	-3.00169857e-01
1.00000000e-01	1.68000000e+00	-3.28060934e-01
1.00000000e-01	1.70000000e+00	-3.40611404e-01
1.00000000e-01	1.72000000e+00	-3.34777072e-01
1.00000000e-01	1.74000000e+00	-3.09606763e-01
1.00000000e-01	1.76000000e+00	-2.64290944e-01
1.00000000e-01	1.78000000e+00	-1.98379573e-01
1.00000000e-01	1.80000000e+00	-1.13595333e-01
1.00000000e-01	1.82000000e+00	-1.37695195e-02
1.00000000e-01	1.84000000e+00	9.75041489e-02
1.00000000e-01	1.86000000e+00	2.18155814e-01
1.00000000e-01	1.88000000e+00	3.45950787e-01
1.00000000e-01	1.90000000e+00	4.76242288e-01
1.00000000e-01	1.92000000e+00	6.02600841e-01
1.00000000e-01	1.94000000e+00	7.19857271e-01
1.00000000e-01	1.96000000e+00	8.25184959e-01
1.00000000e-01	1.98000000e+00	9.14288704e-01
1.00000000e-01	2.00000000e+00	9.76976196e-01
2.00000000e-01	0.00000000e+00	1.00000000e+00
2.00000000e-01	2.00000000e-02	9.91913607e-01
2.00000000e-01	4.00000000e-02	9.69330503e-01
2.00000000e-01	6.00000000e-02	9.36063752e-01
2.00000000e-01	8.00000000e-02	8.95926270e-01
2.00000000e-01	1.00000000e-01	8.51400847e-01
2.00000000e-01	1.20000000e-01	8.03832209e-01
2.00000000e-01	1.40000000e-01	7.54279676e-01
2.00000000e-01	1.60000000e-01	7.03996041e-01
2.00000000e-01	1.80000000e-01	6.54223027e-01
2.00000000e-01	2.00000000e-01	6.05669604e-01
2.00000000e-01	2.20000000e-01	5.58294864e-01
2.00000000e-01	2.40000000e-01	5.11660212e-01
2.00000000e-01	2.60000000e-01	4.65410443e-01
2.00000000e-01	2.80000000e-01	4.19309580e-01
2.00000000e-01	3.00000000e-01	3.72948100e-01
2.00000000e-01	3.20000000e-01	3.25698025e-01
2.00000000e-01	3.40000000e-01	2.77034256e-01
2.00000000e-01	3.60000000e-01	2.26801941e-01
2.00000000e-01	3.80000000e-01	1.75213819e-01
2.00000000e-01	4.00000000e-01	1.22773060e-01
2.00000000e-01	4.20000000e-01	7.02415623e-02
2.00000000e-01	4.40000000e-01	1.85569095e-02
2.00000000e-01	4.60000000e-01	-3.13340374e-02
2.00000000e-01	4.80000000e-01	-7.86676570e-02
2.00000000e-01	5.00000000e-01	-1.23049277e-01
2.00000000e-01	5.20000000e-01	-1.64530810e-01
2.00000000e-01	5.40000000e-01	-2.03424055e-01
2.00000000e-01	5.60000000e-01	-2.39921881e-01
2.00000000e-01	5.80000000e-01	-2.73928376e-01
2.00000000e-01	6.00000000e-01	-3.05241127e-01
2.00000000e-01	6.20000000e-01	-3.33799437e-01
2.00000000e-01	6.40000000e-01	-3.59694398e-01
2.00000000e-01	6.60000000e-01	-3.83041943e-01
2.00000000e-01	6.80000000e-01	-4.04039675e-01
2.00000000e-01	7.00000000e-01	-4.23256079e-01
2.00000000e-01	7.20000000e-01	-4.41804710e-01
2.00000000e-01	7.40000000e-01	-4.61064715e-01
2.00000000e-01	7.60000000e-01	-4.82041912e-01
2.00000000e-01	7.80000000e-01	-5.04854520e-01
2.00000000e-01	8.00000000e-01	-5.28773346e-01
2.00000000e-01	8.20000000e-01	-5.52796030e-01
2.00000000e-01	8.40000000e-01	-5.76295753e-01
2.00000000e-01	8.60000000e-01	-5.99246543e-01
2.00000000e-01	8.80000000e-01	-6.21901583e-01
2.00000000e-01	9.00000000e-01	-6.44217916e-01
2.00000000e-01	9.20000000e-01	-6.65467231e-01
2.00000000e-01	9.40000000e-01	-6.84324580e-01
2.00000000e-01	9.60000000e-01	-6.99378159e-01
2.00000000e-01	9.80000000e-01	-7.09663857e-01
2.00000000e-01	1.00000000e+00	-7.14818702e-01
2.00000000e-01	1.02000000e+00	-7.14818702e-01
2.00000000e-01	1.04000000e+00	-7.09663857e-01
2.00000000e-01	1.06000000e+00	-6.99378159e-01
2.00000000e-01	1.08000000e+00	-6.84324580e-01
2.00000000e-01	1.10000000e+00	-6.65467231e-01
2.00000000e-01	1.12000000e+00	-6.44217916e-01
2.00000000e-01	1.14000000e+00	-6.21901583e-01
2.00000000e-01	1.16000000e+00	-5.99246543e-01
2.00000000e-01	1.18000000e+00	-5.76295753e-01
2.00000000e-01	1.20000000e+00	-5.52796030e-01
2.00000000e-01	1.22000000e+00	-5.28773346e-01
2.00000000e-01	1.24000000e+00	-5.04854520e-01
2.00000000e-01	1.26000000e+00	-4.82041912e-01
2.00000000e-01	1.28000000e+00	-4.61064715e-01
2.00000000e-01	1.30000000e+00	-4.41804710e-01
2.00000000e-01	1.32000000e+00	-4.23256079e-01
2.00000000e-01	1.34000000e+00	-4.04039675e-01
2.00000000e-01	1.36000000e+00	-3.83041943e-01
2.00000000e-01	1.38000000e+00	-3.59694398e-01
2.00000000e-01	1.40000000e+00	-3.33799437e-01
2.00000000e-01	1.42000000e+00	-3.05241127e-01
2.00000000e-01	1.44000000e+00	-2.73928376e-01
2.00000000e-01	1.46000000e+00	-2.39921881e-01
2.00000000e-01	1.48000000e+00	-2.03424055e-01
2.00000000e-01	1.50000000e+00	-1.64530810e-01
2.00000000e-01	1.52000000e+00	-1.23049277e-01
2.00000000e-01	1.54000000e+00	-7.86676570e-02
2.00000000e-01	1.56000000e+00	-3.13340374e-02
2.00000000e-01	1.58000000e+00	1.85569095e-02
2.00000000e-01	1.60000000e+00	7.02415623e-02
2.00000000e-01	1.62000000e+00	1.22773060e-01
2.00000000e-01	1.64000000e+00	1.75213819e-01
2.00000000e-01	1.66000000e+00	2.26801941e-01
2.00000000e-01	1.68000000e+00	2.77034256e-01
2.00000000e-01	1.70000000e+00	3.25698025e-01
2.00000000e-01	1.72000000e+00	3.72948100e-01
2.00000000e-01	1.74000000e+00	4.19309580e-01
2.00000000e-01	1.76000000e+00	4.65410443e-01
2.00000000e-01	1.78000000e+00	5.11660212e-01
2.00000000e-01	1.80000000e+00	5.58294864e-01
2.00000000e-01	1.82000000e+00	6.05669604e-01
2.00000000e-01	1.84000000e+00	6.54223027e-01
2.00000000e-01	1.86000000e+00	7.03996041e-01
2.00000000e-01	1.88000000e+00	7.54279676e-01
2.00000000e-01	1.90000000e+00	8.03832209e-01
2.00000000e-01	1.92000000e+00	8.51400847e-01
2.00000000e-01	1.94000000e+00	8.95926270e-01
2.00000000e-01	1.96000000e+00	9.36063752e-01
2.00000000e-01	1.98000000e+00	9.69330503e-01
2.00000000e-01	2.00000000e+00	9.91913607e-01
3.00000000e-01	0.00000000e+00	1.00000000e+00
3.00000000e-01	2.00000000e-02	9.89249230e-01
3.00000000e-01	4.00000000e-02	9.59324651e-01
3.00000000e-01	6.00000000e-02	9.15724640e-01
3.00000000e-01	8.00000000e-02	8.64279793e-01
3.00000000e-01	1.00000000e-01	8.09162273e-01
3.00000000e-01	1.20000000e-01	7.52546622e-01
3.00000000e-01	1.40000000e-01	6.95120870e-01
3.00000000e-01	1.60000000e-01	6.36654352e-01
3.00000000e-01	1.80000000e-01	5.76528489e-01
3.00000000e-01	2.00000000e-01	5.14245040e-01
3.00000000e-01	2.20000000e-01	4.49648290e-01
3.00000000e-01	2.40000000e-01	3.82783077e-01
3.00000000e-01	2.60000000e-01	3.13759929e-01
3.00000000e-01	2.80000000e-01	2.43007697e-01
3.00000000e-01	3.00000000e-01	1.71764564e-01
3.00000000e-01	3.20000000e-01	1.02213759e-01
3.00000000e-01	3.40000000e-01	3.68848147e-02
3.00000000e-01	3.60000000e-01	-2.22969866e-02
3.00000000e-01	3.80000000e-01	-7.44809814e-02
3.00000000e-01	4.00000000e-01	-1.19573268e-01
3.00000000e-01	4.20000000e-01	-1.57734626e-01
3.00000000e-01	4.40000000e-01	-1.89407099e-01
3.00000000e-01	4.60000000e-01	-2.15734617e-01
3.00000000e-01	4.80000000e-01	-2.38563446e-01
3.00000000e-01	5.00000000e-01	-2.59613084e-01
3.00000000e-01	5.20000000e-01	-2.79514213e-01
3.00000000e-01	5.40000000e-01	-2.97685336e-01
3.00000000e-01	5.60000000e-01	-3.13020138e-01
3.00000000e-01	5.80000000e-01	-3.24574810e-01
3.00000000e-01	6.00000000e-01	-3.31892838e-01
3.00000000e-01	6.20000000e-01	-3.35274349e-01
3.00000000e-01	6.40000000e-01	-3.36024010e-01
3.00000000e-01	6.60000000e-01	-3.36126800e-01
3.00000000e-01	6.80000000e-01	-3.37183242e-01
3.00000000e-01	7.00000000e-01	-3.39466721e-01
3.00000000e-01	7.20000000e-01	-3.42076248e-01
3.00000000e-01	7.40000000e-01	-3.44039589e-01
3.00000000e-01	7.60000000e-01	-3.45242444e-01
3.00000000e-01	7.80000000e-01	-3.46390539e-01
3.00000000e-01	8.00000000e-01	-3.48298555e-01
3.00000000e-01	8.20000000e-01	-3.51356541e-01
3.00000000e-01	8.40000000e-01	-3.55535089e-01
3.00000000e-01	8.60000000e-01	-3.60534044e-01
3.00000000e-01	8.80000000e-01	-3.65718884e-01
3.00000000e-01	9.00000000e-01	-3.70155691e-01
3.00000000e-01	9.20000000e-01	-3.73116675e-01
3.00000000e-01	9.40000000e-01	-3.74633356e-01
3.00000000e-01	9.60000000e-01	-3.75375625e-01
3.00000000e-01	9.80000000e-01	-3.75929451e-01
3.00000000e-01	1.00000000e+00	-3.76328795e-01
3.00000000e-01	1.02000000e+00	-3.76328795e-01
3.00000000e-01	1.04000000e+00	-3.75929451e-01
3.00000000e-01	1.06000000e+00	-3.75375625e-01
3.00000000e-01	1.08000000e+00	-3.74633356e-01
3.00000000e-01	1.10000000e+00	-3.73116675e-01
3.00000000e-01	1.12000000e+00	-3.70155691e-01
3.00000000e-01	1.14000000e+00	-3.65718884e-01
3.00000000e-01	1.16000000e+00	-3.60534044e-01
3.00000000e-01	1.18000000e+00	-3.55535089e-01
3.00000000e-01	1.20000000e+00	-3.51356541e-01
3.00000000e-01	1.22000000e+00	-3.48298555e-01
3.00000000e-01	1.24000000e+00	-3.46390539e-01
3.00000000e-01	1.26000000e+00	-3.45242444e-01
3.00000000e-01	1.28000000e+00	-3.44039589e-01
3.00000000e-01	1.30000000e+00	-3.42076248e-01
3.00000000e-01	1.32000000e+00	-3.39466721e-01
3.00000000e-01	1.34000000e+00	-3.37183242e-01
3.00000000e-01	1.36000000e+00	-3.36126800e-01
3.00000000e-01	1.38000000e+00	-3.36024010e-01
3.00000000e-01	1.40000000e+00	-3.35274349e-01
3.00000000e-01	1.42000000e+00	-3.31892838e-01
3.00000000e-01	1.44000000e+00	-3.24574810e-01
3.00000000e-01	1.46000000e+00	-3.13020138e-01
3.00000000e-01	1.48000000e+00	-2.97685336e-01
3.00000000e-01	1.50000000e+00	-2.79514213e-01
3.00000000e-01	1.52000000e+00	-2.59613084e-01
3.00000000e-01	1.54000000e+00	-2.38563446e-01
3.00000000e-01	1.56000000e+00	-2.15734617e-01
3.00000000e-01	1.58000000e+00	-1.89407099e-01
3.00000000e-01	1.60000000e+00	-1.57734626e-01
3.00000000e-01	1.62000000e+00	-1.19573268e-01
3.00000000e-01	1.64000000e+00	-7.44809814e-02
3.00000000e-01	1.66000000e+00	-2.22969866e-02
3.00000000e-01	1.68000000e+00	3.68848147e-02
3.00000000e-01	1.70000000e+00	1.02213759e-01
3.00000000e-01	1.72000000e+00	1.71764564e-01
3.00000000e-01	1.74000000e+00	2.43007697e-01
3.00000000e-01	1.76000000e+00	3.13759929e-01
3.00000000e-01	1.78000000e+00	3.82783077e-01
3.00000000e-01	1.80000000e+00	4.49648290e-01
3.00000000e-01	1.82000000e+00	5.14245040e-01
3.00000000e-01	1.84000000e+00	5.76528489e-01
3.00000000e-01	1.86000000e+00	6.36654352e-01
3.00000000e-01	1.88000000e+00	6.95120870e-01
3.00000000e-01	1.90000000e+00	7.52546622e-01
3.00000000e-01	1.92000000e+00	8.09162273e-01
3.00000000e-01	1.94000000e+00	8.64279793e-01
3.00000000e-01	1.96000000e+00	9.15724640e-01
3.00000000e-01	1.98000000e+00	9.59324651e-01
3.00000000e-01	2.00000000e+00	9.89249230e-01
4.00000000e-01	0.00000000e+00	1.00000000e+00
4.00000000e-01	2.00000000e-02	9.88743963e-01
4.00000000e-01	4.00000000e-02	9.57780979e-01
4.00000000e-01	6.00000000e-02	9.12981316e-01
4.00000000e-01	8.00000000e-02	8.59432174e-01
4.00000000e-01	1.00000000e-01	7.99274061e-01
4.00000000e-01	1.20000000e-01	7.32508337e-01
4.00000000e-01	1.40000000e-01	6.58922818e-01
4.00000000e-01	1.60000000e-01	5.79355101e-01
4.00000000e-01	1.80000000e-01	4.95768056e-01
4.00000000e-01	2.00000000e-01	4.10332056e-01
4.00000000e-01	2.20000000e-01	3.24385807e-01
4.00000000e-01	2.40000000e-01	2.38467284e-01
4.00000000e-01	2.60000000e-01	1.53512347e-01
4.00000000e-01	2.80000000e-01	7.18511009e-02
4.00000000e-01	3.00000000e-01	-3.24462712e-03
4.00000000e-01	3.20000000e-01	-6.91425560e-02
4.00000000e-01	3.40000000e-01	-1.25156369e-01
4.00000000e-01	3.60000000e-01	-1.72614836e-01
4.00000000e-01	3.80000000e-01	-2.13760659e-01
4.00000000e-01	4.00000000e-01	-2.50167791e-01
4.00000000e-01	4.20000000e-01	-2.81694460e-01
4.00000000e-01	4.40000000e-01	-3.06764487e-01
4.00000000e-01	4.60000000e-01	-3.23765048e-01
4.00000000e-01	4.80000000e-01	-3.32456985e-01
4.00000000e-01	5.00000000e-01	-3.34275270e-01
4.00000000e-01	5.20000000e-01	-3.31282177e-01
4.00000000e-01	5.40000000e-01	-3.24860507e-01
4.00000000e-01	5.60000000e-01	-3.15510540e-01
4.00000000e-01	5.80000000e-01	-3.03756745e-01
4.00000000e-01	6.00000000e-01	-2.90901188e-01
4.00000000e-01	6.20000000e-01	-2.78743971e-01
4.00000000e-01	6.40000000e-01	-2.68577858e-01
4.00000000e-01	6.60000000e-01	-2.60344024e-01
4.00000000e-01	6.80000000e-01	-2.52665164e-01
4.00000000e-01	7.00000000e-01	-2.43977483e-01
4.00000000e-01	7.20000000e-01	-2.34139520e-01
4.00000000e-01	7.40000000e-01	-2.25053889e-01
4.00000000e-01	7.60000000e-01	-2.19329636e-01
4.00000000e-01	7.80000000e-01	-2.18002406e-01
4.00000000e-01	8.00000000e-01	-2.19607515e-01
4.00000000e-01	8.20000000e-01	-2.21622845e-01
4.00000000e-01	8.40000000e-01	-2.22736898e-01
4.00000000e-01	8.60000000e-01	-2.23589840e-01
4.00000000e-01	8.80000000e-01	-2.25503326e-01
4.00000000e-01	9.00000000e-01	-2.28803269e-01
4.00000000e-01	9.20000000e-01	-2.32329714e-01
4.00000000e-01	9.40000000e-01	-2.34311129e-01
4.00000000e-01	9.60000000e-01	-2.33774448e-01
4.00000000e-01	9.80000000e-01	-2.31451388e-01
4.00000000e-01	1.00000000e+00	-2.29396832e-01
4.00000000e-01	1.02000000e+00	-2.29396832e-01
4.00000000e-01	1.04000000e+00	-2.31451388e-01
4.00000000e-01	1.06000000e+00	-2.33774448e-01
4.00000000e-01	1.08000000e+00	-2.34311129e-01
4.00000000e-01	1.10000000e+00	-2.32329714e-01
4.00000000e-01	1.12000000e+00	-2.28803269e-01
4.00000000e-01	1.14000000e+00	-2.25503326e-01
4.00000000e-01	1.16000000e+00	-2.23589840e-01
4.00000000e-01	1.18000000e+00	-2.22736898e-01
4.00000000e-01	1.20000000e+00	-2.21622845e-01
4.00000000e-01	1.22000000e+00	-2.19607515e-01
4.00000000e-01	1.24000000e+00	-2.18002406e-01
4.00000000e-01	1.26000000e+00	-2.19329636e-01
4.00000000e-01	1.28000000e+00	-2.25053889e-01
4.00000000e-01	1.30000000e+00	-2.34139520e-01
4.00000000e-01	1.32000000e+00	-2.43977483e-01
4.00000000e-01	1.34000000e+00	-2.52665164e-01
4.00000000e-01	1.36000000e+00	-2.60344024e-01
4.00000000e-01	1.38000000e+00	-2.68577858e-01
4.00000000e-01	1.40000000e+00	-2.78743971e-01
4.00000000e-01	1.42000000e+00	-2.90901188e-01
4.00000000e-01	1.44000000e+00	-3.03756745e-01
4.00000000e-01	1.46000000e+00	-3.15510540e-01
4.00000000e-01	1.48000000e+00	-3.24860507e-01
4.00000000e-01	1.50000000e+00	-3.31282177e-01
4.00000000e-01	1.52000000e+00	-3.34275270e-01
4.00000000e-01	1.54000000e+00	-3.32456985e-01
4.00000000e-01	1.56000000e+00	-3.23765048e-01
4.00000000e-01	1.58000000e+00	-3.06764487e-01
4.00000000e-01	1.60000000e+00	-2.81694460e-01
4.00000000e-01	1.62000000e+00	-2.50167791e-01
4.00000000e-01	1.64000000e+00	-2.13760659e-01
4.00000000e-01	1.66000000e+00	-1.72614836e-01
4.00000000e-01	1.68000000e+00	-1.25156369e-01
4.00000000e-01	1.70000000e+00	-6.91425560e-02
4.00000000e-01	1.72000000e+00	-3.24462712e-03
4.00000000e-01	1.74000000e+00	7.18511009e-02
4.00000000e-01	1.76000000e+00	1.53512347e-01
4.00000000e-01	1.78000000e+00	2.38467284e-01
4.00000000e-01	1.80000000e+00	3.24385807e-01
4.00000000e-01	1.82000000e+00	4.10332056e-01
4.00000000e-01	1.84000000e+00	4.95768056e-01
4.00000000e-01	1.86000000e+00	5.79355101e-01
4.00000000e-01	1.88000000e+00	6.58922818e-01
4.00000000e-01	1.90000000e+00	7.32508337e-01
4.00000000e-01	1.92000000e+00	7.99274061e-01
4.00000000e-01	1.94000000e+00	8.59432174e-01
4.00000000e-01	1.96000000e+00	9.12981316e-01
4.00000000e-01	1.98000000e+00	9.57780979e-01
4.00000000e-01	2.00000000e+00	9.88743963e-01
5.00000000e-01	0.00000000e+00	1.00000000e+00
5.00000000e-01	2.00000000e-02	9.95181840e-01
5.00000000e-01	4.00000000e-02	9.81720099e-01
5.00000000e-01	6.00000000e-02	9.61428578e-01
5.00000000e-01	8.00000000e-02	9.36094768e-01
5.00000000e-01	1.00000000e-01	9.07082237e-01
5.00000000e-01	1.20000000e-01	8.75525698e-01
5.00000000e-01	1.40000000e-01	8.42359784e-01
5.00000000e-01	1.60000000e-01	8.08022030e-01
5.00000000e-01	1.80000000e-01	7.72237219e-01
5.00000000e-01	2.00000000e-01	7.34200319e-01
5.00000000e-01	2.20000000e-01	6.93064707e-01
5.00000000e-01	2.40000000e-01	6.48368677e-01
5.00000000e-01	2.60000000e-01	6.00195100e-01
5.00000000e-01	2.80000000e-01	5.49135080e-01
5.00000000e-01	3.00000000e-01	4.96122294e-01
5.00000000e-01	3.20000000e-01	4.42182387e-01
5.00000000e-01	3.40000000e-01	3.88279638e-01
5.00000000e-01	3.60000000e-01	3.35325880e-01
5.00000000e-01	3.80000000e-01	2.84095184e-01
5.00000000e-01	4.00000000e-01	2.34900162e-01
5.00000000e-01	4.20000000e-01	1.87358779e-01
5.00000000e-01	4.40000000e-01	1.40608461e-01
5.00000000e-01	4.60000000e-01	9.38146712e-02
5.00000000e-01	4.80000000e-01	4.65221126e-02
5.00000000e-01	5.00000000e-01	-1.34708670e-03
5.00000000e-01	5.20000000e-01	-4.96625039e-02
5.00000000e-01	5.40000000e-01	-9.81921721e-02
5.00000000e-01	5.60000000e-01	-1.46617406e-01
5.00000000e-01	5.80000000e-01	-1.94557534e-01
5.00000000e-01	6.00000000e-01	-2.41704510e-01
5.00000000e-01	6.20000000e-01	-2.88082649e-01
5.00000000e-01	6.40000000e-01	-3.34181476e-01
5.00000000e-01	6.60000000e-01	-3.80674586e-01
5.00000000e-01	6.80000000e-01	-4.27942931e-01
5.00000000e-01	7.00000000e-01	-4.75878457e-01
5.00000000e-01	7.20000000e-01	-5.24044271e-01
5.00000000e-01	7.40000000e-01	-5.71888433e-01
5.00000000e-01	7.60000000e-01	-6.18802258e-01
5.00000000e-01	7.80000000e-01	-6.64098035e-01
5.00000000e-01	8.00000000e-01	-7.07080264e-01
5.00000000e-01	8.20000000e-01	-7.47213792e-01
5.00000000e-01	8.40000000e-01	-7.84223967e-01
5.00000000e-01	8.60000000e-01	-8.18055471e-01
5.00000000e-01	8.80000000e-01	-8.48741360e-01
5.00000000e-01	9.00000000e-01	-8.76229521e-01
5.00000000e-01	9.20000000e-01	-9.00246284e-01
5.00000000e-01	9.40000000e-01	-9.20305667e-01
5.00000000e-01	9.60000000e-01	-9.35853328e-01
5.00000000e-01	9.80000000e-01	-9.46431390e-01
5.00000000e-01	1.00000000e+00	-9.51770348e-01
5.00000000e-01	1.02000000e+00	-9.51770348e-01
5.00000000e-01	1.04000000e+00	-9.46431390e-01
5.00000000e-01	1.06000000e+00	-9.35853328e-01
5.00000000e-01	1.08000000e+00	-9.20305667e-01
5.00000000e-01	1.10000000e+00	-9.00246284e-01
5.00000000e-01	1.12000000e+00	-8.76229521e-01
5.00000000e-01	1.14000000e+00	-8.48741360e-01
5.00000000e-01	1.16000000e+00	-8.18055471e-01
5.00000000e-01	1.18000000e+00	-7.84223967e-01
5.00000000e-01	1.20000000e+00	-7.47213792e-01
5.00000000e-01	1.22000000e+00	-7.07080264e-01
5.00000000e-01	1.24000000e+00	-6.64098035e-01
5.00000000e-01	1.26000000e+00	-6.18802258e-01
5.00000000e-01	1.28000000e+00	-5.71888433e-01
5.00000000e-01	1.30000000e+00	-5.24044271e-01
5.00000000e-01	1.32000000e+00	-4.75878457e-01
5.00000000e-01	1.34000000e+00	-4.27942931e-01
5.00000000e-01	1.36000000e+00	-3.80674586e-01
5.00000000e-01	1.38000000e+00	-3.34181476e-01
5.00000000e-01	1.40000000e+00	-2.88082649e-01
5.00000000e-01	1.42000000e+00	-2.41704510e-01
5.00000000e-01	1.44000000e+00	-1.94557534e-01
5.00000000e-01	1.46000000e+00	-1.46617406e-01
5.00000000e-01	1.48000000e+00	-9.81921721e-02
5.00000000e-01	1.50000000e+00	-4.96625039e-02
5.00000000e-01	1.52000000e+00	-1.34708670e-03
5.00000000e-01	1.54000000e+00	4.65221126e-02
5.00000000e-01	1.56000000e+00	9.38146712e-02
5.00000000e-01	1.58000000e+00	1.40608461e-01
5.00000000e-01	1.60000000e+00	1.87358779e-01
5.00000000e-01	1.62000000e+00	2.34900162e-01
5.00000000e-01	1.64000000e+00	2.84095184e-01
5.00000000e-01	1.66000000e+00	3.35325880e-01
5.00000000e-01	1.68000000e+00	3.88279638e-01
5.00000000e-01	1.70000000e+00	4.42182387e-01
5.00000000e-01	1.72000000e+00	4.96122294e-01
5.00000000e-01	1.74000000e+00	5.49135080e-01
5.00000000e-01	1.76000000e+00	6.00195100e-01
5.00000000e-01	1.78000000e+00	6.48368677e-01
5.00000000e-01	1.80000000e+00	6.93064707e-01
5.00000000e-01	1.82000000e+00	7.34200319e-01
5.00000000e-01	1.84000000e+00	7.72237219e-01
5.00000000e-01	1.86000000e+00	8.08022030e-01
5.00000000e-01	1.88000000e+00	8.42359784e-01
5.00000000e-01	1.90000000e+00	8.75525698e-01
5.00000000e-01	1.92000000e+00	9.07082237e-01
5.00000000e-01	1.94000000e+00	9.36094768e-01
5.00000000e-01	1.96000000e+00	9.61428578e-01
5.00000000e-01	1.98000000e+00	9.81720099e-01
5.00000000e-01	2.00000000e+00	9.95181840e-01
