  9.0001200E+01  -2.3732423E-01
  9.0201100E+01  -2.4327669E-01
  9.0401100E+01  -2.3099451E-01
  9.0601100E+01  -2.2517399E-01
  9.0801100E+01  -2.2478920E-01
  9.1001000E+01  -2.3577212E-01
  9.1200900E+01  -2.3546741E-01
  9.1400900E+01  -2.2808748E-01
  9.1601000E+01  -2.1928958E-01
  9.1800900E+01  -2.0734854E-01
  9.2000900E+01  -1.8672304E-01
  9.2200900E+01  -1.9509757E-01
  9.2400900E+01  -2.0373100E-01
  9.2600800E+01  -2.0811305E-01
  9.2800800E+01  -2.1428075E-01
  9.3000800E+01  -2.2212550E-01
  9.3200700E+01  -2.3742991E-01
  9.3400800E+01  -2.3904016E-01
  9.3600700E+01  -2.2450185E-01
  9.3800800E+01  -2.2177911E-01
  9.4000700E+01  -2.3028305E-01
  9.4200700E+01  -2.2853329E-01
  9.4400600E+01  -2.2494498E-01
  9.4600600E+01  -2.3033421E-01
  9.4800600E+01  -2.2632779E-01
  9.5000600E+01  -2.2657060E-01
  9.5200600E+01  -2.1330506E-01
  9.5400500E+01  -2.0498940E-01
  9.5600600E+01  -2.0748656E-01
  9.5800500E+01  -2.1482598E-01
  9.6000500E+01  -2.3748988E-01
  9.6200500E+01  -2.3272306E-01
  9.6400500E+01  -2.3328047E-01
  9.6600400E+01  -2.2533159E-01
  9.6800500E+01  -2.4086967E-01
  9.7000400E+01  -2.2239136E-01
  9.7200400E+01  -2.2002607E-01
  9.7400300E+01  -2.1393308E-01
  9.7600300E+01  -2.1815308E-01
  9.7800300E+01  -2.2744705E-01
  9.8000200E+01  -2.3164762E-01
  9.8200300E+01  -2.2712025E-01
  9.8400200E+01  -2.2997479E-01
  9.8600200E+01  -2.1159645E-01
  9.8800200E+01  -1.9000110E-01
  9.9000200E+01  -1.9702049E-01
  9.9200100E+01  -2.0363481E-01
  9.9400200E+01  -2.0124612E-01
  9.9600200E+01  -1.9985569E-01
  9.9800200E+01  -2.0866126E-01
  1.0000010E+02  -2.2285798E-01
  1.0020430E+02  -2.3285062E-01
  1.0040830E+02  -2.4769304E-01
  1.0061250E+02  -2.5469230E-01
  1.0081650E+02  -2.4452406E-01
  1.0102060E+02  -2.3826828E-01
  1.0122460E+02  -2.4459472E-01
  1.0142870E+02  -2.5655971E-01
  1.0163290E+02  -2.4309335E-01
  1.0183690E+02  -2.4623259E-01
  1.0204090E+02  -2.5230148E-01
  1.0224510E+02  -2.5447374E-01
  1.0244920E+02  -2.5158035E-01
  1.0265320E+02  -2.3548665E-01
  1.0285720E+02  -2.1351404E-01
  1.0306140E+02  -2.2181382E-01
  1.0326540E+02  -2.2366613E-01
  1.0346960E+02  -2.2591439E-01
  1.0367360E+02  -2.3568526E-01
  1.0387770E+02  -2.2191639E-01
  1.0408170E+02  -2.0529612E-01
  1.0428590E+02  -1.9819451E-01
  1.0448990E+02  -1.9187463E-01
  1.0469410E+02  -1.9708694E-01
  1.0489810E+02  -2.0379143E-01
  1.0510220E+02  -2.1808411E-01
  1.0530620E+02  -2.3860834E-01
  1.0551020E+02  -2.3694495E-01
  1.0571440E+02  -2.3460135E-01
  1.0591840E+02  -2.5037187E-01
  1.0612260E+02  -2.5259867E-01
  1.0632660E+02  -2.3254047E-01
  1.0653080E+02  -2.3823272E-01
  1.0673480E+02  -2.3956499E-01
  1.0693890E+02  -2.2184019E-01
  1.0714290E+02  -1.9474718E-01
  1.0734700E+02  -1.9178078E-01
  1.0755110E+02  -2.0270576E-01
  1.0775520E+02  -2.2642558E-01
  1.0795930E+02  -2.3681341E-01
  1.0816330E+02  -2.4708811E-01
  1.0836750E+02  -2.5528847E-01
  1.0857150E+02  -2.6035504E-01
  1.0877550E+02  -2.5261715E-01
  1.0897970E+02  -2.4957509E-01
  1.0918370E+02  -2.4383733E-01
  1.0938790E+02  -2.3694458E-01
  1.0959200E+02  -2.3631616E-01
  1.0979590E+02  -2.4825699E-01
  1.1000000E+02  -2.4093691E-01
  1.1020410E+02  -2.2269716E-01
  1.1040820E+02  -2.1798148E-01
  1.1040840E+02  -2.1796674E-01
  1.1061240E+02  -2.1266127E-01
  1.1081650E+02  -2.1666542E-01
  1.1102060E+02  -2.0786721E-01
  1.1122460E+02  -2.2020866E-01
  1.1142870E+02  -2.3437410E-01
  1.1163270E+02  -2.4212854E-01
  1.1183690E+02  -2.5400711E-01
  1.1204100E+02  -2.5625403E-01
  1.1224510E+02  -2.6787088E-01
  1.1244910E+02  -2.5578465E-01
  1.1265320E+02  -2.5818000E-01
  1.1285730E+02  -2.3944855E-01
  1.1306130E+02  -2.5247496E-01
  1.1326540E+02  -2.4013161E-01
  1.1346950E+02  -2.2420740E-01
  1.1367360E+02  -2.2313662E-01
  1.1387770E+02  -2.2230341E-01
  1.1408180E+02  -2.2538848E-01
  1.1428580E+02  -2.2521977E-01
  1.1448990E+02  -2.2630165E-01
  1.1469390E+02  -2.1885097E-01
  1.1489800E+02  -2.0906021E-01
  1.1510210E+02  -2.0517784E-01
  1.1530620E+02  -1.9112055E-01
  1.1551030E+02  -2.0410286E-01
  1.1571440E+02  -2.1105976E-01
  1.1591850E+02  -2.0998464E-01
  1.1612260E+02  -2.1215695E-01
  1.1632660E+02  -2.0906776E-01
  1.1653070E+02  -2.1036311E-01
  1.1673480E+02  -2.0395463E-01
  1.1693880E+02  -2.0506962E-01
  1.1714300E+02  -2.1759178E-01
  1.1734700E+02  -2.3390165E-01
  1.1755120E+02  -2.4220108E-01
  1.1775530E+02  -2.5746102E-01
  1.1795930E+02  -2.5899898E-01
  1.1816330E+02  -2.5726427E-01
  1.1836750E+02  -2.3482413E-01
  1.1857160E+02  -2.2071073E-01
  1.1877560E+02  -2.0682954E-01
  1.1897960E+02  -2.1349649E-01
  1.1918370E+02  -2.2593704E-01
  1.1938780E+02  -2.3803802E-01
  1.1959190E+02  -2.4398510E-01
  1.1979610E+02  -2.4674432E-01
  1.2000020E+02  -2.4633923E-01
