"Density"	"Momentum:0"	"Momentum:1"	"Momentum:2"	"StagnationEnergy"	"Pressure"	"Points:0"	"Points:1"	"Points:2"
2.09844e-02	-8.92789e-04	9.42944e-04	-1.50209e-09	-3.60939e-01	-1.44392e-01	-5.00000e-01	0.00000e+00	-2.86000e-02
2.61235e-05	2.77642e-05	-1.41399e-07	-3.34318e-09	-7.31995e-01	-2.92804e-01	-4.99947e-01	2.24938e-03	-2.86000e-02
4.89227e-03	3.33059e-05	2.17981e-04	-4.71645e-09	-6.08389e-01	-2.43358e-01	-4.99788e-01	4.49373e-03	-2.86000e-02
1.25602e-02	6.17982e-05	5.62134e-04	-5.27692e-09	-6.83720e-01	-2.73493e-01	-4.99521e-01	6.72789e-03	-2.86000e-02
1.49152e-02	1.41144e-04	6.56331e-04	-5.47876e-09	-6.95026e-01	-2.78016e-01	-4.99148e-01	8.94671e-03	-2.86000e-02
1.74624e-02	1.71748e-04	7.66940e-04	-5.54641e-09	-7.47462e-01	-2.98992e-01	-4.98669e-01	1.11452e-02	-2.86000e-02
1.91933e-02	2.46008e-04	8.27931e-04	-5.51219e-09	-8.27776e-01	-3.31118e-01	-4.98087e-01	1.33187e-02	-2.86000e-02
1.97563e-02	2.82397e-04	8.43015e-04	-5.24934e-09	-8.64803e-01	-3.45929e-01	-4.97406e-01	1.54629e-02	-2.86000e-02
1.98761e-02	3.24122e-04	8.33639e-04	-4.68561e-09	-9.37431e-01	-3.74980e-01	-4.96627e-01	1.75740e-02	-2.86000e-02
1.92807e-02	3.48843e-04	7.94417e-04	-3.81381e-09	-9.74734e-01	-3.89901e-01	-4.95802e-01	1.95472e-02	-2.86000e-02
1.83759e-02	3.57183e-04	7.45812e-04	-2.57154e-09	-1.00659e+00	-4.02644e-01	-4.94975e-01	2.13264e-02	-2.86000e-02
1.72508e-02	3.61447e-04	6.87005e-04	-9.07306e-10	-1.03366e+00	-4.13472e-01	-4.94145e-01	2.29608e-02	-2.86000e-02
1.59224e-02	3.50841e-04	6.24746e-04	1.24924e-09	-1.04242e+00	-4.16974e-01	-4.93311e-01	2.44826e-02	-2.86000e-02
1.45452e-02	3.37954e-04	5.60541e-04	3.99391e-09	-1.05365e+00	-4.21467e-01	-4.92470e-01	2.59146e-02	-2.86000e-02
1.30546e-02	3.16243e-04	4.95073e-04	7.42178e-09	-1.05267e+00	-4.21073e-01	-4.91622e-01	2.72736e-02	-2.86000e-02
1.15483e-02	2.90835e-04	4.30671e-04	1.16417e-08	-1.04989e+00	-4.19959e-01	-4.90765e-01	2.85721e-02	-2.86000e-02
1.00378e-02	2.61974e-04	3.67971e-04	1.67680e-08	-1.04281e+00	-4.17130e-01	-4.89898e-01	2.98201e-02	-2.86000e-02
8.53642e-03	2.29779e-04	3.07838e-04	2.29120e-08	-1.03172e+00	-4.12690e-01	-4.89019e-01	3.10255e-02	-2.86000e-02
7.10106e-03	1.97037e-04	2.51571e-04	3.01823e-08	-1.01962e+00	-4.07850e-01	-4.88127e-01	3.21948e-02	-2.86000e-02
5.74584e-03	1.63757e-04	2.00098e-04	3.86454e-08	-1.00488e+00	-4.01956e-01	-4.87221e-01	3.33333e-02	-2.86000e-02
4.51554e-03	1.32078e-04	1.54424e-04	4.83608e-08	-9.89663e-01	-3.95867e-01	-4.86300e-01	3.44453e-02	-2.86000e-02
3.43607e-03	1.02984e-04	1.15344e-04	5.93249e-08	-9.73971e-01	-3.89590e-01	-4.85362e-01	3.55346e-02	-2.86000e-02
2.52920e-03	7.75059e-05	8.33545e-05	7.13819e-08	-9.58089e-01	-3.83236e-01	-4.84406e-01	3.66044e-02	-2.86000e-02
1.81032e-03	5.65857e-05	5.86130e-05	8.44255e-08	-9.43017e-01	-3.77207e-01	-4.83431e-01	3.76573e-02	-2.86000e-02
1.26480e-03	4.01171e-05	4.03776e-05	9.83951e-08	-9.28616e-01	-3.71447e-01	-4.82435e-01	3.86957e-02	-2.86000e-02
8.65501e-04	2.76052e-05	2.74748e-05	1.13060e-07	-9.15466e-01	-3.66187e-01	-4.81419e-01	3.97215e-02	-2.86000e-02
5.59454e-04	1.76660e-05	1.79500e-05	1.28487e-07	-9.03790e-01	-3.61516e-01	-4.80380e-01	4.07365e-02	-2.86000e-02
2.87508e-04	8.60182e-06	9.74699e-06	1.45847e-07	-8.93569e-01	-3.57428e-01	-4.79317e-01	4.17421e-02	-2.86000e-02
4.65515e-06	-9.27144e-07	1.33845e-06	1.63997e-07	-8.84963e-01	-3.53985e-01	-4.78230e-01	4.27397e-02	-2.86000e-02
-3.03730e-04	-1.13508e-05	-7.78632e-06	1.73749e-07	-8.77678e-01	-3.51071e-01	-4.77117e-01	4.37302e-02	-2.86000e-02
-6.10692e-04	-2.17905e-05	-1.67981e-05	1.59329e-07	-8.71590e-01	-3.48636e-01	-4.75977e-01	4.47148e-02	-2.86000e-02
-8.71026e-04	-3.07532e-05	-2.43173e-05	1.11315e-07	-8.66496e-01	-3.46598e-01	-4.74811e-01	4.56941e-02	-2.86000e-02
-1.04767e-03	-3.69862e-05	-2.92375e-05	3.56099e-08	-8.62228e-01	-3.44891e-01	-4.73615e-01	4.66689e-02	-2.86000e-02
-1.12997e-03	-4.00795e-05	-3.12927e-05	-5.76202e-08	-8.58725e-01	-3.43490e-01	-4.72390e-01	4.76398e-02	-2.86000e-02
-1.13331e-03	-4.04877e-05	-3.10110e-05	-1.67537e-07	-8.55839e-01	-3.42335e-01	-4.71135e-01	4.86073e-02	-2.86000e-02
-1.08598e-03	-3.91373e-05	-2.92664e-05	-2.91929e-07	-8.53496e-01	-3.41398e-01	-4.69849e-01	4.95717e-02	-2.86000e-02
-1.01349e-03	-3.68698e-05	-2.68455e-05	-4.10532e-07	-8.51583e-01	-3.40633e-01	-4.68531e-01	5.05335e-02	-2.86000e-02
-9.33334e-04	-3.42751e-05	-2.42748e-05	-4.99536e-07	-8.50010e-01	-3.40003e-01	-4.67181e-01	5.14929e-02	-2.86000e-02
-8.54948e-04	-3.16865e-05	-2.18206e-05	-5.57913e-07	-8.48717e-01	-3.39486e-01	-4.65797e-01	5.24501e-02	-2.86000e-02
-7.81413e-04	-2.92219e-05	-1.95594e-05	-6.02733e-07	-8.47639e-01	-3.39055e-01	-4.64378e-01	5.34052e-02	-2.86000e-02
-7.13708e-04	-2.69190e-05	-1.75176e-05	-6.51075e-07	-8.46736e-01	-3.38694e-01	-4.62925e-01	5.43583e-02	-2.86000e-02
-6.51537e-04	-2.47691e-05	-1.56879e-05	-7.10361e-07	-8.45979e-01	-3.38391e-01	-4.61435e-01	5.53096e-02	-2.86000e-02
-5.94769e-04	-2.27820e-05	-1.40473e-05	-7.77662e-07	-8.45339e-01	-3.38135e-01	-4.59910e-01	5.62590e-02	-2.86000e-02
-5.44207e-04	-2.09993e-05	-1.25999e-05	-8.50855e-07	-8.44799e-01	-3.37919e-01	-4.58347e-01	5.72066e-02	-2.86000e-02
-4.98998e-04	-1.93877e-05	-1.13288e-05	-9.29321e-07	-8.44338e-01	-3.37735e-01	-4.56747e-01	5.81521e-02	-2.86000e-02
-4.58319e-04	-1.79223e-05	-1.02057e-05	-1.00298e-06	-8.43943e-01	-3.37577e-01	-4.55108e-01	5.90956e-02	-2.86000e-02
-4.22243e-04	-1.66161e-05	-9.21632e-06	-1.06778e-06	-8.43600e-01	-3.37440e-01	-4.53431e-01	6.00370e-02	-2.86000e-02
-3.87985e-04	-1.53611e-05	-8.29845e-06	-1.13149e-06	-8.43299e-01	-3.37320e-01	-4.51714e-01	6.09761e-02	-2.86000e-02
-3.51852e-04	-1.40097e-05	-7.37706e-06	-1.19032e-06	-8.43040e-01	-3.37216e-01	-4.49957e-01	6.19127e-02	-2.86000e-02
-3.14056e-04	-1.25731e-05	-6.45333e-06	-1.24500e-06	-8.42825e-01	-3.37130e-01	-4.48160e-01	6.28467e-02	-2.86000e-02
-2.74846e-04	-1.10611e-05	-5.53353e-06	-1.30710e-06	-8.42654e-01	-3.37062e-01	-4.46322e-01	6.37778e-02	-2.86000e-02
-2.33413e-04	-9.43997e-06	-4.60570e-06	-1.38010e-06	-8.42526e-01	-3.37010e-01	-4.44442e-01	6.47058e-02	-2.86000e-02
-1.91471e-04	-7.78149e-06	-3.69966e-06	-1.47206e-06	-8.42441e-01	-3.36976e-01	-4.42520e-01	6.56305e-02	-2.86000e-02
-1.51811e-04	-6.19959e-06	-2.86958e-06	-1.58494e-06	-8.42400e-01	-3.36960e-01	-4.40556e-01	6.65517e-02	-2.86000e-02
-1.15571e-04	-4.74033e-06	-2.13930e-06	-1.69432e-06	-8.42401e-01	-3.36960e-01	-4.38549e-01	6.74690e-02	-2.86000e-02
-8.40852e-05	-3.46339e-06	-1.52392e-06	-1.76108e-06	-8.42438e-01	-3.36975e-01	-4.36499e-01	6.83822e-02	-2.86000e-02
-6.00984e-05	-2.48767e-06	-1.06088e-06	-1.74326e-06	-8.42502e-01	-3.37001e-01	-4.34406e-01	6.92910e-02	-2.86000e-02
-4.44158e-05	-1.84755e-06	-7.62536e-07	-1.62898e-06	-8.42581e-01	-3.37033e-01	-4.32269e-01	7.01950e-02	-2.86000e-02
-3.44818e-05	-1.43687e-06	-5.85772e-07	-1.44731e-06	-8.42666e-01	-3.37066e-01	-4.30087e-01	7.10941e-02	-2.86000e-02
-2.78805e-05	-1.16009e-06	-4.78071e-07	-1.23761e-06	-8.42754e-01	-3.37101e-01	-4.27861e-01	7.19879e-02	-2.86000e-02
-2.36686e-05	-9.83952e-07	-4.08617e-07	-1.02067e-06	-8.42848e-01	-3.37139e-01	-4.25591e-01	7.28760e-02	-2.86000e-02
-1.94223e-05	-8.09653e-07	-3.30033e-07	-7.98710e-07	-8.42958e-01	-3.37183e-01	-4.23275e-01	7.37581e-02	-2.86000e-02
-1.10519e-05	-4.66198e-07	-1.73220e-07	-5.71625e-07	-8.43090e-01	-3.37236e-01	-4.20914e-01	7.46339e-02	-2.86000e-02
3.86374e-06	1.51804e-07	9.19661e-08	-3.76416e-07	-8.43258e-01	-3.37303e-01	-4.18508e-01	7.55031e-02	-2.86000e-02
2.41373e-05	1.00385e-06	4.20379e-07	-3.21440e-07	-8.43472e-01	-3.37389e-01	-4.16056e-01	7.63653e-02	-2.86000e-02
4.37773e-05	1.84382e-06	6.97251e-07	-5.44344e-07	-8.43734e-01	-3.37494e-01	-4.13559e-01	7.72201e-02	-2.86000e-02
5.39124e-05	2.29241e-06	7.95099e-07	-1.10754e-06	-8.44019e-01	-3.37607e-01	-4.11015e-01	7.80673e-02	-2.86000e-02
4.97168e-05	2.13470e-06	6.69716e-07	-1.93136e-06	-8.44295e-01	-3.37718e-01	-4.08425e-01	7.89065e-02	-2.86000e-02
3.50608e-05	1.52538e-06	4.07983e-07	-2.79058e-06	-8.44540e-01	-3.37816e-01	-4.05789e-01	7.97374e-02	-2.86000e-02
2.12989e-05	9.42571e-07	1.94205e-07	-3.38203e-06	-8.44751e-01	-3.37901e-01	-4.03107e-01	8.05595e-02	-2.86000e-02
2.19619e-05	9.68288e-07	2.10226e-07	-3.44313e-06	-8.44951e-01	-3.37981e-01	-4.00378e-01	8.13726e-02	-2.86000e-02
4.28818e-05	1.86344e-06	5.02092e-07	-2.88473e-06	-8.45208e-01	-3.38083e-01	-3.97602e-01	8.21763e-02	-2.86000e-02
7.21388e-05	3.12373e-06	8.83592e-07	-1.87020e-06	-8.45592e-01	-3.38237e-01	-3.94781e-01	8.29702e-02	-2.86000e-02
8.79691e-05	3.81087e-06	1.07231e-06	-7.58749e-07	-8.46073e-01	-3.38429e-01	-3.91912e-01	8.37540e-02	-2.86000e-02
8.23500e-05	3.57311e-06	9.83765e-07	7.82285e-08	-8.46533e-01	-3.38613e-01	-3.88997e-01	8.45275e-02	-2.86000e-02
6.90588e-05	3.00282e-06	8.01263e-07	4.45721e-07	-8.46923e-01	-3.38769e-01	-3.86036e-01	8.52901e-02	-2.86000e-02
6.56773e-05	2.86357e-06	7.31810e-07	4.14603e-07	-8.47299e-01	-3.38920e-01	-3.83028e-01	8.60417e-02	-2.86000e-02
7.58621e-05	3.31725e-06	8.06244e-07	2.30318e-07	-8.47734e-01	-3.39094e-01	-3.79973e-01	8.67818e-02	-2.86000e-02
9.17565e-05	4.02217e-06	9.33341e-07	8.01838e-08	-8.48247e-01	-3.39299e-01	-3.76872e-01	8.75102e-02	-2.86000e-02
1.06031e-04	4.65712e-06	1.03797e-06	-5.31960e-08	-8.48795e-01	-3.39518e-01	-3.73725e-01	8.82265e-02	-2.86000e-02
1.14476e-04	5.03595e-06	1.08452e-06	-2.61244e-07	-8.49349e-01	-3.39739e-01	-3.70531e-01	8.89303e-02	-2.86000e-02
1.13905e-04	5.01707e-06	1.04975e-06	-4.70403e-07	-8.49886e-01	-3.39955e-01	-3.67291e-01	8.96215e-02	-2.86000e-02
1.08643e-04	4.79050e-06	9.76102e-07	-4.72012e-07	-8.50370e-01	-3.40148e-01	-3.64005e-01	9.02996e-02	-2.86000e-02
1.12992e-04	4.98803e-06	9.86383e-07	-2.11440e-07	-8.50815e-01	-3.40326e-01	-3.60674e-01	9.09644e-02	-2.86000e-02
1.32611e-04	5.86152e-06	1.11964e-06	1.03676e-07	-8.51335e-01	-3.40534e-01	-3.57296e-01	9.16156e-02	-2.86000e-02
1.51292e-04	6.69549e-06	1.23348e-06	2.57040e-07	-8.52017e-01	-3.40807e-01	-3.53873e-01	9.22529e-02	-2.86000e-02
1.54119e-04	6.82864e-06	1.21206e-06	3.04465e-07	-8.52775e-01	-3.41110e-01	-3.50405e-01	9.28759e-02	-2.86000e-02
1.48218e-04	6.57411e-06	1.12577e-06	4.83013e-07	-8.53514e-01	-3.41406e-01	-3.46892e-01	9.34844e-02	-2.86000e-02
1.42292e-04	6.31761e-06	1.04314e-06	8.70699e-07	-8.54290e-01	-3.41716e-01	-3.43333e-01	9.40782e-02	-2.86000e-02
1.25822e-04	5.59236e-06	8.85286e-07	1.27119e-06	-8.55134e-01	-3.42054e-01	-3.39730e-01	9.46570e-02	-2.86000e-02
9.00940e-05	4.00855e-06	6.06880e-07	1.39385e-06	-8.55922e-01	-3.42369e-01	-3.36083e-01	9.52204e-02	-2.86000e-02
4.75121e-05	2.11534e-06	3.10779e-07	1.03083e-06	-8.56586e-01	-3.42634e-01	-3.32391e-01	9.57684e-02	-2.86000e-02
1.66958e-05	7.42729e-07	1.13671e-07	2.48373e-07	-8.57177e-01	-3.42871e-01	-3.28656e-01	9.63005e-02	-2.86000e-02
5.89028e-06	2.61131e-07	4.70498e-08	-4.58924e-07	-8.57733e-01	-3.43093e-01	-3.24876e-01	9.68167e-02	-2.86000e-02
1.10993e-05	4.93968e-07	7.48095e-08	-6.28974e-07	-8.58298e-01	-3.43319e-01	-3.21054e-01	9.73166e-02	-2.86000e-02
1.96823e-05	8.77883e-07	1.17918e-07	-6.03981e-07	-8.58912e-01	-3.43565e-01	-3.17189e-01	9.78000e-02	-2.86000e-02
2.00936e-05	8.97281e-07	1.11968e-07	-1.21029e-06	-8.59570e-01	-3.43828e-01	-3.13280e-01	9.82668e-02	-2.86000e-02
8.81672e-06	3.93359e-07	5.25166e-08	-2.64433e-06	-8.60326e-01	-3.44131e-01	-3.09330e-01	9.87167e-02	-2.86000e-02
-1.16014e-05	-5.20664e-07	-4.07635e-08	-4.46814e-06	-8.61254e-01	-3.44501e-01	-3.05338e-01	9.91496e-02	-2.86000e-02
-3.47545e-05	-1.55768e-06	-1.40753e-07	-6.40053e-06	-8.62353e-01	-3.44941e-01	-3.01304e-01	9.95652e-02	-2.86000e-02
-5.53307e-05	-2.47985e-06	-2.23629e-07	-8.20950e-06	-8.63562e-01	-3.45425e-01	-2.97229e-01	9.99634e-02	-2.86000e-02
-7.75593e-05	-3.47679e-06	-3.05453e-07	-9.38499e-06	-8.64805e-01	-3.45922e-01	-2.93113e-01	1.00344e-01	-2.86000e-02
-1.10604e-04	-4.95967e-06	-4.17173e-07	-9.69145e-06	-8.65998e-01	-3.46399e-01	-2.88957e-01	1.00707e-01	-2.86000e-02
-1.54991e-04	-6.95274e-06	-5.51685e-07	-9.50467e-06	-8.67068e-01	-3.46827e-01	-2.84761e-01	1.01052e-01	-2.86000e-02
-2.01717e-04	-9.05239e-06	-6.71838e-07	-9.17358e-06	-8.68011e-01	-3.47204e-01	-2.80526e-01	1.01379e-01	-2.86000e-02
-2.42928e-04	-1.09058e-05	-7.53454e-07	-8.53778e-06	-8.68846e-01	-3.47538e-01	-2.76251e-01	1.01688e-01	-2.86000e-02
-2.78178e-04	-1.24922e-05	-8.04236e-07	-7.22436e-06	-8.69577e-01	-3.47831e-01	-2.71938e-01	1.01979e-01	-2.86000e-02
-3.10628e-04	-1.39534e-05	-8.32750e-07	-5.15443e-06	-8.70249e-01	-3.48099e-01	-2.67587e-01	1.02251e-01	-2.86000e-02
-3.37574e-04	-1.51680e-05	-8.32511e-07	-2.74373e-06	-8.70875e-01	-3.48350e-01	-2.63198e-01	1.02505e-01	-2.86000e-02
-3.56107e-04	-1.60045e-05	-8.05507e-07	-8.02129e-07	-8.71521e-01	-3.48608e-01	-2.58773e-01	1.02740e-01	-2.86000e-02
-3.81009e-04	-1.71274e-05	-7.85453e-07	-6.72747e-08	-8.72310e-01	-3.48924e-01	-2.54310e-01	1.02957e-01	-2.86000e-02
-4.32700e-04	-1.94549e-05	-8.04731e-07	-6.43018e-07	-8.73181e-01	-3.49272e-01	-2.49811e-01	1.03155e-01	-2.86000e-02
-5.07877e-04	-2.28390e-05	-8.41826e-07	-1.96748e-06	-8.73994e-01	-3.49598e-01	-2.45277e-01	1.03334e-01	-2.86000e-02
-5.86828e-04	-2.63933e-05	-8.57804e-07	-3.25256e-06	-8.74733e-01	-3.49893e-01	-2.40708e-01	1.03494e-01	-2.86000e-02
-6.61845e-04	-2.97711e-05	-8.42895e-07	-3.93058e-06	-8.75380e-01	-3.50152e-01	-2.36104e-01	1.03636e-01	-2.86000e-02
-7.37978e-04	-3.31994e-05	-8.00216e-07	-4.02102e-06	-8.75849e-01	-3.50339e-01	-2.31467e-01	1.03759e-01	-2.86000e-02
-8.16741e-04	-3.67461e-05	-7.30758e-07	-4.08731e-06	-8.76087e-01	-3.50435e-01	-2.26796e-01	1.03863e-01	-2.86000e-02
-8.92901e-04	-4.01756e-05	-6.32005e-07	-4.59614e-06	-8.76104e-01	-3.50441e-01	-2.22092e-01	1.03948e-01	-2.86000e-02
-9.62935e-04	-4.33291e-05	-5.05387e-07	-5.48263e-06	-8.75972e-01	-3.50388e-01	-2.17356e-01	1.04015e-01	-2.86000e-02
-1.02859e-03	-4.62854e-05	-3.54528e-07	-6.44715e-06	-8.75719e-01	-3.50287e-01	-2.12589e-01	1.04062e-01	-2.86000e-02
-1.08785e-03	-4.89527e-05	-1.82317e-07	-7.34476e-06	-8.75283e-01	-3.50113e-01	-2.07790e-01	1.04091e-01	-2.86000e-02
-1.13500e-03	-5.10752e-05	8.32428e-09	-8.15189e-06	-8.74654e-01	-3.49861e-01	-2.02961e-01	1.04101e-01	-2.86000e-02
-1.17250e-03	-5.27622e-05	2.11974e-07	-8.70724e-06	-8.73871e-01	-3.49548e-01	-1.98102e-01	1.04092e-01	-2.86000e-02
-1.20482e-03	-5.42152e-05	4.22994e-07	-8.67566e-06	-8.72888e-01	-3.49155e-01	-1.93215e-01	1.04064e-01	-2.86000e-02
-1.22631e-03	-5.51803e-05	6.35863e-07	-7.92627e-06	-8.71661e-01	-3.48664e-01	-1.88298e-01	1.04018e-01	-2.86000e-02
-1.22672e-03	-5.51959e-05	8.38632e-07	-6.84662e-06	-8.70259e-01	-3.48103e-01	-1.83354e-01	1.03953e-01	-2.86000e-02
-1.20595e-03	-5.42582e-05	1.01981e-06	-6.08126e-06	-8.68792e-01	-3.47516e-01	-1.78383e-01	1.03870e-01	-2.86000e-02
-1.17465e-03	-5.28461e-05	1.18029e-06	-5.88923e-06	-8.67321e-01	-3.46928e-01	-1.73385e-01	1.03769e-01	-2.86000e-02
-1.14115e-03	-5.13348e-05	1.32595e-06	-5.92137e-06	-8.65843e-01	-3.46337e-01	-1.68361e-01	1.03649e-01	-2.86000e-02
-1.10823e-03	-4.98491e-05	1.46083e-06	-5.72150e-06	-8.64326e-01	-3.45730e-01	-1.63312e-01	1.03511e-01	-2.86000e-02
-1.07505e-03	-4.83512e-05	1.58294e-06	-5.24600e-06	-8.62783e-01	-3.45113e-01	-1.58238e-01	1.03355e-01	-2.86000e-02
-1.04161e-03	-4.68421e-05	1.69131e-06	-4.77754e-06	-8.61279e-01	-3.44511e-01	-1.53141e-01	1.03181e-01	-2.86000e-02
-1.00655e-03	-4.52594e-05	1.78365e-06	-4.46502e-06	-8.59883e-01	-3.43953e-01	-1.48020e-01	1.02989e-01	-2.86000e-02
-9.66808e-04	-4.34669e-05	1.85367e-06	-4.30365e-06	-8.58665e-01	-3.43466e-01	-1.42877e-01	1.02780e-01	-2.86000e-02
-9.22915e-04	-4.14876e-05	1.90118e-06	-4.50940e-06	-8.57675e-01	-3.43069e-01	-1.37713e-01	1.02553e-01	-2.86000e-02
-8.81384e-04	-3.96149e-05	1.93902e-06	-5.28824e-06	-8.56877e-01	-3.42751e-01	-1.32527e-01	1.02308e-01	-2.86000e-02
-8.49127e-04	-3.81591e-05	1.98558e-06	-6.13828e-06	-8.56195e-01	-3.42478e-01	-1.27321e-01	1.02047e-01	-2.86000e-02
-8.26545e-04	-3.71382e-05	2.04649e-06	-6.15453e-06	-8.55570e-01	-3.42228e-01	-1.22095e-01	1.01768e-01	-2.86000e-02
-8.07357e-04	-3.62699e-05	2.10844e-06	-5.21715e-06	-8.54970e-01	-3.41988e-01	-1.16851e-01	1.01473e-01	-2.86000e-02
-7.83432e-04	-3.51888e-05	2.15016e-06	-4.16584e-06	-8.54427e-01	-3.41770e-01	-1.11589e-01	1.01161e-01	-2.86000e-02
-7.55212e-04	-3.39151e-05	2.17091e-06	-3.74253e-06	-8.54043e-01	-3.41617e-01	-1.06309e-01	1.00832e-01	-2.86000e-02
-7.30017e-04	-3.27776e-05	2.19179e-06	-3.94712e-06	-8.53827e-01	-3.41530e-01	-1.01012e-01	1.00487e-01	-2.86000e-02
-7.07970e-04	-3.17816e-05	2.21457e-06	-4.37210e-06	-8.53698e-01	-3.41479e-01	-9.56999e-02	1.00126e-01	-2.86000e-02
-6.84508e-04	-3.07223e-05	2.22630e-06	-4.61163e-06	-8.53659e-01	-3.41463e-01	-9.03724e-02	9.97494e-02	-2.86000e-02
-6.64101e-04	-2.98004e-05	2.24087e-06	-4.36962e-06	-8.53767e-01	-3.41507e-01	-8.50306e-02	9.93569e-02	-2.86000e-02
-6.58688e-04	-2.95515e-05	2.30089e-06	-3.63762e-06	-8.53980e-01	-3.41592e-01	-7.96751e-02	9.89489e-02	-2.86000e-02
-6.64543e-04	-2.98079e-05	2.40070e-06	-2.88278e-06	-8.54153e-01	-3.41661e-01	-7.43068e-02	9.85256e-02	-2.86000e-02
-6.57236e-04	-2.94738e-05	2.45248e-06	-2.90860e-06	-8.54272e-01	-3.41708e-01	-6.89265e-02	9.80874e-02	-2.86000e-02
-6.27269e-04	-2.81238e-05	2.41237e-06	-4.08917e-06	-8.54591e-01	-3.41836e-01	-6.35349e-02	9.76343e-02	-2.86000e-02
-6.05461e-04	-2.71402e-05	2.39555e-06	-5.51038e-06	-8.55268e-01	-3.42107e-01	-5.81327e-02	9.71667e-02	-2.86000e-02
-6.26703e-04	-2.80865e-05	2.54628e-06	-5.70708e-06	-8.56020e-01	-3.42408e-01	-5.27208e-02	9.66849e-02	-2.86000e-02
-6.85622e-04	-3.07202e-05	2.85889e-06	-4.51182e-06	-8.56516e-01	-3.42606e-01	-4.73000e-02	9.61889e-02	-2.86000e-02
-7.51956e-04	-3.36850e-05	3.21467e-06	-3.12087e-06	-8.56847e-01	-3.42738e-01	-4.18710e-02	9.56792e-02	-2.86000e-02
-8.03596e-04	-3.59901e-05	3.52005e-06	-2.37840e-06	-8.57253e-01	-3.42901e-01	-3.64346e-02	9.51559e-02	-2.86000e-02
-8.23745e-04	-3.68841e-05	3.69346e-06	-2.11659e-06	-8.57802e-01	-3.43120e-01	-3.09916e-02	9.46193e-02	-2.86000e-02
-8.02647e-04	-3.59315e-05	3.67667e-06	-1.85594e-06	-8.58644e-01	-3.43457e-01	-2.55428e-02	9.40696e-02	-2.86000e-02
-7.65818e-04	-3.42751e-05	3.58245e-06	-1.17584e-06	-8.59974e-01	-3.43989e-01	-2.00889e-02	9.35071e-02	-2.86000e-02
-7.58179e-04	-3.39251e-05	3.62347e-06	3.19893e-07	-8.61544e-01	-3.44617e-01	-1.46309e-02	9.29322e-02	-2.86000e-02
-7.89133e-04	-3.53018e-05	3.84850e-06	2.93288e-06	-8.62950e-01	-3.45180e-01	-9.16943e-03	9.23450e-02	-2.86000e-02
-8.31069e-04	-3.71692e-05	4.13131e-06	6.61025e-06	-8.64236e-01	-3.45694e-01	-3.70533e-03	9.17457e-02	-2.86000e-02
-8.57752e-04	-3.83539e-05	4.34213e-06	1.01186e-05	-8.65621e-01	-3.46248e-01	1.76060e-03	9.11348e-02	-2.86000e-02
-8.57296e-04	-3.83241e-05	4.42134e-06	1.11136e-05	-8.67095e-01	-3.46838e-01	7.22756e-03	9.05124e-02	-2.86000e-02
-8.39986e-04	-3.75418e-05	4.40525e-06	8.51909e-06	-8.68736e-01	-3.47494e-01	1.26948e-02	8.98789e-02	-2.86000e-02
-8.44710e-04	-3.77444e-05	4.50211e-06	4.12187e-06	-8.70642e-01	-3.48256e-01	1.81614e-02	8.92345e-02	-2.86000e-02
-8.96496e-04	-4.00495e-05	4.85213e-06	4.77649e-07	-8.72510e-01	-3.49003e-01	2.36267e-02	8.85794e-02	-2.86000e-02
-9.75444e-04	-4.35665e-05	5.35970e-06	-1.75692e-06	-8.74209e-01	-3.49683e-01	2.90898e-02	8.79140e-02	-2.86000e-02
-1.04693e-03	-4.67479e-05	5.84676e-06	-3.02398e-06	-8.75940e-01	-3.50376e-01	3.45499e-02	8.72385e-02	-2.86000e-02
-1.07704e-03	-4.80798e-05	6.11184e-06	-2.67720e-06	-8.77532e-01	-3.51012e-01	4.00063e-02	8.65533e-02	-2.86000e-02
-1.04148e-03	-4.64807e-05	6.00182e-06	-1.79051e-08	-8.79033e-01	-3.51613e-01	4.54581e-02	8.58585e-02	-2.86000e-02
-9.68964e-04	-4.32334e-05	5.66804e-06	3.53787e-06	-8.81045e-01	-3.52418e-01	5.09046e-02	8.51545e-02	-2.86000e-02
-9.16630e-04	-4.08881e-05	5.44028e-06	5.98232e-06	-8.83560e-01	-3.53424e-01	5.63449e-02	8.44416e-02	-2.86000e-02
-8.87556e-04	-3.95830e-05	5.32858e-06	7.12258e-06	-8.86242e-01	-3.54497e-01	6.17782e-02	8.37200e-02	-2.86000e-02
-8.54987e-04	-3.81219e-05	5.19664e-06	7.50869e-06	-8.89372e-01	-3.55749e-01	6.72038e-02	8.29900e-02	-2.86000e-02
-8.35954e-04	-3.72660e-05	5.13346e-06	6.84417e-06	-8.92946e-01	-3.57178e-01	7.26209e-02	8.22519e-02	-2.86000e-02
-8.70779e-04	-3.88115e-05	5.39786e-06	5.28182e-06	-8.96423e-01	-3.58569e-01	7.80287e-02	8.15060e-02	-2.86000e-02
-9.61502e-04	-4.28450e-05	6.03221e-06	4.46818e-06	-8.99456e-01	-3.59782e-01	8.34263e-02	8.07525e-02	-2.86000e-02
-1.06278e-03	-4.73476e-05	6.74089e-06	5.48076e-06	-9.02043e-01	-3.60817e-01	8.88130e-02	7.99918e-02	-2.86000e-02
-1.13840e-03	-5.07052e-05	7.29891e-06	7.43806e-06	-9.04760e-01	-3.61903e-01	9.41881e-02	7.92241e-02	-2.86000e-02
-1.18852e-03	-5.29225e-05	7.72726e-06	9.21518e-06	-9.08064e-01	-3.63225e-01	9.95506e-02	7.84497e-02	-2.86000e-02
-1.19811e-03	-5.33363e-05	7.87860e-06	1.04345e-05	-9.11706e-01	-3.64682e-01	1.04900e-01	7.76689e-02	-2.86000e-02
-1.14842e-03	-5.11134e-05	7.62479e-06	1.07238e-05	-9.15779e-01	-3.66311e-01	1.10235e-01	7.68819e-02	-2.86000e-02
-1.08958e-03	-4.84846e-05	7.29983e-06	9.78958e-06	-9.20414e-01	-3.68165e-01	1.15556e-01	7.60890e-02	-2.86000e-02
-1.08116e-03	-4.81019e-05	7.29710e-06	8.02941e-06	-9.25038e-01	-3.70015e-01	1.20861e-01	7.52906e-02	-2.86000e-02
-1.11452e-03	-4.95759e-05	7.58991e-06	6.50529e-06	-9.29431e-01	-3.71772e-01	1.26149e-01	7.44868e-02	-2.86000e-02
-1.16624e-03	-5.18636e-05	8.02609e-06	6.16703e-06	-9.33811e-01	-3.73524e-01	1.31421e-01	7.36779e-02	-2.86000e-02
-1.24230e-03	-5.52331e-05	8.63163e-06	6.44737e-06	-9.38085e-01	-3.75234e-01	1.36674e-01	7.28643e-02	-2.86000e-02
-1.35151e-03	-6.00752e-05	9.47503e-06	5.65063e-06	-9.42089e-01	-3.76835e-01	1.41909e-01	7.20462e-02	-2.86000e-02
-1.47779e-03	-6.56758e-05	1.04422e-05	4.12014e-06	-9.45541e-01	-3.78216e-01	1.47125e-01	7.12238e-02	-2.86000e-02
-1.57615e-03	-7.00336e-05	1.12214e-05	4.67228e-06	-9.48267e-01	-3.79306e-01	1.52321e-01	7.03975e-02	-2.86000e-02
-1.62337e-03	-7.21155e-05	1.16562e-05	7.73003e-06	-9.50941e-01	-3.80376e-01	1.57495e-01	6.95674e-02	-2.86000e-02
-1.66407e-03	-7.39070e-05	1.20531e-05	9.69593e-06	-9.54106e-01	-3.81642e-01	1.62649e-01	6.87339e-02	-2.86000e-02
-1.74418e-03	-7.74487e-05	1.27308e-05	8.25663e-06	-9.57212e-01	-3.82884e-01	1.67779e-01	6.78972e-02	-2.86000e-02
-1.83870e-03	-8.16277e-05	1.35309e-05	5.11474e-06	-9.59838e-01	-3.83935e-01	1.72887e-01	6.70576e-02	-2.86000e-02
-1.91160e-03	-8.48460e-05	1.41770e-05	2.61537e-06	-9.62384e-01	-3.84953e-01	1.77971e-01	6.62153e-02	-2.86000e-02
-1.98710e-03	-8.81795e-05	1.48400e-05	1.58950e-06	-9.65244e-01	-3.86097e-01	1.83031e-01	6.53707e-02	-2.86000e-02
-2.12289e-03	-9.41872e-05	1.59615e-05	2.01262e-06	-9.68382e-01	-3.87352e-01	1.88065e-01	6.45239e-02	-2.86000e-02
-2.33602e-03	-1.03622e-04	1.76877e-05	2.77355e-06	-9.71330e-01	-3.88531e-01	1.93074e-01	6.36752e-02	-2.86000e-02
-2.56102e-03	-1.13581e-04	1.95204e-05	1.83583e-06	-9.73461e-01	-3.89383e-01	1.98055e-01	6.28248e-02	-2.86000e-02
-2.70239e-03	-1.19827e-04	2.07360e-05	-1.39440e-06	-9.74959e-01	-3.89983e-01	2.03010e-01	6.19731e-02	-2.86000e-02
-2.73184e-03	-1.21102e-04	2.11374e-05	-4.47876e-06	-9.76456e-01	-3.90581e-01	2.07937e-01	6.11202e-02	-2.86000e-02
-2.71354e-03	-1.20265e-04	2.11417e-05	-4.38775e-06	-9.78113e-01	-3.91244e-01	2.12835e-01	6.02665e-02	-2.86000e-02
-2.76571e-03	-1.22557e-04	2.16623e-05	-1.45211e-06	-9.80081e-01	-3.92031e-01	2.17704e-01	5.94121e-02	-2.86000e-02
-2.95124e-03	-1.30754e-04	2.32540e-05	1.82534e-06	-9.81601e-01	-3.92639e-01	2.22542e-01	5.85573e-02	-2.86000e-02
-3.17418e-03	-1.40603e-04	2.51691e-05	5.26981e-06	-9.81444e-01	-3.92576e-01	2.27351e-01	5.77024e-02	-2.86000e-02
-3.30464e-03	-1.46347e-04	2.63952e-05	9.45499e-06	-9.80365e-01	-3.92145e-01	2.32127e-01	5.68476e-02	-2.86000e-02
-3.34170e-03	-1.47954e-04	2.68831e-05	1.15291e-05	-9.79618e-01	-3.91846e-01	2.36872e-01	5.59931e-02	-2.86000e-02
-3.36348e-03	-1.48890e-04	2.72129e-05	8.98966e-06	-9.79354e-01	-3.91740e-01	2.41585e-01	5.51391e-02	-2.86000e-02
-3.43659e-03	-1.52096e-04	2.79731e-05	4.79640e-06	-9.79329e-01	-3.91730e-01	2.46264e-01	5.42860e-02	-2.86000e-02
-3.56523e-03	-1.57761e-04	2.91695e-05	3.43157e-06	-9.78426e-01	-3.91369e-01	2.50910e-01	5.34339e-02	-2.86000e-02
-3.66683e-03	-1.62229e-04	3.01555e-05	4.97148e-06	-9.75970e-01	-3.90386e-01	2.55521e-01	5.25831e-02	-2.86000e-02
-3.68886e-03	-1.63173e-04	3.05003e-05	5.89536e-06	-9.73031e-01	-3.89211e-01	2.60097e-01	5.17338e-02	-2.86000e-02
-3.71398e-03	-1.64252e-04	3.08768e-05	3.96548e-06	-9.70318e-01	-3.88126e-01	2.64638e-01	5.08862e-02	-2.86000e-02
-3.83763e-03	-1.69689e-04	3.20752e-05	1.11083e-06	-9.67311e-01	-3.86923e-01	2.69143e-01	5.00406e-02	-2.86000e-02
-3.99190e-03	-1.76469e-04	3.35803e-05	1.65207e-06	-9.62976e-01	-3.85189e-01	2.73610e-01	4.91971e-02	-2.86000e-02
-4.01841e-03	-1.77601e-04	3.40133e-05	7.74875e-06	-9.57426e-01	-3.82969e-01	2.78041e-01	4.83561e-02	-2.86000e-02
-3.92353e-03	-1.73372e-04	3.33926e-05	1.67538e-05	-9.52671e-01	-3.81067e-01	2.82434e-01	4.75177e-02	-2.86000e-02
-3.83523e-03	-1.69428e-04	3.28646e-05	2.29554e-05	-9.48658e-01	-3.79462e-01	2.86788e-01	4.66822e-02	-2.86000e-02
-3.79698e-03	-1.67720e-04	3.26287e-05	2.22415e-05	-9.44520e-01	-3.77806e-01	2.91104e-01	4.58497e-02	-2.86000e-02
-3.86084e-03	-1.70495e-04	3.34120e-05	1.60390e-05	-9.41389e-01	-3.76554e-01	2.95380e-01	4.50205e-02	-2.86000e-02
-4.07870e-03	-1.80092e-04	3.54199e-05	9.51822e-06	-9.37871e-01	-3.75147e-01	2.99616e-01	4.41948e-02	-2.86000e-02
-4.29349e-03	-1.89541e-04	3.74573e-05	5.19472e-06	-9.32527e-01	-3.73009e-01	3.03812e-01	4.33729e-02	-2.86000e-02
-4.37787e-03	-1.93226e-04	3.83987e-05	1.32638e-06	-9.27395e-01	-3.70956e-01	3.07967e-01	4.25548e-02	-2.86000e-02
-4.40192e-03	-1.94245e-04	3.88239e-05	-1.70343e-06	-9.22914e-01	-3.69164e-01	3.12081e-01	4.17409e-02	-2.86000e-02
-4.33415e-03	-1.91216e-04	3.84171e-05	-1.71332e-06	-9.17732e-01	-3.67091e-01	3.16152e-01	4.09313e-02	-2.86000e-02
-4.11075e-03	-1.81322e-04	3.66237e-05	8.15097e-07	-9.13582e-01	-3.65431e-01	3.20182e-01	4.01262e-02	-2.86000e-02
-3.94736e-03	-1.74068e-04	3.53996e-05	5.03979e-06	-9.11033e-01	-3.64411e-01	3.24169e-01	3.93259e-02	-2.86000e-02
-4.01351e-03	-1.76975e-04	3.60427e-05	9.80598e-06	-9.07095e-01	-3.62836e-01	3.28112e-01	3.85305e-02	-2.86000e-02
-4.11264e-03	-1.81306e-04	3.71310e-05	1.16380e-05	-9.01178e-01	-3.60470e-01	3.32012e-01	3.77402e-02	-2.86000e-02
-4.08606e-03	-1.80092e-04	3.70988e-05	1.07405e-05	-8.95049e-01	-3.58018e-01	3.35868e-01	3.69553e-02	-2.86000e-02
-4.02276e-03	-1.77275e-04	3.66540e-05	1.22260e-05	-8.89045e-01	-3.55616e-01	3.39680e-01	3.61759e-02	-2.86000e-02
-3.98173e-03	-1.75437e-04	3.64232e-05	1.88915e-05	-8.82585e-01	-3.53033e-01	3.43447e-01	3.54022e-02	-2.86000e-02
-3.92207e-03	-1.72769e-04	3.60672e-05	2.97739e-05	-8.75814e-01	-3.50324e-01	3.47169e-01	3.46344e-02	-2.86000e-02
-3.84609e-03	-1.69379e-04	3.55741e-05	4.36701e-05	-8.68943e-01	-3.47575e-01	3.50845e-01	3.38727e-02	-2.86000e-02
-3.75052e-03	-1.65136e-04	3.48549e-05	5.66473e-05	-8.62072e-01	-3.44827e-01	3.54476e-01	3.31172e-02	-2.86000e-02
-3.54167e-03	-1.55892e-04	3.31417e-05	6.16517e-05	-8.56179e-01	-3.42470e-01	3.58061e-01	3.23682e-02	-2.86000e-02
-3.18416e-03	-1.40105e-04	3.00346e-05	5.89614e-05	-8.52105e-01	-3.40840e-01	3.61599e-01	3.16257e-02	-2.86000e-02
-2.79324e-03	-1.22868e-04	2.65173e-05	5.80459e-05	-8.49643e-01	-3.39856e-01	3.65090e-01	3.08901e-02	-2.86000e-02
-2.49522e-03	-1.09742e-04	2.37648e-05	6.22738e-05	-8.47922e-01	-3.39167e-01	3.68535e-01	3.01614e-02	-2.86000e-02
-2.30829e-03	-1.01508e-04	2.20452e-05	6.54355e-05	-8.46269e-01	-3.38506e-01	3.71932e-01	2.94398e-02	-2.86000e-02
-2.19625e-03	-9.65674e-05	2.10366e-05	6.70458e-05	-8.44799e-01	-3.37918e-01	3.75281e-01	2.87256e-02	-2.86000e-02
-2.09600e-03	-9.21273e-05	2.02237e-05	7.18241e-05	-8.43388e-01	-3.37354e-01	3.78583e-01	2.80187e-02	-2.86000e-02
-1.87145e-03	-8.22237e-05	1.82138e-05	7.57159e-05	-8.41450e-01	-3.36579e-01	3.81837e-01	2.73194e-02	-2.86000e-02
-1.45932e-03	-6.40805e-05	1.43674e-05	7.27784e-05	-8.40176e-01	-3.36069e-01	3.85043e-01	2.66279e-02	-2.86000e-02
-1.04893e-03	-4.60247e-05	1.04868e-05	6.55561e-05	-8.41229e-01	-3.36490e-01	3.88200e-01	2.59443e-02	-2.86000e-02
-8.55672e-04	-3.75261e-05	8.64066e-06	5.89842e-05	-8.43207e-01	-3.37281e-01	3.91309e-01	2.52687e-02	-2.86000e-02
-7.84406e-04	-3.43854e-05	7.98925e-06	5.64086e-05	-8.44264e-01	-3.37704e-01	3.94369e-01	2.46013e-02	-2.86000e-02
-6.09477e-04	-2.66732e-05	6.40701e-06	6.00758e-05	-8.45438e-01	-3.38174e-01	3.97380e-01	2.39423e-02	-2.86000e-02
-2.57081e-04	-1.11400e-05	3.20573e-06	6.83396e-05	-8.47762e-01	-3.39101e-01	4.00342e-01	2.32916e-02	-2.86000e-02
2.37472e-04	1.06142e-05	-1.49206e-06	7.56102e-05	-8.50925e-01	-3.40375e-01	4.03255e-01	2.26496e-02	-2.86000e-02
7.14363e-04	3.15467e-05	-6.22500e-06	7.64902e-05	-8.55353e-01	-3.42143e-01	4.06118e-01	2.20162e-02	-2.86000e-02
9.44136e-04	4.16056e-05	-8.62657e-06	7.05293e-05	-8.60681e-01	-3.44274e-01	4.08933e-01	2.13917e-02	-2.86000e-02
9.18473e-04	4.04459e-05	-8.52321e-06	6.19004e-05	-8.66064e-01	-3.46427e-01	4.11698e-01	2.07760e-02	-2.86000e-02
8.12660e-04	3.57874e-05	-7.53754e-06	5.47498e-05	-8.72116e-01	-3.48848e-01	4.14414e-01	2.01695e-02	-2.86000e-02
7.16445e-04	3.15923e-05	-6.45957e-06	5.20144e-05	-8.78651e-01	-3.51462e-01	4.17080e-01	1.95720e-02	-2.86000e-02
6.75077e-04	2.98060e-05	-5.92035e-06	5.35943e-05	-8.83646e-01	-3.53460e-01	4.19696e-01	1.89838e-02	-2.86000e-02
8.48348e-04	3.74020e-05	-7.68277e-06	5.51114e-05	-8.86176e-01	-3.54472e-01	4.22264e-01	1.84050e-02	-2.86000e-02
1.33805e-03	5.88659e-05	-1.26774e-05	5.49859e-05	-8.88409e-01	-3.55365e-01	4.24782e-01	1.78356e-02	-2.86000e-02
1.97608e-03	8.68638e-05	-1.90408e-05	5.56365e-05	-8.93350e-01	-3.57341e-01	4.27250e-01	1.72757e-02	-2.86000e-02
2.45892e-03	1.08057e-04	-2.38335e-05	5.75742e-05	-9.01332e-01	-3.60534e-01	4.29669e-01	1.67253e-02	-2.86000e-02
2.60534e-03	1.14490e-04	-2.52620e-05	5.91640e-05	-9.10425e-01	-3.64171e-01	4.32039e-01	1.61847e-02	-2.86000e-02
2.53658e-03	1.11455e-04	-2.46535e-05	5.86455e-05	-9.18556e-01	-3.67424e-01	4.34360e-01	1.56537e-02	-2.86000e-02
2.52780e-03	1.11052e-04	-2.46474e-05	5.63118e-05	-9.25054e-01	-3.70023e-01	4.36632e-01	1.51326e-02	-2.86000e-02
2.61947e-03	1.15056e-04	-2.56458e-05	5.51372e-05	-9.30782e-01	-3.72314e-01	4.38854e-01	1.46213e-02	-2.86000e-02
2.68035e-03	1.17714e-04	-2.63092e-05	5.62285e-05	-9.36151e-01	-3.74462e-01	4.41029e-01	1.41198e-02	-2.86000e-02
2.75944e-03	1.21148e-04	-2.72617e-05	5.61618e-05	-9.40860e-01	-3.76345e-01	4.43154e-01	1.36284e-02	-2.86000e-02
2.94692e-03	1.29353e-04	-2.92252e-05	5.29074e-05	-9.45884e-01	-3.78355e-01	4.45231e-01	1.31468e-02	-2.86000e-02
3.13583e-03	1.37633e-04	-3.11545e-05	4.99050e-05	-9.51453e-01	-3.80582e-01	4.47260e-01	1.26753e-02	-2.86000e-02
3.24167e-03	1.42226e-04	-3.24300e-05	5.13909e-05	-9.56345e-01	-3.82540e-01	4.49241e-01	1.22138e-02	-2.86000e-02
3.27757e-03	1.43781e-04	-3.28798e-05	5.79398e-05	-9.60854e-01	-3.84343e-01	4.51175e-01	1.17624e-02	-2.86000e-02
3.23035e-03	1.41695e-04	-3.24713e-05	6.80602e-05	-9.65329e-01	-3.86133e-01	4.53061e-01	1.13210e-02	-2.86000e-02
3.15784e-03	1.38512e-04	-3.17522e-05	7.74494e-05	-9.68949e-01	-3.87581e-01	4.54900e-01	1.08896e-02	-2.86000e-02
3.17306e-03	1.39168e-04	-3.19582e-05	8.05583e-05	-9.71843e-01	-3.88739e-01	4.56692e-01	1.04683e-02	-2.86000e-02
3.22373e-03	1.41357e-04	-3.26114e-05	7.78239e-05	-9.74667e-01	-3.89868e-01	4.58437e-01	1.00570e-02	-2.86000e-02
3.17953e-03	1.39382e-04	-3.23179e-05	7.42177e-05	-9.77567e-01	-3.91029e-01	4.60137e-01	9.65580e-03	-2.86000e-02
3.06933e-03	1.34558e-04	-3.11714e-05	7.12504e-05	-9.80141e-01	-3.92058e-01	4.61791e-01	9.26454e-03	-2.86000e-02
2.99076e-03	1.31128e-04	-3.03155e-05	6.88391e-05	-9.81828e-01	-3.92733e-01	4.63400e-01	8.88324e-03	-2.86000e-02
2.93268e-03	1.28545e-04	-2.98828e-05	6.85929e-05	-9.82712e-01	-3.93086e-01	4.64963e-01	8.51186e-03	-2.86000e-02
2.83054e-03	1.24050e-04	-2.89178e-05	7.00234e-05	-9.83358e-01	-3.93345e-01	4.66483e-01	8.15036e-03	-2.86000e-02
2.69763e-03	1.18238e-04	-2.75051e-05	7.08542e-05	-9.83672e-01	-3.93470e-01	4.67958e-01	7.79867e-03	-2.86000e-02
2.57118e-03	1.12697e-04	-2.62123e-05	7.08389e-05	-9.83491e-01	-3.93398e-01	4.69390e-01	7.45674e-03	-2.86000e-02
2.45200e-03	1.07467e-04	-2.50245e-05	6.98156e-05	-9.82795e-01	-3.93120e-01	4.70778e-01	7.12450e-03	-2.86000e-02
2.31868e-03	1.01607e-04	-2.37372e-05	6.61003e-05	-9.81508e-01	-3.92604e-01	4.72125e-01	6.80186e-03	-2.86000e-02
2.18042e-03	9.55471e-05	-2.23250e-05	6.03218e-05	-9.79887e-01	-3.91956e-01	4.73429e-01	6.48875e-03	-2.86000e-02
2.06391e-03	9.04438e-05	-2.11237e-05	5.58400e-05	-9.78141e-01	-3.91257e-01	4.74693e-01	6.18507e-03	-2.86000e-02
1.95745e-03	8.57804e-05	-2.00279e-05	5.41990e-05	-9.76422e-01	-3.90570e-01	4.75915e-01	5.89072e-03	-2.86000e-02
1.83739e-03	8.05228e-05	-1.87848e-05	5.44697e-05	-9.74604e-01	-3.89843e-01	4.77098e-01	5.60559e-03	-2.86000e-02
1.71091e-03	7.49884e-05	-1.74578e-05	5.56951e-05	-9.72476e-01	-3.88991e-01	4.78241e-01	5.32956e-03	-2.86000e-02
1.62600e-03	7.12520e-05	-1.66540e-05	5.70333e-05	-9.69984e-01	-3.87995e-01	4.79345e-01	5.06251e-03	-2.86000e-02
1.60704e-03	7.04055e-05	-1.65241e-05	5.76334e-05	-9.67427e-01	-3.86972e-01	4.80412e-01	4.80431e-03	-2.86000e-02
1.61336e-03	7.06974e-05	-1.65274e-05	5.79384e-05	-9.65057e-01	-3.86024e-01	4.81441e-01	4.55482e-03	-2.86000e-02
1.59497e-03	6.98853e-05	-1.63662e-05	5.89034e-05	-9.62758e-01	-3.85104e-01	4.82433e-01	4.31389e-03	-2.86000e-02
1.55621e-03	6.81563e-05	-1.60950e-05	6.03826e-05	-9.60534e-01	-3.84215e-01	4.83390e-01	4.08136e-03	-2.86000e-02
1.51269e-03	6.62520e-05	-1.56378e-05	6.14640e-05	-9.58569e-01	-3.83429e-01	4.84312e-01	3.85706e-03	-2.86000e-02
1.45434e-03	6.37101e-05	-1.49795e-05	6.22724e-05	-9.56773e-01	-3.82710e-01	4.85200e-01	3.64083e-03	-2.86000e-02
1.37855e-03	6.03812e-05	-1.42363e-05	6.36494e-05	-9.55014e-01	-3.82007e-01	4.86054e-01	3.43249e-03	-2.86000e-02
1.28996e-03	5.64940e-05	-1.33489e-05	6.53017e-05	-9.53266e-01	-3.81308e-01	4.86876e-01	3.23184e-03	-2.86000e-02
1.19452e-03	5.23275e-05	-1.23078e-05	6.70388e-05	-9.51567e-01	-3.80628e-01	4.87666e-01	3.03869e-03	-2.86000e-02
1.08928e-03	4.77400e-05	-1.11315e-05	6.91704e-05	-9.49879e-01	-3.79953e-01	4.88426e-01	2.85284e-03	-2.86000e-02
9.70055e-04	4.25186e-05	-9.89745e-06	7.15394e-05	-9.48103e-01	-3.79243e-01	4.89156e-01	2.67407e-03	-2.86000e-02
8.41967e-04	3.69020e-05	-8.60045e-06	7.36057e-05	-9.46295e-01	-3.78520e-01	4.89858e-01	2.50216e-03	-2.86000e-02
7.19588e-04	3.15656e-05	-7.23987e-06	7.50305e-05	-9.44418e-01	-3.77769e-01	4.90532e-01	2.33688e-03	-2.86000e-02
6.25370e-04	2.74631e-05	-6.16804e-06	7.58151e-05	-9.42443e-01	-3.76979e-01	4.91179e-01	2.17800e-03	-2.86000e-02
5.75822e-04	2.52816e-05	-5.70234e-06	7.67065e-05	-9.40342e-01	-3.76139e-01	4.91801e-01	2.02527e-03	-2.86000e-02
5.59543e-04	2.45598e-05	-5.57037e-06	7.78876e-05	-9.38261e-01	-3.75307e-01	4.92398e-01	1.87844e-03	-2.86000e-02
5.46598e-04	2.40002e-05	-5.40697e-06	7.90349e-05	-9.36436e-01	-3.74577e-01	4.92972e-01	1.73724e-03	-2.86000e-02
5.41278e-04	2.37773e-05	-5.31108e-06	8.02293e-05	-9.34449e-01	-3.73782e-01	4.93524e-01	1.60140e-03	-2.86000e-02
5.32604e-04	2.33693e-05	-5.33581e-06	8.17032e-05	-9.32812e-01	-3.73128e-01	4.94055e-01	1.47066e-03	-2.86000e-02
5.27795e-04	2.31913e-05	-5.15396e-06	8.33718e-05	-9.30957e-01	-3.72385e-01	4.94566e-01	1.34472e-03	-2.86000e-02
5.25869e-04	2.30408e-05	-5.40236e-06	8.53241e-05	-9.29411e-01	-3.71767e-01	4.95058e-01	1.22329e-03	-2.86000e-02
5.22347e-04	2.29648e-05	-5.04923e-06	8.75440e-05	-9.27971e-01	-3.71192e-01	4.95533e-01	1.10607e-03	-2.86000e-02
5.26644e-04	2.30877e-05	-5.35860e-06	9.00492e-05	-9.26248e-01	-3.70502e-01	4.95992e-01	9.92743e-04	-2.86000e-02
5.33164e-04	2.34136e-05	-5.26296e-06	9.26246e-05	-9.25379e-01	-3.70155e-01	4.96436e-01	8.83001e-04	-2.86000e-02
5.49243e-04	2.41324e-05	-5.37066e-06	9.45568e-05	-9.23325e-01	-3.69333e-01	4.96866e-01	7.76514e-04	-2.86000e-02
5.66537e-04	2.47676e-05	-6.04353e-06	9.56291e-05	-9.22813e-01	-3.69129e-01	4.97285e-01	6.72948e-04	-2.86000e-02
5.47977e-04	2.41901e-05	-4.90067e-06	9.54094e-05	-9.21063e-01	-3.68429e-01	4.97693e-01	5.71962e-04	-2.86000e-02
5.73015e-04	2.48866e-05	-6.77552e-06	9.46494e-05	-9.19764e-01	-3.67909e-01	4.98092e-01	4.73204e-04	-2.86000e-02
4.13221e-04	1.86524e-05	-2.03782e-06	9.36392e-05	-9.20584e-01	-3.68238e-01	4.98483e-01	3.76317e-04	-2.86000e-02
3.37989e-04	1.47291e-05	-3.79495e-06	9.07627e-05	-9.16363e-01	-3.66550e-01	4.98868e-01	2.80935e-04	-2.86000e-02
-1.67785e-04	-6.84303e-06	3.77389e-06	9.09583e-05	-9.26143e-01	-3.70447e-01	4.99248e-01	1.86682e-04	-2.86000e-02
-1.31108e-03	-5.26392e-05	3.28352e-05	8.86161e-05	-9.23472e-01	-3.69387e-01	4.99625e-01	9.31749e-05	-2.86000e-02
-1.65595e-03	-9.65762e-05	-7.96882e-05	6.44726e-05	-9.26407e-01	-3.70560e-01	5.00000e-01	0.00000e+00	-2.86000e-02
