"Density"	"Momentum:0"	"Momentum:1"	"Momentum:2"	"StagnationEnergy"	"Pressure"	"Points:0"	"Points:1"	"Points:2"
1.61344e-02	-4.68050e-04	8.82655e-04	6.38383e-04	-1.55014e-01	-6.20231e-02	-5.08817e-01	0.00000e+00	2.09000e-01
1.73857e-03	1.32737e-04	8.90166e-05	1.40049e-04	-3.79806e-01	-1.51927e-01	-5.08764e-01	2.24939e-03	2.09000e-01
6.01435e-03	1.44557e-04	3.16713e-04	1.54079e-04	-2.97766e-01	-1.19111e-01	-5.08606e-01	4.49384e-03	2.09000e-01
1.15583e-02	1.84497e-04	6.10990e-04	1.64893e-04	-3.64377e-01	-1.45758e-01	-5.08342e-01	6.72827e-03	2.09000e-01
1.31381e-02	2.42358e-04	6.82061e-04	1.43880e-04	-3.78194e-01	-1.51286e-01	-5.07972e-01	8.94764e-03	2.09000e-01
1.52600e-02	2.70350e-04	7.87035e-04	1.36957e-04	-4.32042e-01	-1.72826e-01	-5.07498e-01	1.11470e-02	2.09000e-01
1.68138e-02	3.25846e-04	8.52457e-04	1.08315e-04	-5.01174e-01	-2.00480e-01	-5.06921e-01	1.33218e-02	2.09000e-01
1.76259e-02	3.55647e-04	8.81886e-04	9.10098e-05	-5.45489e-01	-2.18206e-01	-5.06244e-01	1.54678e-02	2.09000e-01
1.81963e-02	3.90517e-04	8.94952e-04	6.48546e-05	-6.17402e-01	-2.46971e-01	-5.05472e-01	1.75811e-02	2.09000e-01
1.82969e-02	4.14691e-04	8.84376e-04	4.39511e-05	-6.64044e-01	-2.65628e-01	-5.04652e-01	1.95590e-02	2.09000e-01
1.81635e-02	4.29355e-04	8.64206e-04	2.64311e-05	-7.09519e-01	-2.83818e-01	-5.03825e-01	2.13542e-02	2.09000e-01
1.78647e-02	4.41720e-04	8.35216e-04	8.98077e-06	-7.50370e-01	-3.00158e-01	-5.02984e-01	2.30240e-02	2.09000e-01
1.73936e-02	4.44800e-04	8.00653e-04	-3.59890e-06	-7.79295e-01	-3.11727e-01	-5.02121e-01	2.46064e-02	2.09000e-01
1.68773e-02	4.47005e-04	7.63731e-04	-1.70133e-05	-8.09945e-01	-3.23987e-01	-5.01229e-01	2.61281e-02	2.09000e-01
1.62135e-02	4.42160e-04	7.21950e-04	-2.74722e-05	-8.31174e-01	-3.32479e-01	-5.00304e-01	2.76087e-02	2.09000e-01
1.55026e-02	4.34646e-04	6.78923e-04	-3.77012e-05	-8.50758e-01	-3.40312e-01	-4.99338e-01	2.90630e-02	2.09000e-01
1.46953e-02	4.22362e-04	6.33110e-04	-4.69147e-05	-8.65727e-01	-3.46299e-01	-4.98325e-01	3.05022e-02	2.09000e-01
1.37944e-02	4.05277e-04	5.84873e-04	-5.52972e-05	-8.76131e-01	-3.50460e-01	-4.97259e-01	3.19348e-02	2.09000e-01
1.28255e-02	3.84169e-04	5.35463e-04	-6.37177e-05	-8.83528e-01	-3.53418e-01	-4.96136e-01	3.33674e-02	2.09000e-01
1.17679e-02	3.58061e-04	4.84498e-04	-7.17868e-05	-8.86147e-01	-3.54465e-01	-4.94949e-01	3.48051e-02	2.09000e-01
1.06300e-02	3.27332e-04	4.32418e-04	-7.99207e-05	-8.85147e-01	-3.54064e-01	-4.93693e-01	3.62516e-02	2.09000e-01
9.41703e-03	2.91915e-04	3.79860e-04	-8.82548e-05	-8.80203e-01	-3.52086e-01	-4.92364e-01	3.77096e-02	2.09000e-01
8.13675e-03	2.52005e-04	3.27410e-04	-9.70863e-05	-8.71200e-01	-3.48484e-01	-4.90957e-01	3.91809e-02	2.09000e-01
6.82983e-03	2.09115e-04	2.76683e-04	-1.06428e-04	-8.58975e-01	-3.43594e-01	-4.89466e-01	4.06668e-02	2.09000e-01
5.53648e-03	1.65068e-04	2.28862e-04	-1.15336e-04	-8.43736e-01	-3.37498e-01	-4.87889e-01	4.21679e-02	2.09000e-01
4.32579e-03	1.22637e-04	1.86121e-04	-1.23430e-04	-8.26586e-01	-3.30637e-01	-4.86221e-01	4.36842e-02	2.09000e-01
3.29761e-03	8.59778e-05	1.51251e-04	-1.30181e-04	-8.08817e-01	-3.23530e-01	-4.84457e-01	4.52154e-02	2.09000e-01
2.51123e-03	5.85721e-05	1.24511e-04	-1.32072e-04	-7.91849e-01	-3.16742e-01	-4.82595e-01	4.67610e-02	2.09000e-01
1.83882e-03	3.71423e-05	9.95612e-05	-1.23912e-04	-7.77451e-01	-3.10983e-01	-4.80630e-01	4.83200e-02	2.09000e-01
1.06891e-03	1.37794e-05	6.92324e-05	-1.05775e-04	-7.66261e-01	-3.06507e-01	-4.78559e-01	4.98913e-02	2.09000e-01
2.43933e-04	-1.13665e-05	3.65510e-05	-8.37922e-05	-7.58028e-01	-3.03218e-01	-4.76379e-01	5.14735e-02	2.09000e-01
-3.54272e-04	-2.88586e-05	1.18529e-05	-6.34224e-05	-7.52368e-01	-3.00944e-01	-4.74088e-01	5.30652e-02	2.09000e-01
-5.62476e-04	-3.28368e-05	5.67138e-07	-4.74194e-05	-7.49052e-01	-2.99620e-01	-4.71681e-01	5.46647e-02	2.09000e-01
-4.32674e-04	-2.51495e-05	9.26404e-07	-3.75135e-05	-7.47949e-01	-2.99179e-01	-4.69157e-01	5.62703e-02	2.09000e-01
-8.23584e-05	-9.60798e-06	8.39461e-06	-3.29335e-05	-7.48972e-01	-2.99586e-01	-4.66513e-01	5.78802e-02	2.09000e-01
3.65008e-04	9.83390e-06	1.80347e-05	-2.99241e-05	-7.52095e-01	-3.00839e-01	-4.63747e-01	5.94926e-02	2.09000e-01
7.85436e-04	2.85305e-05	2.59669e-05	-2.59740e-05	-7.56886e-01	-3.02755e-01	-4.60857e-01	6.11054e-02	2.09000e-01
1.08511e-03	4.21655e-05	3.07729e-05	-2.25529e-05	-7.62985e-01	-3.05195e-01	-4.57841e-01	6.27166e-02	2.09000e-01
1.22781e-03	4.85262e-05	3.31599e-05	-2.36425e-05	-7.70310e-01	-3.08125e-01	-4.54696e-01	6.43244e-02	2.09000e-01
1.20214e-03	4.68013e-05	3.38982e-05	-3.18778e-05	-7.78636e-01	-3.11455e-01	-4.51422e-01	6.59266e-02	2.09000e-01
1.04971e-03	3.90429e-05	3.36333e-05	-4.54703e-05	-7.87643e-01	-3.15058e-01	-4.48018e-01	6.75213e-02	2.09000e-01
9.12581e-04	3.21909e-05	3.34771e-05	-5.78466e-05	-7.95802e-01	-3.18322e-01	-4.44480e-01	6.91063e-02	2.09000e-01
9.25692e-04	3.27467e-05	3.42138e-05	-6.36642e-05	-8.01909e-01	-3.20765e-01	-4.40809e-01	7.06796e-02	2.09000e-01
9.59377e-04	3.49190e-05	3.35616e-05	-6.32117e-05	-8.08437e-01	-3.23376e-01	-4.37004e-01	7.22391e-02	2.09000e-01
7.46873e-04	2.65468e-05	2.81852e-05	-6.02703e-05	-8.16647e-01	-3.26660e-01	-4.33064e-01	7.37829e-02	2.09000e-01
3.82444e-04	1.13024e-05	2.09619e-05	-5.83573e-05	-8.23481e-01	-3.29395e-01	-4.28987e-01	7.53090e-02	2.09000e-01
2.01454e-04	3.90512e-06	1.72185e-05	-5.69300e-05	-8.28692e-01	-3.31480e-01	-4.24774e-01	7.68152e-02	2.09000e-01
1.97448e-04	4.53581e-06	1.53601e-05	-5.19218e-05	-8.35120e-01	-3.34051e-01	-4.20425e-01	7.82997e-02	2.09000e-01
1.75743e-04	4.62443e-06	1.23152e-05	-4.18882e-05	-8.42789e-01	-3.37118e-01	-4.15938e-01	7.97605e-02	2.09000e-01
1.37800e-04	3.93038e-06	8.99557e-06	-3.06976e-05	-8.50445e-01	-3.40180e-01	-4.11314e-01	8.11957e-02	2.09000e-01
1.94664e-04	7.14885e-06	7.62792e-06	-2.21711e-05	-8.58000e-01	-3.43201e-01	-4.06553e-01	8.26034e-02	2.09000e-01
2.44405e-04	9.79712e-06	6.84854e-06	-1.71643e-05	-8.66680e-01	-3.46672e-01	-4.01655e-01	8.39818e-02	2.09000e-01
9.37661e-06	-5.58591e-07	3.85043e-06	-1.74175e-05	-8.76810e-01	-3.50731e-01	-3.96620e-01	8.53290e-02	2.09000e-01
-4.20824e-04	-1.99631e-05	1.94461e-07	-2.38698e-05	-8.84030e-01	-3.53612e-01	-3.91448e-01	8.66435e-02	2.09000e-01
-5.80532e-04	-2.73745e-05	8.12990e-08	-3.17682e-05	-8.87639e-01	-3.55055e-01	-3.86141e-01	8.79233e-02	2.09000e-01
-4.11258e-04	-1.98705e-05	2.55753e-06	-3.47126e-05	-8.95030e-01	-3.58011e-01	-3.80699e-01	8.91669e-02	2.09000e-01
-4.07122e-04	-1.94840e-05	2.12674e-06	-3.18837e-05	-9.07570e-01	-3.63027e-01	-3.75123e-01	9.03728e-02	2.09000e-01
-8.05301e-04	-3.71094e-05	-2.09910e-06	-2.81451e-05	-9.18147e-01	-3.67258e-01	-3.69414e-01	9.15392e-02	2.09000e-01
-1.30921e-03	-5.96904e-05	-6.00028e-06	-2.83985e-05	-9.23348e-01	-3.69339e-01	-3.63572e-01	9.26649e-02	2.09000e-01
-1.65271e-03	-7.52151e-05	-7.53598e-06	-3.21621e-05	-9.25416e-01	-3.70166e-01	-3.57599e-01	9.37483e-02	2.09000e-01
-1.85913e-03	-8.44565e-05	-8.53040e-06	-3.16946e-05	-9.26433e-01	-3.70572e-01	-3.51496e-01	9.47882e-02	2.09000e-01
-2.04867e-03	-9.26766e-05	-1.10177e-05	-2.00256e-05	-9.27478e-01	-3.70990e-01	-3.45264e-01	9.57832e-02	2.09000e-01
-2.28911e-03	-1.03154e-04	-1.42507e-05	-3.04282e-06	-9.28856e-01	-3.71541e-01	-3.38906e-01	9.67320e-02	2.09000e-01
-2.53187e-03	-1.14005e-04	-1.57356e-05	4.12362e-06	-9.28204e-01	-3.71281e-01	-3.32422e-01	9.76337e-02	2.09000e-01
-2.63601e-03	-1.18866e-04	-1.43649e-05	-2.17392e-06	-9.24113e-01	-3.69644e-01	-3.25815e-01	9.84871e-02	2.09000e-01
-2.56243e-03	-1.15712e-04	-1.18568e-05	-8.85137e-06	-9.19049e-01	-3.67618e-01	-3.19085e-01	9.92912e-02	2.09000e-01
-2.46795e-03	-1.11469e-04	-1.04263e-05	-8.10182e-06	-9.15450e-01	-3.66179e-01	-3.12236e-01	1.00045e-01	2.09000e-01
-2.50679e-03	-1.13198e-04	-1.00666e-05	-4.78078e-06	-9.12430e-01	-3.64971e-01	-3.05268e-01	1.00748e-01	2.09000e-01
-2.64506e-03	-1.19406e-04	-1.02239e-05	-3.46536e-07	-9.08475e-01	-3.63389e-01	-2.98184e-01	1.01399e-01	2.09000e-01
-2.78182e-03	-1.25521e-04	-1.06926e-05	9.31946e-06	-9.04725e-01	-3.61889e-01	-2.90987e-01	1.01998e-01	2.09000e-01
-2.87012e-03	-1.29438e-04	-1.12445e-05	2.26269e-05	-9.00469e-01	-3.60187e-01	-2.83678e-01	1.02544e-01	2.09000e-01
-2.84218e-03	-1.28135e-04	-1.12352e-05	3.33065e-05	-8.93403e-01	-3.57360e-01	-2.76259e-01	1.03036e-01	2.09000e-01
-2.67998e-03	-1.20828e-04	-1.00667e-05	3.70036e-05	-8.85967e-01	-3.54386e-01	-2.68734e-01	1.03474e-01	2.09000e-01
-2.58297e-03	-1.16501e-04	-8.35746e-06	3.23807e-05	-8.80922e-01	-3.52368e-01	-2.61105e-01	1.03858e-01	2.09000e-01
-2.68441e-03	-1.21131e-04	-6.80438e-06	2.47298e-05	-8.76523e-01	-3.50608e-01	-2.53374e-01	1.04187e-01	2.09000e-01
-2.80602e-03	-1.26638e-04	-5.77125e-06	2.26284e-05	-8.70002e-01	-3.48000e-01	-2.45543e-01	1.04461e-01	2.09000e-01
-2.80316e-03	-1.26506e-04	-4.90690e-06	2.41407e-05	-8.61801e-01	-3.44719e-01	-2.37617e-01	1.04681e-01	2.09000e-01
-2.78309e-03	-1.25604e-04	-3.46396e-06	1.88673e-05	-8.53327e-01	-3.41330e-01	-2.29597e-01	1.04846e-01	2.09000e-01
-2.77141e-03	-1.25074e-04	-1.57583e-06	6.58347e-06	-8.43344e-01	-3.37337e-01	-2.21486e-01	1.04956e-01	2.09000e-01
-2.61110e-03	-1.17819e-04	-1.85232e-07	-1.08935e-06	-8.32582e-01	-3.33032e-01	-2.13287e-01	1.05011e-01	2.09000e-01
-2.33898e-03	-1.05516e-04	4.35659e-07	-1.17437e-07	-8.25516e-01	-3.30205e-01	-2.05004e-01	1.05012e-01	2.09000e-01
-2.21446e-03	-9.98729e-05	9.68751e-07	1.70904e-06	-8.22190e-01	-3.28875e-01	-1.96638e-01	1.04959e-01	2.09000e-01
-2.33913e-03	-1.05466e-04	1.71127e-06	6.21241e-07	-8.18485e-01	-3.27393e-01	-1.88195e-01	1.04852e-01	2.09000e-01
-2.59218e-03	-1.16840e-04	2.63161e-06	-2.44413e-08	-8.13641e-01	-3.25455e-01	-1.79676e-01	1.04691e-01	2.09000e-01
-2.88307e-03	-1.29911e-04	3.69323e-06	4.15668e-07	-8.08268e-01	-3.23306e-01	-1.71084e-01	1.04478e-01	2.09000e-01
-3.18813e-03	-1.43608e-04	4.95013e-06	-2.96209e-07	-8.01167e-01	-3.20465e-01	-1.62424e-01	1.04213e-01	2.09000e-01
-3.44789e-03	-1.55251e-04	6.32093e-06	-2.31527e-06	-7.91646e-01	-3.16657e-01	-1.53698e-01	1.03896e-01	2.09000e-01
-3.59031e-03	-1.61602e-04	7.52451e-06	-4.07044e-06	-7.80129e-01	-3.12050e-01	-1.44910e-01	1.03528e-01	2.09000e-01
-3.60101e-03	-1.62023e-04	8.38545e-06	-4.03188e-06	-7.67562e-01	-3.07023e-01	-1.36063e-01	1.03110e-01	2.09000e-01
-3.53373e-03	-1.58939e-04	8.95682e-06	-2.10302e-06	-7.54645e-01	-3.01856e-01	-1.27161e-01	1.02643e-01	2.09000e-01
-3.45631e-03	-1.55404e-04	9.41015e-06	4.46452e-07	-7.41238e-01	-2.96494e-01	-1.18207e-01	1.02127e-01	2.09000e-01
-3.38689e-03	-1.52229e-04	9.86314e-06	2.88942e-06	-7.27364e-01	-2.90944e-01	-1.09204e-01	1.01564e-01	2.09000e-01
-3.26113e-03	-1.46524e-04	1.00998e-05	5.87592e-06	-7.13182e-01	-2.85272e-01	-1.00157e-01	1.00954e-01	2.09000e-01
-3.03288e-03	-1.36225e-04	9.85867e-06	1.00291e-05	-6.99345e-01	-2.79737e-01	-9.10685e-02	1.00299e-01	2.09000e-01
-2.77777e-03	-1.24728e-04	9.44448e-06	1.35659e-05	-6.87303e-01	-2.74920e-01	-8.19424e-02	9.95989e-02	2.09000e-01
-2.61375e-03	-1.17316e-04	9.39084e-06	1.33129e-05	-6.76835e-01	-2.70733e-01	-7.27824e-02	9.88559e-02	2.09000e-01
-2.57203e-03	-1.15387e-04	9.84116e-06	9.49302e-06	-6.66594e-01	-2.66637e-01	-6.35922e-02	9.80707e-02	2.09000e-01
-2.62019e-03	-1.17486e-04	1.06567e-05	5.87889e-06	-6.56231e-01	-2.62491e-01	-5.43755e-02	9.72445e-02	2.09000e-01
-2.71238e-03	-1.21564e-04	1.15631e-05	5.13354e-06	-6.45146e-01	-2.58057e-01	-4.51358e-02	9.63784e-02	2.09000e-01
-2.78171e-03	-1.24624e-04	1.22916e-05	6.86693e-06	-6.33247e-01	-2.53298e-01	-3.58771e-02	9.54738e-02	2.09000e-01
-2.79314e-03	-1.25090e-04	1.27531e-05	8.88921e-06	-6.21789e-01	-2.48714e-01	-2.66030e-02	9.45319e-02	2.09000e-01
-2.75204e-03	-1.23201e-04	1.29966e-05	9.91703e-06	-6.10613e-01	-2.44244e-01	-1.73173e-02	9.35538e-02	2.09000e-01
-2.64346e-03	-1.18293e-04	1.28826e-05	1.08049e-05	-5.98768e-01	-2.39506e-01	-8.02372e-03	9.25411e-02	2.09000e-01
-2.44801e-03	-1.09505e-04	1.22774e-05	1.20311e-05	-5.87223e-01	-2.34888e-01	1.27394e-03	9.14948e-02	2.09000e-01
-2.19300e-03	-9.80611e-05	1.12986e-05	1.28472e-05	-5.77233e-01	-2.30892e-01	1.05719e-02	9.04164e-02	2.09000e-01
-1.92900e-03	-8.62250e-05	1.01891e-05	1.32374e-05	-5.68821e-01	-2.27528e-01	1.98664e-02	8.93072e-02	2.09000e-01
-1.69772e-03	-7.58591e-05	9.18626e-06	1.32658e-05	-5.62022e-01	-2.24808e-01	2.91537e-02	8.81685e-02	2.09000e-01
-1.52265e-03	-6.80086e-05	8.45675e-06	1.23440e-05	-5.56714e-01	-2.22685e-01	3.84299e-02	8.70017e-02	2.09000e-01
-1.38236e-03	-6.17164e-05	7.87609e-06	1.07780e-05	-5.52294e-01	-2.20917e-01	4.76914e-02	8.58081e-02	2.09000e-01
-1.24515e-03	-5.55695e-05	7.25168e-06	9.72070e-06	-5.48929e-01	-2.19571e-01	5.69343e-02	8.45890e-02	2.09000e-01
-1.12543e-03	-5.02079e-05	6.68725e-06	9.90972e-06	-5.46732e-01	-2.18692e-01	6.61550e-02	8.33458e-02	2.09000e-01
-1.05156e-03	-4.68972e-05	6.35798e-06	1.12996e-05	-5.44616e-01	-2.17846e-01	7.53496e-02	8.20799e-02	2.09000e-01
-1.01689e-03	-4.53354e-05	6.25882e-06	1.23373e-05	-5.42186e-01	-2.16874e-01	8.45145e-02	8.07926e-02	2.09000e-01
-9.89123e-04	-4.40767e-05	6.23283e-06	1.12515e-05	-5.39632e-01	-2.15852e-01	9.36460e-02	7.94853e-02	2.09000e-01
-9.35559e-04	-4.16657e-05	6.05923e-06	8.94487e-06	-5.36261e-01	-2.14504e-01	1.02740e-01	7.81592e-02	2.09000e-01
-8.66434e-04	-3.85733e-05	5.70420e-06	7.27829e-06	-5.32910e-01	-2.13164e-01	1.11794e-01	7.68156e-02	2.09000e-01
-8.26839e-04	-3.67963e-05	5.53674e-06	6.21560e-06	-5.31086e-01	-2.12434e-01	1.20803e-01	7.54560e-02	2.09000e-01
-7.84588e-04	-3.49028e-05	5.33894e-06	5.90652e-06	-5.29650e-01	-2.11860e-01	1.29764e-01	7.40816e-02	2.09000e-01
-6.65904e-04	-2.96171e-05	4.56987e-06	6.63764e-06	-5.28435e-01	-2.11374e-01	1.38674e-01	7.26937e-02	2.09000e-01
-5.16308e-04	-2.29531e-05	3.60912e-06	6.30062e-06	-5.28661e-01	-2.11464e-01	1.47528e-01	7.12936e-02	2.09000e-01
-4.30886e-04	-1.91462e-05	3.07001e-06	3.27943e-06	-5.29158e-01	-2.11663e-01	1.56324e-01	6.98826e-02	2.09000e-01
-3.98617e-04	-1.77001e-05	2.91492e-06	-4.26512e-07	-5.29107e-01	-2.11643e-01	1.65058e-01	6.84619e-02	2.09000e-01
-3.69716e-04	-1.64074e-05	2.75982e-06	-2.42111e-06	-5.29224e-01	-2.11689e-01	1.73726e-01	6.70328e-02	2.09000e-01
-3.49276e-04	-1.54952e-05	2.63705e-06	-2.75291e-06	-5.29579e-01	-2.11831e-01	1.82325e-01	6.55964e-02	2.09000e-01
-3.59782e-04	-1.59567e-05	2.74292e-06	-2.41206e-06	-5.30235e-01	-2.12094e-01	1.90852e-01	6.41541e-02	2.09000e-01
-4.01656e-04	-1.78096e-05	3.08607e-06	-1.56410e-06	-5.31367e-01	-2.12547e-01	1.99303e-01	6.27071e-02	2.09000e-01
-4.55886e-04	-2.02096e-05	3.52862e-06	6.41779e-08	-5.32757e-01	-2.13102e-01	2.07676e-01	6.12565e-02	2.09000e-01
-4.99257e-04	-2.21271e-05	3.89369e-06	1.99009e-06	-5.34273e-01	-2.13709e-01	2.15967e-01	5.98035e-02	2.09000e-01
-5.28952e-04	-2.34363e-05	4.16389e-06	3.30846e-06	-5.35893e-01	-2.14357e-01	2.24172e-01	5.83493e-02	2.09000e-01
-5.65964e-04	-2.50681e-05	4.49991e-06	3.81927e-06	-5.37534e-01	-2.15013e-01	2.32289e-01	5.68950e-02	2.09000e-01
-6.29581e-04	-2.78761e-05	5.05993e-06	3.80502e-06	-5.39140e-01	-2.15656e-01	2.40315e-01	5.54418e-02	2.09000e-01
-7.11399e-04	-3.14870e-05	5.78135e-06	3.63012e-06	-5.40520e-01	-2.16208e-01	2.48247e-01	5.39908e-02	2.09000e-01
-7.81866e-04	-3.45939e-05	6.41932e-06	3.67653e-06	-5.41589e-01	-2.16635e-01	2.56082e-01	5.25432e-02	2.09000e-01
-8.29585e-04	-3.66929e-05	6.87682e-06	3.89545e-06	-5.42590e-01	-2.17036e-01	2.63817e-01	5.10999e-02	2.09000e-01
-8.65448e-04	-3.82667e-05	7.23947e-06	3.96536e-06	-5.43693e-01	-2.17477e-01	2.71449e-01	4.96622e-02	2.09000e-01
-8.99066e-04	-3.97406e-05	7.58686e-06	3.57036e-06	-5.44769e-01	-2.17907e-01	2.78976e-01	4.82310e-02	2.09000e-01
-9.28788e-04	-4.10407e-05	7.90835e-06	2.75403e-06	-5.45742e-01	-2.18297e-01	2.86395e-01	4.68075e-02	2.09000e-01
-9.53492e-04	-4.21174e-05	8.19556e-06	1.93188e-06	-5.46749e-01	-2.18699e-01	2.93704e-01	4.53926e-02	2.09000e-01
-9.89580e-04	-4.36966e-05	8.58204e-06	1.24950e-06	-5.47687e-01	-2.19074e-01	3.00899e-01	4.39875e-02	2.09000e-01
-1.05151e-03	-4.64166e-05	9.19204e-06	9.11732e-07	-5.48413e-01	-2.19365e-01	3.07979e-01	4.25930e-02	2.09000e-01
-1.14146e-03	-5.03728e-05	1.00522e-05	1.23400e-06	-5.49043e-01	-2.19617e-01	3.14942e-01	4.12103e-02	2.09000e-01
-1.25168e-03	-5.52196e-05	1.11073e-05	2.11172e-06	-5.49527e-01	-2.19810e-01	3.21785e-01	3.98402e-02	2.09000e-01
-1.35208e-03	-5.96304e-05	1.20907e-05	3.01654e-06	-5.49619e-01	-2.19847e-01	3.28506e-01	3.84839e-02	2.09000e-01
-1.41254e-03	-6.22782e-05	1.27234e-05	3.32101e-06	-5.49431e-01	-2.19772e-01	3.35103e-01	3.71420e-02	2.09000e-01
-1.44443e-03	-6.36638e-05	1.31084e-05	3.14583e-06	-5.49283e-01	-2.19713e-01	3.41574e-01	3.58158e-02	2.09000e-01
-1.48644e-03	-6.54955e-05	1.35876e-05	3.48896e-06	-5.49116e-01	-2.19646e-01	3.47917e-01	3.45059e-02	2.09000e-01
-1.55863e-03	-6.86564e-05	1.43425e-05	4.96219e-06	-5.48764e-01	-2.19505e-01	3.54132e-01	3.32134e-02	2.09000e-01
-1.64588e-03	-7.24786e-05	1.52466e-05	6.96719e-06	-5.48156e-01	-2.19262e-01	3.60215e-01	3.19391e-02	2.09000e-01
-1.72345e-03	-7.58722e-05	1.60708e-05	7.99692e-06	-5.47209e-01	-2.18883e-01	3.66165e-01	3.06838e-02	2.09000e-01
-1.78506e-03	-7.85595e-05	1.67611e-05	7.30596e-06	-5.45933e-01	-2.18372e-01	3.71982e-01	2.94483e-02	2.09000e-01
-1.83298e-03	-8.06446e-05	1.73230e-05	5.94753e-06	-5.44409e-01	-2.17763e-01	3.77663e-01	2.82335e-02	2.09000e-01
-1.86402e-03	-8.19856e-05	1.77315e-05	5.07213e-06	-5.42665e-01	-2.17065e-01	3.83208e-01	2.70402e-02	2.09000e-01
-1.88056e-03	-8.26862e-05	1.80121e-05	4.29663e-06	-5.40920e-01	-2.16367e-01	3.88615e-01	2.58690e-02	2.09000e-01
-1.90024e-03	-8.35268e-05	1.83128e-05	2.73156e-06	-5.39371e-01	-2.15748e-01	3.93884e-01	2.47207e-02	2.09000e-01
-1.93725e-03	-8.51311e-05	1.87716e-05	8.67223e-07	-5.37754e-01	-2.15101e-01	3.99013e-01	2.35960e-02	2.09000e-01
-1.99149e-03	-8.74899e-05	1.94092e-05	1.91493e-07	-5.35866e-01	-2.14346e-01	4.04002e-01	2.24956e-02	2.09000e-01
-2.05441e-03	-9.02281e-05	2.01396e-05	1.31832e-06	-5.33845e-01	-2.13537e-01	4.08851e-01	2.14200e-02	2.09000e-01
-2.10754e-03	-9.25390e-05	2.07608e-05	3.82203e-06	-5.31636e-01	-2.12654e-01	4.13558e-01	2.03699e-02	2.09000e-01
-2.12227e-03	-9.31644e-05	2.10006e-05	6.96895e-06	-5.29233e-01	-2.11692e-01	4.18124e-01	1.93458e-02	2.09000e-01
-2.09733e-03	-9.20456e-05	2.08611e-05	9.09093e-06	-5.27015e-01	-2.10805e-01	4.22548e-01	1.83482e-02	2.09000e-01
-2.08097e-03	-9.13054e-05	2.07967e-05	8.54381e-06	-5.24893e-01	-2.09956e-01	4.26830e-01	1.73777e-02	2.09000e-01
-2.10068e-03	-9.21499e-05	2.10822e-05	6.44173e-06	-5.22548e-01	-2.09018e-01	4.30970e-01	1.64346e-02	2.09000e-01
-2.12856e-03	-9.33456e-05	2.14794e-05	5.35058e-06	-5.20099e-01	-2.08039e-01	4.34969e-01	1.55194e-02	2.09000e-01
-2.14053e-03	-9.38451e-05	2.17115e-05	5.56192e-06	-5.17549e-01	-2.07019e-01	4.38827e-01	1.46323e-02	2.09000e-01
-2.13946e-03	-9.37782e-05	2.17877e-05	4.97596e-06	-5.14896e-01	-2.05958e-01	4.42544e-01	1.37738e-02	2.09000e-01
-2.11336e-03	-9.26123e-05	2.16142e-05	2.66791e-06	-5.12295e-01	-2.04917e-01	4.46120e-01	1.29441e-02	2.09000e-01
-2.04310e-03	-8.95184e-05	2.09608e-05	1.29727e-07	-5.10091e-01	-2.04036e-01	4.49557e-01	1.21433e-02	2.09000e-01
-1.99341e-03	-8.73278e-05	2.05076e-05	-1.73864e-06	-5.08533e-01	-2.03412e-01	4.52856e-01	1.13717e-02	2.09000e-01
-2.04170e-03	-8.94317e-05	2.10538e-05	-3.47100e-06	-5.06701e-01	-2.02680e-01	4.56018e-01	1.06294e-02	2.09000e-01
-2.13263e-03	-9.33955e-05	2.20731e-05	-5.12660e-06	-5.04112e-01	-2.01644e-01	4.59043e-01	9.91641e-03	2.09000e-01
-2.19320e-03	-9.60127e-05	2.28490e-05	-6.34100e-06	-5.01720e-01	-2.00687e-01	4.61933e-01	9.23274e-03	2.09000e-01
-2.22952e-03	-9.75846e-05	2.33033e-05	-6.24782e-06	-4.99465e-01	-1.99785e-01	4.64690e-01	8.57835e-03	2.09000e-01
-2.23443e-03	-9.77995e-05	2.33541e-05	-4.59250e-06	-4.96959e-01	-1.98783e-01	4.67316e-01	7.95314e-03	2.09000e-01
-2.21688e-03	-9.70151e-05	2.32386e-05	-3.83862e-06	-4.94778e-01	-1.97910e-01	4.69812e-01	7.35696e-03	2.09000e-01
-2.21833e-03	-9.70481e-05	2.33818e-05	-5.41078e-06	-4.92637e-01	-1.97054e-01	4.72180e-01	6.78958e-03	2.09000e-01
-2.21547e-03	-9.69095e-05	2.34064e-05	-7.04115e-06	-4.90268e-01	-1.96106e-01	4.74423e-01	6.25073e-03	2.09000e-01
-2.18600e-03	-9.56013e-05	2.31753e-05	-7.77513e-06	-4.88245e-01	-1.95297e-01	4.76543e-01	5.74007e-03	2.09000e-01
-2.14821e-03	-9.39385e-05	2.28152e-05	-9.28427e-06	-4.86380e-01	-1.94551e-01	4.78543e-01	5.25721e-03	2.09000e-01
-2.11018e-03	-9.22636e-05	2.24614e-05	-1.21497e-05	-4.84711e-01	-1.93884e-01	4.80425e-01	4.80170e-03	2.09000e-01
-2.11044e-03	-9.22596e-05	2.25272e-05	-1.57180e-05	-4.83187e-01	-1.93274e-01	4.82192e-01	4.37301e-03	2.09000e-01
-2.15804e-03	-9.43369e-05	2.30487e-05	-1.90293e-05	-4.81130e-01	-1.92451e-01	4.83847e-01	3.97057e-03	2.09000e-01
-2.18711e-03	-9.56022e-05	2.33810e-05	-2.10627e-05	-4.78834e-01	-1.91533e-01	4.85394e-01	3.59374e-03	2.09000e-01
-2.17892e-03	-9.52178e-05	2.34017e-05	-2.19285e-05	-4.76837e-01	-1.90734e-01	4.86836e-01	3.24183e-03	2.09000e-01
-2.16830e-03	-9.47300e-05	2.33843e-05	-2.19617e-05	-4.75051e-01	-1.90020e-01	4.88177e-01	2.91406e-03	2.09000e-01
-2.14884e-03	-9.38664e-05	2.32300e-05	-2.07554e-05	-4.73351e-01	-1.89339e-01	4.89420e-01	2.60962e-03	2.09000e-01
-2.08675e-03	-9.11505e-05	2.25739e-05	-1.84174e-05	-4.71674e-01	-1.88669e-01	4.90570e-01	2.32761e-03	2.09000e-01
-1.99101e-03	-8.69724e-05	2.15215e-05	-1.58871e-05	-4.70407e-01	-1.88162e-01	4.91631e-01	2.06710e-03	2.09000e-01
-1.89984e-03	-8.29615e-05	2.06508e-05	-1.34910e-05	-4.69260e-01	-1.87703e-01	4.92607e-01	1.82707e-03	2.09000e-01
-1.84391e-03	-8.05379e-05	1.99667e-05	-1.08053e-05	-4.68231e-01	-1.87292e-01	4.93504e-01	1.60645e-03	2.09000e-01
-1.81194e-03	-7.91179e-05	1.97159e-05	-7.93964e-06	-4.67107e-01	-1.86842e-01	4.94325e-01	1.40412e-03	2.09000e-01
-1.77411e-03	-7.74772e-05	1.92604e-05	-5.66675e-06	-4.65873e-01	-1.86349e-01	4.95076e-01	1.21886e-03	2.09000e-01
-1.72106e-03	-7.51309e-05	1.88036e-05	-4.23571e-06	-4.65019e-01	-1.86007e-01	4.95762e-01	1.04944e-03	2.09000e-01
-1.64080e-03	-7.15941e-05	1.80608e-05	-3.35920e-06	-4.63753e-01	-1.85500e-01	4.96389e-01	8.94532e-04	2.09000e-01
-1.54049e-03	-6.72376e-05	1.68729e-05	-2.95953e-06	-4.63096e-01	-1.85238e-01	4.96962e-01	7.52765e-04	2.09000e-01
-1.41881e-03	-6.18213e-05	1.59652e-05	-2.99747e-06	-4.62032e-01	-1.84812e-01	4.97488e-01	6.22701e-04	2.09000e-01
-1.25064e-03	-5.46106e-05	1.36009e-05	-3.16623e-06	-4.61198e-01	-1.84479e-01	4.97972e-01	5.02843e-04	2.09000e-01
-1.09695e-03	-4.76722e-05	1.28463e-05	-3.52845e-06	-4.61128e-01	-1.84451e-01	4.98421e-01	3.91634e-04	2.09000e-01
-8.62377e-04	-3.76561e-05	9.38089e-06	-4.02555e-06	-4.59669e-01	-1.83867e-01	4.98841e-01	2.87457e-04	2.09000e-01
-7.37290e-04	-3.20004e-05	8.80097e-06	-3.37232e-06	-4.62842e-01	-1.85136e-01	4.99240e-01	1.88632e-04	2.09000e-01
-7.63033e-04	-3.18458e-05	1.42332e-05	-1.17299e-06	-4.62783e-01	-1.85113e-01	4.99624e-01	9.34213e-05	2.09000e-01
-5.01154e-04	-2.98805e-05	-2.67401e-05	5.20828e-07	-4.68176e-01	-1.87270e-01	5.00000e-01	0.00000e+00	2.09000e-01
