"Density"	"Momentum:0"	"Momentum:1"	"Momentum:2"	"StagnationEnergy"	"Pressure"	"Points:0"	"Points:1"	"Points:2"
1.93778e-02	-6.87397e-04	1.05995e-03	-6.31388e-04	-3.96235e-01	-1.58515e-01	-4.91183e-01	0.00000e+00	-1.76000e-01
2.33955e-03	1.71004e-04	1.20011e-04	-1.82944e-04	-6.95146e-01	-2.78065e-01	-4.91130e-01	2.24937e-03	-1.76000e-01
6.88995e-03	2.13802e-04	3.57966e-04	-2.45724e-04	-5.96703e-01	-2.38688e-01	-4.90969e-01	4.49362e-03	-1.76000e-01
1.24773e-02	2.43262e-04	6.52827e-04	-2.43338e-04	-6.74160e-01	-2.69673e-01	-4.90700e-01	6.72749e-03	-1.76000e-01
1.31897e-02	2.90822e-04	6.74971e-04	-2.08662e-04	-6.81829e-01	-2.72740e-01	-4.90324e-01	8.94575e-03	-1.76000e-01
1.42809e-02	2.95459e-04	7.25591e-04	-1.92712e-04	-7.25068e-01	-2.90036e-01	-4.89841e-01	1.11433e-02	-1.76000e-01
1.45478e-02	3.22758e-04	7.24835e-04	-1.48747e-04	-7.77550e-01	-3.11029e-01	-4.89254e-01	1.33155e-02	-1.76000e-01
1.37990e-02	3.09557e-04	6.78964e-04	-1.16703e-04	-7.89515e-01	-3.15814e-01	-4.88566e-01	1.54578e-02	-1.76000e-01
1.26889e-02	2.92999e-04	6.15184e-04	-7.17971e-05	-8.24654e-01	-3.29869e-01	-4.87782e-01	1.75666e-02	-1.76000e-01
1.10191e-02	2.57997e-04	5.28301e-04	-3.18680e-05	-8.25852e-01	-3.30347e-01	-4.86950e-01	1.95374e-02	-1.76000e-01
9.23871e-03	2.11973e-04	4.42213e-04	4.24099e-06	-8.24769e-01	-3.29913e-01	-4.86116e-01	2.13143e-02	-1.76000e-01
7.43367e-03	1.65680e-04	3.56808e-04	3.89840e-05	-8.19974e-01	-3.27994e-01	-4.85280e-01	2.29464e-02	-1.76000e-01
5.70052e-03	1.15244e-04	2.79642e-04	6.47510e-05	-8.04134e-01	-3.21657e-01	-4.84439e-01	2.44659e-02	-1.76000e-01
4.24747e-03	7.39030e-05	2.15654e-04	8.72484e-05	-7.94201e-01	-3.17683e-01	-4.83592e-01	2.58955e-02	-1.76000e-01
3.07604e-03	3.91549e-05	1.65905e-04	1.00448e-04	-7.78853e-01	-3.11544e-01	-4.82738e-01	2.72519e-02	-1.76000e-01
2.26981e-03	1.71225e-05	1.31222e-04	1.05800e-04	-7.67678e-01	-3.07074e-01	-4.81875e-01	2.85476e-02	-1.76000e-01
1.70490e-03	4.32881e-06	1.05606e-04	1.01928e-04	-7.57696e-01	-3.03081e-01	-4.81002e-01	2.97927e-02	-1.76000e-01
1.23138e-03	-3.83598e-06	8.24076e-05	9.06857e-05	-7.49508e-01	-2.99806e-01	-4.80117e-01	3.09950e-02	-1.76000e-01
7.45808e-04	-1.13192e-05	5.76799e-05	7.62323e-05	-7.44217e-01	-2.97689e-01	-4.79220e-01	3.21609e-02	-1.76000e-01
2.28433e-04	-2.02660e-05	3.17456e-05	6.13269e-05	-7.39475e-01	-2.95794e-01	-4.78308e-01	3.32957e-02	-1.76000e-01
-2.23669e-04	-2.80776e-05	8.93888e-06	4.79681e-05	-7.36251e-01	-2.94497e-01	-4.77381e-01	3.44039e-02	-1.76000e-01
-5.34363e-04	-3.26277e-05	-7.42248e-06	3.62285e-05	-7.33653e-01	-2.93460e-01	-4.76438e-01	3.54891e-02	-1.76000e-01
-6.82183e-04	-3.31049e-05	-1.65701e-05	2.59382e-05	-7.31633e-01	-2.92653e-01	-4.75477e-01	3.65544e-02	-1.76000e-01
-6.99355e-04	-3.03031e-05	-1.99718e-05	1.71617e-05	-7.30514e-01	-2.92205e-01	-4.74497e-01	3.76027e-02	-1.76000e-01
-6.46417e-04	-2.60412e-05	-2.00808e-05	9.97103e-06	-7.29705e-01	-2.91882e-01	-4.73498e-01	3.86361e-02	-1.76000e-01
-5.66986e-04	-2.16450e-05	-1.86192e-05	4.55510e-06	-7.29351e-01	-2.91740e-01	-4.72477e-01	3.96567e-02	-1.76000e-01
-4.87696e-04	-1.78477e-05	-1.66854e-05	8.62915e-07	-7.29204e-01	-2.91681e-01	-4.71434e-01	4.06662e-02	-1.76000e-01
-4.11189e-04	-1.46083e-05	-1.44548e-05	-1.30385e-06	-7.29127e-01	-2.91651e-01	-4.70368e-01	4.16660e-02	-1.76000e-01
-3.28891e-04	-1.14170e-05	-1.18062e-05	-2.40463e-06	-7.29224e-01	-2.91689e-01	-4.69277e-01	4.26575e-02	-1.76000e-01
-2.31168e-04	-7.70266e-06	-8.64049e-06	-3.08530e-06	-7.29383e-01	-2.91753e-01	-4.68162e-01	4.36417e-02	-1.76000e-01
-1.10334e-04	-3.02843e-06	-4.88526e-06	-3.85770e-06	-7.29759e-01	-2.91904e-01	-4.67020e-01	4.46197e-02	-1.76000e-01
3.92081e-05	2.95157e-06	-5.45013e-07	-5.04205e-06	-7.30368e-01	-2.92148e-01	-4.65850e-01	4.55921e-02	-1.76000e-01
2.24602e-04	1.05464e-05	4.52268e-06	-6.80435e-06	-7.31272e-01	-2.92509e-01	-4.64653e-01	4.65598e-02	-1.76000e-01
4.47707e-04	1.98420e-05	1.03150e-05	-9.12753e-06	-7.32614e-01	-2.93046e-01	-4.63427e-01	4.75233e-02	-1.76000e-01
6.89406e-04	3.00461e-05	1.62840e-05	-1.17721e-05	-7.34498e-01	-2.93800e-01	-4.62171e-01	4.84831e-02	-1.76000e-01
8.99357e-04	3.90518e-05	2.11159e-05	-1.43005e-05	-7.36947e-01	-2.94779e-01	-4.60884e-01	4.94397e-02	-1.76000e-01
1.02897e-03	4.47942e-05	2.36430e-05	-1.62327e-05	-7.39661e-01	-2.95865e-01	-4.59566e-01	5.03934e-02	-1.76000e-01
1.07266e-03	4.68953e-05	2.39944e-05	-1.71384e-05	-7.42305e-01	-2.96923e-01	-4.58216e-01	5.13444e-02	-1.76000e-01
1.05379e-03	4.61660e-05	2.30728e-05	-1.67493e-05	-7.44756e-01	-2.97903e-01	-4.56832e-01	5.22930e-02	-1.76000e-01
9.87375e-04	4.32174e-05	2.13469e-05	-1.50365e-05	-7.46941e-01	-2.98777e-01	-4.55414e-01	5.32393e-02	-1.76000e-01
8.86441e-04	3.86763e-05	1.90675e-05	-1.23049e-05	-7.48756e-01	-2.99503e-01	-4.53962e-01	5.41835e-02	-1.76000e-01
7.88561e-04	3.41533e-05	1.71198e-05	-9.20330e-06	-7.50227e-01	-3.00091e-01	-4.52475e-01	5.51256e-02	-1.76000e-01
7.27274e-04	3.10993e-05	1.62329e-05	-6.23311e-06	-7.51586e-01	-3.00635e-01	-4.50952e-01	5.60656e-02	-1.76000e-01
6.92950e-04	2.92627e-05	1.59079e-05	-3.60521e-06	-7.53006e-01	-3.01203e-01	-4.49392e-01	5.70035e-02	-1.76000e-01
6.59185e-04	2.76096e-05	1.53751e-05	-1.52923e-06	-7.54420e-01	-3.01768e-01	-4.47795e-01	5.79393e-02	-1.76000e-01
6.18592e-04	2.57583e-05	1.45699e-05	1.86980e-07	-7.55768e-01	-3.02307e-01	-4.46161e-01	5.88729e-02	-1.76000e-01
5.92583e-04	2.44075e-05	1.43356e-05	2.38340e-06	-7.57127e-01	-3.02851e-01	-4.44487e-01	5.98042e-02	-1.76000e-01
6.04793e-04	2.45059e-05	1.52935e-05	5.37128e-06	-7.58588e-01	-3.03435e-01	-4.42775e-01	6.07330e-02	-1.76000e-01
6.57083e-04	2.62438e-05	1.72722e-05	8.86380e-06	-7.60305e-01	-3.04122e-01	-4.41024e-01	6.16593e-02	-1.76000e-01
7.26788e-04	2.87910e-05	1.95180e-05	1.22660e-05	-7.62417e-01	-3.04967e-01	-4.39232e-01	6.25827e-02	-1.76000e-01
7.75528e-04	3.06854e-05	2.08667e-05	1.45502e-05	-7.64909e-01	-3.05964e-01	-4.37400e-01	6.35032e-02	-1.76000e-01
7.52649e-04	2.98653e-05	2.00537e-05	1.50021e-05	-7.67546e-01	-3.07019e-01	-4.35528e-01	6.44204e-02	-1.76000e-01
6.65650e-04	2.63976e-05	1.77544e-05	1.49954e-05	-7.69901e-01	-3.07961e-01	-4.33613e-01	6.53343e-02	-1.76000e-01
6.21317e-04	2.45530e-05	1.67555e-05	1.60680e-05	-7.71923e-01	-3.08770e-01	-4.31657e-01	6.62444e-02	-1.76000e-01
6.80168e-04	2.70266e-05	1.80213e-05	1.76510e-05	-7.74382e-01	-3.09753e-01	-4.29659e-01	6.71507e-02	-1.76000e-01
7.47368e-04	2.98853e-05	1.93803e-05	1.89795e-05	-7.77447e-01	-3.10979e-01	-4.27618e-01	6.80527e-02	-1.76000e-01
7.41565e-04	2.95593e-05	1.94604e-05	2.11015e-05	-7.80496e-01	-3.12199e-01	-4.25534e-01	6.89502e-02	-1.76000e-01
7.12653e-04	2.81589e-05	1.93247e-05	2.39366e-05	-7.83615e-01	-3.13447e-01	-4.23407e-01	6.98430e-02	-1.76000e-01
7.02581e-04	2.77876e-05	1.90352e-05	2.48548e-05	-7.86962e-01	-3.14785e-01	-4.21237e-01	7.07307e-02	-1.76000e-01
6.78202e-04	2.71327e-05	1.76447e-05	2.25394e-05	-7.90180e-01	-3.16072e-01	-4.19022e-01	7.16130e-02	-1.76000e-01
6.15570e-04	2.49362e-05	1.52500e-05	1.88004e-05	-7.93218e-01	-3.17288e-01	-4.16764e-01	7.24897e-02	-1.76000e-01
5.34738e-04	2.18790e-05	1.26913e-05	1.54371e-05	-7.96303e-01	-3.18522e-01	-4.14461e-01	7.33603e-02	-1.76000e-01
4.49815e-04	1.84330e-05	1.06120e-05	1.35873e-05	-7.99608e-01	-3.19843e-01	-4.12113e-01	7.42246e-02	-1.76000e-01
3.42821e-04	1.37849e-05	8.84784e-06	1.41307e-05	-8.02848e-01	-3.21139e-01	-4.09720e-01	7.50822e-02	-1.76000e-01
2.07114e-04	7.82182e-06	6.84012e-06	1.52872e-05	-8.05832e-01	-3.22333e-01	-4.07283e-01	7.59328e-02	-1.76000e-01
8.62890e-05	2.65488e-06	4.68047e-06	1.40030e-05	-8.09101e-01	-3.23641e-01	-4.04800e-01	7.67761e-02	-1.76000e-01
2.57871e-05	2.68854e-07	3.03172e-06	1.06793e-05	-8.12823e-01	-3.25130e-01	-4.02272e-01	7.76117e-02	-1.76000e-01
-9.93735e-06	-1.13197e-06	2.04710e-06	8.90124e-06	-8.16516e-01	-3.26605e-01	-3.99698e-01	7.84393e-02	-1.76000e-01
-1.13951e-04	-5.75747e-06	7.83131e-07	1.00046e-05	-8.19831e-01	-3.27932e-01	-3.97079e-01	7.92586e-02	-1.76000e-01
-2.89330e-04	-1.35799e-05	-1.26019e-06	1.12264e-05	-8.22590e-01	-3.29036e-01	-3.94413e-01	8.00692e-02	-1.76000e-01
-4.36856e-04	-2.00278e-05	-3.35548e-06	1.01774e-05	-8.25010e-01	-3.30004e-01	-3.91703e-01	8.08707e-02	-1.76000e-01
-5.17177e-04	-2.34145e-05	-4.85601e-06	7.42010e-06	-8.27806e-01	-3.31122e-01	-3.88946e-01	8.16629e-02	-1.76000e-01
-5.87951e-04	-2.64213e-05	-6.09129e-06	4.80996e-06	-8.31050e-01	-3.32420e-01	-3.86143e-01	8.24454e-02	-1.76000e-01
-6.76234e-04	-3.03382e-05	-7.05182e-06	4.15731e-06	-8.34434e-01	-3.33773e-01	-3.83294e-01	8.32179e-02	-1.76000e-01
-7.56385e-04	-3.40279e-05	-7.37578e-06	5.90719e-06	-8.37818e-01	-3.35127e-01	-3.80400e-01	8.39800e-02	-1.76000e-01
-8.15174e-04	-3.67558e-05	-7.44912e-06	7.96188e-06	-8.40736e-01	-3.36294e-01	-3.77459e-01	8.47314e-02	-1.76000e-01
-8.56308e-04	-3.86020e-05	-7.67400e-06	8.06818e-06	-8.43215e-01	-3.37285e-01	-3.74472e-01	8.54717e-02	-1.76000e-01
-8.90463e-04	-4.00812e-05	-8.04680e-06	6.38014e-06	-8.45625e-01	-3.38250e-01	-3.71440e-01	8.62008e-02	-1.76000e-01
-9.28291e-04	-4.16839e-05	-8.63877e-06	3.85905e-06	-8.47804e-01	-3.39121e-01	-3.68362e-01	8.69181e-02	-1.76000e-01
-9.91580e-04	-4.44025e-05	-9.60247e-06	8.34538e-07	-8.49697e-01	-3.39878e-01	-3.65238e-01	8.76234e-02	-1.76000e-01
-1.10644e-03	-4.94839e-05	-1.08274e-05	-1.32228e-06	-8.51098e-01	-3.40439e-01	-3.62068e-01	8.83164e-02	-1.76000e-01
-1.22474e-03	-5.48397e-05	-1.14958e-05	-8.60483e-07	-8.51908e-01	-3.40762e-01	-3.58853e-01	8.89968e-02	-1.76000e-01
-1.28832e-03	-5.78084e-05	-1.12994e-05	1.18143e-06	-8.53256e-01	-3.41302e-01	-3.55592e-01	8.96643e-02	-1.76000e-01
-1.35079e-03	-6.06891e-05	-1.12355e-05	2.40934e-06	-8.55350e-01	-3.42139e-01	-3.52286e-01	9.03186e-02	-1.76000e-01
-1.45292e-03	-6.53078e-05	-1.16892e-05	2.47223e-06	-8.56590e-01	-3.42635e-01	-3.48935e-01	9.09593e-02	-1.76000e-01
-1.53899e-03	-6.91699e-05	-1.21691e-05	1.47527e-06	-8.56857e-01	-3.42742e-01	-3.45539e-01	9.15863e-02	-1.76000e-01
-1.59033e-03	-7.14360e-05	-1.25632e-05	-1.33544e-06	-8.57329e-01	-3.42931e-01	-3.42098e-01	9.21991e-02	-1.76000e-01
-1.63481e-03	-7.33878e-05	-1.29497e-05	-4.52926e-06	-8.58087e-01	-3.43234e-01	-3.38613e-01	9.27977e-02	-1.76000e-01
-1.67511e-03	-7.52024e-05	-1.30114e-05	-5.71888e-06	-8.59007e-01	-3.43602e-01	-3.35083e-01	9.33815e-02	-1.76000e-01
-1.71732e-03	-7.71424e-05	-1.28280e-05	-5.68696e-06	-8.59953e-01	-3.43980e-01	-3.31510e-01	9.39506e-02	-1.76000e-01
-1.77021e-03	-7.95464e-05	-1.28048e-05	-6.34753e-06	-8.60732e-01	-3.44292e-01	-3.27892e-01	9.45044e-02	-1.76000e-01
-1.84028e-03	-8.27251e-05	-1.28688e-05	-7.31758e-06	-8.61615e-01	-3.44645e-01	-3.24231e-01	9.50429e-02	-1.76000e-01
-1.93133e-03	-8.68609e-05	-1.29503e-05	-7.21317e-06	-8.62264e-01	-3.44905e-01	-3.20526e-01	9.55658e-02	-1.76000e-01
-2.02197e-03	-9.10066e-05	-1.27767e-05	-5.74528e-06	-8.62148e-01	-3.44858e-01	-3.16779e-01	9.60728e-02	-1.76000e-01
-2.07829e-03	-9.36179e-05	-1.22491e-05	-3.40526e-06	-8.61446e-01	-3.44577e-01	-3.12988e-01	9.65638e-02	-1.76000e-01
-2.06826e-03	-9.32469e-05	-1.12284e-05	-4.69850e-07	-8.60668e-01	-3.44266e-01	-3.09156e-01	9.70384e-02	-1.76000e-01
-2.00588e-03	-9.05131e-05	-9.90208e-06	2.99265e-06	-8.60276e-01	-3.44110e-01	-3.05281e-01	9.74966e-02	-1.76000e-01
-1.98530e-03	-8.96414e-05	-8.95414e-06	6.08170e-06	-8.60461e-01	-3.44184e-01	-3.01365e-01	9.79381e-02	-1.76000e-01
-2.05674e-03	-9.29057e-05	-8.53808e-06	8.30014e-06	-8.60104e-01	-3.44041e-01	-2.97407e-01	9.83627e-02	-1.76000e-01
-2.12359e-03	-9.59516e-05	-8.15623e-06	1.03369e-05	-8.58717e-01	-3.43486e-01	-2.93408e-01	9.87703e-02	-1.76000e-01
-2.09886e-03	-9.48616e-05	-7.36553e-06	1.17093e-05	-8.58022e-01	-3.43208e-01	-2.89369e-01	9.91607e-02	-1.76000e-01
-2.02676e-03	-9.16155e-05	-6.55782e-06	1.22903e-05	-8.58179e-01	-3.43271e-01	-2.85289e-01	9.95336e-02	-1.76000e-01
-2.00183e-03	-9.05088e-05	-5.81013e-06	1.44344e-05	-8.58214e-01	-3.43285e-01	-2.81170e-01	9.98891e-02	-1.76000e-01
-2.08102e-03	-9.41208e-05	-5.17583e-06	1.88094e-05	-8.58113e-01	-3.43244e-01	-2.77011e-01	1.00227e-01	-1.76000e-01
-2.22510e-03	-1.00647e-04	-4.86467e-06	2.24786e-05	-8.57517e-01	-3.43006e-01	-2.72813e-01	1.00547e-01	-1.76000e-01
-2.33149e-03	-1.05450e-04	-4.63244e-06	2.35032e-05	-8.56508e-01	-3.42602e-01	-2.68577e-01	1.00849e-01	-1.76000e-01
-2.39197e-03	-1.08173e-04	-4.32303e-06	2.36994e-05	-8.55685e-01	-3.42273e-01	-2.64303e-01	1.01133e-01	-1.76000e-01
-2.49098e-03	-1.12639e-04	-4.00920e-06	2.50867e-05	-8.54529e-01	-3.41810e-01	-2.59991e-01	1.01399e-01	-1.76000e-01
-2.61587e-03	-1.18268e-04	-3.78742e-06	2.60910e-05	-8.52333e-01	-3.40932e-01	-2.55642e-01	1.01646e-01	-1.76000e-01
-2.65376e-03	-1.19956e-04	-3.56278e-06	2.42254e-05	-8.49882e-01	-3.39952e-01	-2.51256e-01	1.01876e-01	-1.76000e-01
-2.60473e-03	-1.17714e-04	-3.26248e-06	2.07216e-05	-8.48446e-01	-3.39377e-01	-2.46834e-01	1.02087e-01	-1.76000e-01
-2.59979e-03	-1.17472e-04	-2.89596e-06	1.91444e-05	-8.47703e-01	-3.39080e-01	-2.42377e-01	1.02279e-01	-1.76000e-01
-2.68319e-03	-1.21227e-04	-2.46262e-06	2.02346e-05	-8.46272e-01	-3.38508e-01	-2.37885e-01	1.02453e-01	-1.76000e-01
-2.76589e-03	-1.24949e-04	-1.97375e-06	2.18481e-05	-8.43766e-01	-3.37505e-01	-2.33358e-01	1.02609e-01	-1.76000e-01
-2.79179e-03	-1.26102e-04	-1.46867e-06	2.26009e-05	-8.40922e-01	-3.36368e-01	-2.28797e-01	1.02745e-01	-1.76000e-01
-2.79645e-03	-1.26293e-04	-1.04307e-06	2.18661e-05	-8.38148e-01	-3.35258e-01	-2.24202e-01	1.02864e-01	-1.76000e-01
-2.81049e-03	-1.26904e-04	-7.36246e-07	1.95908e-05	-8.35340e-01	-3.34135e-01	-2.19575e-01	1.02963e-01	-1.76000e-01
-2.83205e-03	-1.27856e-04	-3.79178e-07	1.80987e-05	-8.32466e-01	-3.32985e-01	-2.14915e-01	1.03044e-01	-1.76000e-01
-2.85233e-03	-1.28752e-04	1.84437e-07	1.93518e-05	-8.29263e-01	-3.31704e-01	-2.10224e-01	1.03107e-01	-1.76000e-01
-2.84436e-03	-1.28372e-04	7.81861e-07	2.12180e-05	-8.25719e-01	-3.30286e-01	-2.05501e-01	1.03151e-01	-1.76000e-01
-2.80357e-03	-1.26508e-04	1.21107e-06	2.06374e-05	-8.22703e-01	-3.29080e-01	-2.00748e-01	1.03176e-01	-1.76000e-01
-2.79410e-03	-1.26058e-04	1.52809e-06	1.83228e-05	-8.20566e-01	-3.28225e-01	-1.95965e-01	1.03183e-01	-1.76000e-01
-2.85626e-03	-1.28839e-04	1.95971e-06	1.78355e-05	-8.18080e-01	-3.27231e-01	-1.91153e-01	1.03171e-01	-1.76000e-01
-2.92516e-03	-1.31922e-04	2.59091e-06	2.07486e-05	-8.14350e-01	-3.25739e-01	-1.86311e-01	1.03141e-01	-1.76000e-01
-2.94888e-03	-1.32963e-04	3.26090e-06	2.37881e-05	-8.10602e-01	-3.24239e-01	-1.81442e-01	1.03092e-01	-1.76000e-01
-2.98658e-03	-1.34636e-04	3.70168e-06	2.23370e-05	-8.07419e-01	-3.22966e-01	-1.76545e-01	1.03025e-01	-1.76000e-01
-3.07309e-03	-1.38515e-04	3.83626e-06	1.61606e-05	-8.03009e-01	-3.21202e-01	-1.71622e-01	1.02940e-01	-1.76000e-01
-3.13971e-03	-1.41501e-04	3.89335e-06	9.64087e-06	-7.97224e-01	-3.18888e-01	-1.66672e-01	1.02836e-01	-1.76000e-01
-3.15439e-03	-1.42138e-04	4.23704e-06	6.70886e-06	-7.91646e-01	-3.16657e-01	-1.61697e-01	1.02715e-01	-1.76000e-01
-3.16353e-03	-1.42520e-04	4.77394e-06	7.25683e-06	-7.86335e-01	-3.14533e-01	-1.56697e-01	1.02576e-01	-1.76000e-01
-3.19963e-03	-1.44115e-04	5.36328e-06	8.65258e-06	-7.81010e-01	-3.12403e-01	-1.51672e-01	1.02419e-01	-1.76000e-01
-3.23644e-03	-1.45741e-04	5.91947e-06	9.31630e-06	-7.75339e-01	-3.10134e-01	-1.46625e-01	1.02244e-01	-1.76000e-01
-3.22244e-03	-1.45080e-04	6.35639e-06	9.46306e-06	-7.69141e-01	-3.07655e-01	-1.41554e-01	1.02052e-01	-1.76000e-01
-3.15183e-03	-1.41869e-04	6.69025e-06	9.57749e-06	-7.63330e-01	-3.05331e-01	-1.36462e-01	1.01842e-01	-1.76000e-01
-3.08030e-03	-1.38616e-04	6.99419e-06	9.91317e-06	-7.58034e-01	-3.03212e-01	-1.31348e-01	1.01615e-01	-1.76000e-01
-3.05022e-03	-1.37231e-04	7.34630e-06	1.00295e-05	-7.52699e-01	-3.01078e-01	-1.26213e-01	1.01370e-01	-1.76000e-01
-3.08131e-03	-1.38601e-04	7.78666e-06	9.21371e-06	-7.47199e-01	-2.98879e-01	-1.21058e-01	1.01109e-01	-1.76000e-01
-3.15865e-03	-1.42052e-04	8.31232e-06	8.00950e-06	-7.41136e-01	-2.96453e-01	-1.15884e-01	1.00831e-01	-1.76000e-01
-3.20390e-03	-1.44055e-04	8.82415e-06	7.18041e-06	-7.34382e-01	-2.93751e-01	-1.10691e-01	1.00536e-01	-1.76000e-01
-3.16639e-03	-1.42336e-04	9.09795e-06	6.45932e-06	-7.27378e-01	-2.90950e-01	-1.05481e-01	1.00225e-01	-1.76000e-01
-3.10078e-03	-1.39356e-04	9.25917e-06	5.56927e-06	-7.20556e-01	-2.88221e-01	-1.00254e-01	9.98978e-02	-1.76000e-01
-3.07917e-03	-1.38357e-04	9.50866e-06	3.99997e-06	-7.13720e-01	-2.85487e-01	-9.50097e-02	9.95544e-02	-1.76000e-01
-3.09582e-03	-1.39078e-04	9.84810e-06	1.89890e-06	-7.06172e-01	-2.82467e-01	-8.97502e-02	9.91950e-02	-1.76000e-01
-3.08967e-03	-1.38771e-04	1.01697e-05	6.88364e-07	-6.97742e-01	-2.79096e-01	-8.44758e-02	9.88200e-02	-1.76000e-01
-3.03560e-03	-1.36311e-04	1.03396e-05	2.50259e-07	-6.89241e-01	-2.75695e-01	-7.91873e-02	9.84295e-02	-1.76000e-01
-2.98551e-03	-1.34033e-04	1.04617e-05	-1.58651e-06	-6.81367e-01	-2.72545e-01	-7.38855e-02	9.80237e-02	-1.76000e-01
-2.97601e-03	-1.33583e-04	1.06631e-05	-5.22896e-06	-6.73560e-01	-2.69423e-01	-6.85710e-02	9.76029e-02	-1.76000e-01
-2.94254e-03	-1.32056e-04	1.07868e-05	-8.07085e-06	-6.65267e-01	-2.66106e-01	-6.32446e-02	9.71674e-02	-1.76000e-01
-2.82300e-03	-1.26662e-04	1.06510e-05	-8.40929e-06	-6.57332e-01	-2.62931e-01	-5.79072e-02	9.67172e-02	-1.76000e-01
-2.66756e-03	-1.19658e-04	1.03614e-05	-7.63203e-06	-6.50478e-01	-2.60190e-01	-5.25594e-02	9.62527e-02	-1.76000e-01
-2.54636e-03	-1.14197e-04	1.01360e-05	-7.98502e-06	-6.44323e-01	-2.57728e-01	-4.72021e-02	9.57740e-02	-1.76000e-01
-2.44957e-03	-1.09835e-04	9.94695e-06	-1.01009e-05	-6.38335e-01	-2.55333e-01	-4.18360e-02	9.52816e-02	-1.76000e-01
-2.33808e-03	-1.04819e-04	9.65425e-06	-1.27307e-05	-6.32422e-01	-2.52968e-01	-3.64618e-02	9.47754e-02	-1.76000e-01
-2.22281e-03	-9.96320e-05	9.35999e-06	-1.41906e-05	-6.26965e-01	-2.50785e-01	-3.10804e-02	9.42560e-02	-1.76000e-01
-2.14642e-03	-9.61834e-05	9.26990e-06	-1.39970e-05	-6.21957e-01	-2.48782e-01	-2.56926e-02	9.37234e-02	-1.76000e-01
-2.09134e-03	-9.36897e-05	9.27172e-06	-1.29009e-05	-6.16710e-01	-2.46683e-01	-2.02991e-02	9.31779e-02	-1.76000e-01
-1.99409e-03	-8.93089e-05	9.05855e-06	-1.16616e-05	-6.11358e-01	-2.44542e-01	-1.49006e-02	9.26198e-02	-1.76000e-01
-1.86162e-03	-8.33540e-05	8.65550e-06	-1.04117e-05	-6.06747e-01	-2.42698e-01	-9.49811e-03	9.20494e-02	-1.76000e-01
-1.76441e-03	-7.89795e-05	8.39413e-06	-9.07784e-06	-6.02828e-01	-2.41130e-01	-4.09225e-03	9.14669e-02	-1.76000e-01
-1.72333e-03	-7.71198e-05	8.38178e-06	-7.97784e-06	-5.99063e-01	-2.39625e-01	1.31614e-03	9.08725e-02	-1.76000e-01
-1.70294e-03	-7.61875e-05	8.44932e-06	-7.75900e-06	-5.95454e-01	-2.38181e-01	6.72629e-03	9.02666e-02	-1.76000e-01
-1.67496e-03	-7.49191e-05	8.44564e-06	-8.53785e-06	-5.92070e-01	-2.36827e-01	1.21374e-02	8.96494e-02	-1.76000e-01
-1.62637e-03	-7.27315e-05	8.31924e-06	-9.63343e-06	-5.88774e-01	-2.35509e-01	1.75487e-02	8.90212e-02	-1.76000e-01
-1.55117e-03	-6.93544e-05	8.04891e-06	-1.04129e-05	-5.85565e-01	-2.34225e-01	2.29594e-02	8.83823e-02	-1.76000e-01
-1.46022e-03	-6.52737e-05	7.69019e-06	-1.06857e-05	-5.82591e-01	-2.33036e-01	2.83686e-02	8.77329e-02	-1.76000e-01
-1.37546e-03	-6.14702e-05	7.35843e-06	-1.04858e-05	-5.79917e-01	-2.31966e-01	3.37757e-02	8.70733e-02	-1.76000e-01
-1.30317e-03	-5.82254e-05	7.08316e-06	-1.00120e-05	-5.77472e-01	-2.30988e-01	3.91798e-02	8.64037e-02	-1.76000e-01
-1.23769e-03	-5.52864e-05	6.83228e-06	-9.52721e-06	-5.75256e-01	-2.30102e-01	4.45801e-02	8.57245e-02	-1.76000e-01
-1.17829e-03	-5.26199e-05	6.60299e-06	-9.15479e-06	-5.73306e-01	-2.29322e-01	4.99758e-02	8.50360e-02	-1.76000e-01
-1.12913e-03	-5.04123e-05	6.42078e-06	-8.82081e-06	-5.71562e-01	-2.28624e-01	5.53662e-02	8.43383e-02	-1.76000e-01
-1.09077e-03	-4.86873e-05	6.29638e-06	-8.30003e-06	-5.69975e-01	-2.27990e-01	6.07505e-02	8.36319e-02	-1.76000e-01
-1.06049e-03	-4.73227e-05	6.21706e-06	-7.46883e-06	-5.68522e-01	-2.27408e-01	6.61278e-02	8.29168e-02	-1.76000e-01
-1.03839e-03	-4.63234e-05	6.18113e-06	-6.55753e-06	-5.67185e-01	-2.26874e-01	7.14975e-02	8.21936e-02	-1.76000e-01
-1.02556e-03	-4.57389e-05	6.19300e-06	-5.88144e-06	-5.65981e-01	-2.26392e-01	7.68586e-02	8.14623e-02	-1.76000e-01
-1.02030e-03	-4.54926e-05	6.24352e-06	-5.50187e-06	-5.64901e-01	-2.25960e-01	8.22105e-02	8.07233e-02	-1.76000e-01
-1.01801e-03	-4.53798e-05	6.30694e-06	-5.31597e-06	-5.63927e-01	-2.25570e-01	8.75523e-02	7.99769e-02	-1.76000e-01
-1.01695e-03	-4.53217e-05	6.37528e-06	-5.19650e-06	-5.63069e-01	-2.25227e-01	9.28833e-02	7.92233e-02	-1.76000e-01
-1.01990e-03	-4.54423e-05	6.46891e-06	-5.01515e-06	-5.62308e-01	-2.24923e-01	9.82026e-02	7.84629e-02	-1.76000e-01
-1.02353e-03	-4.55928e-05	6.56745e-06	-4.73231e-06	-5.61597e-01	-2.24638e-01	1.03510e-01	7.76958e-02	-1.76000e-01
-1.01806e-03	-4.53380e-05	6.60679e-06	-4.41549e-06	-5.60938e-01	-2.24375e-01	1.08804e-01	7.69224e-02	-1.76000e-01
-9.95802e-04	-4.43362e-05	6.53307e-06	-4.11302e-06	-5.60379e-01	-2.24151e-01	1.14083e-01	7.61430e-02	-1.76000e-01
-9.59665e-04	-4.27172e-05	6.36225e-06	-3.81368e-06	-5.59955e-01	-2.23982e-01	1.19349e-01	7.53577e-02	-1.76000e-01
-9.22295e-04	-4.10441e-05	6.17791e-06	-3.47538e-06	-5.59670e-01	-2.23868e-01	1.24599e-01	7.45670e-02	-1.76000e-01
-8.96076e-04	-3.98675e-05	6.06541e-06	-3.04443e-06	-5.59478e-01	-2.23791e-01	1.29832e-01	7.37710e-02	-1.76000e-01
-8.84817e-04	-3.93568e-05	6.05218e-06	-2.50163e-06	-5.59324e-01	-2.23729e-01	1.35049e-01	7.29700e-02	-1.76000e-01
-8.85372e-04	-3.93718e-05	6.11778e-06	-1.88045e-06	-5.59189e-01	-2.23675e-01	1.40248e-01	7.21643e-02	-1.76000e-01
-8.92833e-04	-3.96939e-05	6.23014e-06	-1.23259e-06	-5.59078e-01	-2.23631e-01	1.45428e-01	7.13542e-02	-1.76000e-01
-9.02819e-04	-4.01283e-05	6.35926e-06	-6.88276e-07	-5.58994e-01	-2.23597e-01	1.50590e-01	7.05398e-02	-1.76000e-01
-9.07898e-04	-4.03451e-05	6.45053e-06	-5.42551e-07	-5.58943e-01	-2.23577e-01	1.55731e-01	6.97216e-02	-1.76000e-01
-8.99756e-04	-3.99754e-05	6.44089e-06	-1.02631e-06	-5.58957e-01	-2.23583e-01	1.60852e-01	6.88998e-02	-1.76000e-01
-8.78198e-04	-3.90105e-05	6.32946e-06	-1.79332e-06	-5.59087e-01	-2.23635e-01	1.65952e-01	6.80745e-02	-1.76000e-01
-8.55756e-04	-3.80060e-05	6.21378e-06	-2.03852e-06	-5.59331e-01	-2.23732e-01	1.71029e-01	6.72461e-02	-1.76000e-01
-8.45645e-04	-3.75482e-05	6.19337e-06	-1.47306e-06	-5.59604e-01	-2.23841e-01	1.76083e-01	6.64148e-02	-1.76000e-01
-8.51986e-04	-3.78205e-05	6.29521e-06	-6.83501e-07	-5.59862e-01	-2.23944e-01	1.81114e-01	6.55809e-02	-1.76000e-01
-8.71979e-04	-3.86992e-05	6.49497e-06	-2.85923e-07	-5.60135e-01	-2.24054e-01	1.86121e-01	6.47447e-02	-1.76000e-01
-9.01323e-04	-3.99933e-05	6.76186e-06	-3.12955e-07	-5.60410e-01	-2.24164e-01	1.91103e-01	6.39064e-02	-1.76000e-01
-9.34699e-04	-4.14659e-05	7.06083e-06	-4.66809e-07	-5.60629e-01	-2.24251e-01	1.96059e-01	6.30662e-02	-1.76000e-01
-9.65958e-04	-4.28435e-05	7.34961e-06	-4.26950e-07	-5.60772e-01	-2.24308e-01	2.00989e-01	6.22244e-02	-1.76000e-01
-9.89636e-04	-4.38839e-05	7.58640e-06	1.93383e-08	-5.60865e-01	-2.24345e-01	2.05892e-01	6.13812e-02	-1.76000e-01
-1.00338e-03	-4.44834e-05	7.74967e-06	7.85657e-07	-5.60940e-01	-2.24376e-01	2.10767e-01	6.05369e-02	-1.76000e-01
-1.00952e-03	-4.47457e-05	7.85380e-06	1.49756e-06	-5.61040e-01	-2.24415e-01	2.15614e-01	5.96918e-02	-1.76000e-01
-1.01392e-03	-4.49311e-05	7.94185e-06	1.79031e-06	-5.61193e-01	-2.24477e-01	2.20432e-01	5.88461e-02	-1.76000e-01
-1.02177e-03	-4.52700e-05	8.05221e-06	1.50934e-06	-5.61424e-01	-2.24569e-01	2.25221e-01	5.79999e-02	-1.76000e-01
-1.03593e-03	-4.58894e-05	8.20818e-06	7.33136e-07	-5.61750e-01	-2.24699e-01	2.29978e-01	5.71537e-02	-1.76000e-01
-1.05694e-03	-4.68125e-05	8.41810e-06	-2.07079e-07	-5.62128e-01	-2.24851e-01	2.34706e-01	5.63075e-02	-1.76000e-01
-1.08041e-03	-4.78435e-05	8.65124e-06	-9.13224e-07	-5.62465e-01	-2.24985e-01	2.39401e-01	5.54617e-02	-1.76000e-01
-1.09920e-03	-4.86660e-05	8.85283e-06	-1.31292e-06	-5.62724e-01	-2.25089e-01	2.44064e-01	5.46164e-02	-1.76000e-01
-1.11212e-03	-4.92288e-05	9.00866e-06	-1.62289e-06	-5.62951e-01	-2.25180e-01	2.48695e-01	5.37720e-02	-1.76000e-01
-1.12742e-03	-4.98963e-05	9.18382e-06	-1.91872e-06	-5.63168e-01	-2.25267e-01	2.53292e-01	5.29286e-02	-1.76000e-01
-1.15392e-03	-5.10596e-05	9.45281e-06	-2.11746e-06	-5.63339e-01	-2.25335e-01	2.57855e-01	5.20865e-02	-1.76000e-01
-1.18962e-03	-5.26285e-05	9.80207e-06	-2.20133e-06	-5.63436e-01	-2.25374e-01	2.62383e-01	5.12458e-02	-1.76000e-01
-1.22387e-03	-5.41329e-05	1.01421e-05	-2.17263e-06	-5.63486e-01	-2.25394e-01	2.66877e-01	5.04069e-02	-1.76000e-01
-1.24915e-03	-5.52399e-05	1.04097e-05	-2.02302e-06	-5.63558e-01	-2.25423e-01	2.71334e-01	4.95700e-02	-1.76000e-01
-1.26655e-03	-5.59987e-05	1.06130e-05	-1.74481e-06	-5.63677e-01	-2.25470e-01	2.75756e-01	4.87352e-02	-1.76000e-01
-1.27958e-03	-5.65632e-05	1.07820e-05	-1.23016e-06	-5.63803e-01	-2.25520e-01	2.80140e-01	4.79028e-02	-1.76000e-01
-1.28985e-03	-5.70054e-05	1.09291e-05	-3.82555e-07	-5.63910e-01	-2.25563e-01	2.84487e-01	4.70730e-02	-1.76000e-01
-1.29839e-03	-5.73710e-05	1.10628e-05	7.25104e-07	-5.63956e-01	-2.25582e-01	2.88796e-01	4.62460e-02	-1.76000e-01
-1.30626e-03	-5.77071e-05	1.11901e-05	1.91104e-06	-5.63902e-01	-2.25560e-01	2.93067e-01	4.54221e-02	-1.76000e-01
-1.31200e-03	-5.79496e-05	1.12969e-05	2.83303e-06	-5.63801e-01	-2.25520e-01	2.97298e-01	4.46014e-02	-1.76000e-01
-1.32064e-03	-5.83204e-05	1.14260e-05	3.15925e-06	-5.63694e-01	-2.25477e-01	3.01490e-01	4.37842e-02	-1.76000e-01
-1.33426e-03	-5.89109e-05	1.15988e-05	3.10750e-06	-5.63524e-01	-2.25409e-01	3.05643e-01	4.29706e-02	-1.76000e-01
-1.34367e-03	-5.93150e-05	1.17391e-05	3.29085e-06	-5.63307e-01	-2.25322e-01	3.09754e-01	4.21610e-02	-1.76000e-01
-1.34747e-03	-5.94710e-05	1.18314e-05	3.95168e-06	-5.63130e-01	-2.25251e-01	3.13825e-01	4.13554e-02	-1.76000e-01
-1.35453e-03	-5.97715e-05	1.19491e-05	4.81811e-06	-5.62955e-01	-2.25181e-01	3.17855e-01	4.05541e-02	-1.76000e-01
-1.37168e-03	-6.05177e-05	1.21536e-05	5.54115e-06	-5.62705e-01	-2.25081e-01	3.21842e-01	3.97574e-02	-1.76000e-01
-1.40262e-03	-6.18714e-05	1.24827e-05	5.86114e-06	-5.62388e-01	-2.24955e-01	3.25788e-01	3.89653e-02	-1.76000e-01
-1.44512e-03	-6.37345e-05	1.29186e-05	5.76837e-06	-5.61915e-01	-2.24765e-01	3.29691e-01	3.81781e-02	-1.76000e-01
-1.48252e-03	-6.53727e-05	1.33083e-05	5.72410e-06	-5.61290e-01	-2.24515e-01	3.33550e-01	3.73959e-02	-1.76000e-01
-1.50679e-03	-6.64301e-05	1.35902e-05	6.07661e-06	-5.60708e-01	-2.24283e-01	3.37367e-01	3.66191e-02	-1.76000e-01
-1.52727e-03	-6.73202e-05	1.38360e-05	6.30968e-06	-5.60149e-01	-2.24059e-01	3.41139e-01	3.58477e-02	-1.76000e-01
-1.54694e-03	-6.81757e-05	1.40710e-05	5.73651e-06	-5.59568e-01	-2.23827e-01	3.44867e-01	3.50819e-02	-1.76000e-01
-1.56537e-03	-6.89761e-05	1.42956e-05	4.42462e-06	-5.59059e-01	-2.23623e-01	3.48550e-01	3.43220e-02	-1.76000e-01
-1.59343e-03	-7.02023e-05	1.46006e-05	2.70079e-06	-5.58533e-01	-2.23413e-01	3.52189e-01	3.35681e-02	-1.76000e-01
-1.64290e-03	-7.23703e-05	1.51093e-05	7.19969e-07	-5.57834e-01	-2.23133e-01	3.55782e-01	3.28204e-02	-1.76000e-01
-1.70158e-03	-7.49404e-05	1.57178e-05	-1.11483e-06	-5.57016e-01	-2.22806e-01	3.59330e-01	3.20790e-02	-1.76000e-01
-1.74912e-03	-7.70205e-05	1.62221e-05	-2.29228e-06	-5.56247e-01	-2.22498e-01	3.62832e-01	3.13442e-02	-1.76000e-01
-1.78731e-03	-7.86900e-05	1.66341e-05	-2.80971e-06	-5.55508e-01	-2.22203e-01	3.66287e-01	3.06161e-02	-1.76000e-01
-1.82626e-03	-8.03916e-05	1.70591e-05	-3.00937e-06	-5.54578e-01	-2.21831e-01	3.69697e-01	2.98949e-02	-1.76000e-01
-1.84819e-03	-8.13420e-05	1.73339e-05	-2.98917e-06	-5.53471e-01	-2.21388e-01	3.73059e-01	2.91807e-02	-1.76000e-01
-1.84131e-03	-8.10245e-05	1.73403e-05	-2.70326e-06	-5.52476e-01	-2.20990e-01	3.76374e-01	2.84737e-02	-1.76000e-01
-1.83385e-03	-8.06808e-05	1.73419e-05	-2.31544e-06	-5.51588e-01	-2.20634e-01	3.79642e-01	2.77741e-02	-1.76000e-01
-1.84210e-03	-8.10272e-05	1.74955e-05	-1.85087e-06	-5.50446e-01	-2.20178e-01	3.82863e-01	2.70820e-02	-1.76000e-01
-1.83214e-03	-8.05753e-05	1.74657e-05	-1.07696e-06	-5.49156e-01	-2.19662e-01	3.86036e-01	2.63975e-02	-1.76000e-01
-1.78743e-03	-7.85954e-05	1.71005e-05	-2.97976e-07	-5.48195e-01	-2.19277e-01	3.89161e-01	2.57208e-02	-1.76000e-01
-1.74317e-03	-7.66363e-05	1.67375e-05	-2.78965e-07	-5.47480e-01	-2.18991e-01	3.92239e-01	2.50521e-02	-1.76000e-01
-1.72374e-03	-7.57696e-05	1.66085e-05	-9.13338e-07	-5.46654e-01	-2.18661e-01	3.95268e-01	2.43915e-02	-1.76000e-01
-1.71961e-03	-7.55769e-05	1.66192e-05	-1.32116e-06	-5.45721e-01	-2.18288e-01	3.98248e-01	2.37391e-02	-1.76000e-01
-1.72109e-03	-7.56324e-05	1.66766e-05	-1.40598e-06	-5.44793e-01	-2.17916e-01	4.01181e-01	2.30951e-02	-1.76000e-01
-1.73301e-03	-7.61446e-05	1.68443e-05	-1.85972e-06	-5.43851e-01	-2.17540e-01	4.04064e-01	2.24595e-02	-1.76000e-01
-1.75635e-03	-7.71574e-05	1.71281e-05	-2.86942e-06	-5.42766e-01	-2.17106e-01	4.06899e-01	2.18325e-02	-1.76000e-01
-1.77992e-03	-7.81796e-05	1.74178e-05	-3.87290e-06	-5.41513e-01	-2.16605e-01	4.09685e-01	2.12143e-02	-1.76000e-01
-1.78319e-03	-7.83099e-05	1.75101e-05	-4.27906e-06	-5.40287e-01	-2.16114e-01	4.12423e-01	2.06048e-02	-1.76000e-01
-1.76347e-03	-7.74328e-05	1.73653e-05	-4.14130e-06	-5.39264e-01	-2.15705e-01	4.15111e-01	2.00043e-02	-1.76000e-01
-1.75979e-03	-7.72608e-05	1.73762e-05	-4.27193e-06	-5.38342e-01	-2.15336e-01	4.17751e-01	1.94129e-02	-1.76000e-01
-1.79616e-03	-7.88454e-05	1.77891e-05	-5.19490e-06	-5.37147e-01	-2.14858e-01	4.20342e-01	1.88306e-02	-1.76000e-01
-1.82451e-03	-8.00774e-05	1.81259e-05	-6.27161e-06	-5.35702e-01	-2.14280e-01	4.22884e-01	1.82575e-02	-1.76000e-01
-1.81053e-03	-7.94455e-05	1.80665e-05	-6.93417e-06	-5.34460e-01	-2.13783e-01	4.25377e-01	1.76937e-02	-1.76000e-01
-1.79260e-03	-7.86479e-05	1.79357e-05	-7.62119e-06	-5.33198e-01	-2.13278e-01	4.27821e-01	1.71393e-02	-1.76000e-01
-1.77691e-03	-7.79570e-05	1.77899e-05	-8.43023e-06	-5.31611e-01	-2.12644e-01	4.30217e-01	1.65944e-02	-1.76000e-01
-1.72764e-03	-7.57838e-05	1.73463e-05	-9.41679e-06	-5.30367e-01	-2.12146e-01	4.32563e-01	1.60591e-02	-1.76000e-01
-1.67682e-03	-7.35326e-05	1.69322e-05	-1.14386e-05	-5.29684e-01	-2.11873e-01	4.34862e-01	1.55333e-02	-1.76000e-01
-1.67866e-03	-7.36024e-05	1.69974e-05	-1.42901e-05	-5.28833e-01	-2.11533e-01	4.37111e-01	1.50173e-02	-1.76000e-01
-1.70693e-03	-7.48391e-05	1.72956e-05	-1.63825e-05	-5.27690e-01	-2.11075e-01	4.39313e-01	1.45110e-02	-1.76000e-01
-1.72188e-03	-7.54871e-05	1.74807e-05	-1.76128e-05	-5.26560e-01	-2.10623e-01	4.41466e-01	1.40144e-02	-1.76000e-01
-1.72542e-03	-7.56336e-05	1.75543e-05	-1.89771e-05	-5.25389e-01	-2.10155e-01	4.43571e-01	1.35277e-02	-1.76000e-01
-1.71048e-03	-7.49681e-05	1.74467e-05	-2.00755e-05	-5.24158e-01	-2.09662e-01	4.45629e-01	1.30508e-02	-1.76000e-01
-1.66206e-03	-7.28340e-05	1.70057e-05	-1.99693e-05	-5.23052e-01	-2.09220e-01	4.47639e-01	1.25838e-02	-1.76000e-01
-1.59216e-03	-6.97577e-05	1.63470e-05	-1.90336e-05	-5.22156e-01	-2.08862e-01	4.49601e-01	1.21267e-02	-1.76000e-01
-1.51874e-03	-6.65332e-05	1.56253e-05	-1.83076e-05	-5.21338e-01	-2.08534e-01	4.51516e-01	1.16795e-02	-1.76000e-01
-1.44051e-03	-6.31013e-05	1.48403e-05	-1.79670e-05	-5.20573e-01	-2.08229e-01	4.53385e-01	1.12422e-02	-1.76000e-01
-1.36611e-03	-5.98307e-05	1.41228e-05	-1.75286e-05	-5.19980e-01	-2.07991e-01	4.55207e-01	1.08149e-02	-1.76000e-01
-1.31720e-03	-5.76785e-05	1.36596e-05	-1.68903e-05	-5.19398e-01	-2.07759e-01	4.56982e-01	1.03975e-02	-1.76000e-01
-1.28967e-03	-5.64737e-05	1.33708e-05	-1.63806e-05	-5.18667e-01	-2.07466e-01	4.58712e-01	9.99004e-03	-1.76000e-01
-1.26136e-03	-5.52343e-05	1.30774e-05	-1.63194e-05	-5.17956e-01	-2.07182e-01	4.60396e-01	9.59246e-03	-1.76000e-01
-1.22842e-03	-5.37829e-05	1.27741e-05	-1.67998e-05	-5.17418e-01	-2.06967e-01	4.62035e-01	9.20477e-03	-1.76000e-01
-1.20568e-03	-5.27759e-05	1.25850e-05	-1.74865e-05	-5.16967e-01	-2.06786e-01	4.63630e-01	8.82691e-03	-1.76000e-01
-1.19620e-03	-5.23587e-05	1.24952e-05	-1.79133e-05	-5.16426e-01	-2.06570e-01	4.65179e-01	8.45886e-03	-1.76000e-01
-1.18255e-03	-5.17598e-05	1.23592e-05	-1.81277e-05	-5.15789e-01	-2.06315e-01	4.66685e-01	8.10056e-03	-1.76000e-01
-1.15343e-03	-5.04766e-05	1.20899e-05	-1.84628e-05	-5.15177e-01	-2.06070e-01	4.68148e-01	7.75197e-03	-1.76000e-01
-1.11931e-03	-4.89761e-05	1.17636e-05	-1.90075e-05	-5.14617e-01	-2.05846e-01	4.69567e-01	7.41301e-03	-1.76000e-01
-1.09215e-03	-4.77832e-05	1.14970e-05	-1.95830e-05	-5.14083e-01	-2.05633e-01	4.70944e-01	7.08363e-03	-1.76000e-01
-1.06609e-03	-4.66382e-05	1.12432e-05	-1.99506e-05	-5.13604e-01	-2.05441e-01	4.72280e-01	6.76374e-03	-1.76000e-01
-1.03160e-03	-4.51263e-05	1.08910e-05	-2.00858e-05	-5.13221e-01	-2.05288e-01	4.73573e-01	6.45327e-03	-1.76000e-01
-9.98610e-04	-4.36805e-05	1.05544e-05	-2.02573e-05	-5.12939e-01	-2.05175e-01	4.74826e-01	6.15211e-03	-1.76000e-01
-9.83324e-04	-4.30056e-05	1.04183e-05	-2.07123e-05	-5.12658e-01	-2.05063e-01	4.76039e-01	5.86016e-03	-1.76000e-01
-9.74763e-04	-4.26218e-05	1.03666e-05	-2.14140e-05	-5.12288e-01	-2.04915e-01	4.77212e-01	5.57733e-03	-1.76000e-01
-9.51924e-04	-4.16139e-05	1.01618e-05	-2.22447e-05	-5.11883e-01	-2.04753e-01	4.78346e-01	5.30350e-03	-1.76000e-01
-9.18644e-04	-4.01556e-05	9.82107e-06	-2.31399e-05	-5.11500e-01	-2.04600e-01	4.79442e-01	5.03854e-03	-1.76000e-01
-8.91821e-04	-3.89816e-05	9.54004e-06	-2.39617e-05	-5.11120e-01	-2.04448e-01	4.80500e-01	4.78232e-03	-1.76000e-01
-8.73000e-04	-3.81599e-05	9.33495e-06	-2.46047e-05	-5.10723e-01	-2.04289e-01	4.81522e-01	4.53470e-03	-1.76000e-01
-8.52803e-04	-3.72841e-05	9.08976e-06	-2.51584e-05	-5.10328e-01	-2.04131e-01	4.82507e-01	4.29554e-03	-1.76000e-01
-8.27225e-04	-3.61697e-05	8.80140e-06	-2.57402e-05	-5.09984e-01	-2.03993e-01	4.83457e-01	4.06468e-03	-1.76000e-01
-8.01021e-04	-3.50195e-05	8.54068e-06	-2.64099e-05	-5.09719e-01	-2.03887e-01	4.84373e-01	3.84196e-03	-1.76000e-01
-7.80019e-04	-3.40988e-05	8.32736e-06	-2.72231e-05	-5.09495e-01	-2.03797e-01	4.85254e-01	3.62721e-03	-1.76000e-01
-7.67975e-04	-3.35727e-05	8.19682e-06	-2.82136e-05	-5.09292e-01	-2.03716e-01	4.86103e-01	3.42025e-03	-1.76000e-01
-7.61893e-04	-3.33037e-05	8.14478e-06	-2.92954e-05	-5.09093e-01	-2.03637e-01	4.86920e-01	3.22090e-03	-1.76000e-01
-7.54663e-04	-3.29840e-05	8.08268e-06	-3.02771e-05	-5.08899e-01	-2.03559e-01	4.87705e-01	3.02895e-03	-1.76000e-01
-7.42215e-04	-3.24361e-05	7.96494e-06	-3.09797e-05	-5.08709e-01	-2.03483e-01	4.88461e-01	2.84422e-03	-1.76000e-01
-7.25155e-04	-3.16875e-05	7.79427e-06	-3.13872e-05	-5.08524e-01	-2.03409e-01	4.89187e-01	2.66648e-03	-1.76000e-01
-7.04225e-04	-3.07696e-05	7.58283e-06	-3.15781e-05	-5.08374e-01	-2.03349e-01	4.89884e-01	2.49552e-03	-1.76000e-01
-6.81428e-04	-2.97690e-05	7.35557e-06	-3.16482e-05	-5.08229e-01	-2.03291e-01	4.90555e-01	2.33111e-03	-1.76000e-01
-6.59509e-04	-2.88104e-05	7.12313e-06	-3.16293e-05	-5.08109e-01	-2.03243e-01	4.91199e-01	2.17302e-03	-1.76000e-01
-6.41451e-04	-2.80176e-05	6.94436e-06	-3.15437e-05	-5.07995e-01	-2.03198e-01	4.91818e-01	2.02101e-03	-1.76000e-01
-6.26065e-04	-2.73447e-05	6.78105e-06	-3.14031e-05	-5.07851e-01	-2.03140e-01	4.92413e-01	1.87482e-03	-1.76000e-01
-6.15932e-04	-2.69018e-05	6.67260e-06	-3.12332e-05	-5.07760e-01	-2.03103e-01	4.92984e-01	1.73421e-03	-1.76000e-01
-6.06932e-04	-2.65018e-05	6.60332e-06	-3.10884e-05	-5.07561e-01	-2.03024e-01	4.93534e-01	1.59889e-03	-1.76000e-01
-6.02009e-04	-2.62968e-05	6.50913e-06	-3.10145e-05	-5.07472e-01	-2.02988e-01	4.94063e-01	1.46860e-03	-1.76000e-01
-5.96905e-04	-2.60552e-05	6.52965e-06	-3.10549e-05	-5.07239e-01	-2.02895e-01	4.94572e-01	1.34306e-03	-1.76000e-01
-5.91344e-04	-2.58379e-05	6.36543e-06	-3.12293e-05	-5.07075e-01	-2.02829e-01	4.95063e-01	1.22198e-03	-1.76000e-01
-5.83535e-04	-2.54678e-05	6.39850e-06	-3.15167e-05	-5.06895e-01	-2.02757e-01	4.95537e-01	1.10505e-03	-1.76000e-01
-5.68252e-04	-2.48279e-05	6.12134e-06	-3.19149e-05	-5.06556e-01	-2.02622e-01	4.95995e-01	9.91973e-04	-1.76000e-01
-5.47877e-04	-2.39206e-05	5.97061e-06	-3.23928e-05	-5.06541e-01	-2.02616e-01	4.96438e-01	8.82435e-04	-1.76000e-01
-5.19296e-04	-2.26639e-05	5.69514e-06	-3.29384e-05	-5.06015e-01	-2.02405e-01	4.96868e-01	7.76113e-04	-1.76000e-01
-4.78620e-04	-2.09325e-05	5.07156e-06	-3.35658e-05	-5.06113e-01	-2.02445e-01	4.97286e-01	6.72677e-04	-1.76000e-01
-4.42865e-04	-1.92611e-05	5.12782e-06	-3.41508e-05	-5.05712e-01	-2.02284e-01	4.97694e-01	5.71789e-04	-1.76000e-01
-3.77494e-04	-1.65718e-05	3.74981e-06	-3.48924e-05	-5.05448e-01	-2.02179e-01	4.98092e-01	4.73103e-04	-1.76000e-01
-3.66233e-04	-1.57782e-05	4.84551e-06	-3.56701e-05	-5.06039e-01	-2.02415e-01	4.98483e-01	3.76264e-04	-1.76000e-01
-3.04404e-04	-1.33369e-05	3.12996e-06	-3.60662e-05	-5.04619e-01	-2.01847e-01	4.98868e-01	2.80912e-04	-1.76000e-01
-4.19821e-04	-1.81442e-05	5.32258e-06	-3.79297e-05	-5.08844e-01	-2.03537e-01	4.99248e-01	1.86674e-04	-1.76000e-01
-7.42517e-04	-3.06587e-05	1.51831e-05	-3.86333e-05	-5.08229e-01	-2.03291e-01	4.99625e-01	9.31737e-05	-1.76000e-01
-6.24406e-04	-3.74150e-05	-3.40745e-05	-3.09989e-05	-5.11956e-01	-2.04781e-01	5.00000e-01	0.00000e+00	-1.76000e-01
