"Density"	"Momentum:0"	"Momentum:1"	"Momentum:2"	"StagnationEnergy"	"Pressure"	"Points:0"	"Points:1"	"Points:2"
2.19264e-02	-9.22582e-04	9.97926e-04	1.60982e-04	-4.96856e-01	-1.98759e-01	-4.85266e-01	0.00000e+00	-1.95800e-01
-7.82312e-04	3.57003e-05	-3.74154e-05	5.17796e-05	-8.87808e-01	-3.55122e-01	-4.85212e-01	2.24936e-03	-1.95800e-01
2.54640e-03	3.64530e-05	1.13068e-04	7.61420e-05	-7.58463e-01	-3.03387e-01	-4.85050e-01	4.49354e-03	-1.95800e-01
8.07402e-03	4.51620e-05	3.65198e-04	7.30215e-05	-8.19265e-01	-3.27710e-01	-4.84780e-01	6.72721e-03	-1.95800e-01
7.71617e-03	9.21417e-05	3.40152e-04	5.34157e-05	-7.98100e-01	-3.19243e-01	-4.84401e-01	8.94509e-03	-1.95800e-01
7.46572e-03	7.49884e-05	3.31719e-04	3.83715e-05	-8.01449e-01	-3.20583e-01	-4.83915e-01	1.11420e-02	-1.95800e-01
6.37788e-03	9.16933e-05	2.75698e-04	1.39518e-05	-8.20864e-01	-3.28348e-01	-4.83325e-01	1.33133e-02	-1.95800e-01
4.37837e-03	6.24994e-05	1.89265e-04	-4.26999e-06	-7.88011e-01	-3.15206e-01	-4.82634e-01	1.54544e-02	-1.95800e-01
2.57908e-03	4.10375e-05	1.09976e-04	-2.02830e-05	-7.90781e-01	-3.16314e-01	-4.81845e-01	1.75616e-02	-1.95800e-01
9.75940e-04	1.62481e-05	4.13647e-05	-2.67846e-05	-7.67604e-01	-3.07042e-01	-4.81008e-01	1.95307e-02	-1.95800e-01
3.25249e-07	-5.46306e-06	2.71838e-06	-2.40970e-05	-7.54912e-01	-3.02345e-01	-4.80171e-01	2.13060e-02	-1.95800e-01
-5.67366e-04	-1.40959e-05	-2.17026e-05	-1.86725e-05	-7.50475e-01	-3.00190e-01	-4.79330e-01	2.29365e-02	-1.95800e-01
-9.71948e-04	-2.56568e-05	-3.61855e-05	-1.27007e-05	-7.38973e-01	-2.95589e-01	-4.78484e-01	2.44544e-02	-1.95800e-01
-1.15199e-03	-2.85874e-05	-4.38526e-05	-9.34541e-06	-7.38942e-01	-2.95576e-01	-4.77633e-01	2.58824e-02	-1.95800e-01
-1.22011e-03	-3.09926e-05	-4.59381e-05	-6.53297e-06	-7.33045e-01	-2.93218e-01	-4.76775e-01	2.72370e-02	-1.95800e-01
-1.12370e-03	-2.91622e-05	-4.18601e-05	-4.39872e-06	-7.31844e-01	-2.92737e-01	-4.75907e-01	2.85310e-02	-1.95800e-01
-9.77829e-04	-2.58449e-05	-3.60805e-05	-2.68989e-06	-7.30689e-01	-2.92275e-01	-4.75030e-01	2.97741e-02	-1.95800e-01
-8.36345e-04	-2.30178e-05	-3.01730e-05	-1.31637e-06	-7.29048e-01	-2.91619e-01	-4.74141e-01	3.09742e-02	-1.95800e-01
-6.97137e-04	-1.95061e-05	-2.48940e-05	-3.96909e-07	-7.29227e-01	-2.91690e-01	-4.73240e-01	3.21379e-02	-1.95800e-01
-5.92414e-04	-1.70447e-05	-2.07698e-05	3.96810e-07	-7.28298e-01	-2.91319e-01	-4.72325e-01	3.32702e-02	-1.95800e-01
-4.93558e-04	-1.44685e-05	-1.70741e-05	9.02200e-07	-7.28268e-01	-2.91307e-01	-4.71395e-01	3.43758e-02	-1.95800e-01
-4.10649e-04	-1.22212e-05	-1.40444e-05	1.27364e-06	-7.28262e-01	-2.91305e-01	-4.70448e-01	3.54582e-02	-1.95800e-01
-3.49374e-04	-1.06132e-05	-1.17529e-05	1.52766e-06	-7.28064e-01	-2.91225e-01	-4.69484e-01	3.65206e-02	-1.95800e-01
-2.94724e-04	-9.08820e-06	-9.78780e-06	1.57390e-06	-7.28354e-01	-2.91341e-01	-4.68501e-01	3.75657e-02	-1.95800e-01
-2.46186e-04	-7.69398e-06	-8.07738e-06	1.60543e-06	-7.28403e-01	-2.91361e-01	-4.67498e-01	3.85957e-02	-1.95800e-01
-1.93742e-04	-6.13411e-06	-6.27885e-06	1.78285e-06	-7.28608e-01	-2.91443e-01	-4.66474e-01	3.96128e-02	-1.95800e-01
-1.11095e-04	-3.49493e-06	-3.62632e-06	2.03878e-06	-7.28870e-01	-2.91548e-01	-4.65429e-01	4.06186e-02	-1.95800e-01
3.33662e-05	1.27371e-06	8.46419e-07	2.27674e-06	-7.29122e-01	-2.91649e-01	-4.64360e-01	4.16146e-02	-1.95800e-01
2.34240e-04	8.09796e-06	6.85095e-06	2.60110e-06	-7.29803e-01	-2.91921e-01	-4.63267e-01	4.26020e-02	-1.95800e-01
4.73793e-04	1.64427e-05	1.37697e-05	2.94922e-06	-7.30901e-01	-2.92361e-01	-4.62150e-01	4.35820e-02	-1.95800e-01
7.43169e-04	2.59768e-05	2.13620e-05	3.13645e-06	-7.32557e-01	-2.93023e-01	-4.61006e-01	4.45555e-02	-1.95800e-01
1.00049e-03	3.52462e-05	2.84063e-05	3.31990e-06	-7.34665e-01	-2.93866e-01	-4.59835e-01	4.55233e-02	-1.95800e-01
1.19554e-03	4.25171e-05	3.34274e-05	3.51036e-06	-7.37128e-01	-2.94852e-01	-4.58637e-01	4.64862e-02	-1.95800e-01
1.31507e-03	4.72794e-05	3.60936e-05	3.27293e-06	-7.39785e-01	-2.95914e-01	-4.57410e-01	4.74448e-02	-1.95800e-01
1.36830e-03	4.96724e-05	3.69013e-05	2.40657e-06	-7.42334e-01	-2.96934e-01	-4.56153e-01	4.83995e-02	-1.95800e-01
1.35460e-03	4.95286e-05	3.60342e-05	1.33820e-06	-7.44717e-01	-2.97887e-01	-4.54866e-01	4.93508e-02	-1.95800e-01
1.27455e-03	4.69468e-05	3.34103e-05	4.90689e-07	-7.46848e-01	-2.98740e-01	-4.53547e-01	5.02990e-02	-1.95800e-01
1.15636e-03	4.29655e-05	2.97691e-05	-6.56277e-08	-7.48621e-01	-2.99449e-01	-4.52197e-01	5.12444e-02	-1.95800e-01
1.02658e-03	3.85070e-05	2.58836e-05	-3.23334e-07	-7.50045e-01	-3.00018e-01	-4.50813e-01	5.21873e-02	-1.95800e-01
8.96139e-04	3.39034e-05	2.21481e-05	-3.97609e-07	-7.51210e-01	-3.00484e-01	-4.49397e-01	5.31277e-02	-1.95800e-01
7.86578e-04	3.00030e-05	1.90517e-05	-2.69751e-07	-7.52225e-01	-3.00890e-01	-4.47945e-01	5.40658e-02	-1.95800e-01
7.31887e-04	2.81176e-05	1.73986e-05	4.28934e-08	-7.53225e-01	-3.01290e-01	-4.46459e-01	5.50017e-02	-1.95800e-01
7.43238e-04	2.86899e-05	1.74380e-05	1.26640e-09	-7.54401e-01	-3.01761e-01	-4.44938e-01	5.59355e-02	-1.95800e-01
8.00886e-04	3.10144e-05	1.86195e-05	-9.61699e-07	-7.55857e-01	-3.02343e-01	-4.43380e-01	5.68670e-02	-1.95800e-01
8.71132e-04	3.38795e-05	2.00028e-05	-2.49011e-06	-7.57645e-01	-3.03058e-01	-4.41785e-01	5.77962e-02	-1.95800e-01
9.15652e-04	3.58031e-05	2.06881e-05	-3.84656e-06	-7.59670e-01	-3.03868e-01	-4.40153e-01	5.87232e-02	-1.95800e-01
8.90948e-04	3.50634e-05	1.97231e-05	-4.63745e-06	-7.61683e-01	-3.04674e-01	-4.38483e-01	5.96477e-02	-1.95800e-01
7.89327e-04	3.12795e-05	1.70747e-05	-4.92440e-06	-7.63489e-01	-3.05396e-01	-4.36774e-01	6.05697e-02	-1.95800e-01
6.74021e-04	2.68984e-05	1.42214e-05	-4.74285e-06	-7.64976e-01	-3.05991e-01	-4.35026e-01	6.14889e-02	-1.95800e-01
6.23387e-04	2.50364e-05	1.28413e-05	-3.69966e-06	-7.66391e-01	-3.06557e-01	-4.33238e-01	6.24053e-02	-1.95800e-01
6.36047e-04	2.56992e-05	1.27893e-05	-1.68905e-06	-7.68162e-01	-3.07265e-01	-4.31411e-01	6.33187e-02	-1.95800e-01
6.71217e-04	2.72914e-05	1.31398e-05	7.19413e-07	-7.70301e-01	-3.08121e-01	-4.29542e-01	6.42287e-02	-1.95800e-01
7.23314e-04	2.95731e-05	1.38075e-05	2.48422e-06	-7.72686e-01	-3.09075e-01	-4.27633e-01	6.51353e-02	-1.95800e-01
7.95426e-04	3.26591e-05	1.48775e-05	2.67279e-06	-7.75292e-01	-3.10117e-01	-4.25682e-01	6.60381e-02	-1.95800e-01
8.79147e-04	3.62380e-05	1.61203e-05	2.06634e-06	-7.78060e-01	-3.11224e-01	-4.23690e-01	6.69369e-02	-1.95800e-01
9.55243e-04	3.95491e-05	1.71085e-05	2.57947e-06	-7.81321e-01	-3.12529e-01	-4.21655e-01	6.78314e-02	-1.95800e-01
9.64747e-04	4.01196e-05	1.68540e-05	4.02766e-06	-7.85121e-01	-3.14049e-01	-4.19578e-01	6.87214e-02	-1.95800e-01
8.80514e-04	3.67743e-05	1.49936e-05	4.05782e-06	-7.88717e-01	-3.15487e-01	-4.17458e-01	6.96066e-02	-1.95800e-01
7.83691e-04	3.28056e-05	1.31510e-05	1.44159e-06	-7.91941e-01	-3.16777e-01	-4.15294e-01	7.04867e-02	-1.95800e-01
7.42808e-04	3.10919e-05	1.24668e-05	-2.93668e-06	-7.95230e-01	-3.18092e-01	-4.13087e-01	7.13613e-02	-1.95800e-01
7.31907e-04	3.06460e-05	1.22602e-05	-7.13595e-06	-7.98771e-01	-3.19509e-01	-4.10837e-01	7.22303e-02	-1.95800e-01
6.99932e-04	2.93526e-05	1.16117e-05	-9.42662e-06	-8.02483e-01	-3.20994e-01	-4.08542e-01	7.30932e-02	-1.95800e-01
6.23253e-04	2.61984e-05	1.01821e-05	-9.61626e-06	-8.06167e-01	-3.22467e-01	-4.06203e-01	7.39497e-02	-1.95800e-01
5.05190e-04	2.12852e-05	8.12383e-06	-8.59482e-06	-8.09770e-01	-3.23908e-01	-4.03820e-01	7.47996e-02	-1.95800e-01
3.60162e-04	1.52089e-05	5.70138e-06	-6.84879e-06	-8.13249e-01	-3.25300e-01	-4.01392e-01	7.56424e-02	-1.95800e-01
2.09846e-04	8.86674e-06	3.31180e-06	-5.20331e-06	-8.16448e-01	-3.26579e-01	-3.98919e-01	7.64779e-02	-1.95800e-01
7.32652e-05	3.02838e-06	1.36669e-06	-5.02712e-06	-8.19477e-01	-3.27791e-01	-3.96401e-01	7.73058e-02	-1.95800e-01
-4.63572e-05	-2.12779e-06	-1.99894e-07	-6.09976e-06	-8.22399e-01	-3.28960e-01	-3.93838e-01	7.81256e-02	-1.95800e-01
-1.51183e-04	-6.64388e-06	-1.57458e-06	-7.13767e-06	-8.25231e-01	-3.30092e-01	-3.91230e-01	7.89371e-02	-1.95800e-01
-2.41406e-04	-1.05511e-05	-2.68747e-06	-7.86757e-06	-8.28234e-01	-3.31293e-01	-3.88576e-01	7.97400e-02	-1.95800e-01
-3.12183e-04	-1.36516e-05	-3.43370e-06	-8.47496e-06	-8.31343e-01	-3.32537e-01	-3.85877e-01	8.05338e-02	-1.95800e-01
-3.71674e-04	-1.62712e-05	-4.00565e-06	-8.90181e-06	-8.34461e-01	-3.33784e-01	-3.83133e-01	8.13183e-02	-1.95800e-01
-4.68028e-04	-2.04888e-05	-5.02460e-06	-8.78559e-06	-8.37740e-01	-3.35096e-01	-3.80343e-01	8.20931e-02	-1.95800e-01
-6.29092e-04	-2.75140e-05	-6.82592e-06	-7.42748e-06	-8.40787e-01	-3.36314e-01	-3.77507e-01	8.28580e-02	-1.95800e-01
-8.05565e-04	-3.52239e-05	-8.75263e-06	-4.96919e-06	-8.42963e-01	-3.37185e-01	-3.74626e-01	8.36124e-02	-1.95800e-01
-9.30133e-04	-4.07041e-05	-9.95781e-06	-2.73298e-06	-8.44458e-01	-3.37783e-01	-3.71699e-01	8.43563e-02	-1.95800e-01
-9.78278e-04	-4.28706e-05	-1.02171e-05	-1.69293e-06	-8.46266e-01	-3.38506e-01	-3.68727e-01	8.50891e-02	-1.95800e-01
-9.86099e-04	-4.32761e-05	-1.00224e-05	-1.27095e-06	-8.48903e-01	-3.39561e-01	-3.65710e-01	8.58107e-02	-1.95800e-01
-1.02574e-03	-4.50607e-05	-1.02202e-05	2.35677e-08	-8.51582e-01	-3.40632e-01	-3.62647e-01	8.65206e-02	-1.95800e-01
-1.12220e-03	-4.93374e-05	-1.09962e-05	2.49411e-06	-8.53490e-01	-3.41396e-01	-3.59538e-01	8.72186e-02	-1.95800e-01
-1.22936e-03	-5.41230e-05	-1.16988e-05	4.25136e-06	-8.54787e-01	-3.41914e-01	-3.56384e-01	8.79043e-02	-1.95800e-01
-1.31830e-03	-5.81332e-05	-1.20866e-05	3.65142e-06	-8.55963e-01	-3.42385e-01	-3.53186e-01	8.85775e-02	-1.95800e-01
-1.41334e-03	-6.24209e-05	-1.24727e-05	1.86443e-06	-8.57300e-01	-3.42919e-01	-3.49942e-01	8.92378e-02	-1.95800e-01
-1.50182e-03	-6.64154e-05	-1.27999e-05	1.33374e-06	-8.58366e-01	-3.43346e-01	-3.46653e-01	8.98850e-02	-1.95800e-01
-1.53941e-03	-6.81435e-05	-1.27620e-05	2.46973e-06	-8.59091e-01	-3.43636e-01	-3.43320e-01	9.05187e-02	-1.95800e-01
-1.56887e-03	-6.95189e-05	-1.26054e-05	3.70120e-06	-8.60109e-01	-3.44043e-01	-3.39942e-01	9.11388e-02	-1.95800e-01
-1.66889e-03	-7.40311e-05	-1.29448e-05	3.75864e-06	-8.61194e-01	-3.44477e-01	-3.36520e-01	9.17448e-02	-1.95800e-01
-1.81755e-03	-8.07152e-05	-1.35623e-05	3.19942e-06	-8.61932e-01	-3.44772e-01	-3.33053e-01	9.23366e-02	-1.95800e-01
-1.93279e-03	-8.59205e-05	-1.38728e-05	3.62749e-06	-8.62303e-01	-3.44920e-01	-3.29543e-01	9.29138e-02	-1.95800e-01
-1.97382e-03	-8.78142e-05	-1.37139e-05	5.06363e-06	-8.62344e-01	-3.44937e-01	-3.25989e-01	9.34763e-02	-1.95800e-01
-1.98499e-03	-8.83791e-05	-1.33339e-05	6.50457e-06	-8.62423e-01	-3.44968e-01	-3.22391e-01	9.40237e-02	-1.95800e-01
-2.02563e-03	-9.02628e-05	-1.30876e-05	7.95330e-06	-8.62493e-01	-3.44997e-01	-3.18750e-01	9.45559e-02	-1.95800e-01
-2.09068e-03	-9.32388e-05	-1.29452e-05	9.07051e-06	-8.62255e-01	-3.44901e-01	-3.15067e-01	9.50725e-02	-1.95800e-01
-2.15958e-03	-9.63884e-05	-1.27887e-05	8.56508e-06	-8.61758e-01	-3.44702e-01	-3.11340e-01	9.55734e-02	-1.95800e-01
-2.23198e-03	-9.96931e-05	-1.26319e-05	6.17632e-06	-8.61031e-01	-3.44412e-01	-3.07572e-01	9.60583e-02	-1.95800e-01
-2.30459e-03	-1.03012e-04	-1.24171e-05	3.60586e-06	-8.60303e-01	-3.44120e-01	-3.03761e-01	9.65271e-02	-1.95800e-01
-2.37034e-03	-1.06018e-04	-1.21795e-05	3.31235e-06	-8.59614e-01	-3.43845e-01	-2.99909e-01	9.69795e-02	-1.95800e-01
-2.42481e-03	-1.08513e-04	-1.19126e-05	5.79705e-06	-8.58696e-01	-3.43477e-01	-2.96015e-01	9.74154e-02	-1.95800e-01
-2.49687e-03	-1.11792e-04	-1.17462e-05	8.73745e-06	-8.57697e-01	-3.43078e-01	-2.92080e-01	9.78345e-02	-1.95800e-01
-2.60875e-03	-1.16858e-04	-1.16886e-05	9.75980e-06	-8.56579e-01	-3.42631e-01	-2.88105e-01	9.82366e-02	-1.95800e-01
-2.67079e-03	-1.19702e-04	-1.12873e-05	8.34827e-06	-8.55047e-01	-3.42018e-01	-2.84090e-01	9.86217e-02	-1.95800e-01
-2.60106e-03	-1.16637e-04	-1.03017e-05	6.12336e-06	-8.53885e-01	-3.41553e-01	-2.80034e-01	9.89896e-02	-1.95800e-01
-2.50605e-03	-1.12426e-04	-9.32928e-06	6.33418e-06	-8.53138e-01	-3.41254e-01	-2.75939e-01	9.93400e-02	-1.95800e-01
-2.49215e-03	-1.11835e-04	-8.85632e-06	1.01172e-05	-8.51623e-01	-3.40648e-01	-2.71806e-01	9.96729e-02	-1.95800e-01
-2.52054e-03	-1.13139e-04	-8.54787e-06	1.47897e-05	-8.49986e-01	-3.39993e-01	-2.67633e-01	9.99881e-02	-1.95800e-01
-2.57073e-03	-1.15428e-04	-8.19893e-06	1.76463e-05	-8.48770e-01	-3.39507e-01	-2.63423e-01	1.00286e-01	-1.95800e-01
-2.63241e-03	-1.18232e-04	-7.86483e-06	1.89998e-05	-8.46925e-01	-3.38769e-01	-2.59174e-01	1.00565e-01	-1.95800e-01
-2.64208e-03	-1.18701e-04	-7.34163e-06	2.01487e-05	-8.45029e-01	-3.38011e-01	-2.54889e-01	1.00827e-01	-1.95800e-01
-2.61245e-03	-1.17402e-04	-6.67867e-06	2.10989e-05	-8.43897e-01	-3.37558e-01	-2.50566e-01	1.01070e-01	-1.95800e-01
-2.62752e-03	-1.18107e-04	-6.19259e-06	2.12325e-05	-8.42482e-01	-3.36992e-01	-2.46208e-01	1.01296e-01	-1.95800e-01
-2.70242e-03	-1.21499e-04	-5.83707e-06	2.03584e-05	-8.40229e-01	-3.36090e-01	-2.41814e-01	1.01503e-01	-1.95800e-01
-2.80462e-03	-1.26121e-04	-5.41044e-06	1.85863e-05	-8.37549e-01	-3.35019e-01	-2.37384e-01	1.01691e-01	-1.95800e-01
-2.90461e-03	-1.30643e-04	-4.92375e-06	1.69895e-05	-8.34443e-01	-3.33776e-01	-2.32920e-01	1.01862e-01	-1.95800e-01
-2.94567e-03	-1.32510e-04	-4.40526e-06	1.72296e-05	-8.30740e-01	-3.32295e-01	-2.28421e-01	1.02014e-01	-1.95800e-01
-2.90207e-03	-1.30564e-04	-3.81612e-06	1.84810e-05	-8.27199e-01	-3.30879e-01	-2.23889e-01	1.02147e-01	-1.95800e-01
-2.85479e-03	-1.28450e-04	-3.20047e-06	1.83353e-05	-8.24540e-01	-3.29815e-01	-2.19323e-01	1.02263e-01	-1.95800e-01
-2.87040e-03	-1.29164e-04	-2.66234e-06	1.68710e-05	-8.22118e-01	-3.28846e-01	-2.14725e-01	1.02359e-01	-1.95800e-01
-2.90134e-03	-1.30566e-04	-2.10526e-06	1.47967e-05	-8.19495e-01	-3.27797e-01	-2.10095e-01	1.02438e-01	-1.95800e-01
-2.90423e-03	-1.30703e-04	-1.49567e-06	1.11237e-05	-8.17204e-01	-3.26881e-01	-2.05434e-01	1.02497e-01	-1.95800e-01
-2.91779e-03	-1.31317e-04	-9.17824e-07	7.26302e-06	-8.15190e-01	-3.26075e-01	-2.00741e-01	1.02539e-01	-1.95800e-01
-2.94996e-03	-1.32767e-04	-3.78932e-07	6.26098e-06	-8.12836e-01	-3.25133e-01	-1.96019e-01	1.02562e-01	-1.95800e-01
-2.97621e-03	-1.33948e-04	1.29697e-07	7.12189e-06	-8.10396e-01	-3.24157e-01	-1.91266e-01	1.02566e-01	-1.95800e-01
-3.01759e-03	-1.35808e-04	6.87564e-07	7.02588e-06	-8.07682e-01	-3.23072e-01	-1.86485e-01	1.02552e-01	-1.95800e-01
-3.05967e-03	-1.37697e-04	1.23227e-06	5.44841e-06	-8.03734e-01	-3.21492e-01	-1.81675e-01	1.02520e-01	-1.95800e-01
-3.04301e-03	-1.36940e-04	1.78186e-06	3.45806e-06	-7.99735e-01	-3.19893e-01	-1.76837e-01	1.02470e-01	-1.95800e-01
-2.99767e-03	-1.34891e-04	2.26008e-06	3.02051e-06	-7.96613e-01	-3.18644e-01	-1.71972e-01	1.02401e-01	-1.95800e-01
-2.98715e-03	-1.34410e-04	2.64925e-06	5.43023e-06	-7.92774e-01	-3.17109e-01	-1.67081e-01	1.02315e-01	-1.95800e-01
-3.00280e-03	-1.35104e-04	3.10105e-06	8.06018e-06	-7.88227e-01	-3.15290e-01	-1.62163e-01	1.02210e-01	-1.95800e-01
-3.04048e-03	-1.36786e-04	3.64517e-06	6.67441e-06	-7.84006e-01	-3.13601e-01	-1.57221e-01	1.02088e-01	-1.95800e-01
-3.11236e-03	-1.40004e-04	4.27240e-06	2.11238e-06	-7.79203e-01	-3.11680e-01	-1.52254e-01	1.01948e-01	-1.95800e-01
-3.19811e-03	-1.43844e-04	4.89274e-06	-5.39453e-07	-7.73550e-01	-3.09419e-01	-1.47262e-01	1.01790e-01	-1.95800e-01
-3.28605e-03	-1.47782e-04	5.51309e-06	2.85887e-07	-7.67735e-01	-3.07093e-01	-1.42248e-01	1.01615e-01	-1.95800e-01
-3.34957e-03	-1.50619e-04	6.09467e-06	1.18624e-06	-7.61441e-01	-3.04575e-01	-1.37211e-01	1.01422e-01	-1.95800e-01
-3.34186e-03	-1.50251e-04	6.56837e-06	-1.64006e-07	-7.55180e-01	-3.02071e-01	-1.32152e-01	1.01212e-01	-1.95800e-01
-3.30586e-03	-1.48609e-04	7.01286e-06	-2.09743e-06	-7.49754e-01	-2.99900e-01	-1.27072e-01	1.00985e-01	-1.95800e-01
-3.33383e-03	-1.49842e-04	7.54505e-06	-2.53282e-06	-7.43983e-01	-2.97592e-01	-1.21972e-01	1.00740e-01	-1.95800e-01
-3.41576e-03	-1.53501e-04	8.17690e-06	-1.63546e-06	-7.37059e-01	-2.94822e-01	-1.16851e-01	1.00479e-01	-1.95800e-01
-3.47386e-03	-1.56086e-04	8.78184e-06	1.08575e-08	-7.29608e-01	-2.91842e-01	-1.11712e-01	1.00202e-01	-1.95800e-01
-3.45194e-03	-1.55075e-04	9.17681e-06	2.05543e-06	-7.22079e-01	-2.88830e-01	-1.06554e-01	9.99075e-02	-1.95800e-01
-3.35096e-03	-1.50512e-04	9.33481e-06	3.18624e-06	-7.14645e-01	-2.85857e-01	-1.01379e-01	9.95970e-02	-1.95800e-01
-3.23856e-03	-1.45437e-04	9.43126e-06	2.15173e-06	-7.07437e-01	-2.82973e-01	-9.61863e-02	9.92704e-02	-1.95800e-01
-3.17305e-03	-1.42467e-04	9.66112e-06	-6.46439e-07	-7.00520e-01	-2.80207e-01	-9.09778e-02	9.89279e-02	-1.95800e-01
-3.12983e-03	-1.40495e-04	9.97344e-06	-3.28665e-06	-6.93670e-01	-2.77467e-01	-8.57538e-02	9.85696e-02	-1.95800e-01
-3.06216e-03	-1.37431e-04	1.01198e-05	-4.47386e-06	-6.86709e-01	-2.74682e-01	-8.05151e-02	9.81958e-02	-1.95800e-01
-2.98053e-03	-1.33740e-04	1.02107e-05	-5.09070e-06	-6.79749e-01	-2.71899e-01	-7.52624e-02	9.78067e-02	-1.95800e-01
-2.89733e-03	-1.29980e-04	1.02639e-05	-5.71212e-06	-6.72513e-01	-2.69004e-01	-6.99966e-02	9.74024e-02	-1.95800e-01
-2.79468e-03	-1.25349e-04	1.02256e-05	-5.78981e-06	-6.65224e-01	-2.66089e-01	-6.47182e-02	9.69833e-02	-1.95800e-01
-2.68717e-03	-1.20500e-04	1.01481e-05	-6.19438e-06	-6.58589e-01	-2.63434e-01	-5.94281e-02	9.65495e-02	-1.95800e-01
-2.60564e-03	-1.16818e-04	1.01393e-05	-7.84659e-06	-6.52408e-01	-2.60962e-01	-5.41270e-02	9.61012e-02	-1.95800e-01
-2.52274e-03	-1.13075e-04	1.01184e-05	-9.53951e-06	-6.46298e-01	-2.58518e-01	-4.88158e-02	9.56388e-02	-1.95800e-01
-2.41382e-03	-1.08168e-04	9.94999e-06	-1.00738e-05	-6.40565e-01	-2.56225e-01	-4.34951e-02	9.51624e-02	-1.95800e-01
-2.32289e-03	-1.04070e-04	9.82171e-06	-9.54642e-06	-6.35333e-01	-2.54132e-01	-3.81657e-02	9.46722e-02	-1.95800e-01
-2.29086e-03	-1.02614e-04	9.90790e-06	-8.48918e-06	-6.29950e-01	-2.51979e-01	-3.28284e-02	9.41685e-02	-1.95800e-01
-2.29137e-03	-1.02614e-04	1.01415e-05	-7.66746e-06	-6.24178e-01	-2.49670e-01	-2.74839e-02	9.36516e-02	-1.95800e-01
-2.27547e-03	-1.01879e-04	1.03029e-05	-7.51937e-06	-6.18415e-01	-2.47365e-01	-2.21331e-02	9.31217e-02	-1.95800e-01
-2.19757e-03	-9.83685e-05	1.01679e-05	-7.39915e-06	-6.12737e-01	-2.45094e-01	-1.67767e-02	9.25790e-02	-1.95800e-01
-2.04640e-03	-9.15814e-05	9.66468e-06	-6.37690e-06	-6.07446e-01	-2.42978e-01	-1.14155e-02	9.20239e-02	-1.95800e-01
-1.88336e-03	-8.42661e-05	9.06860e-06	-4.36762e-06	-6.03032e-01	-2.41212e-01	-6.05028e-03	9.14565e-02	-1.95800e-01
-1.77884e-03	-7.95733e-05	8.71498e-06	-2.08024e-06	-5.99220e-01	-2.39687e-01	-6.81771e-04	9.08771e-02	-1.95800e-01
-1.73014e-03	-7.73783e-05	8.62435e-06	-4.07444e-07	-5.95629e-01	-2.38251e-01	4.68922e-03	9.02860e-02	-1.95800e-01
-1.69582e-03	-7.58261e-05	8.60626e-06	8.88484e-08	-5.92259e-01	-2.36903e-01	1.00619e-02	8.96835e-02	-1.95800e-01
-1.65904e-03	-7.41644e-05	8.57015e-06	-4.58367e-07	-5.89088e-01	-2.35635e-01	1.54355e-02	8.90698e-02	-1.95800e-01
-1.62759e-03	-7.27412e-05	8.55668e-06	-1.26197e-06	-5.86133e-01	-2.34453e-01	2.08092e-02	8.84452e-02	-1.95800e-01
-1.60358e-03	-7.16513e-05	8.57184e-06	-1.41420e-06	-5.83374e-01	-2.33349e-01	2.61823e-02	8.78100e-02	-1.95800e-01
-1.57078e-03	-7.01699e-05	8.52734e-06	-6.25604e-07	-5.80712e-01	-2.32284e-01	3.15540e-02	8.71643e-02	-1.95800e-01
-1.51176e-03	-6.75180e-05	8.32904e-06	5.35509e-07	-5.78235e-01	-2.31293e-01	3.69234e-02	8.65086e-02	-1.95800e-01
-1.43505e-03	-6.40776e-05	8.02229e-06	1.32776e-06	-5.76086e-01	-2.30434e-01	4.22898e-02	8.58431e-02	-1.95800e-01
-1.36464e-03	-6.09200e-05	7.73827e-06	1.61055e-06	-5.74212e-01	-2.29684e-01	4.76525e-02	8.51679e-02	-1.95800e-01
-1.31001e-03	-5.84679e-05	7.53223e-06	1.74725e-06	-5.72472e-01	-2.28988e-01	5.30106e-02	8.44835e-02	-1.95800e-01
-1.26371e-03	-5.63883e-05	7.36547e-06	1.96087e-06	-5.70788e-01	-2.28315e-01	5.83633e-02	8.37901e-02	-1.95800e-01
-1.21667e-03	-5.42773e-05	7.18509e-06	2.11612e-06	-5.69185e-01	-2.27674e-01	6.37099e-02	8.30880e-02	-1.95800e-01
-1.17159e-03	-5.22539e-05	7.00837e-06	2.08484e-06	-5.67742e-01	-2.27096e-01	6.90497e-02	8.23774e-02	-1.95800e-01
-1.13695e-03	-5.06976e-05	6.88648e-06	1.98822e-06	-5.66494e-01	-2.26597e-01	7.43817e-02	8.16586e-02	-1.95800e-01
-1.11463e-03	-4.96912e-05	6.83259e-06	2.00185e-06	-5.65400e-01	-2.26160e-01	7.97052e-02	8.09320e-02	-1.95800e-01
-1.09547e-03	-4.88261e-05	6.79265e-06	2.10409e-06	-5.64409e-01	-2.25763e-01	8.50196e-02	8.01976e-02	-1.95800e-01
-1.07214e-03	-4.77759e-05	6.72296e-06	2.12011e-06	-5.63507e-01	-2.25402e-01	9.03239e-02	7.94559e-02	-1.95800e-01
-1.04635e-03	-4.66160e-05	6.63540e-06	1.93918e-06	-5.62687e-01	-2.25074e-01	9.56175e-02	7.87072e-02	-1.95800e-01
-1.02402e-03	-4.56111e-05	6.56638e-06	1.61752e-06	-5.61927e-01	-2.24770e-01	1.00899e-01	7.79516e-02	-1.95800e-01
-1.00592e-03	-4.47946e-05	6.52075e-06	1.29086e-06	-5.61229e-01	-2.24491e-01	1.06169e-01	7.71895e-02	-1.95800e-01
-9.88847e-04	-4.40243e-05	6.47769e-06	1.03067e-06	-5.60618e-01	-2.24247e-01	1.11426e-01	7.64211e-02	-1.95800e-01
-9.69679e-04	-4.31613e-05	6.41716e-06	7.39411e-07	-5.60108e-01	-2.24043e-01	1.16669e-01	7.56467e-02	-1.95800e-01
-9.47710e-04	-4.21740e-05	6.33517e-06	2.05081e-07	-5.59696e-01	-2.23878e-01	1.21897e-01	7.48665e-02	-1.95800e-01
-9.25660e-04	-4.11834e-05	6.24947e-06	-6.56041e-07	-5.59381e-01	-2.23752e-01	1.27110e-01	7.40810e-02	-1.95800e-01
-9.07805e-04	-4.03799e-05	6.18880e-06	-1.67272e-06	-5.59167e-01	-2.23666e-01	1.32306e-01	7.32902e-02	-1.95800e-01
-8.97166e-04	-3.98977e-05	6.17406e-06	-2.57744e-06	-5.59039e-01	-2.23615e-01	1.37486e-01	7.24945e-02	-1.95800e-01
-8.94490e-04	-3.97700e-05	6.21155e-06	-3.21182e-06	-5.58964e-01	-2.23585e-01	1.42648e-01	7.16941e-02	-1.95800e-01
-8.97507e-04	-3.98956e-05	6.28725e-06	-3.53355e-06	-5.58919e-01	-2.23567e-01	1.47792e-01	7.08893e-02	-1.95800e-01
-9.03905e-04	-4.01715e-05	6.38599e-06	-3.49727e-06	-5.58887e-01	-2.23555e-01	1.52917e-01	7.00804e-02	-1.95800e-01
-9.08581e-04	-4.03708e-05	6.47222e-06	-3.04214e-06	-5.58862e-01	-2.23544e-01	1.58023e-01	6.92677e-02	-1.95800e-01
-9.07546e-04	-4.03164e-05	6.51640e-06	-2.31355e-06	-5.58882e-01	-2.23552e-01	1.63107e-01	6.84513e-02	-1.95800e-01
-9.02540e-04	-4.00860e-05	6.53027e-06	-1.77286e-06	-5.59001e-01	-2.23600e-01	1.68171e-01	6.76316e-02	-1.95800e-01
-9.00562e-04	-3.99900e-05	6.56543e-06	-1.82319e-06	-5.59192e-01	-2.23676e-01	1.73212e-01	6.68087e-02	-1.95800e-01
-9.05132e-04	-4.01847e-05	6.64886e-06	-2.32182e-06	-5.59388e-01	-2.23755e-01	1.78231e-01	6.59831e-02	-1.95800e-01
-9.14624e-04	-4.05975e-05	6.77017e-06	-2.69910e-06	-5.59567e-01	-2.23826e-01	1.83226e-01	6.51548e-02	-1.95800e-01
-9.25733e-04	-4.10820e-05	6.90375e-06	-2.50934e-06	-5.59738e-01	-2.23895e-01	1.88197e-01	6.43243e-02	-1.95800e-01
-9.35911e-04	-4.15254e-05	7.02923e-06	-1.79192e-06	-5.59915e-01	-2.23966e-01	1.93144e-01	6.34916e-02	-1.95800e-01
-9.43648e-04	-4.18601e-05	7.13726e-06	-1.04712e-06	-5.60111e-01	-2.24044e-01	1.98065e-01	6.26571e-02	-1.95800e-01
-9.47814e-04	-4.20363e-05	7.21910e-06	-7.82959e-07	-5.60328e-01	-2.24131e-01	2.02960e-01	6.18210e-02	-1.95800e-01
-9.49344e-04	-4.20958e-05	7.27955e-06	-9.01190e-07	-5.60579e-01	-2.24231e-01	2.07828e-01	6.09836e-02	-1.95800e-01
-9.52759e-04	-4.22390e-05	7.35298e-06	-7.70197e-07	-5.60869e-01	-2.24347e-01	2.12669e-01	6.01451e-02	-1.95800e-01
-9.65260e-04	-4.27849e-05	7.49700e-06	-9.25723e-08	-5.61172e-01	-2.24468e-01	2.17482e-01	5.93058e-02	-1.95800e-01
-9.89975e-04	-4.38717e-05	7.73796e-06	6.56947e-07	-5.61450e-01	-2.24580e-01	2.22265e-01	5.84658e-02	-1.95800e-01
-1.02401e-03	-4.53709e-05	8.05493e-06	8.19468e-07	-5.61706e-01	-2.24682e-01	2.27020e-01	5.76255e-02	-1.95800e-01
-1.06147e-03	-4.70214e-05	8.40306e-06	2.07597e-07	-5.61969e-01	-2.24787e-01	2.31744e-01	5.67851e-02	-1.95800e-01
-1.09777e-03	-4.86195e-05	8.74624e-06	-9.34696e-07	-5.62261e-01	-2.24904e-01	2.36437e-01	5.59448e-02	-1.95800e-01
-1.13006e-03	-5.00392e-05	9.06025e-06	-2.24844e-06	-5.62587e-01	-2.25034e-01	2.41100e-01	5.51048e-02	-1.95800e-01
-1.15600e-03	-5.11776e-05	9.32482e-06	-3.34961e-06	-5.62940e-01	-2.25176e-01	2.45730e-01	5.42654e-02	-1.95800e-01
-1.17509e-03	-5.20125e-05	9.53425e-06	-3.86664e-06	-5.63298e-01	-2.25319e-01	2.50328e-01	5.34268e-02	-1.95800e-01
-1.18709e-03	-5.25334e-05	9.68701e-06	-3.67957e-06	-5.63634e-01	-2.25453e-01	2.54892e-01	5.25892e-02	-1.95800e-01
-1.19443e-03	-5.28478e-05	9.80293e-06	-3.16687e-06	-5.63954e-01	-2.25581e-01	2.59423e-01	5.17529e-02	-1.95800e-01
-1.20260e-03	-5.31990e-05	9.92705e-06	-2.96242e-06	-5.64269e-01	-2.25707e-01	2.63919e-01	5.09181e-02	-1.95800e-01
-1.21527e-03	-5.37486e-05	1.00877e-05	-3.22314e-06	-5.64563e-01	-2.25825e-01	2.68381e-01	5.00850e-02	-1.95800e-01
-1.23295e-03	-5.45208e-05	1.02878e-05	-3.41621e-06	-5.64825e-01	-2.25930e-01	2.72807e-01	4.92538e-02	-1.95800e-01
-1.25814e-03	-5.56244e-05	1.05518e-05	-3.11847e-06	-5.65012e-01	-2.26004e-01	2.77197e-01	4.84248e-02	-1.95800e-01
-1.28897e-03	-5.69766e-05	1.08682e-05	-2.56308e-06	-5.65041e-01	-2.26016e-01	2.81550e-01	4.75982e-02	-1.95800e-01
-1.31956e-03	-5.83168e-05	1.11873e-05	-2.24914e-06	-5.64959e-01	-2.25983e-01	2.85866e-01	4.67742e-02	-1.95800e-01
-1.34635e-03	-5.94890e-05	1.14756e-05	-2.42078e-06	-5.64852e-01	-2.25940e-01	2.90145e-01	4.59530e-02	-1.95800e-01
-1.37070e-03	-6.05538e-05	1.17410e-05	-2.90250e-06	-5.64690e-01	-2.25875e-01	2.94385e-01	4.51348e-02	-1.95800e-01
-1.39322e-03	-6.15377e-05	1.19907e-05	-3.35397e-06	-5.64505e-01	-2.25801e-01	2.98587e-01	4.43198e-02	-1.95800e-01
-1.41709e-03	-6.25807e-05	1.22538e-05	-3.73121e-06	-5.64338e-01	-2.25734e-01	3.02750e-01	4.35083e-02	-1.95800e-01
-1.44167e-03	-6.36547e-05	1.25255e-05	-4.21403e-06	-5.64090e-01	-2.25635e-01	3.06872e-01	4.27004e-02	-1.95800e-01
-1.45873e-03	-6.43956e-05	1.27357e-05	-4.79237e-06	-5.63736e-01	-2.25494e-01	3.10955e-01	4.18964e-02	-1.95800e-01
-1.46314e-03	-6.45781e-05	1.28346e-05	-5.20879e-06	-5.63381e-01	-2.25352e-01	3.14997e-01	4.10965e-02	-1.95800e-01
-1.46166e-03	-6.45014e-05	1.28800e-05	-5.23001e-06	-5.63044e-01	-2.25217e-01	3.18998e-01	4.03008e-02	-1.95800e-01
-1.46218e-03	-6.45126e-05	1.29426e-05	-4.84731e-06	-5.62679e-01	-2.25071e-01	3.22958e-01	3.95096e-02	-1.95800e-01
-1.46862e-03	-6.47846e-05	1.30597e-05	-4.35200e-06	-5.62257e-01	-2.24902e-01	3.26876e-01	3.87230e-02	-1.95800e-01
-1.48165e-03	-6.53479e-05	1.32329e-05	-4.18208e-06	-5.61718e-01	-2.24687e-01	3.30751e-01	3.79413e-02	-1.95800e-01
-1.49537e-03	-6.59411e-05	1.34133e-05	-4.44583e-06	-5.61057e-01	-2.24422e-01	3.34584e-01	3.71646e-02	-1.95800e-01
-1.50233e-03	-6.62357e-05	1.35377e-05	-4.73901e-06	-5.60340e-01	-2.24135e-01	3.38373e-01	3.63932e-02	-1.95800e-01
-1.50341e-03	-6.62712e-05	1.36066e-05	-4.69820e-06	-5.59629e-01	-2.23851e-01	3.42119e-01	3.56272e-02	-1.95800e-01
-1.50785e-03	-6.64546e-05	1.37053e-05	-4.32654e-06	-5.58943e-01	-2.23577e-01	3.45821e-01	3.48668e-02	-1.95800e-01
-1.51796e-03	-6.68887e-05	1.38528e-05	-3.66744e-06	-5.58254e-01	-2.23301e-01	3.49479e-01	3.41122e-02	-1.95800e-01
-1.53254e-03	-6.75193e-05	1.40433e-05	-2.86422e-06	-5.57588e-01	-2.23035e-01	3.53092e-01	3.33635e-02	-1.95800e-01
-1.55501e-03	-6.84968e-05	1.43101e-05	-2.18223e-06	-5.56926e-01	-2.22770e-01	3.56660e-01	3.26210e-02	-1.95800e-01
-1.58583e-03	-6.98429e-05	1.46476e-05	-1.53689e-06	-5.56192e-01	-2.22476e-01	3.60183e-01	3.18848e-02	-1.95800e-01
-1.61823e-03	-7.12585e-05	1.50022e-05	-7.65452e-07	-5.55435e-01	-2.22174e-01	3.63660e-01	3.11551e-02	-1.95800e-01
-1.64781e-03	-7.25474e-05	1.53403e-05	-1.05751e-07	-5.54687e-01	-2.21874e-01	3.67092e-01	3.04321e-02	-1.95800e-01
-1.67163e-03	-7.35822e-05	1.56278e-05	3.37949e-07	-5.53884e-01	-2.21553e-01	3.70477e-01	2.97159e-02	-1.95800e-01
-1.68766e-03	-7.42743e-05	1.58407e-05	8.35205e-07	-5.53002e-01	-2.21200e-01	3.73816e-01	2.90066e-02	-1.95800e-01
-1.69627e-03	-7.46413e-05	1.59763e-05	1.49010e-06	-5.52066e-01	-2.20826e-01	3.77109e-01	2.83045e-02	-1.95800e-01
-1.69488e-03	-7.45674e-05	1.60237e-05	2.00907e-06	-5.51176e-01	-2.20470e-01	3.80354e-01	2.76098e-02	-1.95800e-01
-1.68373e-03	-7.40626e-05	1.59843e-05	1.79615e-06	-5.50393e-01	-2.20156e-01	3.83553e-01	2.69224e-02	-1.95800e-01
-1.66899e-03	-7.34014e-05	1.59027e-05	3.71824e-07	-5.49688e-01	-2.19875e-01	3.86704e-01	2.62427e-02	-1.95800e-01
-1.66538e-03	-7.32325e-05	1.59170e-05	-1.93984e-06	-5.48973e-01	-2.19588e-01	3.89807e-01	2.55707e-02	-1.95800e-01
-1.68008e-03	-7.38677e-05	1.61083e-05	-4.17216e-06	-5.48121e-01	-2.19248e-01	3.92863e-01	2.49066e-02	-1.95800e-01
-1.69877e-03	-7.46764e-05	1.63471e-05	-5.61849e-06	-5.47138e-01	-2.18855e-01	3.95872e-01	2.42506e-02	-1.95800e-01
-1.70423e-03	-7.49031e-05	1.64601e-05	-6.30878e-06	-5.46183e-01	-2.18473e-01	3.98832e-01	2.36026e-02	-1.95800e-01
-1.69722e-03	-7.45804e-05	1.64580e-05	-6.88960e-06	-5.45333e-01	-2.18133e-01	4.01744e-01	2.29630e-02	-1.95800e-01
-1.69766e-03	-7.45867e-05	1.65214e-05	-7.96592e-06	-5.44495e-01	-2.17797e-01	4.04608e-01	2.23318e-02	-1.95800e-01
-1.72081e-03	-7.55956e-05	1.67849e-05	-9.32134e-06	-5.43459e-01	-2.17383e-01	4.07424e-01	2.17091e-02	-1.95800e-01
-1.75266e-03	-7.69856e-05	1.71366e-05	-1.04283e-05	-5.42159e-01	-2.16863e-01	4.10191e-01	2.10951e-02	-1.95800e-01
-1.76539e-03	-7.75311e-05	1.73218e-05	-1.13888e-05	-5.40815e-01	-2.16325e-01	4.12910e-01	2.04898e-02	-1.95800e-01
-1.75116e-03	-7.68905e-05	1.72517e-05	-1.24013e-05	-5.39676e-01	-2.15870e-01	4.15580e-01	1.98934e-02	-1.95800e-01
-1.72267e-03	-7.56265e-05	1.70291e-05	-1.31025e-05	-5.38732e-01	-2.15492e-01	4.18202e-01	1.93060e-02	-1.95800e-01
-1.69402e-03	-7.43583e-05	1.67931e-05	-1.33209e-05	-5.37779e-01	-2.15111e-01	4.20776e-01	1.87276e-02	-1.95800e-01
-1.67575e-03	-7.35474e-05	1.66517e-05	-1.36594e-05	-5.36674e-01	-2.14669e-01	4.23300e-01	1.81584e-02	-1.95800e-01
-1.67257e-03	-7.33985e-05	1.66608e-05	-1.45326e-05	-5.35421e-01	-2.14168e-01	4.25777e-01	1.75984e-02	-1.95800e-01
-1.67262e-03	-7.33898e-05	1.67101e-05	-1.54393e-05	-5.34151e-01	-2.13660e-01	4.28205e-01	1.70477e-02	-1.95800e-01
-1.65505e-03	-7.26060e-05	1.65895e-05	-1.57085e-05	-5.33008e-01	-2.13203e-01	4.30584e-01	1.65065e-02	-1.95800e-01
-1.61467e-03	-7.08206e-05	1.62466e-05	-1.51829e-05	-5.32070e-01	-2.12827e-01	4.32916e-01	1.59747e-02	-1.95800e-01
-1.56766e-03	-6.87463e-05	1.58274e-05	-1.39984e-05	-5.31299e-01	-2.12519e-01	4.35199e-01	1.54525e-02	-1.95800e-01
-1.52973e-03	-6.70746e-05	1.54811e-05	-1.27009e-05	-5.30514e-01	-2.12205e-01	4.37434e-01	1.49398e-02	-1.95800e-01
-1.49442e-03	-6.55232e-05	1.51366e-05	-1.23748e-05	-5.29623e-01	-2.11848e-01	4.39621e-01	1.44368e-02	-1.95800e-01
-1.45647e-03	-6.38510e-05	1.47883e-05	-1.34954e-05	-5.28738e-01	-2.11495e-01	4.41760e-01	1.39435e-02	-1.95800e-01
-1.42419e-03	-6.24226e-05	1.45183e-05	-1.51379e-05	-5.27889e-01	-2.11155e-01	4.43852e-01	1.34600e-02	-1.95800e-01
-1.39043e-03	-6.09353e-05	1.42071e-05	-1.62144e-05	-5.27129e-01	-2.10851e-01	4.45896e-01	1.29862e-02	-1.95800e-01
-1.34695e-03	-5.90270e-05	1.37733e-05	-1.67035e-05	-5.26599e-01	-2.10639e-01	4.47893e-01	1.25222e-02	-1.95800e-01
-1.31262e-03	-5.75163e-05	1.34499e-05	-1.71976e-05	-5.26205e-01	-2.10482e-01	4.49843e-01	1.20681e-02	-1.95800e-01
-1.29732e-03	-5.68353e-05	1.33372e-05	-1.79784e-05	-5.25714e-01	-2.10285e-01	4.51746e-01	1.16238e-02	-1.95800e-01
-1.28634e-03	-5.63470e-05	1.32558e-05	-1.89801e-05	-5.25086e-01	-2.10034e-01	4.53602e-01	1.11893e-02	-1.95800e-01
-1.27340e-03	-5.57738e-05	1.31490e-05	-2.00695e-05	-5.24413e-01	-2.09765e-01	4.55413e-01	1.07647e-02	-1.95800e-01
-1.26481e-03	-5.53913e-05	1.30878e-05	-2.10122e-05	-5.23705e-01	-2.09481e-01	4.57178e-01	1.03499e-02	-1.95800e-01
-1.25494e-03	-5.49543e-05	1.30057e-05	-2.15243e-05	-5.22948e-01	-2.09179e-01	4.58897e-01	9.94501e-03	-1.95800e-01
-1.23319e-03	-5.39983e-05	1.27959e-05	-2.16220e-05	-5.22232e-01	-2.08892e-01	4.60570e-01	9.54991e-03	-1.95800e-01
-1.20239e-03	-5.26440e-05	1.24986e-05	-2.15962e-05	-5.21606e-01	-2.08642e-01	4.62199e-01	9.16461e-03	-1.95800e-01
-1.17082e-03	-5.12548e-05	1.22011e-05	-2.15670e-05	-5.21047e-01	-2.08418e-01	4.63784e-01	8.78907e-03	-1.95800e-01
-1.14317e-03	-5.00382e-05	1.19380e-05	-2.14885e-05	-5.20507e-01	-2.08202e-01	4.65325e-01	8.42325e-03	-1.95800e-01
-1.12355e-03	-4.91746e-05	1.17531e-05	-2.14579e-05	-5.19932e-01	-2.07972e-01	4.66822e-01	8.06711e-03	-1.95800e-01
-1.11612e-03	-4.88460e-05	1.16899e-05	-2.15364e-05	-5.19314e-01	-2.07725e-01	4.68276e-01	7.72059e-03	-1.95800e-01
-1.12264e-03	-4.91291e-05	1.17674e-05	-2.16031e-05	-5.18685e-01	-2.07473e-01	4.69687e-01	7.38364e-03	-1.95800e-01
-1.13661e-03	-4.97364e-05	1.19319e-05	-2.16631e-05	-5.18045e-01	-2.07217e-01	4.71056e-01	7.05618e-03	-1.95800e-01
-1.14135e-03	-4.99376e-05	1.20073e-05	-2.18219e-05	-5.17361e-01	-2.06944e-01	4.72383e-01	6.73813e-03	-1.95800e-01
-1.12406e-03	-4.91763e-05	1.18454e-05	-2.19167e-05	-5.16680e-01	-2.06672e-01	4.73670e-01	6.42942e-03	-1.95800e-01
-1.08995e-03	-4.76801e-05	1.15012e-05	-2.16246e-05	-5.16083e-01	-2.06433e-01	4.74916e-01	6.12996e-03	-1.95800e-01
-1.05137e-03	-4.59895e-05	1.11072e-05	-2.09008e-05	-5.15584e-01	-2.06233e-01	4.76122e-01	5.83964e-03	-1.95800e-01
-1.01428e-03	-4.43642e-05	1.07271e-05	-2.00809e-05	-5.15151e-01	-2.06060e-01	4.77289e-01	5.55835e-03	-1.95800e-01
-9.81368e-04	-4.29203e-05	1.03967e-05	-1.94740e-05	-5.14756e-01	-2.05902e-01	4.78417e-01	5.28599e-03	-1.95800e-01
-9.55010e-04	-4.17618e-05	1.01410e-05	-1.92185e-05	-5.14380e-01	-2.05751e-01	4.79507e-01	5.02243e-03	-1.95800e-01
-9.29397e-04	-4.06353e-05	9.89594e-06	-1.93927e-05	-5.14021e-01	-2.05608e-01	4.80560e-01	4.76754e-03	-1.95800e-01
-9.00445e-04	-3.93644e-05	9.60840e-06	-2.00056e-05	-5.13716e-01	-2.05486e-01	4.81576e-01	4.52118e-03	-1.95800e-01
-8.75729e-04	-3.82827e-05	9.34926e-06	-2.08853e-05	-5.13475e-01	-2.05390e-01	4.82557e-01	4.28321e-03	-1.95800e-01
-8.65718e-04	-3.78460e-05	9.23866e-06	-2.18482e-05	-5.13249e-01	-2.05299e-01	4.83502e-01	4.05348e-03	-1.95800e-01
-8.66984e-04	-3.79007e-05	9.25484e-06	-2.27564e-05	-5.12996e-01	-2.05198e-01	4.84413e-01	3.83182e-03	-1.95800e-01
-8.70544e-04	-3.80524e-05	9.30901e-06	-2.35115e-05	-5.12704e-01	-2.05081e-01	4.85291e-01	3.61806e-03	-1.95800e-01
-8.73217e-04	-3.81650e-05	9.35490e-06	-2.39966e-05	-5.12398e-01	-2.04959e-01	4.86136e-01	3.41203e-03	-1.95800e-01
-8.74008e-04	-3.81964e-05	9.37604e-06	-2.41636e-05	-5.12079e-01	-2.04831e-01	4.86949e-01	3.21355e-03	-1.95800e-01
-8.70131e-04	-3.80264e-05	9.33693e-06	-2.40993e-05	-5.11766e-01	-2.04706e-01	4.87732e-01	3.02241e-03	-1.95800e-01
-8.58764e-04	-3.75279e-05	9.22206e-06	-2.39095e-05	-5.11468e-01	-2.04587e-01	4.88484e-01	2.83842e-03	-1.95800e-01
-8.41225e-04	-3.67597e-05	9.04077e-06	-2.36960e-05	-5.11182e-01	-2.04472e-01	4.89207e-01	2.66138e-03	-1.95800e-01
-8.19477e-04	-3.58058e-05	8.82138e-06	-2.34927e-05	-5.10933e-01	-2.04373e-01	4.89902e-01	2.49105e-03	-1.95800e-01
-7.95647e-04	-3.47581e-05	8.59154e-06	-2.32991e-05	-5.10692e-01	-2.04276e-01	4.90570e-01	2.32723e-03	-1.95800e-01
-7.70230e-04	-3.36443e-05	8.33074e-06	-2.30174e-05	-5.10483e-01	-2.04193e-01	4.91212e-01	2.16967e-03	-1.95800e-01
-7.45306e-04	-3.25502e-05	8.08331e-06	-2.25765e-05	-5.10288e-01	-2.04115e-01	4.91829e-01	2.01815e-03	-1.95800e-01
-7.21306e-04	-3.15002e-05	7.83029e-06	-2.19831e-05	-5.10079e-01	-2.04031e-01	4.92422e-01	1.87240e-03	-1.95800e-01
-7.02688e-04	-3.06866e-05	7.63063e-06	-2.13142e-05	-5.09931e-01	-2.03972e-01	4.92992e-01	1.73217e-03	-1.95800e-01
-6.86142e-04	-2.99575e-05	7.47727e-06	-2.06867e-05	-5.09684e-01	-2.03873e-01	4.93541e-01	1.59720e-03	-1.95800e-01
-6.73159e-04	-2.94010e-05	7.29384e-06	-2.01625e-05	-5.09550e-01	-2.03820e-01	4.94068e-01	1.46722e-03	-1.95800e-01
-6.57929e-04	-2.87174e-05	7.20325e-06	-1.97399e-05	-5.09287e-01	-2.03714e-01	4.94576e-01	1.34195e-03	-1.95800e-01
-6.38930e-04	-2.79136e-05	6.89190e-06	-1.93586e-05	-5.09113e-01	-2.03645e-01	4.95066e-01	1.22109e-03	-1.95800e-01
-6.16022e-04	-2.68843e-05	6.76020e-06	-1.89810e-05	-5.08954e-01	-2.03581e-01	4.95539e-01	1.10436e-03	-1.95800e-01
-5.85968e-04	-2.55988e-05	6.32494e-06	-1.85979e-05	-5.08671e-01	-2.03468e-01	4.95997e-01	9.91455e-04	-1.95800e-01
-5.53646e-04	-2.41677e-05	6.05297e-06	-1.82236e-05	-5.08735e-01	-2.03493e-01	4.96439e-01	8.82054e-04	-1.95800e-01
-5.16094e-04	-2.25180e-05	5.68508e-06	-1.78659e-05	-5.08305e-01	-2.03322e-01	4.96869e-01	7.75843e-04	-1.95800e-01
-4.70112e-04	-2.05514e-05	5.01795e-06	-1.75718e-05	-5.08504e-01	-2.03401e-01	4.97287e-01	6.72494e-04	-1.95800e-01
-4.31325e-04	-1.87478e-05	5.04025e-06	-1.73182e-05	-5.08195e-01	-2.03278e-01	4.97694e-01	5.71673e-04	-1.95800e-01
-3.65554e-04	-1.60404e-05	3.66028e-06	-1.71953e-05	-5.08035e-01	-2.03214e-01	4.98093e-01	4.73035e-04	-1.95800e-01
-3.55239e-04	-1.52912e-05	4.75407e-06	-1.71411e-05	-5.08691e-01	-2.03476e-01	4.98483e-01	3.76229e-04	-1.95800e-01
-2.95798e-04	-1.29592e-05	3.04412e-06	-1.71104e-05	-5.07386e-01	-2.02954e-01	4.98868e-01	2.80896e-04	-1.95800e-01
-4.10778e-04	-1.77481e-05	5.22925e-06	-1.77246e-05	-5.11623e-01	-2.04649e-01	4.99248e-01	1.86670e-04	-1.95800e-01
-7.28903e-04	-3.00916e-05	1.49254e-05	-1.71518e-05	-5.11070e-01	-2.04427e-01	4.99625e-01	9.31729e-05	-1.95800e-01
-6.17822e-04	-3.70173e-05	-3.36907e-05	-1.24344e-05	-5.14923e-01	-2.05968e-01	5.00000e-01	0.00000e+00	-1.95800e-01
