"Density"	"Momentum:0"	"Momentum:1"	"Momentum:2"	"StagnationEnergy"	"Pressure"	"Points:0"	"Points:1"	"Points:2"
2.11061e-02	-8.40036e-04	1.04384e-03	-4.48930e-04	-4.66843e-01	-1.86756e-01	-4.87335e-01	0.00000e+00	-1.82600e-01
8.53230e-04	1.01795e-04	3.73954e-05	-1.44833e-04	-8.22019e-01	-3.28815e-01	-4.87282e-01	2.24936e-03	-1.82600e-01
5.00151e-03	1.28938e-04	2.36208e-04	-2.05157e-04	-7.04713e-01	-2.81890e-01	-4.87120e-01	4.49357e-03	-1.82600e-01
1.07797e-02	1.47084e-04	5.17043e-04	-2.01453e-04	-7.74240e-01	-3.09702e-01	-4.86850e-01	6.72731e-03	-1.82600e-01
1.09835e-02	1.92030e-04	5.14927e-04	-1.63644e-04	-7.66282e-01	-3.06519e-01	-4.86472e-01	8.94532e-03	-1.82600e-01
1.13427e-02	1.79582e-04	5.31467e-04	-1.38545e-04	-7.87511e-01	-3.15010e-01	-4.85987e-01	1.11425e-02	-1.82600e-01
1.07407e-02	1.93607e-04	4.93566e-04	-8.79387e-05	-8.20492e-01	-3.28202e-01	-4.85398e-01	1.33140e-02	-1.82600e-01
8.99707e-03	1.60165e-04	4.11715e-04	-4.59037e-05	-8.03440e-01	-3.21380e-01	-4.84708e-01	1.54556e-02	-1.82600e-01
7.01842e-03	1.26559e-04	3.19369e-04	3.37431e-06	-8.14496e-01	-3.25802e-01	-4.83921e-01	1.75634e-02	-1.82600e-01
4.82267e-03	8.27803e-05	2.20922e-04	4.16882e-05	-7.94245e-01	-3.17700e-01	-4.83086e-01	1.95330e-02	-1.82600e-01
3.08554e-03	4.18516e-05	1.46924e-04	6.55117e-05	-7.79351e-01	-3.11742e-01	-4.82250e-01	2.13089e-02	-1.82600e-01
1.87051e-03	1.76647e-05	9.36457e-05	7.75229e-05	-7.69506e-01	-3.07804e-01	-4.81411e-01	2.29400e-02	-1.82600e-01
1.05685e-03	-1.03885e-06	5.97180e-05	7.34198e-05	-7.53601e-01	-3.01442e-01	-4.80567e-01	2.44585e-02	-1.82600e-01
5.44273e-04	-8.06752e-06	3.58503e-05	6.26786e-05	-7.49458e-01	-2.99785e-01	-4.79717e-01	2.58870e-02	-1.82600e-01
3.89518e-05	-1.67374e-05	1.31380e-05	4.81474e-05	-7.41352e-01	-2.96555e-01	-4.78860e-01	2.72422e-02	-1.82600e-01
-4.13032e-04	-2.42493e-05	-7.48667e-06	3.62270e-05	-7.38076e-01	-2.95229e-01	-4.77994e-01	2.85368e-02	-1.82600e-01
-7.51951e-04	-2.98886e-05	-2.30190e-05	2.71068e-05	-7.34867e-01	-2.93946e-01	-4.77118e-01	2.97806e-02	-1.82600e-01
-9.01919e-04	-3.18753e-05	-3.01667e-05	1.97814e-05	-7.31844e-01	-2.92737e-01	-4.76231e-01	3.09815e-02	-1.82600e-01
-8.76076e-04	-2.94640e-05	-3.02103e-05	1.40117e-05	-7.30904e-01	-2.92361e-01	-4.75331e-01	3.21460e-02	-1.82600e-01
-7.78773e-04	-2.58234e-05	-2.69803e-05	9.17154e-06	-7.29531e-01	-2.91812e-01	-4.74417e-01	3.32792e-02	-1.82600e-01
-6.57483e-04	-2.17093e-05	-2.27336e-05	5.71313e-06	-7.29225e-01	-2.91690e-01	-4.73488e-01	3.43856e-02	-1.82600e-01
-5.51885e-04	-1.82078e-05	-1.90072e-05	3.29259e-06	-7.28979e-01	-2.91591e-01	-4.72543e-01	3.54690e-02	-1.82600e-01
-4.69686e-04	-1.55263e-05	-1.60834e-05	1.63875e-06	-7.28646e-01	-2.91458e-01	-4.71580e-01	3.65324e-02	-1.82600e-01
-4.05540e-04	-1.34351e-05	-1.38100e-05	6.44673e-07	-7.28752e-01	-2.91501e-01	-4.70598e-01	3.75786e-02	-1.82600e-01
-3.58570e-04	-1.19551e-05	-1.20983e-05	1.08421e-07	-7.28666e-01	-2.91466e-01	-4.69596e-01	3.86099e-02	-1.82600e-01
-3.07850e-04	-1.04006e-05	-1.02190e-05	-5.70906e-08	-7.28714e-01	-2.91485e-01	-4.68574e-01	3.96282e-02	-1.82600e-01
-2.29363e-04	-7.81795e-06	-7.52025e-06	-1.87356e-07	-7.28792e-01	-2.91517e-01	-4.67529e-01	4.06353e-02	-1.82600e-01
-1.05453e-04	-3.51670e-06	-3.53319e-06	-6.54788e-07	-7.28964e-01	-2.91586e-01	-4.66461e-01	4.16326e-02	-1.82600e-01
5.52991e-05	2.26835e-06	1.37482e-06	-1.58474e-06	-7.29588e-01	-2.91835e-01	-4.65369e-01	4.26214e-02	-1.82600e-01
2.37094e-04	9.00140e-06	6.66258e-06	-2.86211e-06	-7.30492e-01	-2.92197e-01	-4.64252e-01	4.36029e-02	-1.82600e-01
4.40123e-04	1.66472e-05	1.23671e-05	-4.28739e-06	-7.31737e-01	-2.92695e-01	-4.63109e-01	4.45779e-02	-1.82600e-01
6.69567e-04	2.53772e-05	1.86489e-05	-5.57125e-06	-7.33329e-01	-2.93332e-01	-4.61939e-01	4.55474e-02	-1.82600e-01
9.19548e-04	3.49020e-05	2.54172e-05	-6.18382e-06	-7.35383e-01	-2.94154e-01	-4.60741e-01	4.65120e-02	-1.82600e-01
1.14588e-03	4.35400e-05	3.14611e-05	-5.99629e-06	-7.37959e-01	-2.95184e-01	-4.59514e-01	4.74723e-02	-1.82600e-01
1.27838e-03	4.87566e-05	3.47030e-05	-5.62208e-06	-7.40754e-01	-2.96302e-01	-4.58258e-01	4.84288e-02	-1.82600e-01
1.28854e-03	4.95067e-05	3.43361e-05	-5.47746e-06	-7.43431e-01	-2.97373e-01	-4.56971e-01	4.93819e-02	-1.82600e-01
1.20992e-03	4.68885e-05	3.15395e-05	-5.20701e-06	-7.45696e-01	-2.98279e-01	-4.55652e-01	5.03320e-02	-1.82600e-01
1.09352e-03	4.26498e-05	2.79891e-05	-4.48425e-06	-7.47470e-01	-2.98988e-01	-4.54302e-01	5.12794e-02	-1.82600e-01
9.73351e-04	3.81236e-05	2.45669e-05	-3.55383e-06	-7.48883e-01	-2.99554e-01	-4.52918e-01	5.22243e-02	-1.82600e-01
8.73898e-04	3.43593e-05	2.17646e-05	-2.65805e-06	-7.50108e-01	-3.00044e-01	-4.51501e-01	5.31667e-02	-1.82600e-01
8.08983e-04	3.19420e-05	1.98550e-05	-1.78863e-06	-7.51294e-01	-3.00518e-01	-4.50050e-01	5.41070e-02	-1.82600e-01
7.80055e-04	3.08965e-05	1.89142e-05	-9.43467e-07	-7.52471e-01	-3.00989e-01	-4.48563e-01	5.50451e-02	-1.82600e-01
7.72731e-04	3.06760e-05	1.85515e-05	-6.31153e-08	-7.53712e-01	-3.01485e-01	-4.47041e-01	5.59810e-02	-1.82600e-01
7.62061e-04	3.03128e-05	1.81291e-05	8.92190e-07	-7.55115e-01	-3.02046e-01	-4.45483e-01	5.69148e-02	-1.82600e-01
7.35316e-04	2.93087e-05	1.73325e-05	1.47481e-06	-7.56588e-01	-3.02635e-01	-4.43887e-01	5.78463e-02	-1.82600e-01
7.02993e-04	2.80892e-05	1.63990e-05	1.68146e-06	-7.58050e-01	-3.03220e-01	-4.42254e-01	5.87756e-02	-1.82600e-01
6.97806e-04	2.78993e-05	1.62019e-05	2.53427e-06	-7.59473e-01	-3.03789e-01	-4.40583e-01	5.97025e-02	-1.82600e-01
7.57915e-04	3.03095e-05	1.75437e-05	4.54359e-06	-7.60901e-01	-3.04361e-01	-4.38873e-01	6.06268e-02	-1.82600e-01
8.76551e-04	3.51282e-05	2.01088e-05	6.99756e-06	-7.62868e-01	-3.05147e-01	-4.37124e-01	6.15485e-02	-1.82600e-01
9.57421e-04	3.84555e-05	2.17587e-05	9.08035e-06	-7.65731e-01	-3.06293e-01	-4.35335e-01	6.24674e-02	-1.82600e-01
9.08242e-04	3.65076e-05	2.05583e-05	1.03366e-05	-7.68623e-01	-3.07449e-01	-4.33506e-01	6.33832e-02	-1.82600e-01
7.84874e-04	3.15931e-05	1.76574e-05	1.06434e-05	-7.70809e-01	-3.08324e-01	-4.31636e-01	6.42958e-02	-1.82600e-01
7.33780e-04	2.96219e-05	1.63172e-05	1.06505e-05	-7.72800e-01	-3.09120e-01	-4.29725e-01	6.52049e-02	-1.82600e-01
7.90218e-04	3.20059e-05	1.73359e-05	1.12935e-05	-7.75142e-01	-3.10057e-01	-4.27772e-01	6.61102e-02	-1.82600e-01
8.46056e-04	3.43929e-05	1.82772e-05	1.21724e-05	-7.77777e-01	-3.11111e-01	-4.25777e-01	6.70116e-02	-1.82600e-01
8.28572e-04	3.38514e-05	1.75100e-05	1.21487e-05	-7.80525e-01	-3.12210e-01	-4.23741e-01	6.79088e-02	-1.82600e-01
7.80340e-04	3.20329e-05	1.61310e-05	1.16467e-05	-7.83597e-01	-3.13439e-01	-4.21661e-01	6.88015e-02	-1.82600e-01
7.32941e-04	3.01119e-05	1.50902e-05	1.19797e-05	-7.87099e-01	-3.14840e-01	-4.19538e-01	6.96893e-02	-1.82600e-01
6.48696e-04	2.66237e-05	1.34282e-05	1.26732e-05	-7.90349e-01	-3.16140e-01	-4.17373e-01	7.05720e-02	-1.82600e-01
5.58304e-04	2.29359e-05	1.15133e-05	1.23606e-05	-7.92960e-01	-3.17184e-01	-4.15163e-01	7.14494e-02	-1.82600e-01
5.29814e-04	2.19241e-05	1.05269e-05	1.09634e-05	-7.95756e-01	-3.18303e-01	-4.12910e-01	7.23210e-02	-1.82600e-01
5.00286e-04	2.08672e-05	9.50797e-06	8.66107e-06	-7.99289e-01	-3.19716e-01	-4.10612e-01	7.31866e-02	-1.82600e-01
3.78366e-04	1.59282e-05	6.79074e-06	4.84740e-06	-8.02613e-01	-3.21045e-01	-4.08270e-01	7.40458e-02	-1.82600e-01
2.41334e-04	1.03554e-05	3.77418e-06	2.02627e-07	-8.05360e-01	-3.22144e-01	-4.05883e-01	7.48984e-02	-1.82600e-01
1.91887e-04	8.40127e-06	2.50128e-06	-2.80679e-06	-8.08637e-01	-3.23455e-01	-4.03452e-01	7.57440e-02	-1.82600e-01
1.56108e-04	6.84261e-06	1.99284e-06	-2.64946e-06	-8.12713e-01	-3.25085e-01	-4.00976e-01	7.65822e-02	-1.82600e-01
2.00964e-05	8.35197e-07	3.94801e-07	5.44285e-08	-8.16477e-01	-3.26591e-01	-3.98454e-01	7.74128e-02	-1.82600e-01
-1.69925e-04	-7.55530e-06	-1.79224e-06	3.35677e-06	-8.19533e-01	-3.27813e-01	-3.95887e-01	7.82353e-02	-1.82600e-01
-2.95228e-04	-1.30921e-05	-3.17936e-06	4.91740e-06	-8.22503e-01	-3.29001e-01	-3.93275e-01	7.90496e-02	-1.82600e-01
-3.44092e-04	-1.51983e-05	-3.85957e-06	3.76648e-06	-8.25636e-01	-3.30254e-01	-3.90618e-01	7.98551e-02	-1.82600e-01
-4.13547e-04	-1.81666e-05	-4.93133e-06	1.57160e-06	-8.28835e-01	-3.31534e-01	-3.87915e-01	8.06516e-02	-1.82600e-01
-5.69743e-04	-2.49973e-05	-6.85232e-06	5.65175e-07	-8.31834e-01	-3.32733e-01	-3.85166e-01	8.14388e-02	-1.82600e-01
-7.47233e-04	-3.28333e-05	-8.75234e-06	1.09665e-06	-8.34384e-01	-3.33753e-01	-3.82371e-01	8.22164e-02	-1.82600e-01
-8.49700e-04	-3.74381e-05	-9.50359e-06	2.56141e-06	-8.36818e-01	-3.34727e-01	-3.79531e-01	8.29838e-02	-1.82600e-01
-8.81501e-04	-3.89620e-05	-9.31311e-06	4.58281e-06	-8.39250e-01	-3.35700e-01	-3.76645e-01	8.37410e-02	-1.82600e-01
-8.97834e-04	-3.97761e-05	-9.03729e-06	6.13718e-06	-8.41617e-01	-3.36646e-01	-3.73714e-01	8.44875e-02	-1.82600e-01
-9.22951e-04	-4.09348e-05	-9.01283e-06	6.34501e-06	-8.44264e-01	-3.37705e-01	-3.70737e-01	8.52229e-02	-1.82600e-01
-9.60350e-04	-4.26391e-05	-9.09361e-06	6.36703e-06	-8.46872e-01	-3.38748e-01	-3.67714e-01	8.59471e-02	-1.82600e-01
-1.01355e-03	-4.50648e-05	-9.22248e-06	7.56637e-06	-8.48747e-01	-3.39498e-01	-3.64645e-01	8.66596e-02	-1.82600e-01
-1.08505e-03	-4.83003e-05	-9.51346e-06	8.57946e-06	-8.50082e-01	-3.40032e-01	-3.61532e-01	8.73602e-02	-1.82600e-01
-1.16295e-03	-5.17730e-05	-1.00604e-05	7.43158e-06	-8.51302e-01	-3.40520e-01	-3.58372e-01	8.80484e-02	-1.82600e-01
-1.23070e-03	-5.47628e-05	-1.06589e-05	4.74233e-06	-8.52525e-01	-3.41009e-01	-3.55168e-01	8.87241e-02	-1.82600e-01
-1.29305e-03	-5.75366e-05	-1.10981e-05	2.74709e-06	-8.53855e-01	-3.41541e-01	-3.51918e-01	8.93870e-02	-1.82600e-01
-1.36461e-03	-6.07621e-05	-1.13962e-05	2.22939e-06	-8.55427e-01	-3.42170e-01	-3.48623e-01	9.00366e-02	-1.82600e-01
-1.44210e-03	-6.42547e-05	-1.17154e-05	1.48905e-06	-8.57026e-01	-3.42810e-01	-3.45284e-01	9.06728e-02	-1.82600e-01
-1.52170e-03	-6.78074e-05	-1.22208e-05	-8.70379e-07	-8.58144e-01	-3.43257e-01	-3.41900e-01	9.12953e-02	-1.82600e-01
-1.60839e-03	-7.16773e-05	-1.27751e-05	-3.31304e-06	-8.58665e-01	-3.43466e-01	-3.38471e-01	9.19037e-02	-1.82600e-01
-1.68274e-03	-7.50512e-05	-1.29119e-05	-3.56847e-06	-8.58994e-01	-3.43597e-01	-3.34998e-01	9.24978e-02	-1.82600e-01
-1.71318e-03	-7.65064e-05	-1.24487e-05	-1.68604e-06	-8.59876e-01	-3.43950e-01	-3.31481e-01	9.30774e-02	-1.82600e-01
-1.73047e-03	-7.73801e-05	-1.18158e-05	9.56661e-07	-8.61428e-01	-3.44571e-01	-3.27920e-01	9.36422e-02	-1.82600e-01
-1.79290e-03	-8.02518e-05	-1.15861e-05	3.04772e-06	-8.62626e-01	-3.45050e-01	-3.24315e-01	9.41918e-02	-1.82600e-01
-1.90301e-03	-8.52291e-05	-1.18204e-05	3.28105e-06	-8.62922e-01	-3.45168e-01	-3.20667e-01	9.47262e-02	-1.82600e-01
-2.01038e-03	-9.00656e-05	-1.21436e-05	1.75196e-06	-8.62485e-01	-3.44993e-01	-3.16976e-01	9.52450e-02	-1.82600e-01
-2.07817e-03	-9.31392e-05	-1.21354e-05	5.98924e-07	-8.61685e-01	-3.44673e-01	-3.13242e-01	9.57481e-02	-1.82600e-01
-2.13142e-03	-9.55894e-05	-1.17979e-05	1.30603e-06	-8.61002e-01	-3.44400e-01	-3.09466e-01	9.62351e-02	-1.82600e-01
-2.19222e-03	-9.83862e-05	-1.14041e-05	3.28368e-06	-8.60157e-01	-3.44062e-01	-3.05648e-01	9.67060e-02	-1.82600e-01
-2.21753e-03	-9.95822e-05	-1.08516e-05	5.21888e-06	-8.59158e-01	-3.43662e-01	-3.01788e-01	9.71604e-02	-1.82600e-01
-2.20753e-03	-9.91780e-05	-1.02198e-05	6.04811e-06	-8.58643e-01	-3.43456e-01	-2.97886e-01	9.75982e-02	-1.82600e-01
-2.22685e-03	-1.00086e-04	-9.74621e-06	6.66873e-06	-8.58067e-01	-3.43226e-01	-2.93943e-01	9.80192e-02	-1.82600e-01
-2.26032e-03	-1.01647e-04	-9.14018e-06	9.78706e-06	-8.56849e-01	-3.42739e-01	-2.89960e-01	9.84233e-02	-1.82600e-01
-2.25286e-03	-1.01384e-04	-8.13255e-06	1.53818e-05	-8.55810e-01	-3.42323e-01	-2.85936e-01	9.88102e-02	-1.82600e-01
-2.24506e-03	-1.01085e-04	-7.28771e-06	1.94815e-05	-8.55475e-01	-3.42189e-01	-2.81872e-01	9.91798e-02	-1.82600e-01
-2.29120e-03	-1.03181e-04	-6.96034e-06	2.02632e-05	-8.55191e-01	-3.42075e-01	-2.77769e-01	9.95320e-02	-1.82600e-01
-2.35178e-03	-1.05925e-04	-6.67263e-06	2.02461e-05	-8.54398e-01	-3.41758e-01	-2.73626e-01	9.98666e-02	-1.82600e-01
-2.37770e-03	-1.07115e-04	-6.15758e-06	2.16917e-05	-8.53407e-01	-3.41362e-01	-2.69445e-01	1.00184e-01	-1.82600e-01
-2.40699e-03	-1.08458e-04	-5.59185e-06	2.40610e-05	-8.52338e-01	-3.40934e-01	-2.65225e-01	1.00483e-01	-1.82600e-01
-2.47166e-03	-1.11382e-04	-5.25529e-06	2.52033e-05	-8.50774e-01	-3.40308e-01	-2.60968e-01	1.00764e-01	-1.82600e-01
-2.52868e-03	-1.13954e-04	-4.99210e-06	2.37411e-05	-8.49069e-01	-3.39627e-01	-2.56673e-01	1.01027e-01	-1.82600e-01
-2.54625e-03	-1.14743e-04	-4.72143e-06	2.09641e-05	-8.47590e-01	-3.39035e-01	-2.52342e-01	1.01272e-01	-1.82600e-01
-2.55316e-03	-1.15057e-04	-4.33578e-06	1.98397e-05	-8.46189e-01	-3.38475e-01	-2.47974e-01	1.01498e-01	-1.82600e-01
-2.59398e-03	-1.16905e-04	-3.82982e-06	2.14353e-05	-8.44764e-01	-3.37905e-01	-2.43570e-01	1.01707e-01	-1.82600e-01
-2.68765e-03	-1.21134e-04	-3.35836e-06	2.40083e-05	-8.43117e-01	-3.37245e-01	-2.39130e-01	1.01897e-01	-1.82600e-01
-2.79802e-03	-1.26113e-04	-2.90471e-06	2.56474e-05	-8.40702e-01	-3.36280e-01	-2.34656e-01	1.02069e-01	-1.82600e-01
-2.84916e-03	-1.28417e-04	-2.43876e-06	2.58660e-05	-8.37475e-01	-3.34989e-01	-2.30148e-01	1.02222e-01	-1.82600e-01
-2.83363e-03	-1.27713e-04	-1.97251e-06	2.48151e-05	-8.34483e-01	-3.33792e-01	-2.25605e-01	1.02357e-01	-1.82600e-01
-2.84633e-03	-1.28279e-04	-1.59694e-06	2.30692e-05	-8.31875e-01	-3.32749e-01	-2.21030e-01	1.02473e-01	-1.82600e-01
-2.92548e-03	-1.31839e-04	-1.28181e-06	2.12958e-05	-8.28679e-01	-3.31470e-01	-2.16421e-01	1.02571e-01	-1.82600e-01
-2.99856e-03	-1.35124e-04	-8.76617e-07	1.96642e-05	-8.24997e-01	-3.29997e-01	-2.11781e-01	1.02650e-01	-1.82600e-01
-3.01001e-03	-1.35633e-04	-4.01267e-07	1.86399e-05	-8.21685e-01	-3.28673e-01	-2.07109e-01	1.02711e-01	-1.82600e-01
-2.97761e-03	-1.34165e-04	1.78597e-07	1.93863e-05	-8.18957e-01	-3.27581e-01	-2.02406e-01	1.02753e-01	-1.82600e-01
-2.93531e-03	-1.32249e-04	8.01222e-07	2.19502e-05	-8.16555e-01	-3.26621e-01	-1.97673e-01	1.02776e-01	-1.82600e-01
-2.91125e-03	-1.31153e-04	1.36084e-06	2.35541e-05	-8.14282e-01	-3.25712e-01	-1.92910e-01	1.02782e-01	-1.82600e-01
-2.92974e-03	-1.31973e-04	1.73870e-06	2.12852e-05	-8.11693e-01	-3.24676e-01	-1.88117e-01	1.02769e-01	-1.82600e-01
-2.97956e-03	-1.34204e-04	2.03848e-06	1.73200e-05	-8.08376e-01	-3.23349e-01	-1.83297e-01	1.02737e-01	-1.82600e-01
-3.02107e-03	-1.36059e-04	2.50624e-06	1.63328e-05	-8.04787e-01	-3.21913e-01	-1.78448e-01	1.02687e-01	-1.82600e-01
-3.05495e-03	-1.37568e-04	3.03166e-06	1.67536e-05	-8.01584e-01	-3.20632e-01	-1.73572e-01	1.02620e-01	-1.82600e-01
-3.11640e-03	-1.40319e-04	3.43884e-06	1.34227e-05	-7.98118e-01	-3.19246e-01	-1.68669e-01	1.02533e-01	-1.82600e-01
-3.18842e-03	-1.43549e-04	3.71814e-06	7.53510e-06	-7.93176e-01	-3.17269e-01	-1.63740e-01	1.02429e-01	-1.82600e-01
-3.22836e-03	-1.45331e-04	4.12611e-06	4.24116e-06	-7.87052e-01	-3.14820e-01	-1.58786e-01	1.02307e-01	-1.82600e-01
-3.23322e-03	-1.45529e-04	4.63464e-06	4.58264e-06	-7.80920e-01	-3.12367e-01	-1.53808e-01	1.02168e-01	-1.82600e-01
-3.21566e-03	-1.44716e-04	5.12214e-06	5.53998e-06	-7.75414e-01	-3.10164e-01	-1.48805e-01	1.02010e-01	-1.82600e-01
-3.18611e-03	-1.43364e-04	5.52138e-06	4.64783e-06	-7.70219e-01	-3.08086e-01	-1.43779e-01	1.01835e-01	-1.82600e-01
-3.16761e-03	-1.42510e-04	5.90210e-06	3.40718e-06	-7.64596e-01	-3.05837e-01	-1.38730e-01	1.01642e-01	-1.82600e-01
-3.15945e-03	-1.42116e-04	6.39541e-06	5.29853e-06	-7.58471e-01	-3.03387e-01	-1.33659e-01	1.01432e-01	-1.82600e-01
-3.13702e-03	-1.41075e-04	6.94703e-06	9.71364e-06	-7.52365e-01	-3.00945e-01	-1.28568e-01	1.01205e-01	-1.82600e-01
-3.10181e-03	-1.39460e-04	7.40230e-06	1.28608e-05	-7.46427e-01	-2.98570e-01	-1.23455e-01	1.00961e-01	-1.82600e-01
-3.07499e-03	-1.38227e-04	7.76111e-06	1.34620e-05	-7.40355e-01	-2.96141e-01	-1.18323e-01	1.00700e-01	-1.82600e-01
-3.06933e-03	-1.37948e-04	8.11455e-06	1.21450e-05	-7.33994e-01	-2.93596e-01	-1.13171e-01	1.00422e-01	-1.82600e-01
-3.08731e-03	-1.38732e-04	8.50628e-06	1.00086e-05	-7.27344e-01	-2.90937e-01	-1.08001e-01	1.00127e-01	-1.82600e-01
-3.10722e-03	-1.39599e-04	8.93510e-06	9.64907e-06	-7.20297e-01	-2.88117e-01	-1.02814e-01	9.98167e-02	-1.82600e-01
-3.10274e-03	-1.39367e-04	9.35405e-06	1.11686e-05	-7.12976e-01	-2.85189e-01	-9.76089e-02	9.94898e-02	-1.82600e-01
-3.09095e-03	-1.38808e-04	9.68971e-06	1.10409e-05	-7.05660e-01	-2.82263e-01	-9.23880e-02	9.91470e-02	-1.82600e-01
-3.09364e-03	-1.38903e-04	1.00288e-05	8.23071e-06	-6.98153e-01	-2.79260e-01	-8.71516e-02	9.87883e-02	-1.82600e-01
-3.07099e-03	-1.37861e-04	1.02519e-05	4.79393e-06	-6.90142e-01	-2.76055e-01	-8.19005e-02	9.84141e-02	-1.82600e-01
-2.99255e-03	-1.34316e-04	1.02617e-05	1.85933e-06	-6.82176e-01	-2.72869e-01	-7.66353e-02	9.80245e-02	-1.82600e-01
-2.89988e-03	-1.30136e-04	1.01871e-05	-1.30447e-06	-6.74855e-01	-2.69941e-01	-7.13568e-02	9.76197e-02	-1.82600e-01
-2.83122e-03	-1.27035e-04	1.01650e-05	-5.67343e-06	-6.67848e-01	-2.67138e-01	-6.60658e-02	9.72000e-02	-1.82600e-01
-2.77268e-03	-1.24388e-04	1.01814e-05	-9.85005e-06	-6.60884e-01	-2.64352e-01	-6.07630e-02	9.67656e-02	-1.82600e-01
-2.70286e-03	-1.21228e-04	1.02355e-05	-1.06320e-05	-6.54161e-01	-2.61663e-01	-5.54492e-02	9.63167e-02	-1.82600e-01
-2.61337e-03	-1.17183e-04	1.02411e-05	-8.39942e-06	-6.47604e-01	-2.59041e-01	-5.01252e-02	9.58535e-02	-1.82600e-01
-2.50359e-03	-1.12234e-04	1.00934e-05	-7.10192e-06	-6.41300e-01	-2.56519e-01	-4.47917e-02	9.53763e-02	-1.82600e-01
-2.39160e-03	-1.07191e-04	9.87160e-06	-7.68783e-06	-6.35560e-01	-2.54223e-01	-3.94495e-02	9.48853e-02	-1.82600e-01
-2.29885e-03	-1.03011e-04	9.72977e-06	-7.98803e-06	-6.30197e-01	-2.52078e-01	-3.40993e-02	9.43808e-02	-1.82600e-01
-2.23054e-03	-9.99267e-05	9.67002e-06	-7.58763e-06	-6.24940e-01	-2.49975e-01	-2.87419e-02	9.38630e-02	-1.82600e-01
-2.18188e-03	-9.77251e-05	9.66783e-06	-7.70725e-06	-6.19722e-01	-2.47888e-01	-2.33782e-02	9.33321e-02	-1.82600e-01
-2.12239e-03	-9.50396e-05	9.60765e-06	-8.32921e-06	-6.14331e-01	-2.45732e-01	-1.80088e-02	9.27885e-02	-1.82600e-01
-2.01632e-03	-9.02689e-05	9.32347e-06	-8.22211e-06	-6.09070e-01	-2.43627e-01	-1.26345e-02	9.22323e-02	-1.82600e-01
-1.89001e-03	-8.45917e-05	8.94327e-06	-6.94647e-06	-6.04634e-01	-2.41853e-01	-7.25626e-03	9.16639e-02	-1.82600e-01
-1.80342e-03	-8.06946e-05	8.73054e-06	-5.32451e-06	-6.00865e-01	-2.40345e-01	-1.87469e-03	9.10834e-02	-1.82600e-01
-1.76053e-03	-7.87551e-05	8.70279e-06	-4.20780e-06	-5.97251e-01	-2.38900e-01	3.50938e-03	9.04912e-02	-1.82600e-01
-1.72191e-03	-7.70087e-05	8.67461e-06	-3.90703e-06	-5.93837e-01	-2.37534e-01	8.89517e-03	8.98875e-02	-1.82600e-01
-1.66910e-03	-7.46302e-05	8.55164e-06	-4.30893e-06	-5.90675e-01	-2.36269e-01	1.42819e-02	8.92726e-02	-1.82600e-01
-1.60666e-03	-7.18222e-05	8.36516e-06	-4.75590e-06	-5.87613e-01	-2.35044e-01	1.96688e-02	8.86467e-02	-1.82600e-01
-1.53512e-03	-6.86081e-05	8.12624e-06	-4.62064e-06	-5.84654e-01	-2.33861e-01	2.50550e-02	8.80101e-02	-1.82600e-01
-1.46032e-03	-6.52493e-05	7.85817e-06	-4.26953e-06	-5.81920e-01	-2.32767e-01	3.04398e-02	8.73632e-02	-1.82600e-01
-1.39446e-03	-6.22926e-05	7.61742e-06	-4.48353e-06	-5.79430e-01	-2.31771e-01	3.58224e-02	8.67061e-02	-1.82600e-01
-1.34034e-03	-5.98619e-05	7.42400e-06	-5.19018e-06	-5.77113e-01	-2.30845e-01	4.12020e-02	8.60392e-02	-1.82600e-01
-1.29004e-03	-5.76027e-05	7.24691e-06	-5.64871e-06	-5.74966e-01	-2.29986e-01	4.65778e-02	8.53626e-02	-1.82600e-01
-1.24081e-03	-5.53912e-05	7.07240e-06	-5.44421e-06	-5.73047e-01	-2.29218e-01	5.19491e-02	8.46768e-02	-1.82600e-01
-1.19880e-03	-5.35025e-05	6.93540e-06	-4.74326e-06	-5.71343e-01	-2.28537e-01	5.73150e-02	8.39819e-02	-1.82600e-01
-1.16731e-03	-5.20835e-05	6.85300e-06	-3.91368e-06	-5.69768e-01	-2.27907e-01	6.26748e-02	8.32782e-02	-1.82600e-01
-1.14099e-03	-5.08966e-05	6.79313e-06	-3.23930e-06	-5.68301e-01	-2.27320e-01	6.80277e-02	8.25661e-02	-1.82600e-01
-1.11608e-03	-4.97734e-05	6.73312e-06	-2.89401e-06	-5.66988e-01	-2.26795e-01	7.33728e-02	8.18457e-02	-1.82600e-01
-1.09245e-03	-4.87083e-05	6.67043e-06	-2.94721e-06	-5.65808e-01	-2.26323e-01	7.87095e-02	8.11174e-02	-1.82600e-01
-1.07072e-03	-4.77291e-05	6.61161e-06	-3.24368e-06	-5.64747e-01	-2.25898e-01	8.40370e-02	8.03815e-02	-1.82600e-01
-1.05371e-03	-4.69603e-05	6.58059e-06	-3.40597e-06	-5.63822e-01	-2.25529e-01	8.93544e-02	7.96382e-02	-1.82600e-01
-1.04253e-03	-4.64514e-05	6.58624e-06	-3.22208e-06	-5.62996e-01	-2.25198e-01	9.46611e-02	7.88877e-02	-1.82600e-01
-1.03115e-03	-4.59338e-05	6.58880e-06	-2.91223e-06	-5.62225e-01	-2.24890e-01	9.99561e-02	7.81304e-02	-1.82600e-01
-1.01407e-03	-4.51627e-05	6.54989e-06	-2.84774e-06	-5.61543e-01	-2.24617e-01	1.05239e-01	7.73666e-02	-1.82600e-01
-9.91956e-04	-4.41682e-05	6.47160e-06	-3.09719e-06	-5.60983e-01	-2.24393e-01	1.10509e-01	7.65964e-02	-1.82600e-01
-9.71407e-04	-4.32439e-05	6.39993e-06	-3.30612e-06	-5.60547e-01	-2.24218e-01	1.15764e-01	7.58203e-02	-1.82600e-01
-9.57893e-04	-4.26326e-05	6.37559e-06	-3.03405e-06	-5.60217e-01	-2.24086e-01	1.21005e-01	7.50383e-02	-1.82600e-01
-9.53803e-04	-4.24403e-05	6.41632e-06	-2.23499e-06	-5.59947e-01	-2.23978e-01	1.26231e-01	7.42509e-02	-1.82600e-01
-9.57449e-04	-4.25920e-05	6.50921e-06	-1.30709e-06	-5.59691e-01	-2.23876e-01	1.31441e-01	7.34583e-02	-1.82600e-01
-9.64686e-04	-4.29038e-05	6.62366e-06	-7.17863e-07	-5.59441e-01	-2.23776e-01	1.36634e-01	7.26608e-02	-1.82600e-01
-9.70483e-04	-4.31522e-05	6.72366e-06	-7.04450e-07	-5.59209e-01	-2.23683e-01	1.41809e-01	7.18586e-02	-1.82600e-01
-9.68720e-04	-4.30651e-05	6.76691e-06	-1.24725e-06	-5.59020e-01	-2.23607e-01	1.46966e-01	7.10519e-02	-1.82600e-01
-9.53738e-04	-4.23908e-05	6.71448e-06	-2.03784e-06	-5.58891e-01	-2.23556e-01	1.52103e-01	7.02411e-02	-1.82600e-01
-9.27766e-04	-4.12280e-05	6.58387e-06	-2.43670e-06	-5.58850e-01	-2.23540e-01	1.57221e-01	6.94264e-02	-1.82600e-01
-9.00775e-04	-4.00195e-05	6.44865e-06	-1.84640e-06	-5.58902e-01	-2.23560e-01	1.62318e-01	6.86081e-02	-1.82600e-01
-8.83429e-04	-3.92390e-05	6.38497e-06	-3.64764e-07	-5.59000e-01	-2.23600e-01	1.67394e-01	6.77865e-02	-1.82600e-01
-8.76801e-04	-3.89348e-05	6.39675e-06	1.20559e-06	-5.59112e-01	-2.23645e-01	1.72448e-01	6.69617e-02	-1.82600e-01
-8.77378e-04	-3.89514e-05	6.45579e-06	2.17278e-06	-5.59273e-01	-2.23709e-01	1.77480e-01	6.61341e-02	-1.82600e-01
-8.83677e-04	-3.92226e-05	6.55207e-06	2.50660e-06	-5.59504e-01	-2.23801e-01	1.82488e-01	6.53039e-02	-1.82600e-01
-8.96290e-04	-3.97744e-05	6.69331e-06	2.48337e-06	-5.59779e-01	-2.23911e-01	1.87471e-01	6.44713e-02	-1.82600e-01
-9.13976e-04	-4.05514e-05	6.87207e-06	2.18146e-06	-5.60063e-01	-2.24025e-01	1.92430e-01	6.36367e-02	-1.82600e-01
-9.36041e-04	-4.15226e-05	7.08326e-06	1.52349e-06	-5.60344e-01	-2.24137e-01	1.97364e-01	6.28002e-02	-1.82600e-01
-9.62209e-04	-4.26757e-05	7.32595e-06	5.27539e-07	-5.60587e-01	-2.24234e-01	2.02271e-01	6.19621e-02	-1.82600e-01
-9.90161e-04	-4.39074e-05	7.58526e-06	-6.42954e-07	-5.60771e-01	-2.24308e-01	2.07151e-01	6.11227e-02	-1.82600e-01
-1.01527e-03	-4.50125e-05	7.82677e-06	-1.77592e-06	-5.60915e-01	-2.24366e-01	2.12004e-01	6.02822e-02	-1.82600e-01
-1.03113e-03	-4.57067e-05	7.99892e-06	-2.71151e-06	-5.61066e-01	-2.24426e-01	2.16828e-01	5.94408e-02	-1.82600e-01
-1.03655e-03	-4.59381e-05	8.09013e-06	-3.30993e-06	-5.61299e-01	-2.24519e-01	2.21624e-01	5.85988e-02	-1.82600e-01
-1.03847e-03	-4.60143e-05	8.15558e-06	-3.34046e-06	-5.61648e-01	-2.24659e-01	2.26390e-01	5.77565e-02	-1.82600e-01
-1.04565e-03	-4.63231e-05	8.26473e-06	-2.69752e-06	-5.62038e-01	-2.24815e-01	2.31126e-01	5.69140e-02	-1.82600e-01
-1.06004e-03	-4.69509e-05	8.43318e-06	-1.77270e-06	-5.62400e-01	-2.24960e-01	2.35832e-01	5.60716e-02	-1.82600e-01
-1.07788e-03	-4.77313e-05	8.62885e-06	-1.22846e-06	-5.62739e-01	-2.25095e-01	2.40505e-01	5.52296e-02	-1.82600e-01
-1.09666e-03	-4.85536e-05	8.83058e-06	-1.28289e-06	-5.63054e-01	-2.25221e-01	2.45147e-01	5.43882e-02	-1.82600e-01
-1.11691e-03	-4.94402e-05	9.04706e-06	-1.51916e-06	-5.63319e-01	-2.25327e-01	2.49756e-01	5.35475e-02	-1.82600e-01
-1.13880e-03	-5.03988e-05	9.28162e-06	-1.53663e-06	-5.63522e-01	-2.25408e-01	2.54332e-01	5.27079e-02	-1.82600e-01
-1.15932e-03	-5.12963e-05	9.50611e-06	-1.50553e-06	-5.63702e-01	-2.25480e-01	2.58874e-01	5.18696e-02	-1.82600e-01
-1.17559e-03	-5.20060e-05	9.69442e-06	-1.82401e-06	-5.63894e-01	-2.25557e-01	2.63382e-01	5.10327e-02	-1.82600e-01
-1.18936e-03	-5.26055e-05	9.85986e-06	-2.33898e-06	-5.64077e-01	-2.25630e-01	2.67855e-01	5.01976e-02	-1.82600e-01
-1.20631e-03	-5.33448e-05	1.00547e-05	-2.37121e-06	-5.64230e-01	-2.25692e-01	2.72292e-01	4.93644e-02	-1.82600e-01
-1.23378e-03	-5.45486e-05	1.03420e-05	-1.67875e-06	-5.64347e-01	-2.25738e-01	2.76693e-01	4.85334e-02	-1.82600e-01
-1.27593e-03	-5.64012e-05	1.07542e-05	-7.44403e-07	-5.64404e-01	-2.25761e-01	2.81057e-01	4.77047e-02	-1.82600e-01
-1.32896e-03	-5.87334e-05	1.12618e-05	3.39499e-08	-5.64366e-01	-2.25746e-01	2.85384e-01	4.68787e-02	-1.82600e-01
-1.37933e-03	-6.09480e-05	1.17490e-05	6.13856e-07	-5.64209e-01	-2.25683e-01	2.89673e-01	4.60555e-02	-1.82600e-01
-1.41409e-03	-6.24717e-05	1.21073e-05	9.67329e-07	-5.64005e-01	-2.25602e-01	2.93924e-01	4.52353e-02	-1.82600e-01
-1.43063e-03	-6.31903e-05	1.23125e-05	1.24758e-06	-5.63814e-01	-2.25525e-01	2.98136e-01	4.44183e-02	-1.82600e-01
-1.43467e-03	-6.33563e-05	1.24101e-05	1.72207e-06	-5.63628e-01	-2.25451e-01	3.02309e-01	4.36048e-02	-1.82600e-01
-1.43795e-03	-6.34895e-05	1.24977e-05	2.25215e-06	-5.63465e-01	-2.25385e-01	3.06442e-01	4.27950e-02	-1.82600e-01
-1.44874e-03	-6.39544e-05	1.26506e-05	2.55111e-06	-5.63263e-01	-2.25305e-01	3.10535e-01	4.19890e-02	-1.82600e-01
-1.46461e-03	-6.46435e-05	1.28472e-05	2.67740e-06	-5.62961e-01	-2.25184e-01	3.14587e-01	4.11871e-02	-1.82600e-01
-1.48723e-03	-6.56294e-05	1.31067e-05	2.82645e-06	-5.62644e-01	-2.25057e-01	3.18598e-01	4.03894e-02	-1.82600e-01
-1.51957e-03	-6.70442e-05	1.34533e-05	3.15968e-06	-5.62233e-01	-2.24893e-01	3.22568e-01	3.95963e-02	-1.82600e-01
-1.54739e-03	-6.82595e-05	1.37609e-05	3.73497e-06	-5.61685e-01	-2.24673e-01	3.26495e-01	3.88078e-02	-1.82600e-01
-1.56008e-03	-6.88051e-05	1.39427e-05	4.27324e-06	-5.61152e-01	-2.24460e-01	3.30380e-01	3.80241e-02	-1.82600e-01
-1.56282e-03	-6.89134e-05	1.40304e-05	4.37783e-06	-5.60546e-01	-2.24218e-01	3.34222e-01	3.72455e-02	-1.82600e-01
-1.55665e-03	-6.86290e-05	1.40349e-05	4.00466e-06	-5.59867e-01	-2.23946e-01	3.38021e-01	3.64722e-02	-1.82600e-01
-1.54671e-03	-6.81772e-05	1.40111e-05	3.46986e-06	-5.59349e-01	-2.23739e-01	3.41776e-01	3.57043e-02	-1.82600e-01
-1.54814e-03	-6.82291e-05	1.40793e-05	3.09372e-06	-5.58857e-01	-2.23542e-01	3.45487e-01	3.49420e-02	-1.82600e-01
-1.55880e-03	-6.86872e-05	1.42306e-05	2.97212e-06	-5.58271e-01	-2.23308e-01	3.49154e-01	3.41856e-02	-1.82600e-01
-1.56841e-03	-6.90976e-05	1.43823e-05	2.94737e-06	-5.57796e-01	-2.23118e-01	3.52776e-01	3.34351e-02	-1.82600e-01
-1.58369e-03	-6.97593e-05	1.45776e-05	2.49160e-06	-5.57382e-01	-2.22952e-01	3.56353e-01	3.26907e-02	-1.82600e-01
-1.61345e-03	-7.10594e-05	1.49024e-05	1.12072e-06	-5.56784e-01	-2.22713e-01	3.59885e-01	3.19527e-02	-1.82600e-01
-1.64653e-03	-7.25051e-05	1.52623e-05	-7.55514e-07	-5.55973e-01	-2.22389e-01	3.63370e-01	3.12213e-02	-1.82600e-01
-1.66845e-03	-7.34581e-05	1.55234e-05	-2.26800e-06	-5.55141e-01	-2.22056e-01	3.66810e-01	3.04965e-02	-1.82600e-01
-1.68512e-03	-7.41782e-05	1.57428e-05	-3.26504e-06	-5.54414e-01	-2.21765e-01	3.70204e-01	2.97785e-02	-1.82600e-01
-1.70443e-03	-7.50153e-05	1.59852e-05	-4.19407e-06	-5.53667e-01	-2.21466e-01	3.73551e-01	2.90675e-02	-1.82600e-01
-1.72270e-03	-7.58066e-05	1.62148e-05	-5.20922e-06	-5.52809e-01	-2.21123e-01	3.76852e-01	2.83637e-02	-1.82600e-01
-1.74166e-03	-7.66275e-05	1.64565e-05	-6.01568e-06	-5.51867e-01	-2.20746e-01	3.80105e-01	2.76672e-02	-1.82600e-01
-1.76279e-03	-7.75436e-05	1.67204e-05	-6.49331e-06	-5.50794e-01	-2.20317e-01	3.83311e-01	2.69782e-02	-1.82600e-01
-1.76803e-03	-7.77622e-05	1.68236e-05	-6.89234e-06	-5.49659e-01	-2.19863e-01	3.86470e-01	2.62969e-02	-1.82600e-01
-1.74815e-03	-7.68756e-05	1.66923e-05	-7.16252e-06	-5.48678e-01	-2.19470e-01	3.89581e-01	2.56232e-02	-1.82600e-01
-1.72966e-03	-7.60478e-05	1.65824e-05	-6.89192e-06	-5.47819e-01	-2.19127e-01	3.92645e-01	2.49575e-02	-1.82600e-01
-1.73474e-03	-7.62569e-05	1.66968e-05	-5.93934e-06	-5.46830e-01	-2.18731e-01	3.95660e-01	2.42999e-02	-1.82600e-01
-1.75079e-03	-7.69515e-05	1.69001e-05	-4.51885e-06	-5.45700e-01	-2.18279e-01	3.98628e-01	2.36504e-02	-1.82600e-01
-1.76225e-03	-7.74420e-05	1.70713e-05	-3.12619e-06	-5.44659e-01	-2.17863e-01	4.01547e-01	2.30092e-02	-1.82600e-01
-1.76499e-03	-7.75460e-05	1.71720e-05	-2.31081e-06	-5.43659e-01	-2.17463e-01	4.04418e-01	2.23765e-02	-1.82600e-01
-1.75396e-03	-7.70480e-05	1.71246e-05	-2.26774e-06	-5.42505e-01	-2.17001e-01	4.07240e-01	2.17523e-02	-1.82600e-01
-1.74035e-03	-7.64419e-05	1.70301e-05	-3.22967e-06	-5.41277e-01	-2.16510e-01	4.10014e-01	2.11368e-02	-1.82600e-01
-1.74631e-03	-7.66953e-05	1.71242e-05	-5.39438e-06	-5.40008e-01	-2.16003e-01	4.12739e-01	2.05300e-02	-1.82600e-01
-1.75745e-03	-7.71721e-05	1.72898e-05	-7.73629e-06	-5.38704e-01	-2.15481e-01	4.15416e-01	1.99322e-02	-1.82600e-01
-1.74266e-03	-7.65064e-05	1.72168e-05	-8.78807e-06	-5.37614e-01	-2.15045e-01	4.18044e-01	1.93434e-02	-1.82600e-01
-1.71118e-03	-7.51090e-05	1.69751e-05	-8.96560e-06	-5.36727e-01	-2.14690e-01	4.20624e-01	1.87636e-02	-1.82600e-01
-1.69337e-03	-7.43173e-05	1.68418e-05	-9.98721e-06	-5.35669e-01	-2.14267e-01	4.23155e-01	1.81930e-02	-1.82600e-01
-1.69572e-03	-7.44138e-05	1.68933e-05	-1.20449e-05	-5.34321e-01	-2.13728e-01	4.25637e-01	1.76317e-02	-1.82600e-01
-1.69431e-03	-7.43457e-05	1.69084e-05	-1.36447e-05	-5.32890e-01	-2.13155e-01	4.28071e-01	1.70798e-02	-1.82600e-01
-1.66014e-03	-7.28303e-05	1.66372e-05	-1.43568e-05	-5.31763e-01	-2.12705e-01	4.30456e-01	1.65372e-02	-1.82600e-01
-1.59899e-03	-7.01276e-05	1.61108e-05	-1.53811e-05	-5.31020e-01	-2.12407e-01	4.32792e-01	1.60042e-02	-1.82600e-01
-1.54653e-03	-6.78244e-05	1.55940e-05	-1.69264e-05	-5.30338e-01	-2.12134e-01	4.35081e-01	1.54808e-02	-1.82600e-01
-1.53150e-03	-6.71587e-05	1.54700e-05	-1.81700e-05	-5.29605e-01	-2.11841e-01	4.37321e-01	1.49669e-02	-1.82600e-01
-1.55762e-03	-6.82956e-05	1.57720e-05	-1.93180e-05	-5.28744e-01	-2.11497e-01	4.39513e-01	1.44628e-02	-1.82600e-01
-1.59104e-03	-6.97549e-05	1.61362e-05	-2.07865e-05	-5.27640e-01	-2.11055e-01	4.41657e-01	1.39683e-02	-1.82600e-01
-1.59348e-03	-6.98500e-05	1.62112e-05	-2.19819e-05	-5.26498e-01	-2.10598e-01	4.43754e-01	1.34837e-02	-1.82600e-01
-1.56803e-03	-6.87217e-05	1.60067e-05	-2.25173e-05	-5.25531e-01	-2.10212e-01	4.45802e-01	1.30088e-02	-1.82600e-01
-1.53826e-03	-6.74090e-05	1.57377e-05	-2.28638e-05	-5.24657e-01	-2.09862e-01	4.47804e-01	1.25437e-02	-1.82600e-01
-1.50967e-03	-6.61515e-05	1.54660e-05	-2.33442e-05	-5.23754e-01	-2.09501e-01	4.49758e-01	1.20886e-02	-1.82600e-01
-1.47309e-03	-6.45402e-05	1.51258e-05	-2.38257e-05	-5.22853e-01	-2.09140e-01	4.51665e-01	1.16432e-02	-1.82600e-01
-1.42808e-03	-6.25579e-05	1.47068e-05	-2.42268e-05	-5.22018e-01	-2.08807e-01	4.53526e-01	1.12078e-02	-1.82600e-01
-1.38279e-03	-6.05658e-05	1.42755e-05	-2.45680e-05	-5.21236e-01	-2.08494e-01	4.55341e-01	1.07823e-02	-1.82600e-01
-1.34626e-03	-5.89614e-05	1.39182e-05	-2.49126e-05	-5.20499e-01	-2.08199e-01	4.57109e-01	1.03666e-02	-1.82600e-01
-1.32230e-03	-5.79041e-05	1.37034e-05	-2.52215e-05	-5.19805e-01	-2.07921e-01	4.58832e-01	9.96076e-03	-1.82600e-01
-1.30916e-03	-5.73178e-05	1.36137e-05	-2.51675e-05	-5.19086e-01	-2.07634e-01	4.60510e-01	9.56480e-03	-1.82600e-01
-1.29505e-03	-5.66954e-05	1.34862e-05	-2.44937e-05	-5.18323e-01	-2.07329e-01	4.62142e-01	9.17866e-03	-1.82600e-01
-1.27328e-03	-5.57413e-05	1.32630e-05	-2.37219e-05	-5.17576e-01	-2.07030e-01	4.63730e-01	8.80230e-03	-1.82600e-01
-1.24351e-03	-5.44316e-05	1.29803e-05	-2.35392e-05	-5.16879e-01	-2.06751e-01	4.65274e-01	8.43570e-03	-1.82600e-01
-1.20115e-03	-5.25678e-05	1.25790e-05	-2.39742e-05	-5.16251e-01	-2.06500e-01	4.66774e-01	8.07881e-03	-1.82600e-01
-1.14259e-03	-4.99974e-05	1.19973e-05	-2.46253e-05	-5.15731e-01	-2.06292e-01	4.68231e-01	7.73157e-03	-1.82600e-01
-1.07903e-03	-4.72119e-05	1.13465e-05	-2.51709e-05	-5.15327e-01	-2.06130e-01	4.69645e-01	7.39391e-03	-1.82600e-01
-1.02585e-03	-4.48820e-05	1.08004e-05	-2.56311e-05	-5.14952e-01	-2.05980e-01	4.71017e-01	7.06578e-03	-1.82600e-01
-9.78673e-04	-4.28163e-05	1.03108e-05	-2.61993e-05	-5.14552e-01	-2.05820e-01	4.72347e-01	6.74709e-03	-1.82600e-01
-9.26312e-04	-4.05223e-05	9.77279e-06	-2.68806e-05	-5.14222e-01	-2.05688e-01	4.73636e-01	6.43776e-03	-1.82600e-01
-8.79686e-04	-3.84764e-05	9.30640e-06	-2.75514e-05	-5.13989e-01	-2.05595e-01	4.74885e-01	6.13770e-03	-1.82600e-01
-8.56721e-04	-3.74696e-05	9.07312e-06	-2.82045e-05	-5.13711e-01	-2.05484e-01	4.76093e-01	5.84682e-03	-1.82600e-01
-8.50054e-04	-3.71786e-05	8.99990e-06	-2.87400e-05	-5.13321e-01	-2.05328e-01	4.77262e-01	5.56499e-03	-1.82600e-01
-8.44678e-04	-3.69424e-05	8.94735e-06	-2.88797e-05	-5.12896e-01	-2.05158e-01	4.78392e-01	5.29211e-03	-1.82600e-01
-8.39968e-04	-3.67345e-05	8.90565e-06	-2.85304e-05	-5.12484e-01	-2.04993e-01	4.79484e-01	5.02806e-03	-1.82600e-01
-8.34835e-04	-3.65059e-05	8.86803e-06	-2.80315e-05	-5.12079e-01	-2.04831e-01	4.80539e-01	4.77271e-03	-1.82600e-01
-8.21776e-04	-3.59260e-05	8.76583e-06	-2.76649e-05	-5.11698e-01	-2.04678e-01	4.81557e-01	4.52591e-03	-1.82600e-01
-8.02800e-04	-3.50905e-05	8.58771e-06	-2.73676e-05	-5.11340e-01	-2.04535e-01	4.82539e-01	4.28752e-03	-1.82600e-01
-7.84109e-04	-3.42721e-05	8.39358e-06	-2.70573e-05	-5.10993e-01	-2.04397e-01	4.83486e-01	4.05740e-03	-1.82600e-01
-7.62638e-04	-3.33316e-05	8.17198e-06	-2.67690e-05	-5.10675e-01	-2.04269e-01	4.84399e-01	3.83537e-03	-1.82600e-01
-7.33299e-04	-3.20457e-05	7.87235e-06	-2.64560e-05	-5.10405e-01	-2.04161e-01	4.85278e-01	3.62126e-03	-1.82600e-01
-7.00863e-04	-3.06250e-05	7.53728e-06	-2.60364e-05	-5.10201e-01	-2.04080e-01	4.86124e-01	3.41491e-03	-1.82600e-01
-6.72445e-04	-2.93807e-05	7.24200e-06	-2.54768e-05	-5.10038e-01	-2.04015e-01	4.86939e-01	3.21612e-03	-1.82600e-01
-6.52197e-04	-2.84960e-05	7.02391e-06	-2.48401e-05	-5.09900e-01	-2.03960e-01	4.87722e-01	3.02470e-03	-1.82600e-01
-6.41097e-04	-2.80116e-05	6.90201e-06	-2.42266e-05	-5.09772e-01	-2.03908e-01	4.88476e-01	2.84045e-03	-1.82600e-01
-6.36942e-04	-2.78334e-05	6.84355e-06	-2.36836e-05	-5.09626e-01	-2.03850e-01	4.89200e-01	2.66316e-03	-1.82600e-01
-6.36413e-04	-2.78130e-05	6.82690e-06	-2.32070e-05	-5.09489e-01	-2.03795e-01	4.89896e-01	2.49262e-03	-1.82600e-01
-6.37150e-04	-2.78437e-05	6.84111e-06	-2.28003e-05	-5.09335e-01	-2.03733e-01	4.90565e-01	2.32859e-03	-1.82600e-01
-6.37534e-04	-2.78604e-05	6.84521e-06	-2.24338e-05	-5.09194e-01	-2.03677e-01	4.91208e-01	2.17085e-03	-1.82600e-01
-6.38215e-04	-2.78860e-05	6.86973e-06	-2.20829e-05	-5.09054e-01	-2.03621e-01	4.91825e-01	2.01915e-03	-1.82600e-01
-6.37884e-04	-2.78692e-05	6.87546e-06	-2.17323e-05	-5.08880e-01	-2.03552e-01	4.92419e-01	1.87325e-03	-1.82600e-01
-6.39425e-04	-2.79347e-05	6.89948e-06	-2.13916e-05	-5.08754e-01	-2.03501e-01	4.92989e-01	1.73288e-03	-1.82600e-01
-6.37711e-04	-2.78517e-05	6.91385e-06	-2.10775e-05	-5.08516e-01	-2.03406e-01	4.93538e-01	1.59779e-03	-1.82600e-01
-6.34246e-04	-2.77096e-05	6.83912e-06	-2.08127e-05	-5.08386e-01	-2.03354e-01	4.94066e-01	1.46771e-03	-1.82600e-01
-6.23822e-04	-2.72336e-05	6.81009e-06	-2.05937e-05	-5.08124e-01	-2.03249e-01	4.94575e-01	1.34234e-03	-1.82600e-01
-6.07459e-04	-2.65420e-05	6.53912e-06	-2.04419e-05	-5.07945e-01	-2.03178e-01	4.95065e-01	1.22140e-03	-1.82600e-01
-5.86231e-04	-2.55827e-05	6.43920e-06	-2.03786e-05	-5.07773e-01	-2.03109e-01	4.95539e-01	1.10460e-03	-1.82600e-01
-5.57967e-04	-2.43720e-05	6.03693e-06	-2.04480e-05	-5.07460e-01	-2.02984e-01	4.95996e-01	9.91636e-04	-1.82600e-01
-5.27617e-04	-2.30241e-05	5.79842e-06	-2.06692e-05	-5.07488e-01	-2.02995e-01	4.96439e-01	8.82187e-04	-1.82600e-01
-4.92975e-04	-2.14984e-05	5.47406e-06	-2.10346e-05	-5.07011e-01	-2.02804e-01	4.96869e-01	7.75938e-04	-1.82600e-01
-4.50945e-04	-1.97051e-05	4.84715e-06	-2.15532e-05	-5.07152e-01	-2.02860e-01	4.97287e-01	6.72558e-04	-1.82600e-01
-4.18761e-04	-1.81903e-05	4.93964e-06	-2.21324e-05	-5.06773e-01	-2.02709e-01	4.97694e-01	5.71713e-04	-1.82600e-01
-3.62910e-04	-1.59225e-05	3.64127e-06	-2.28919e-05	-5.06525e-01	-2.02610e-01	4.98092e-01	4.73058e-04	-1.82600e-01
-3.66019e-04	-1.57593e-05	4.88160e-06	-2.37012e-05	-5.07091e-01	-2.02836e-01	4.98483e-01	3.76241e-04	-1.82600e-01
-3.21397e-04	-1.40864e-05	3.28462e-06	-2.43209e-05	-5.05640e-01	-2.02256e-01	4.98868e-01	2.80902e-04	-1.82600e-01
-4.56024e-04	-1.97235e-05	5.72251e-06	-2.59060e-05	-5.09821e-01	-2.03928e-01	4.99248e-01	1.86671e-04	-1.82600e-01
-7.90537e-04	-3.27935e-05	1.55529e-05	-2.65688e-05	-5.09035e-01	-2.03614e-01	4.99625e-01	9.31732e-05	-1.82600e-01
-6.59108e-04	-3.89937e-05	-3.39489e-05	-2.16659e-05	-5.12471e-01	-2.04987e-01	5.00000e-01	0.00000e+00	-1.82600e-01
