"Density"	"Momentum:0"	"Momentum:1"	"Momentum:2"	"StagnationEnergy"	"Pressure"	"Points:0"	"Points:1"	"Points:2"
1.86853e-02	-7.80087e-04	8.50454e-04	-1.99191e-04	-1.11541e-01	-4.46311e-02	-5.14734e-01	0.00000e+00	-3.08000e-02
-2.61702e-04	3.33036e-05	-1.34985e-05	-5.47310e-05	-4.30429e-01	-1.72168e-01	-5.14682e-01	2.24940e-03	-3.08000e-02
4.57841e-03	4.16753e-05	2.05659e-04	-6.71694e-05	-3.10586e-01	-1.24237e-01	-5.14525e-01	4.49391e-03	-3.08000e-02
1.25135e-02	7.49215e-05	5.65264e-04	-7.80210e-05	-3.74298e-01	-1.49725e-01	-5.14262e-01	6.72853e-03	-3.08000e-02
1.57896e-02	1.58313e-04	7.02119e-04	-7.32938e-05	-3.85010e-01	-1.54011e-01	-5.13895e-01	8.94825e-03	-3.08000e-02
1.92760e-02	2.01827e-04	8.54448e-04	-7.12796e-05	-4.40828e-01	-1.76339e-01	-5.13423e-01	1.11482e-02	-3.08000e-02
2.19749e-02	2.88163e-04	9.58285e-04	-6.06950e-05	-5.28352e-01	-2.11350e-01	-5.12849e-01	1.33239e-02	-3.08000e-02
2.35444e-02	3.43600e-04	1.01517e-03	-5.32070e-05	-5.82514e-01	-2.33016e-01	-5.12176e-01	1.54710e-02	-3.08000e-02
2.46747e-02	4.06593e-04	1.04660e-03	-4.32429e-05	-6.74972e-01	-2.69999e-01	-5.11409e-01	1.75859e-02	-3.08000e-02
2.50877e-02	4.56013e-04	1.04614e-03	-3.50303e-05	-7.38908e-01	-2.95574e-01	-5.10594e-01	1.95631e-02	-3.08000e-02
2.51822e-02	4.91497e-04	1.03430e-03	-2.89497e-05	-7.99531e-01	-3.19823e-01	-5.09778e-01	2.13460e-02	-3.08000e-02
2.50549e-02	5.24307e-04	1.01113e-03	-2.32446e-05	-8.57528e-01	-3.43021e-01	-5.08958e-01	2.29841e-02	-3.08000e-02
2.47375e-02	5.44860e-04	9.83361e-04	-1.96981e-05	-8.99765e-01	-3.59916e-01	-5.08134e-01	2.45097e-02	-3.08000e-02
2.43548e-02	5.63889e-04	9.52037e-04	-1.63615e-05	-9.45422e-01	-3.78179e-01	-5.07304e-01	2.59457e-02	-3.08000e-02
2.38775e-02	5.76211e-04	9.18780e-04	-1.42885e-05	-9.80664e-01	-3.92276e-01	-5.06467e-01	2.73089e-02	-3.08000e-02
2.33906e-02	5.86160e-04	8.85720e-04	-1.27722e-05	-1.01458e+00	-4.05842e-01	-5.05620e-01	2.86119e-02	-3.08000e-02
2.28793e-02	5.93350e-04	8.52455e-04	-1.18242e-05	-1.04494e+00	-4.17987e-01	-5.04762e-01	2.98647e-02	-3.08000e-02
2.23325e-02	5.97092e-04	8.18994e-04	-1.15029e-05	-1.07129e+00	-4.28524e-01	-5.03893e-01	3.10754e-02	-3.08000e-02
2.18226e-02	6.00341e-04	7.87401e-04	-1.15174e-05	-1.09631e+00	-4.38533e-01	-5.03011e-01	3.22503e-02	-3.08000e-02
2.12608e-02	6.00162e-04	7.54948e-04	-1.19842e-05	-1.11807e+00	-4.47237e-01	-5.02114e-01	3.33947e-02	-3.08000e-02
2.07388e-02	5.99705e-04	7.24552e-04	-1.27568e-05	-1.13816e+00	-4.55271e-01	-5.01201e-01	3.45132e-02	-3.08000e-02
2.02204e-02	5.97914e-04	6.95028e-04	-1.38159e-05	-1.15642e+00	-4.62578e-01	-5.00271e-01	3.56094e-02	-3.08000e-02
1.97008e-02	5.94758e-04	6.66208e-04	-1.51412e-05	-1.17269e+00	-4.69082e-01	-4.99323e-01	3.66865e-02	-3.08000e-02
1.91896e-02	5.90720e-04	6.38313e-04	-1.66473e-05	-1.18772e+00	-4.75095e-01	-4.98356e-01	3.77473e-02	-3.08000e-02
1.87015e-02	5.86293e-04	6.11862e-04	-1.83612e-05	-1.20116e+00	-4.80472e-01	-4.97368e-01	3.87939e-02	-3.08000e-02
1.82260e-02	5.81285e-04	5.86421e-04	-2.02237e-05	-1.21330e+00	-4.85328e-01	-4.96357e-01	3.98285e-02	-3.08000e-02
1.77711e-02	5.76023e-04	5.62240e-04	-2.22259e-05	-1.22432e+00	-4.89734e-01	-4.95325e-01	4.08527e-02	-3.08000e-02
1.73214e-02	5.70099e-04	5.38788e-04	-2.43323e-05	-1.23410e+00	-4.93648e-01	-4.94268e-01	4.18680e-02	-3.08000e-02
1.69017e-02	5.64401e-04	5.16806e-04	-2.65353e-05	-1.24292e+00	-4.97177e-01	-4.93185e-01	4.28757e-02	-3.08000e-02
1.64967e-02	5.58483e-04	4.95780e-04	-2.88034e-05	-1.25074e+00	-5.00301e-01	-4.92077e-01	4.38769e-02	-3.08000e-02
1.61042e-02	5.52338e-04	4.75614e-04	-3.11096e-05	-1.25764e+00	-5.03063e-01	-4.90942e-01	4.48725e-02	-3.08000e-02
1.57346e-02	5.46382e-04	4.56587e-04	-3.34667e-05	-1.26373e+00	-5.05497e-01	-4.89779e-01	4.58633e-02	-3.08000e-02
1.53879e-02	5.40669e-04	4.38659e-04	-3.58775e-05	-1.26899e+00	-5.07604e-01	-4.88586e-01	4.68500e-02	-3.08000e-02
1.50550e-02	5.34935e-04	4.21534e-04	-3.83144e-05	-1.27355e+00	-5.09428e-01	-4.87364e-01	4.78333e-02	-3.08000e-02
1.47440e-02	5.29517e-04	4.05405e-04	-4.07907e-05	-1.27743e+00	-5.10977e-01	-4.86110e-01	4.88136e-02	-3.08000e-02
1.44515e-02	5.24323e-04	3.90154e-04	-4.32856e-05	-1.28067e+00	-5.12276e-01	-4.84825e-01	4.97912e-02	-3.08000e-02
1.41787e-02	5.19454e-04	3.75766e-04	-4.57870e-05	-1.28335e+00	-5.13346e-01	-4.83508e-01	5.07666e-02	-3.08000e-02
1.39288e-02	5.15062e-04	3.62309e-04	-4.83034e-05	-1.28549e+00	-5.14202e-01	-4.82156e-01	5.17400e-02	-3.08000e-02
1.36954e-02	5.10946e-04	3.49576e-04	-5.08158e-05	-1.28716e+00	-5.14868e-01	-4.80771e-01	5.27115e-02	-3.08000e-02
1.34857e-02	5.07407e-04	3.37715e-04	-5.33631e-05	-1.28839e+00	-5.15360e-01	-4.79351e-01	5.36813e-02	-3.08000e-02
1.32942e-02	5.04278e-04	3.26567e-04	-5.59413e-05	-1.28923e+00	-5.15699e-01	-4.77895e-01	5.46496e-02	-3.08000e-02
1.31251e-02	5.01740e-04	3.16196e-04	-5.85769e-05	-1.28974e+00	-5.15901e-01	-4.76402e-01	5.56163e-02	-3.08000e-02
1.29762e-02	4.99744e-04	3.06518e-04	-6.12646e-05	-1.28994e+00	-5.15982e-01	-4.74872e-01	5.65814e-02	-3.08000e-02
1.28434e-02	4.98161e-04	2.97410e-04	-6.39814e-05	-1.28988e+00	-5.15957e-01	-4.73305e-01	5.75450e-02	-3.08000e-02
1.27391e-02	4.97485e-04	2.89127e-04	-6.67793e-05	-1.28958e+00	-5.15837e-01	-4.71699e-01	5.85069e-02	-3.08000e-02
1.26508e-02	4.97264e-04	2.81356e-04	-6.95787e-05	-1.28907e+00	-5.15632e-01	-4.70054e-01	5.94671e-02	-3.08000e-02
1.25801e-02	4.97578e-04	2.74112e-04	-7.23683e-05	-1.28837e+00	-5.15353e-01	-4.68369e-01	6.04253e-02	-3.08000e-02
1.25338e-02	4.98711e-04	2.67512e-04	-7.51737e-05	-1.28750e+00	-5.15004e-01	-4.66644e-01	6.13815e-02	-3.08000e-02
1.25048e-02	5.00406e-04	2.61386e-04	-7.79340e-05	-1.28646e+00	-5.14591e-01	-4.64878e-01	6.23355e-02	-3.08000e-02
1.24922e-02	5.02629e-04	2.55692e-04	-8.06030e-05	-1.28527e+00	-5.14112e-01	-4.63071e-01	6.32871e-02	-3.08000e-02
1.24969e-02	5.05444e-04	2.50426e-04	-8.31334e-05	-1.28388e+00	-5.13557e-01	-4.61221e-01	6.42361e-02	-3.08000e-02
1.25174e-02	5.08796e-04	2.45546e-04	-8.54464e-05	-1.28228e+00	-5.12917e-01	-4.59330e-01	6.51821e-02	-3.08000e-02
1.25508e-02	5.12577e-04	2.40983e-04	-8.74421e-05	-1.28043e+00	-5.12176e-01	-4.57396e-01	6.61250e-02	-3.08000e-02
1.25962e-02	5.16761e-04	2.36705e-04	-8.90248e-05	-1.27829e+00	-5.11320e-01	-4.55418e-01	6.70646e-02	-3.08000e-02
1.26490e-02	5.21160e-04	2.32626e-04	-9.00593e-05	-1.27580e+00	-5.10325e-01	-4.53397e-01	6.80004e-02	-3.08000e-02
1.27053e-02	5.25623e-04	2.28661e-04	-9.03948e-05	-1.27290e+00	-5.09165e-01	-4.51332e-01	6.89323e-02	-3.08000e-02
1.27630e-02	5.30063e-04	2.24786e-04	-8.98285e-05	-1.26955e+00	-5.07825e-01	-4.49222e-01	6.98599e-02	-3.08000e-02
1.28133e-02	5.34109e-04	2.20866e-04	-8.80586e-05	-1.26564e+00	-5.06262e-01	-4.47067e-01	7.07829e-02	-3.08000e-02
1.28554e-02	5.37725e-04	2.16904e-04	-8.48807e-05	-1.26112e+00	-5.04453e-01	-4.44868e-01	7.17010e-02	-3.08000e-02
1.28832e-02	5.40648e-04	2.12819e-04	-8.00567e-05	-1.25587e+00	-5.02353e-01	-4.42623e-01	7.26138e-02	-3.08000e-02
1.28946e-02	5.42794e-04	2.08582e-04	-7.33595e-05	-1.24982e+00	-4.99934e-01	-4.40332e-01	7.35211e-02	-3.08000e-02
1.28765e-02	5.43600e-04	2.04022e-04	-6.45800e-05	-1.24296e+00	-4.97188e-01	-4.37995e-01	7.44225e-02	-3.08000e-02
1.28269e-02	5.42968e-04	1.99170e-04	-5.32435e-05	-1.23518e+00	-4.94078e-01	-4.35613e-01	7.53176e-02	-3.08000e-02
1.27382e-02	5.40564e-04	1.93938e-04	-3.89409e-05	-1.22656e+00	-4.90630e-01	-4.33183e-01	7.62061e-02	-3.08000e-02
1.26227e-02	5.36918e-04	1.88524e-04	-2.21972e-05	-1.21713e+00	-4.86856e-01	-4.30707e-01	7.70877e-02	-3.08000e-02
1.24681e-02	5.31497e-04	1.82774e-04	-2.90843e-06	-1.20724e+00	-4.82901e-01	-4.28185e-01	7.79619e-02	-3.08000e-02
1.22512e-02	5.23292e-04	1.76438e-04	1.91103e-05	-1.19737e+00	-4.78952e-01	-4.25615e-01	7.88285e-02	-3.08000e-02
1.20089e-02	5.13944e-04	1.69857e-04	4.11959e-05	-1.18709e+00	-4.74840e-01	-4.22998e-01	7.96871e-02	-3.08000e-02
1.17635e-02	5.04410e-04	1.63350e-04	6.19549e-05	-1.17753e+00	-4.71015e-01	-4.20334e-01	8.05372e-02	-3.08000e-02
1.14342e-02	4.91151e-04	1.56036e-04	8.41954e-05	-1.17054e+00	-4.68222e-01	-4.17623e-01	8.13786e-02	-3.08000e-02
1.10724e-02	4.76358e-04	1.48683e-04	1.07768e-04	-1.16464e+00	-4.65859e-01	-4.14864e-01	8.22110e-02	-3.08000e-02
1.07613e-02	4.63602e-04	1.42470e-04	1.34229e-04	-1.15949e+00	-4.63801e-01	-4.12058e-01	8.30338e-02	-3.08000e-02
1.04465e-02	4.50352e-04	1.37369e-04	1.75291e-04	-1.15449e+00	-4.61801e-01	-4.09204e-01	8.38469e-02	-3.08000e-02
1.03871e-02	4.47997e-04	1.36087e-04	2.26478e-04	-1.14476e+00	-4.57908e-01	-4.06302e-01	8.46497e-02	-3.08000e-02
1.08327e-02	4.68023e-04	1.39245e-04	2.60609e-04	-1.13280e+00	-4.53127e-01	-4.03353e-01	8.54421e-02	-3.08000e-02
1.13506e-02	4.91348e-04	1.42616e-04	2.75264e-04	-1.12777e+00	-4.51115e-01	-4.00357e-01	8.62236e-02	-3.08000e-02
1.15517e-02	5.00873e-04	1.42290e-04	2.93820e-04	-1.12878e+00	-4.51518e-01	-3.97313e-01	8.69939e-02	-3.08000e-02
1.16733e-02	5.06942e-04	1.40977e-04	3.18237e-04	-1.12964e+00	-4.51864e-01	-3.94221e-01	8.77526e-02	-3.08000e-02
1.18709e-02	5.16548e-04	1.39498e-04	3.25216e-04	-1.12892e+00	-4.51577e-01	-3.91082e-01	8.84994e-02	-3.08000e-02
1.17201e-02	5.10971e-04	1.33906e-04	3.12165e-04	-1.12714e+00	-4.50861e-01	-3.87896e-01	8.92340e-02	-3.08000e-02
1.12500e-02	4.91320e-04	1.25192e-04	2.96817e-04	-1.11653e+00	-4.46619e-01	-3.84662e-01	8.99560e-02	-3.08000e-02
1.11896e-02	4.89832e-04	1.19612e-04	2.74207e-04	-1.09267e+00	-4.37075e-01	-3.81381e-01	9.06651e-02	-3.08000e-02
1.14127e-02	5.00772e-04	1.16756e-04	2.48339e-04	-1.06673e+00	-4.26699e-01	-3.78053e-01	9.13610e-02	-3.08000e-02
1.10110e-02	4.83910e-04	1.09217e-04	2.41128e-04	-1.05098e+00	-4.20396e-01	-3.74678e-01	9.20434e-02	-3.08000e-02
9.66903e-03	4.25426e-04	9.36929e-05	2.37065e-04	-1.04610e+00	-4.18446e-01	-3.71257e-01	9.27120e-02	-3.08000e-02
8.07535e-03	3.55740e-04	7.62237e-05	2.08587e-04	-1.03854e+00	-4.15420e-01	-3.67789e-01	9.33664e-02	-3.08000e-02
7.03788e-03	3.10587e-04	6.36532e-05	1.73449e-04	-1.01674e+00	-4.06698e-01	-3.64275e-01	9.40064e-02	-3.08000e-02
6.38453e-03	2.82096e-04	5.60071e-05	1.50366e-04	-9.96620e-01	-3.98651e-01	-3.60714e-01	9.46317e-02	-3.08000e-02
5.48794e-03	2.42779e-04	4.65618e-05	1.27513e-04	-9.89213e-01	-3.95688e-01	-3.57108e-01	9.52420e-02	-3.08000e-02
4.48371e-03	1.98494e-04	3.73396e-05	1.07322e-04	-9.79851e-01	-3.91943e-01	-3.53456e-01	9.58371e-02	-3.08000e-02
3.91200e-03	1.73342e-04	3.17343e-05	1.01520e-04	-9.58106e-01	-3.83244e-01	-3.49758e-01	9.64165e-02	-3.08000e-02
3.58839e-03	1.59235e-04	2.77135e-05	1.02549e-04	-9.36763e-01	-3.74707e-01	-3.46015e-01	9.69802e-02	-3.08000e-02
3.14103e-03	1.39473e-04	2.37715e-05	9.79624e-05	-9.24256e-01	-3.69704e-01	-3.42228e-01	9.75279e-02	-3.08000e-02
2.64756e-03	1.17594e-04	1.99267e-05	9.52406e-05	-9.12080e-01	-3.64834e-01	-3.38396e-01	9.80593e-02	-3.08000e-02
2.25260e-03	1.00108e-04	1.66655e-05	1.01117e-04	-8.99165e-01	-3.59668e-01	-3.34520e-01	9.85741e-02	-3.08000e-02
1.90969e-03	8.48421e-05	1.44746e-05	1.00886e-04	-8.88062e-01	-3.55227e-01	-3.30599e-01	9.90722e-02	-3.08000e-02
1.65045e-03	7.34325e-05	1.17579e-05	8.79673e-05	-8.76964e-01	-3.50787e-01	-3.26636e-01	9.95533e-02	-3.08000e-02
1.57644e-03	7.01819e-05	1.09918e-05	8.28914e-05	-8.66630e-01	-3.46653e-01	-3.22628e-01	1.00017e-01	-3.08000e-02
1.82718e-03	8.14070e-05	1.23365e-05	9.36938e-05	-8.52080e-01	-3.40834e-01	-3.18579e-01	1.00464e-01	-3.08000e-02
2.36042e-03	1.05339e-04	1.44586e-05	9.84552e-05	-8.36441e-01	-3.34578e-01	-3.14486e-01	1.00893e-01	-3.08000e-02
2.76652e-03	1.23657e-04	1.51621e-05	8.96421e-05	-8.28602e-01	-3.31443e-01	-3.10352e-01	1.01304e-01	-3.08000e-02
2.82749e-03	1.26502e-04	1.43762e-05	8.22445e-05	-8.24458e-01	-3.29785e-01	-3.06176e-01	1.01698e-01	-3.08000e-02
2.80881e-03	1.25748e-04	1.34886e-05	7.97431e-05	-8.18193e-01	-3.27279e-01	-3.01958e-01	1.02073e-01	-3.08000e-02
2.84749e-03	1.27564e-04	1.28053e-05	7.50311e-05	-8.11908e-01	-3.24765e-01	-2.97700e-01	1.02430e-01	-3.08000e-02
2.79871e-03	1.25437e-04	1.19666e-05	7.23641e-05	-8.08676e-01	-3.23472e-01	-2.93402e-01	1.02769e-01	-3.08000e-02
2.73228e-03	1.22505e-04	1.12032e-05	7.61907e-05	-8.05849e-01	-3.22341e-01	-2.89063e-01	1.03089e-01	-3.08000e-02
2.91010e-03	1.30546e-04	1.10925e-05	7.77798e-05	-8.00523e-01	-3.20211e-01	-2.84686e-01	1.03391e-01	-3.08000e-02
3.25321e-03	1.46020e-04	1.12636e-05	7.14630e-05	-7.97633e-01	-3.19055e-01	-2.80269e-01	1.03674e-01	-3.08000e-02
3.41579e-03	1.53386e-04	1.08203e-05	6.27705e-05	-7.99531e-01	-3.19814e-01	-2.75813e-01	1.03938e-01	-3.08000e-02
3.35279e-03	1.50623e-04	9.52806e-06	5.11017e-05	-8.00795e-01	-3.20319e-01	-2.71320e-01	1.04183e-01	-3.08000e-02
3.30155e-03	1.48383e-04	8.23672e-06	3.51101e-05	-7.99218e-01	-3.19689e-01	-2.66790e-01	1.04409e-01	-3.08000e-02
3.29505e-03	1.48131e-04	7.41441e-06	2.61391e-05	-7.97218e-01	-3.18889e-01	-2.62222e-01	1.04617e-01	-3.08000e-02
3.23875e-03	1.45629e-04	6.63515e-06	2.74219e-05	-7.96303e-01	-3.18523e-01	-2.57618e-01	1.04805e-01	-3.08000e-02
3.10839e-03	1.39792e-04	5.76233e-06	2.70176e-05	-7.96503e-01	-3.18603e-01	-2.52978e-01	1.04974e-01	-3.08000e-02
2.91926e-03	1.31308e-04	4.83059e-06	2.31877e-05	-7.96218e-01	-3.18489e-01	-2.48303e-01	1.05124e-01	-3.08000e-02
2.80984e-03	1.26405e-04	4.04245e-06	2.45370e-05	-7.93290e-01	-3.17317e-01	-2.43593e-01	1.05254e-01	-3.08000e-02
2.91577e-03	1.31185e-04	3.69087e-06	2.75173e-05	-7.89239e-01	-3.15697e-01	-2.38850e-01	1.05365e-01	-3.08000e-02
3.06198e-03	1.37779e-04	3.15767e-06	2.34869e-05	-7.88038e-01	-3.15216e-01	-2.34072e-01	1.05458e-01	-3.08000e-02
2.97443e-03	1.33851e-04	2.44483e-06	1.50251e-05	-7.89087e-01	-3.15636e-01	-2.29262e-01	1.05530e-01	-3.08000e-02
2.79253e-03	1.25674e-04	1.62173e-06	7.80246e-06	-7.88299e-01	-3.15321e-01	-2.24419e-01	1.05584e-01	-3.08000e-02
2.78281e-03	1.25242e-04	1.00141e-06	1.72914e-06	-7.85738e-01	-3.14297e-01	-2.19545e-01	1.05618e-01	-3.08000e-02
2.84647e-03	1.28109e-04	4.68057e-07	-2.11281e-06	-7.83382e-01	-3.13354e-01	-2.14639e-01	1.05634e-01	-3.08000e-02
2.73933e-03	1.23286e-04	-1.62806e-07	-2.32493e-06	-7.81982e-01	-3.12794e-01	-2.09703e-01	1.05630e-01	-3.08000e-02
2.40050e-03	1.08035e-04	-5.67356e-07	-1.16687e-06	-7.81912e-01	-3.12766e-01	-2.04738e-01	1.05607e-01	-3.08000e-02
1.98690e-03	8.94178e-05	-8.16575e-07	-2.55157e-06	-7.81405e-01	-3.12563e-01	-1.99743e-01	1.05565e-01	-3.08000e-02
1.75364e-03	7.89176e-05	-9.37525e-07	-7.78453e-06	-7.78273e-01	-3.11310e-01	-1.94719e-01	1.05504e-01	-3.08000e-02
1.77172e-03	7.97247e-05	-1.35907e-06	-1.25843e-05	-7.73759e-01	-3.09504e-01	-1.89668e-01	1.05424e-01	-3.08000e-02
1.82071e-03	8.19225e-05	-1.70588e-06	-1.29945e-05	-7.71004e-01	-3.08402e-01	-1.84589e-01	1.05325e-01	-3.08000e-02
1.73141e-03	7.78971e-05	-1.93459e-06	-1.11922e-05	-7.70224e-01	-3.08090e-01	-1.79484e-01	1.05208e-01	-3.08000e-02
1.62606e-03	7.31526e-05	-1.98945e-06	-1.08912e-05	-7.68938e-01	-3.07576e-01	-1.74354e-01	1.05072e-01	-3.08000e-02
1.71477e-03	7.71358e-05	-2.34284e-06	-1.34444e-05	-7.65543e-01	-3.06218e-01	-1.69198e-01	1.04918e-01	-3.08000e-02
1.91666e-03	8.62014e-05	-3.08879e-06	-2.10376e-05	-7.62559e-01	-3.05024e-01	-1.64017e-01	1.04746e-01	-3.08000e-02
1.85087e-03	8.32261e-05	-3.41597e-06	-3.51062e-05	-7.62637e-01	-3.05056e-01	-1.58813e-01	1.04555e-01	-3.08000e-02
1.42063e-03	6.38602e-05	-3.07959e-06	-5.17305e-05	-7.62324e-01	-3.04931e-01	-1.53586e-01	1.04346e-01	-3.08000e-02
1.07904e-03	4.84920e-05	-2.61235e-06	-6.08756e-05	-7.57465e-01	-3.02987e-01	-1.48337e-01	1.04119e-01	-3.08000e-02
1.10244e-03	4.95337e-05	-2.85000e-06	-5.79274e-05	-7.50909e-01	-3.00365e-01	-1.43066e-01	1.03875e-01	-3.08000e-02
1.16718e-03	5.24416e-05	-3.00138e-06	-5.14836e-05	-7.46145e-01	-2.98459e-01	-1.37775e-01	1.03613e-01	-3.08000e-02
1.02061e-03	4.58508e-05	-2.70907e-06	-4.61436e-05	-7.40110e-01	-2.96045e-01	-1.32463e-01	1.03333e-01	-3.08000e-02
8.10097e-04	3.63829e-05	-2.32673e-06	-3.92438e-05	-7.32239e-01	-2.92896e-01	-1.27132e-01	1.03037e-01	-3.08000e-02
6.34156e-04	2.84785e-05	-1.85642e-06	-3.65873e-05	-7.25952e-01	-2.90382e-01	-1.21783e-01	1.02723e-01	-3.08000e-02
5.28824e-04	2.37384e-05	-1.69938e-06	-4.19580e-05	-7.20527e-01	-2.88212e-01	-1.16415e-01	1.02392e-01	-3.08000e-02
6.11368e-04	2.74403e-05	-2.00731e-06	-4.50182e-05	-7.14998e-01	-2.86000e-01	-1.11031e-01	1.02045e-01	-3.08000e-02
7.58883e-04	3.40653e-05	-2.42305e-06	-3.91381e-05	-7.10769e-01	-2.84308e-01	-1.05630e-01	1.01681e-01	-3.08000e-02
6.96617e-04	3.12626e-05	-2.32822e-06	-3.06646e-05	-7.07981e-01	-2.83193e-01	-1.00214e-01	1.01301e-01	-3.08000e-02
4.57124e-04	2.05084e-05	-1.61138e-06	-2.79328e-05	-7.04748e-01	-2.81900e-01	-9.47833e-02	1.00905e-01	-3.08000e-02
2.65089e-04	1.18833e-05	-1.05795e-06	-3.35867e-05	-6.99403e-01	-2.79762e-01	-8.93384e-02	1.00493e-01	-3.08000e-02
1.35928e-04	6.07961e-06	-7.12682e-07	-4.33780e-05	-6.92648e-01	-2.77062e-01	-8.38803e-02	1.00066e-01	-3.08000e-02
9.32224e-06	3.96206e-07	-3.00680e-07	-5.09567e-05	-6.84401e-01	-2.73816e-01	-7.84099e-02	9.96234e-02	-3.08000e-02
-4.12093e-05	-1.87020e-06	-1.06981e-07	-5.28721e-05	-6.75041e-01	-2.70003e-01	-7.29278e-02	9.91656e-02	-3.08000e-02
-2.76248e-05	-1.25771e-06	-1.12515e-07	-4.93590e-05	-6.67504e-01	-2.66984e-01	-6.74348e-02	9.86928e-02	-3.08000e-02
-1.08186e-04	-4.86454e-06	2.62391e-07	-4.50787e-05	-6.61522e-01	-2.64605e-01	-6.19318e-02	9.82055e-02	-3.08000e-02
-3.06541e-04	-1.37508e-05	1.11077e-06	-4.32505e-05	-6.54722e-01	-2.61888e-01	-5.64197e-02	9.77038e-02	-3.08000e-02
-4.67179e-04	-2.09406e-05	1.86908e-06	-3.99347e-05	-6.47233e-01	-2.58892e-01	-5.08990e-02	9.71880e-02	-3.08000e-02
-4.87965e-04	-2.18638e-05	2.04307e-06	-3.30531e-05	-6.39914e-01	-2.55965e-01	-4.53708e-02	9.66583e-02	-3.08000e-02
-4.31763e-04	-1.93442e-05	1.82355e-06	-2.89286e-05	-6.33985e-01	-2.53593e-01	-3.98357e-02	9.61149e-02	-3.08000e-02
-4.46396e-04	-1.99981e-05	1.90485e-06	-3.24532e-05	-6.29915e-01	-2.51965e-01	-3.42946e-02	9.55583e-02	-3.08000e-02
-5.43869e-04	-2.43547e-05	2.42177e-06	-4.00761e-05	-6.25266e-01	-2.50105e-01	-2.87482e-02	9.49885e-02	-3.08000e-02
-5.77989e-04	-2.58789e-05	2.61139e-06	-4.42784e-05	-6.19163e-01	-2.47664e-01	-2.31975e-02	9.44060e-02	-3.08000e-02
-5.38512e-04	-2.40973e-05	2.56544e-06	-3.97066e-05	-6.14127e-01	-2.45650e-01	-1.76432e-02	9.38109e-02	-3.08000e-02
-6.13231e-04	-2.74344e-05	2.98138e-06	-2.94883e-05	-6.11103e-01	-2.44441e-01	-1.20861e-02	9.32036e-02	-3.08000e-02
-8.79303e-04	-3.93216e-05	4.41975e-06	-2.42726e-05	-6.07584e-01	-2.43033e-01	-6.52703e-03	9.25842e-02	-3.08000e-02
-1.15680e-03	-5.17208e-05	5.90552e-06	-2.90142e-05	-6.00862e-01	-2.40344e-01	-9.66816e-04	9.19532e-02	-3.08000e-02
-1.26785e-03	-5.66793e-05	6.52926e-06	-3.81145e-05	-5.92155e-01	-2.36861e-01	4.59373e-03	9.13107e-02	-3.08000e-02
-1.22666e-03	-5.48292e-05	6.39325e-06	-4.57440e-05	-5.83736e-01	-2.33493e-01	1.01538e-02	9.06571e-02	-3.08000e-02
-1.08878e-03	-4.86676e-05	5.66588e-06	-5.08848e-05	-5.75725e-01	-2.30289e-01	1.57126e-02	8.99926e-02	-3.08000e-02
-8.71452e-04	-3.89473e-05	4.58517e-06	-5.30273e-05	-5.68902e-01	-2.27560e-01	2.12692e-02	8.93175e-02	-3.08000e-02
-6.61915e-04	-2.95782e-05	3.52042e-06	-5.13615e-05	-5.64330e-01	-2.25731e-01	2.68229e-02	8.86321e-02	-3.08000e-02
-5.67485e-04	-2.53527e-05	3.06611e-06	-4.65667e-05	-5.61547e-01	-2.24618e-01	3.23729e-02	8.79367e-02	-3.08000e-02
-5.50752e-04	-2.45981e-05	3.03284e-06	-4.09078e-05	-5.58802e-01	-2.23520e-01	3.79184e-02	8.72316e-02	-3.08000e-02
-4.90178e-04	-2.18885e-05	2.73281e-06	-3.73780e-05	-5.55265e-01	-2.22105e-01	4.34584e-02	8.65170e-02	-3.08000e-02
-3.94388e-04	-1.76054e-05	2.24371e-06	-3.68353e-05	-5.52043e-01	-2.20816e-01	4.89923e-02	8.57933e-02	-3.08000e-02
-3.91687e-04	-1.74842e-05	2.23372e-06	-3.75513e-05	-5.49533e-01	-2.19812e-01	5.45192e-02	8.50607e-02	-3.08000e-02
-5.02231e-04	-2.24136e-05	2.90390e-06	-3.74169e-05	-5.47107e-01	-2.18842e-01	6.00382e-02	8.43195e-02	-3.08000e-02
-5.93106e-04	-2.64553e-05	3.53267e-06	-3.44612e-05	-5.44440e-01	-2.17775e-01	6.55487e-02	8.35700e-02	-3.08000e-02
-5.85733e-04	-2.61196e-05	3.53898e-06	-2.87606e-05	-5.42084e-01	-2.16833e-01	7.10497e-02	8.28125e-02	-3.08000e-02
-5.69100e-04	-2.53698e-05	3.49718e-06	-2.41603e-05	-5.41133e-01	-2.16453e-01	7.65405e-02	8.20473e-02	-3.08000e-02
-6.31362e-04	-2.81415e-05	3.90838e-06	-2.36815e-05	-5.41092e-01	-2.16436e-01	8.20203e-02	8.12746e-02	-3.08000e-02
-6.77518e-04	-3.01879e-05	4.27108e-06	-2.54832e-05	-5.40087e-01	-2.16034e-01	8.74882e-02	8.04948e-02	-3.08000e-02
-5.75248e-04	-2.56258e-05	3.66366e-06	-2.58913e-05	-5.38157e-01	-2.15262e-01	9.29436e-02	7.97082e-02	-3.08000e-02
-3.88796e-04	-1.73165e-05	2.49959e-06	-2.38296e-05	-5.37208e-01	-2.14883e-01	9.83854e-02	7.89149e-02	-3.08000e-02
-2.44120e-04	-1.08700e-05	1.58844e-06	-2.13603e-05	-5.37388e-01	-2.14955e-01	1.03813e-01	7.81153e-02	-3.08000e-02
-1.51568e-04	-6.75199e-06	9.65947e-07	-2.04445e-05	-5.38167e-01	-2.15266e-01	1.09226e-01	7.73098e-02	-3.08000e-02
-1.26838e-04	-5.64808e-06	8.23580e-07	-2.00156e-05	-5.39785e-01	-2.15913e-01	1.14623e-01	7.64984e-02	-3.08000e-02
-2.10408e-04	-9.36611e-06	1.38872e-06	-1.83511e-05	-5.40974e-01	-2.16389e-01	1.20003e-01	7.56817e-02	-3.08000e-02
-3.30797e-04	-1.47186e-05	2.22581e-06	-1.65640e-05	-5.41028e-01	-2.16411e-01	1.25366e-01	7.48597e-02	-3.08000e-02
-3.90650e-04	-1.73747e-05	2.67459e-06	-1.66671e-05	-5.41136e-01	-2.16454e-01	1.30711e-01	7.40328e-02	-3.08000e-02
-3.94963e-04	-1.75637e-05	2.72205e-06	-1.80336e-05	-5.41667e-01	-2.16666e-01	1.36037e-01	7.32013e-02	-3.08000e-02
-3.92588e-04	-1.74546e-05	2.72819e-06	-1.81743e-05	-5.42308e-01	-2.16923e-01	1.41343e-01	7.23655e-02	-3.08000e-02
-4.10625e-04	-1.82522e-05	2.88123e-06	-1.63367e-05	-5.43054e-01	-2.17221e-01	1.46629e-01	7.15256e-02	-3.08000e-02
-4.42547e-04	-1.96653e-05	3.14166e-06	-1.40676e-05	-5.43724e-01	-2.17489e-01	1.51894e-01	7.06818e-02	-3.08000e-02
-4.62226e-04	-2.05348e-05	3.31241e-06	-1.25817e-05	-5.44296e-01	-2.17718e-01	1.57136e-01	6.98346e-02	-3.08000e-02
-4.64705e-04	-2.06394e-05	3.36415e-06	-1.16412e-05	-5.45003e-01	-2.18001e-01	1.62356e-01	6.89840e-02	-3.08000e-02
-4.67656e-04	-2.07655e-05	3.41607e-06	-1.09363e-05	-5.45783e-01	-2.18313e-01	1.67553e-01	6.81305e-02	-3.08000e-02
-4.71287e-04	-2.09226e-05	3.46742e-06	-1.07417e-05	-5.46517e-01	-2.18607e-01	1.72726e-01	6.72742e-02	-3.08000e-02
-4.62431e-04	-2.05249e-05	3.42943e-06	-1.11478e-05	-5.47345e-01	-2.18938e-01	1.77873e-01	6.64155e-02	-3.08000e-02
-4.51366e-04	-2.00299e-05	3.37021e-06	-1.16563e-05	-5.48423e-01	-2.19369e-01	1.82995e-01	6.55545e-02	-3.08000e-02
-4.69884e-04	-2.08474e-05	3.53427e-06	-1.17047e-05	-5.49688e-01	-2.19875e-01	1.88091e-01	6.46916e-02	-3.08000e-02
-5.29204e-04	-2.34742e-05	4.00979e-06	-1.11009e-05	-5.50854e-01	-2.20341e-01	1.93160e-01	6.38270e-02	-3.08000e-02
-6.03522e-04	-2.67647e-05	4.60825e-06	-9.85270e-06	-5.51770e-01	-2.20708e-01	1.98201e-01	6.29610e-02	-3.08000e-02
-6.64030e-04	-2.94413e-05	5.10959e-06	-8.06505e-06	-5.52584e-01	-2.21033e-01	2.03213e-01	6.20938e-02	-3.08000e-02
-7.09255e-04	-3.14398e-05	5.49579e-06	-6.21518e-06	-5.53430e-01	-2.21372e-01	2.08196e-01	6.12257e-02	-3.08000e-02
-7.51045e-04	-3.32851e-05	5.86013e-06	-4.95614e-06	-5.54300e-01	-2.21720e-01	2.13150e-01	6.03569e-02	-3.08000e-02
-7.91025e-04	-3.50499e-05	6.21195e-06	-4.58903e-06	-5.55161e-01	-2.22064e-01	2.18073e-01	5.94876e-02	-3.08000e-02
-8.26085e-04	-3.65962e-05	6.52820e-06	-5.08352e-06	-5.55992e-01	-2.22396e-01	2.22965e-01	5.86182e-02	-3.08000e-02
-8.57699e-04	-3.79894e-05	6.81887e-06	-6.16701e-06	-5.56718e-01	-2.22687e-01	2.27825e-01	5.77489e-02	-3.08000e-02
-8.86385e-04	-3.92523e-05	7.08936e-06	-7.16248e-06	-5.57275e-01	-2.22910e-01	2.32653e-01	5.68799e-02	-3.08000e-02
-9.06570e-04	-4.01380e-05	7.29559e-06	-7.39642e-06	-5.57736e-01	-2.23094e-01	2.37448e-01	5.60115e-02	-3.08000e-02
-9.15887e-04	-4.05424e-05	7.41547e-06	-6.94611e-06	-5.58209e-01	-2.23283e-01	2.42209e-01	5.51438e-02	-3.08000e-02
-9.19668e-04	-4.07018e-05	7.48959e-06	-6.44753e-06	-5.58682e-01	-2.23472e-01	2.46935e-01	5.42773e-02	-3.08000e-02
-9.22589e-04	-4.08233e-05	7.55491e-06	-6.30730e-06	-5.59095e-01	-2.23638e-01	2.51627e-01	5.34119e-02	-3.08000e-02
-9.24897e-04	-4.09176e-05	7.61601e-06	-6.49901e-06	-5.59479e-01	-2.23791e-01	2.56283e-01	5.25482e-02	-3.08000e-02
-9.29936e-04	-4.11325e-05	7.70065e-06	-6.90878e-06	-5.59862e-01	-2.23944e-01	2.60902e-01	5.16861e-02	-3.08000e-02
-9.43995e-04	-4.17464e-05	7.85942e-06	-7.37487e-06	-5.60205e-01	-2.24082e-01	2.65485e-01	5.08260e-02	-3.08000e-02
-9.69601e-04	-4.28706e-05	8.11604e-06	-7.54399e-06	-5.60526e-01	-2.24210e-01	2.70031e-01	4.99682e-02	-3.08000e-02
-1.00512e-03	-4.44319e-05	8.46043e-06	-7.23540e-06	-5.60891e-01	-2.24356e-01	2.74538e-01	4.91128e-02	-3.08000e-02
-1.04602e-03	-4.62313e-05	8.85189e-06	-6.70878e-06	-5.61283e-01	-2.24513e-01	2.79008e-01	4.82600e-02	-3.08000e-02
-1.08619e-03	-4.79973e-05	9.23919e-06	-6.21743e-06	-5.61604e-01	-2.24641e-01	2.83438e-01	4.74102e-02	-3.08000e-02
-1.11995e-03	-4.94801e-05	9.57437e-06	-5.68151e-06	-5.61791e-01	-2.24716e-01	2.87828e-01	4.65635e-02	-3.08000e-02
-1.14493e-03	-5.05745e-05	9.83551e-06	-4.97263e-06	-5.61885e-01	-2.24753e-01	2.92179e-01	4.57201e-02	-3.08000e-02
-1.16563e-03	-5.14789e-05	1.00638e-05	-4.20916e-06	-5.61976e-01	-2.24790e-01	2.96489e-01	4.48802e-02	-3.08000e-02
-1.18931e-03	-5.25141e-05	1.03225e-05	-3.70624e-06	-5.62055e-01	-2.24822e-01	3.00757e-01	4.40441e-02	-3.08000e-02
-1.21739e-03	-5.37434e-05	1.06197e-05	-3.63017e-06	-5.62062e-01	-2.24824e-01	3.04984e-01	4.32120e-02	-3.08000e-02
-1.24439e-03	-5.49253e-05	1.09066e-05	-3.64594e-06	-5.62024e-01	-2.24809e-01	3.09169e-01	4.23842e-02	-3.08000e-02
-1.26769e-03	-5.59433e-05	1.11618e-05	-3.20170e-06	-5.62006e-01	-2.24802e-01	3.13311e-01	4.15607e-02	-3.08000e-02
-1.29401e-03	-5.70940e-05	1.14488e-05	-2.18896e-06	-5.62013e-01	-2.24805e-01	3.17411e-01	4.07418e-02	-3.08000e-02
-1.33058e-03	-5.86957e-05	1.18300e-05	-1.00294e-06	-5.61983e-01	-2.24793e-01	3.21467e-01	3.99277e-02	-3.08000e-02
-1.37451e-03	-6.06224e-05	1.22761e-05	-3.81409e-08	-5.61899e-01	-2.24759e-01	3.25478e-01	3.91187e-02	-3.08000e-02
-1.41954e-03	-6.25972e-05	1.27348e-05	6.11399e-07	-5.61820e-01	-2.24727e-01	3.29446e-01	3.83149e-02	-3.08000e-02
-1.46546e-03	-6.46098e-05	1.32054e-05	9.97853e-07	-5.61715e-01	-2.24685e-01	3.33368e-01	3.75165e-02	-3.08000e-02
-1.51000e-03	-6.65623e-05	1.36626e-05	1.05253e-06	-5.61511e-01	-2.24604e-01	3.37246e-01	3.67237e-02	-3.08000e-02
-1.54422e-03	-6.80586e-05	1.40314e-05	4.95857e-07	-5.61282e-01	-2.24512e-01	3.41078e-01	3.59367e-02	-3.08000e-02
-1.56726e-03	-6.90612e-05	1.43034e-05	-7.73809e-07	-5.61110e-01	-2.24443e-01	3.44864e-01	3.51557e-02	-3.08000e-02
-1.58777e-03	-6.99524e-05	1.45516e-05	-2.17509e-06	-5.60948e-01	-2.24379e-01	3.48604e-01	3.43810e-02	-3.08000e-02
-1.61428e-03	-7.11086e-05	1.48509e-05	-2.87122e-06	-5.60703e-01	-2.24281e-01	3.52297e-01	3.36125e-02	-3.08000e-02
-1.64741e-03	-7.25553e-05	1.52143e-05	-2.76125e-06	-5.60307e-01	-2.24122e-01	3.55943e-01	3.28507e-02	-3.08000e-02
-1.67547e-03	-7.37772e-05	1.55405e-05	-2.37444e-06	-5.59833e-01	-2.23932e-01	3.59541e-01	3.20955e-02	-3.08000e-02
-1.69440e-03	-7.45968e-05	1.57824e-05	-1.92334e-06	-5.59418e-01	-2.23767e-01	3.63093e-01	3.13473e-02	-3.08000e-02
-1.71964e-03	-7.56945e-05	1.60807e-05	-1.21417e-06	-5.59030e-01	-2.23611e-01	3.66596e-01	3.06062e-02	-3.08000e-02
-1.75739e-03	-7.73430e-05	1.64960e-05	-3.73154e-07	-5.58455e-01	-2.23381e-01	3.70051e-01	2.98723e-02	-3.08000e-02
-1.79120e-03	-7.88184e-05	1.68721e-05	-3.52030e-08	-5.57707e-01	-2.23082e-01	3.73458e-01	2.91458e-02	-3.08000e-02
-1.81255e-03	-7.97452e-05	1.71324e-05	-7.47515e-07	-5.57014e-01	-2.22805e-01	3.76816e-01	2.84269e-02	-3.08000e-02
-1.83019e-03	-8.05077e-05	1.73624e-05	-2.31738e-06	-5.56349e-01	-2.22539e-01	3.80125e-01	2.77157e-02	-3.08000e-02
-1.84412e-03	-8.11067e-05	1.75588e-05	-3.73998e-06	-5.55609e-01	-2.22243e-01	3.83385e-01	2.70125e-02	-3.08000e-02
-1.85719e-03	-8.16668e-05	1.77511e-05	-4.05138e-06	-5.54876e-01	-2.21950e-01	3.86596e-01	2.63172e-02	-3.08000e-02
-1.88365e-03	-8.28169e-05	1.80656e-05	-3.21067e-06	-5.54083e-01	-2.21632e-01	3.89757e-01	2.56302e-02	-3.08000e-02
-1.92324e-03	-8.45444e-05	1.85046e-05	-1.96742e-06	-5.53100e-01	-2.21239e-01	3.92869e-01	2.49515e-02	-3.08000e-02
-1.95683e-03	-8.60081e-05	1.88863e-05	-1.17600e-06	-5.51969e-01	-2.20787e-01	3.95931e-01	2.42813e-02	-3.08000e-02
-1.97117e-03	-8.66250e-05	1.90852e-05	-1.06513e-06	-5.50770e-01	-2.20307e-01	3.98942e-01	2.36196e-02	-3.08000e-02
-1.97055e-03	-8.65838e-05	1.91431e-05	-9.55020e-07	-5.49553e-01	-2.19820e-01	4.01904e-01	2.29667e-02	-3.08000e-02
-1.96895e-03	-8.64981e-05	1.91967e-05	-1.65736e-07	-5.48331e-01	-2.19331e-01	4.04816e-01	2.23227e-02	-3.08000e-02
-1.97469e-03	-8.67350e-05	1.93213e-05	7.74692e-07	-5.47080e-01	-2.18831e-01	4.07677e-01	2.16877e-02	-3.08000e-02
-1.98305e-03	-8.70881e-05	1.94661e-05	7.71564e-07	-5.45832e-01	-2.18332e-01	4.10488e-01	2.10617e-02	-3.08000e-02
-1.99088e-03	-8.74187e-05	1.96029e-05	1.02248e-07	-5.44609e-01	-2.17843e-01	4.13249e-01	2.04450e-02	-3.08000e-02
-2.00266e-03	-8.79220e-05	1.97799e-05	3.58121e-07	-5.43346e-01	-2.17338e-01	4.15960e-01	1.98376e-02	-3.08000e-02
-2.01437e-03	-8.84226e-05	1.99569e-05	2.18164e-06	-5.42019e-01	-2.16807e-01	4.18620e-01	1.92396e-02	-3.08000e-02
-2.01272e-03	-8.83379e-05	1.99947e-05	4.43413e-06	-5.40691e-01	-2.16275e-01	4.21229e-01	1.86512e-02	-3.08000e-02
-1.99950e-03	-8.77460e-05	1.99153e-05	5.65176e-06	-5.39399e-01	-2.15759e-01	4.23788e-01	1.80723e-02	-3.08000e-02
-1.98922e-03	-8.72808e-05	1.98750e-05	5.29321e-06	-5.38086e-01	-2.15234e-01	4.26297e-01	1.75031e-02	-3.08000e-02
-1.98145e-03	-8.69259e-05	1.98587e-05	3.92858e-06	-5.36700e-01	-2.14679e-01	4.28756e-01	1.69438e-02	-3.08000e-02
-1.96520e-03	-8.62004e-05	1.97498e-05	2.58678e-06	-5.35320e-01	-2.14127e-01	4.31164e-01	1.63942e-02	-3.08000e-02
-1.94263e-03	-8.51992e-05	1.95721e-05	1.72445e-06	-5.34012e-01	-2.13604e-01	4.33523e-01	1.58546e-02	-3.08000e-02
-1.93000e-03	-8.46346e-05	1.94903e-05	1.13783e-06	-5.32704e-01	-2.13081e-01	4.35831e-01	1.53249e-02	-3.08000e-02
-1.93802e-03	-8.49763e-05	1.96147e-05	5.37196e-07	-5.31311e-01	-2.12524e-01	4.38090e-01	1.48053e-02	-3.08000e-02
-1.95504e-03	-8.57113e-05	1.98376e-05	-2.14258e-07	-5.29827e-01	-2.11930e-01	4.40299e-01	1.42958e-02	-3.08000e-02
-1.95857e-03	-8.58510e-05	1.99378e-05	-9.08899e-07	-5.28367e-01	-2.11346e-01	4.42458e-01	1.37964e-02	-3.08000e-02
-1.94631e-03	-8.52999e-05	1.98722e-05	-1.13484e-06	-5.27024e-01	-2.10809e-01	4.44568e-01	1.33072e-02	-3.08000e-02
-1.92931e-03	-8.45465e-05	1.97342e-05	-9.07842e-07	-5.25703e-01	-2.10281e-01	4.46629e-01	1.28281e-02	-3.08000e-02
-1.90243e-03	-8.33586e-05	1.95023e-05	-6.50565e-07	-5.24442e-01	-2.09776e-01	4.48641e-01	1.23593e-02	-3.08000e-02
-1.85692e-03	-8.13475e-05	1.91072e-05	-6.50888e-07	-5.23351e-01	-2.09340e-01	4.50605e-01	1.19007e-02	-3.08000e-02
-1.80861e-03	-7.92209e-05	1.86538e-05	-8.84560e-07	-5.22320e-01	-2.08927e-01	4.52520e-01	1.14524e-02	-3.08000e-02
-1.78430e-03	-7.81523e-05	1.84184e-05	-1.07842e-06	-5.21202e-01	-2.08480e-01	4.54387e-01	1.10143e-02	-3.08000e-02
-1.78240e-03	-7.80669e-05	1.84093e-05	-9.08357e-07	-5.19977e-01	-2.07990e-01	4.56207e-01	1.05865e-02	-3.08000e-02
-1.77335e-03	-7.76619e-05	1.83524e-05	-4.63703e-07	-5.18851e-01	-2.07540e-01	4.57979e-01	1.01689e-02	-3.08000e-02
-1.75250e-03	-7.67313e-05	1.82098e-05	-3.32759e-07	-5.17982e-01	-2.07192e-01	4.59705e-01	9.76147e-03	-3.08000e-02
-1.74331e-03	-7.63147e-05	1.81737e-05	-9.13962e-07	-5.17122e-01	-2.06848e-01	4.61383e-01	9.36427e-03	-3.08000e-02
-1.73974e-03	-7.61539e-05	1.81569e-05	-1.92729e-06	-5.16099e-01	-2.06439e-01	4.63016e-01	8.97723e-03	-3.08000e-02
-1.71957e-03	-7.52653e-05	1.79691e-05	-2.85865e-06	-5.15084e-01	-2.06033e-01	4.64603e-01	8.60030e-03	-3.08000e-02
-1.68697e-03	-7.38291e-05	1.76676e-05	-3.44055e-06	-5.14164e-01	-2.05665e-01	4.66144e-01	8.23344e-03	-3.08000e-02
-1.65749e-03	-7.25287e-05	1.74013e-05	-3.39463e-06	-5.13214e-01	-2.05285e-01	4.67641e-01	7.87659e-03	-3.08000e-02
-1.63234e-03	-7.14215e-05	1.71649e-05	-2.55059e-06	-5.12178e-01	-2.04871e-01	4.69093e-01	7.52970e-03	-3.08000e-02
-1.60826e-03	-7.03644e-05	1.69261e-05	-1.46596e-06	-5.11131e-01	-2.04452e-01	4.70502e-01	7.19268e-03	-3.08000e-02
-1.58296e-03	-6.92541e-05	1.66753e-05	-9.22037e-07	-5.10172e-01	-2.04068e-01	4.71867e-01	6.86546e-03	-3.08000e-02
-1.54758e-03	-6.76955e-05	1.63460e-05	-9.14835e-07	-5.09385e-01	-2.03753e-01	4.73190e-01	6.54795e-03	-3.08000e-02
-1.50173e-03	-6.56763e-05	1.59188e-05	-1.07644e-06	-5.08729e-01	-2.03491e-01	4.74470e-01	6.24007e-03	-3.08000e-02
-1.46077e-03	-6.38826e-05	1.54941e-05	-1.46460e-06	-5.08030e-01	-2.03211e-01	4.75709e-01	5.94169e-03	-3.08000e-02
-1.43432e-03	-6.27316e-05	1.51891e-05	-2.26072e-06	-5.07221e-01	-2.02888e-01	4.76907e-01	5.65272e-03	-3.08000e-02
-1.41641e-03	-6.19432e-05	1.50208e-05	-3.34947e-06	-5.06411e-01	-2.02564e-01	4.78065e-01	5.37304e-03	-3.08000e-02
-1.40043e-03	-6.12312e-05	1.49054e-05	-4.53792e-06	-5.05655e-01	-2.02261e-01	4.79184e-01	5.10251e-03	-3.08000e-02
-1.38490e-03	-6.05479e-05	1.47586e-05	-5.80654e-06	-5.04908e-01	-2.01963e-01	4.80264e-01	4.84101e-03	-3.08000e-02
-1.37047e-03	-5.99148e-05	1.46140e-05	-7.12333e-06	-5.04178e-01	-2.01671e-01	4.81306e-01	4.58839e-03	-3.08000e-02
-1.35442e-03	-5.92053e-05	1.44751e-05	-8.27625e-06	-5.03508e-01	-2.01403e-01	4.82310e-01	4.34450e-03	-3.08000e-02
-1.33459e-03	-5.83294e-05	1.42999e-05	-9.09744e-06	-5.02897e-01	-2.01158e-01	4.83278e-01	4.10917e-03	-3.08000e-02
-1.31029e-03	-5.72619e-05	1.40624e-05	-9.63092e-06	-5.02340e-01	-2.00935e-01	4.84211e-01	3.88225e-03	-3.08000e-02
-1.28171e-03	-5.60091e-05	1.37710e-05	-1.00182e-05	-5.01820e-01	-2.00728e-01	4.85108e-01	3.66356e-03	-3.08000e-02
-1.24838e-03	-5.45494e-05	1.34261e-05	-1.03386e-05	-5.01349e-01	-2.00539e-01	4.85972e-01	3.45290e-03	-3.08000e-02
-1.21222e-03	-5.29664e-05	1.30478e-05	-1.05717e-05	-5.00920e-01	-2.00367e-01	4.86803e-01	3.25010e-03	-3.08000e-02
-1.17758e-03	-5.14505e-05	1.26848e-05	-1.06194e-05	-5.00543e-01	-2.00217e-01	4.87601e-01	3.05494e-03	-3.08000e-02
-1.14743e-03	-5.01270e-05	1.23847e-05	-1.04438e-05	-5.00212e-01	-2.00084e-01	4.88369e-01	2.86723e-03	-3.08000e-02
-1.12085e-03	-4.89618e-05	1.21155e-05	-1.01755e-05	-4.99891e-01	-1.99956e-01	4.89106e-01	2.68674e-03	-3.08000e-02
-1.09630e-03	-4.78879e-05	1.18548e-05	-9.98010e-06	-4.99581e-01	-1.99832e-01	4.89814e-01	2.51324e-03	-3.08000e-02
-1.07166e-03	-4.68092e-05	1.15998e-05	-9.85777e-06	-4.99253e-01	-1.99701e-01	4.90493e-01	2.34652e-03	-3.08000e-02
-1.04342e-03	-4.55744e-05	1.12985e-05	-9.73986e-06	-4.98961e-01	-1.99584e-01	4.91146e-01	2.18631e-03	-3.08000e-02
-1.01139e-03	-4.41718e-05	1.09665e-05	-9.65094e-06	-4.98696e-01	-1.99478e-01	4.91773e-01	2.03238e-03	-3.08000e-02
-9.76692e-04	-4.26577e-05	1.05846e-05	-9.63639e-06	-4.98428e-01	-1.99371e-01	4.92374e-01	1.88446e-03	-3.08000e-02
-9.41269e-04	-4.11137e-05	1.01878e-05	-9.70736e-06	-4.98243e-01	-1.99297e-01	4.92952e-01	1.74229e-03	-3.08000e-02
-8.95985e-04	-3.91329e-05	9.70929e-06	-9.91051e-06	-4.98007e-01	-1.99202e-01	4.93507e-01	1.60559e-03	-3.08000e-02
-8.47892e-04	-3.70375e-05	9.16728e-06	-1.02724e-05	-4.97986e-01	-1.99194e-01	4.94041e-01	1.47409e-03	-3.08000e-02
-8.08793e-04	-3.52954e-05	8.88329e-06	-1.06856e-05	-4.97859e-01	-1.99143e-01	4.94555e-01	1.34748e-03	-3.08000e-02
-7.89897e-04	-3.44967e-05	8.57055e-06	-1.10658e-05	-4.97734e-01	-1.99093e-01	4.95049e-01	1.22548e-03	-3.08000e-02
-7.81498e-04	-3.41142e-05	8.54275e-06	-1.14800e-05	-4.97528e-01	-1.99011e-01	4.95526e-01	1.10776e-03	-3.08000e-02
-7.62716e-04	-3.33238e-05	8.21806e-06	-1.20321e-05	-4.97191e-01	-1.98876e-01	4.95987e-01	9.94028e-04	-3.08000e-02
-7.31100e-04	-3.19114e-05	8.00338e-06	-1.27710e-05	-4.97220e-01	-1.98888e-01	4.96432e-01	8.83945e-04	-3.08000e-02
-6.84579e-04	-2.98624e-05	7.56853e-06	-1.36452e-05	-4.96725e-01	-1.98690e-01	4.96864e-01	7.77183e-04	-3.08000e-02
-6.20897e-04	-2.71206e-05	6.71825e-06	-1.45201e-05	-4.96876e-01	-1.98750e-01	4.97283e-01	6.73400e-04	-3.08000e-02
-5.54833e-04	-2.41206e-05	6.46535e-06	-1.52483e-05	-4.96497e-01	-1.98598e-01	4.97692e-01	5.72250e-04	-3.08000e-02
-4.50410e-04	-1.97287e-05	4.65172e-06	-1.58933e-05	-4.96310e-01	-1.98524e-01	4.98091e-01	4.73373e-04	-3.08000e-02
-3.93550e-04	-1.69408e-05	5.26478e-06	-1.64051e-05	-4.96973e-01	-1.98789e-01	4.98483e-01	3.76405e-04	-3.08000e-02
-2.75264e-04	-1.20496e-05	2.87304e-06	-1.66238e-05	-4.95685e-01	-1.98274e-01	4.98868e-01	2.80973e-04	-3.08000e-02
-3.19400e-04	-1.37466e-05	4.28124e-06	-1.70741e-05	-5.00080e-01	-2.00032e-01	4.99248e-01	1.86694e-04	-3.08000e-02
-5.73438e-04	-2.32006e-05	1.36462e-05	-1.65161e-05	-5.00020e-01	-2.00008e-01	4.99625e-01	9.31769e-05	-3.08000e-02
-4.52267e-04	-2.99289e-05	-3.60700e-05	-1.24942e-05	-5.05707e-01	-2.02282e-01	5.00000e-01	0.00000e+00	-3.08000e-02
