"Density"	"Momentum:0"	"Momentum:1"	"Momentum:2"	"StagnationEnergy"	"Pressure"	"Points:0"	"Points:1"	"Points:2"
1.64119e-02	-5.48986e-04	8.40699e-04	5.43441e-04	-9.14239e-02	-3.65854e-02	-5.11558e-01	0.00000e+00	2.04600e-01
9.63068e-04	9.41582e-05	4.50061e-05	1.17297e-04	-3.38127e-01	-1.35256e-01	-5.11505e-01	2.24939e-03	2.04600e-01
5.23593e-03	1.04117e-04	2.59621e-04	1.29625e-04	-2.46069e-01	-9.84311e-02	-5.11348e-01	4.49387e-03	2.04600e-01
1.13083e-02	1.42335e-04	5.64146e-04	1.44442e-04	-3.08934e-01	-1.23580e-01	-5.11084e-01	6.72839e-03	2.04600e-01
1.33227e-02	2.06337e-04	6.53399e-04	1.27514e-04	-3.19148e-01	-1.27667e-01	-5.10715e-01	8.94792e-03	2.04600e-01
1.58050e-02	2.37682e-04	7.71368e-04	1.20968e-04	-3.70068e-01	-1.48035e-01	-5.10242e-01	1.11476e-02	2.04600e-01
1.77134e-02	3.00587e-04	8.50483e-04	9.42319e-05	-4.40702e-01	-1.76290e-01	-5.09667e-01	1.33228e-02	2.04600e-01
1.87657e-02	3.36485e-04	8.90338e-04	7.63393e-05	-4.84887e-01	-1.93965e-01	-5.08992e-01	1.54693e-02	2.04600e-01
1.95081e-02	3.78006e-04	9.10606e-04	5.08901e-05	-5.59331e-01	-2.23742e-01	-5.08222e-01	1.75833e-02	2.04600e-01
1.97100e-02	4.08202e-04	9.04908e-04	2.98743e-05	-6.08323e-01	-2.43339e-01	-5.07405e-01	1.95597e-02	2.04600e-01
1.96895e-02	4.28853e-04	8.90640e-04	1.28718e-05	-6.55673e-01	-2.62279e-01	-5.06587e-01	2.13419e-02	2.04600e-01
1.94632e-02	4.46701e-04	8.65760e-04	-3.66031e-06	-6.98959e-01	-2.79594e-01	-5.05765e-01	2.29791e-02	2.04600e-01
1.90760e-02	4.55012e-04	8.36366e-04	-1.53751e-05	-7.29420e-01	-2.91778e-01	-5.04939e-01	2.45039e-02	2.04600e-01
1.86363e-02	4.62318e-04	8.04196e-04	-2.72149e-05	-7.61972e-01	-3.04798e-01	-5.04106e-01	2.59391e-02	2.04600e-01
1.80989e-02	4.63765e-04	7.69588e-04	-3.61664e-05	-7.85092e-01	-3.14046e-01	-5.03266e-01	2.73013e-02	2.04600e-01
1.75382e-02	4.63183e-04	7.34660e-04	-4.44256e-05	-8.06893e-01	-3.22766e-01	-5.02417e-01	2.86034e-02	2.04600e-01
1.69311e-02	4.59521e-04	6.98834e-04	-5.15418e-05	-8.24777e-01	-3.29919e-01	-5.01558e-01	2.98552e-02	2.04600e-01
1.62713e-02	4.52498e-04	6.62037e-04	-5.75642e-05	-8.38912e-01	-3.35573e-01	-5.00687e-01	3.10648e-02	2.04600e-01
1.56006e-02	4.43749e-04	6.25720e-04	-6.32327e-05	-8.51225e-01	-3.40498e-01	-4.99802e-01	3.22384e-02	2.04600e-01
1.48963e-02	4.32332e-04	5.89283e-04	-6.81670e-05	-8.60130e-01	-3.44059e-01	-4.98903e-01	3.33816e-02	2.04600e-01
1.41720e-02	4.18952e-04	5.53102e-04	-7.28308e-05	-8.67046e-01	-3.46825e-01	-4.97989e-01	3.44987e-02	2.04600e-01
1.34193e-02	4.03316e-04	5.16975e-04	-7.72011e-05	-8.71668e-01	-3.48674e-01	-4.97057e-01	3.55934e-02	2.04600e-01
1.26504e-02	3.85809e-04	4.81411e-04	-8.14741e-05	-8.73957e-01	-3.49589e-01	-4.96108e-01	3.66690e-02	2.04600e-01
1.18616e-02	3.66413e-04	4.46276e-04	-8.58342e-05	-8.74514e-01	-3.49811e-01	-4.95138e-01	3.77280e-02	2.04600e-01
1.10486e-02	3.45024e-04	4.11440e-04	-9.02438e-05	-8.73005e-01	-3.49207e-01	-4.94149e-01	3.87729e-02	2.04600e-01
1.02264e-02	3.22179e-04	3.77474e-04	-9.48668e-05	-8.69761e-01	-3.47909e-01	-4.93137e-01	3.98056e-02	2.04600e-01
9.38296e-03	2.97542e-04	3.43936e-04	-9.96177e-05	-8.64900e-01	-3.45965e-01	-4.92103e-01	4.08278e-02	2.04600e-01
8.53050e-03	2.71557e-04	3.11291e-04	-1.04678e-04	-8.58430e-01	-3.43376e-01	-4.91045e-01	4.18410e-02	2.04600e-01
7.66780e-03	2.44241e-04	2.79486e-04	-1.10031e-04	-8.50645e-01	-3.40262e-01	-4.89962e-01	4.28465e-02	2.04600e-01
6.81158e-03	2.16257e-04	2.49041e-04	-1.15699e-04	-8.41608e-01	-3.36647e-01	-4.88852e-01	4.38454e-02	2.04600e-01
5.97178e-03	1.88075e-04	2.20184e-04	-1.21416e-04	-8.31601e-01	-3.32644e-01	-4.87716e-01	4.48386e-02	2.04600e-01
5.16169e-03	1.60313e-04	1.93200e-04	-1.26880e-04	-8.20883e-01	-3.28356e-01	-4.86552e-01	4.58269e-02	2.04600e-01
4.39885e-03	1.33732e-04	1.68503e-04	-1.31884e-04	-8.09731e-01	-3.23895e-01	-4.85359e-01	4.68111e-02	2.04600e-01
3.69950e-03	1.09085e-04	1.46398e-04	-1.36097e-04	-7.98520e-01	-3.19411e-01	-4.84136e-01	4.77917e-02	2.04600e-01
3.08377e-03	8.72940e-05	1.27245e-04	-1.39114e-04	-7.87585e-01	-3.15037e-01	-4.82883e-01	4.87692e-02	2.04600e-01
2.55660e-03	6.87850e-05	1.10843e-04	-1.40094e-04	-7.77330e-01	-3.10935e-01	-4.81597e-01	4.97440e-02	2.04600e-01
2.09661e-03	5.30210e-05	9.61572e-05	-1.37951e-04	-7.68097e-01	-3.07242e-01	-4.80280e-01	5.07165e-02	2.04600e-01
1.65983e-03	3.85319e-05	8.15967e-05	-1.31874e-04	-7.60111e-01	-3.04048e-01	-4.78929e-01	5.16868e-02	2.04600e-01
1.21042e-03	2.39246e-05	6.61207e-05	-1.22232e-04	-7.53445e-01	-3.01381e-01	-4.77543e-01	5.26552e-02	2.04600e-01
7.48024e-04	8.98357e-06	4.99661e-05	-1.10384e-04	-7.47995e-01	-2.99202e-01	-4.76124e-01	5.36219e-02	2.04600e-01
3.15751e-04	-4.92423e-06	3.47160e-05	-9.81105e-05	-7.43627e-01	-2.97458e-01	-4.74668e-01	5.45869e-02	2.04600e-01
-2.88154e-05	-1.57942e-05	2.22555e-05	-8.66958e-05	-7.40224e-01	-2.96032e-01	-4.73176e-01	5.55503e-02	2.04600e-01
-2.50384e-04	-2.23275e-05	1.36413e-05	-7.66777e-05	-7.37698e-01	-2.95074e-01	-4.71647e-01	5.65120e-02	2.04600e-01
-3.49470e-04	-2.45076e-05	8.80988e-06	-6.82358e-05	-7.35992e-01	-2.94394e-01	-4.70081e-01	5.74721e-02	2.04600e-01
-3.49824e-04	-2.32323e-05	7.10944e-06	-6.17860e-05	-7.35024e-01	-2.94007e-01	-4.68476e-01	5.84305e-02	2.04600e-01
-2.76386e-04	-1.94149e-05	7.81340e-06	-5.76111e-05	-7.34712e-01	-2.93882e-01	-4.66833e-01	5.93871e-02	2.04600e-01
-1.40559e-04	-1.33830e-05	1.04471e-05	-5.55793e-05	-7.34979e-01	-2.93987e-01	-4.65149e-01	6.03417e-02	2.04600e-01
6.16006e-05	-4.76801e-06	1.47445e-05	-5.48091e-05	-7.35786e-01	-2.94325e-01	-4.63426e-01	6.12942e-02	2.04600e-01
3.29839e-04	6.63399e-06	2.02970e-05	-5.41221e-05	-7.37275e-01	-2.94912e-01	-4.61662e-01	6.22445e-02	2.04600e-01
6.56382e-04	2.06233e-05	2.66747e-05	-5.27196e-05	-7.39647e-01	-2.95860e-01	-4.59857e-01	6.31922e-02	2.04600e-01
1.03070e-03	3.67707e-05	3.36022e-05	-5.06324e-05	-7.43199e-01	-2.97281e-01	-4.58010e-01	6.41373e-02	2.04600e-01
1.37762e-03	5.18024e-05	3.97800e-05	-4.89583e-05	-7.48339e-01	-2.99336e-01	-4.56121e-01	6.50795e-02	2.04600e-01
1.54309e-03	5.90542e-05	4.25754e-05	-4.98184e-05	-7.54638e-01	-3.01856e-01	-4.54190e-01	6.60185e-02	2.04600e-01
1.46815e-03	5.57959e-05	4.14659e-05	-5.52208e-05	-7.60837e-01	-3.04336e-01	-4.52215e-01	6.69540e-02	2.04600e-01
1.30442e-03	4.83281e-05	3.97220e-05	-6.51036e-05	-7.66164e-01	-3.06467e-01	-4.50197e-01	6.78859e-02	2.04600e-01
1.25025e-03	4.53441e-05	4.05035e-05	-7.65418e-05	-7.70768e-01	-3.08309e-01	-4.48135e-01	6.88137e-02	2.04600e-01
1.31255e-03	4.75408e-05	4.29919e-05	-8.59011e-05	-7.75410e-01	-3.10166e-01	-4.46029e-01	6.97373e-02	2.04600e-01
1.34583e-03	4.88659e-05	4.41629e-05	-9.21965e-05	-7.80502e-01	-3.12203e-01	-4.43878e-01	7.06562e-02	2.04600e-01
1.29210e-03	4.66225e-05	4.34814e-05	-9.73584e-05	-7.85834e-01	-3.14336e-01	-4.41682e-01	7.15702e-02	2.04600e-01
1.21036e-03	4.31541e-05	4.24159e-05	-1.02989e-04	-7.91634e-01	-3.16656e-01	-4.39441e-01	7.24789e-02	2.04600e-01
1.11083e-03	3.89526e-05	4.10156e-05	-1.08021e-04	-7.97715e-01	-3.19089e-01	-4.37155e-01	7.33821e-02	2.04600e-01
9.79737e-04	3.35129e-05	3.88231e-05	-1.11500e-04	-8.03098e-01	-3.21242e-01	-4.34823e-01	7.42793e-02	2.04600e-01
8.47242e-04	2.81018e-05	3.63945e-05	-1.13700e-04	-8.07752e-01	-3.23105e-01	-4.32445e-01	7.51702e-02	2.04600e-01
7.36593e-04	2.36403e-05	3.43038e-05	-1.15347e-04	-8.12200e-01	-3.24884e-01	-4.30021e-01	7.60546e-02	2.04600e-01
6.60001e-04	2.06002e-05	3.28895e-05	-1.17001e-04	-8.16566e-01	-3.26631e-01	-4.27550e-01	7.69320e-02	2.04600e-01
6.11545e-04	1.88071e-05	3.18190e-05	-1.17974e-04	-8.21081e-01	-3.28438e-01	-4.25033e-01	7.78020e-02	2.04600e-01
5.20115e-04	1.53208e-05	2.95795e-05	-1.16427e-04	-8.25794e-01	-3.30323e-01	-4.22469e-01	7.86644e-02	2.04600e-01
3.48402e-04	8.42640e-06	2.58824e-05	-1.12807e-04	-8.30366e-01	-3.32154e-01	-4.19858e-01	7.95188e-02	2.04600e-01
1.83427e-04	1.75900e-06	2.24496e-05	-1.08768e-04	-8.34420e-01	-3.33781e-01	-4.17200e-01	8.03648e-02	2.04600e-01
1.07731e-04	-9.97959e-07	2.01631e-05	-1.03809e-04	-8.38361e-01	-3.35365e-01	-4.14494e-01	8.12021e-02	2.04600e-01
4.27314e-05	-3.21940e-06	1.77252e-05	-9.68898e-05	-8.43170e-01	-3.37313e-01	-4.11742e-01	8.20302e-02	2.04600e-01
-1.84008e-04	-1.25110e-05	1.30312e-05	-8.81900e-05	-8.48322e-01	-3.39320e-01	-4.08942e-01	8.28490e-02	2.04600e-01
-5.66122e-04	-2.86746e-05	6.48127e-06	-7.82063e-05	-8.52027e-01	-3.40808e-01	-4.06096e-01	8.36579e-02	2.04600e-01
-8.74160e-04	-4.16514e-05	1.05484e-06	-6.80497e-05	-8.53595e-01	-3.41437e-01	-4.03201e-01	8.44567e-02	2.04600e-01
-9.95498e-04	-4.65538e-05	-1.63767e-06	-5.99241e-05	-8.54382e-01	-3.41752e-01	-4.00260e-01	8.52449e-02	2.04600e-01
-1.02735e-03	-4.76981e-05	-2.62704e-06	-5.47884e-05	-8.55722e-01	-3.42288e-01	-3.97271e-01	8.60224e-02	2.04600e-01
-1.05936e-03	-4.89192e-05	-3.38796e-06	-5.10048e-05	-8.57553e-01	-3.43020e-01	-3.94234e-01	8.67886e-02	2.04600e-01
-1.13348e-03	-5.20043e-05	-4.64299e-06	-4.67332e-05	-8.59570e-01	-3.43827e-01	-3.91151e-01	8.75433e-02	2.04600e-01
-1.25584e-03	-5.72423e-05	-6.37436e-06	-4.19668e-05	-8.61062e-01	-3.44424e-01	-3.88020e-01	8.82861e-02	2.04600e-01
-1.33531e-03	-6.05808e-05	-7.67904e-06	-3.69748e-05	-8.61892e-01	-3.44756e-01	-3.84842e-01	8.90168e-02	2.04600e-01
-1.32231e-03	-5.97545e-05	-8.37536e-06	-2.95321e-05	-8.63145e-01	-3.45257e-01	-3.81617e-01	8.97349e-02	2.04600e-01
-1.26458e-03	-5.68818e-05	-8.99519e-06	-1.92137e-05	-8.65134e-01	-3.46053e-01	-3.78345e-01	9.04401e-02	2.04600e-01
-1.16112e-03	-5.20813e-05	-8.77794e-06	-1.12838e-05	-8.67740e-01	-3.47095e-01	-3.75026e-01	9.11322e-02	2.04600e-01
-1.04311e-03	-4.67912e-05	-7.71635e-06	-9.30247e-06	-8.70798e-01	-3.48319e-01	-3.71660e-01	9.18108e-02	2.04600e-01
-1.00197e-03	-4.49880e-05	-7.05011e-06	-9.63117e-06	-8.73241e-01	-3.49296e-01	-3.68249e-01	9.24756e-02	2.04600e-01
-1.02256e-03	-4.58762e-05	-7.24170e-06	-7.57210e-06	-8.75155e-01	-3.50061e-01	-3.64790e-01	9.31264e-02	2.04600e-01
-1.05161e-03	-4.71017e-05	-7.74457e-06	-3.27951e-06	-8.77715e-01	-3.51086e-01	-3.61286e-01	9.37627e-02	2.04600e-01
-1.11589e-03	-4.99392e-05	-8.33401e-06	8.46900e-08	-8.80593e-01	-3.52237e-01	-3.57735e-01	9.43844e-02	2.04600e-01
-1.26061e-03	-5.64072e-05	-9.34128e-06	2.56113e-06	-8.82977e-01	-3.53190e-01	-3.54139e-01	9.49912e-02	2.04600e-01
-1.47896e-03	-6.61441e-05	-1.10336e-05	6.24275e-06	-8.84358e-01	-3.53742e-01	-3.50498e-01	9.55827e-02	2.04600e-01
-1.67147e-03	-7.47322e-05	-1.24839e-05	1.06136e-05	-8.83625e-01	-3.53449e-01	-3.46811e-01	9.61587e-02	2.04600e-01
-1.69205e-03	-7.56542e-05	-1.25123e-05	1.39272e-05	-8.81180e-01	-3.52471e-01	-3.43080e-01	9.67190e-02	2.04600e-01
-1.54126e-03	-6.89228e-05	-1.12342e-05	1.51178e-05	-8.79609e-01	-3.51843e-01	-3.39303e-01	9.72633e-02	2.04600e-01
-1.39799e-03	-6.25523e-05	-9.85211e-06	1.41645e-05	-8.80242e-01	-3.52096e-01	-3.35483e-01	9.77914e-02	2.04600e-01
-1.41943e-03	-6.35623e-05	-9.54326e-06	1.31010e-05	-8.81520e-01	-3.52608e-01	-3.31618e-01	9.83030e-02	2.04600e-01
-1.58216e-03	-7.09092e-05	-1.00776e-05	1.34634e-05	-8.81742e-01	-3.52696e-01	-3.27709e-01	9.87980e-02	2.04600e-01
-1.74055e-03	-7.80566e-05	-1.05795e-05	1.41195e-05	-8.81034e-01	-3.52413e-01	-3.23758e-01	9.92760e-02	2.04600e-01
-1.82571e-03	-8.19227e-05	-1.05789e-05	1.49247e-05	-8.80630e-01	-3.52251e-01	-3.19763e-01	9.97370e-02	2.04600e-01
-1.89190e-03	-8.49184e-05	-1.06155e-05	1.71780e-05	-8.80180e-01	-3.52071e-01	-3.15725e-01	1.00181e-01	2.04600e-01
-1.96878e-03	-8.84038e-05	-1.06036e-05	1.89709e-05	-8.78915e-01	-3.51565e-01	-3.11646e-01	1.00607e-01	2.04600e-01
-2.03668e-03	-9.15176e-05	-1.01922e-05	1.64831e-05	-8.77069e-01	-3.50827e-01	-3.07524e-01	1.01015e-01	2.04600e-01
-2.10820e-03	-9.48202e-05	-9.44856e-06	1.15670e-05	-8.73959e-01	-3.49583e-01	-3.03361e-01	1.01406e-01	2.04600e-01
-2.16796e-03	-9.75440e-05	-9.13606e-06	1.04350e-05	-8.69703e-01	-3.47880e-01	-2.99157e-01	1.01779e-01	2.04600e-01
-2.20544e-03	-9.92279e-05	-9.14623e-06	1.45407e-05	-8.66123e-01	-3.46448e-01	-2.94912e-01	1.02133e-01	2.04600e-01
-2.22457e-03	-1.00072e-04	-9.28463e-06	2.10291e-05	-8.63371e-01	-3.45348e-01	-2.90627e-01	1.02469e-01	2.04600e-01
-2.12453e-03	-9.55699e-05	-8.78398e-06	2.74756e-05	-8.61032e-01	-3.44412e-01	-2.86303e-01	1.02787e-01	2.04600e-01
-1.91655e-03	-8.62025e-05	-8.02249e-06	3.12631e-05	-8.59581e-01	-3.43831e-01	-2.81939e-01	1.03086e-01	2.04600e-01
-1.84005e-03	-8.27719e-05	-7.51006e-06	3.30505e-05	-8.58896e-01	-3.43557e-01	-2.77536e-01	1.03367e-01	2.04600e-01
-1.95896e-03	-8.81424e-05	-7.60075e-06	3.59203e-05	-8.57709e-01	-3.43083e-01	-2.73095e-01	1.03629e-01	2.04600e-01
-2.07378e-03	-9.33307e-05	-7.61998e-06	3.86958e-05	-8.55496e-01	-3.42197e-01	-2.68616e-01	1.03872e-01	2.04600e-01
-2.10270e-03	-9.46568e-05	-7.21299e-06	3.81917e-05	-8.53169e-01	-3.41266e-01	-2.64100e-01	1.04096e-01	2.04600e-01
-2.11288e-03	-9.51473e-05	-6.50304e-06	3.45489e-05	-8.51252e-01	-3.40500e-01	-2.59548e-01	1.04302e-01	2.04600e-01
-2.15254e-03	-9.69676e-05	-5.70294e-06	2.92356e-05	-8.49399e-01	-3.39759e-01	-2.54959e-01	1.04488e-01	2.04600e-01
-2.25223e-03	-1.01493e-04	-4.86637e-06	2.21747e-05	-8.47295e-01	-3.38917e-01	-2.50334e-01	1.04655e-01	2.04600e-01
-2.39281e-03	-1.07856e-04	-4.04968e-06	1.48621e-05	-8.44176e-01	-3.37669e-01	-2.45675e-01	1.04803e-01	2.04600e-01
-2.52718e-03	-1.13922e-04	-3.57825e-06	1.21682e-05	-8.40175e-01	-3.36069e-01	-2.40980e-01	1.04932e-01	2.04600e-01
-2.65142e-03	-1.19522e-04	-3.36086e-06	1.52972e-05	-8.35851e-01	-3.34339e-01	-2.36252e-01	1.05042e-01	2.04600e-01
-2.70999e-03	-1.22160e-04	-3.08693e-06	1.86023e-05	-8.30474e-01	-3.32188e-01	-2.31491e-01	1.05132e-01	2.04600e-01
-2.62665e-03	-1.18402e-04	-2.52893e-06	1.87810e-05	-8.24814e-01	-3.29924e-01	-2.26696e-01	1.05204e-01	2.04600e-01
-2.47454e-03	-1.11544e-04	-1.93070e-06	1.82652e-05	-8.20329e-01	-3.28131e-01	-2.21870e-01	1.05256e-01	2.04600e-01
-2.37067e-03	-1.06858e-04	-1.49219e-06	1.88312e-05	-8.16498e-01	-3.26598e-01	-2.17012e-01	1.05289e-01	2.04600e-01
-2.31577e-03	-1.04379e-04	-1.12948e-06	2.05805e-05	-8.12784e-01	-3.25113e-01	-2.12123e-01	1.05303e-01	2.04600e-01
-2.27662e-03	-1.02610e-04	-9.39753e-07	2.40734e-05	-8.09215e-01	-3.23685e-01	-2.07204e-01	1.05298e-01	2.04600e-01
-2.23886e-03	-1.00904e-04	-6.65587e-07	2.75102e-05	-8.05831e-01	-3.22331e-01	-2.02255e-01	1.05274e-01	2.04600e-01
-2.18376e-03	-9.84143e-05	-2.15169e-07	2.65090e-05	-8.02951e-01	-3.21179e-01	-1.97277e-01	1.05231e-01	2.04600e-01
-2.15721e-03	-9.72075e-05	3.70216e-07	2.13673e-05	-8.00898e-01	-3.20358e-01	-1.92270e-01	1.05170e-01	2.04600e-01
-2.23309e-03	-1.00613e-04	1.01511e-06	1.70991e-05	-7.98959e-01	-3.19583e-01	-1.87236e-01	1.05089e-01	2.04600e-01
-2.36374e-03	-1.06485e-04	1.61793e-06	1.56528e-05	-7.96176e-01	-3.18469e-01	-1.82175e-01	1.04990e-01	2.04600e-01
-2.42120e-03	-1.09058e-04	2.10423e-06	1.55452e-05	-7.92831e-01	-3.17132e-01	-1.77088e-01	1.04872e-01	2.04600e-01
-2.39222e-03	-1.07738e-04	2.45736e-06	1.51356e-05	-7.89549e-01	-3.15819e-01	-1.71974e-01	1.04736e-01	2.04600e-01
-2.38365e-03	-1.07335e-04	2.89408e-06	1.34074e-05	-7.86525e-01	-3.14609e-01	-1.66836e-01	1.04581e-01	2.04600e-01
-2.43337e-03	-1.09553e-04	3.46088e-06	1.19120e-05	-7.83202e-01	-3.13280e-01	-1.61674e-01	1.04408e-01	2.04600e-01
-2.46079e-03	-1.10772e-04	3.79079e-06	1.30766e-05	-7.78873e-01	-3.11548e-01	-1.56488e-01	1.04217e-01	2.04600e-01
-2.38659e-03	-1.07416e-04	3.99037e-06	1.43652e-05	-7.73886e-01	-3.09554e-01	-1.51279e-01	1.04008e-01	2.04600e-01
-2.24396e-03	-1.00977e-04	4.11091e-06	1.28395e-05	-7.69714e-01	-3.07885e-01	-1.46048e-01	1.03782e-01	2.04600e-01
-2.12248e-03	-9.54933e-05	4.20355e-06	1.32811e-05	-7.67154e-01	-3.06861e-01	-1.40796e-01	1.03537e-01	2.04600e-01
-2.06972e-03	-9.31164e-05	4.11844e-06	1.88716e-05	-7.64983e-01	-3.05992e-01	-1.35522e-01	1.03275e-01	2.04600e-01
-2.08322e-03	-9.37109e-05	4.35405e-06	2.19480e-05	-7.62421e-01	-3.04968e-01	-1.30229e-01	1.02996e-01	2.04600e-01
-2.11489e-03	-9.51059e-05	4.92084e-06	1.83387e-05	-7.58893e-01	-3.03556e-01	-1.24917e-01	1.02700e-01	2.04600e-01
-2.04559e-03	-9.19666e-05	5.12292e-06	1.50198e-05	-7.54506e-01	-3.01801e-01	-1.19586e-01	1.02386e-01	2.04600e-01
-1.90001e-03	-8.54012e-05	5.05762e-06	1.33388e-05	-7.51400e-01	-3.00559e-01	-1.14238e-01	1.02056e-01	2.04600e-01
-1.90412e-03	-8.55556e-05	5.50307e-06	8.07599e-06	-7.49182e-01	-2.99672e-01	-1.08872e-01	1.01709e-01	2.04600e-01
-2.12836e-03	-9.55980e-05	6.60377e-06	7.72879e-07	-7.45452e-01	-2.98180e-01	-1.03491e-01	1.01346e-01	2.04600e-01
-2.40648e-03	-1.08048e-04	8.01618e-06	-5.66021e-06	-7.40521e-01	-2.96207e-01	-9.80937e-02	1.00967e-01	2.04600e-01
-2.61304e-03	-1.17281e-04	9.21159e-06	-1.05889e-05	-7.34529e-01	-2.93810e-01	-9.26820e-02	1.00572e-01	2.04600e-01
-2.71729e-03	-1.21938e-04	9.80957e-06	-1.00049e-05	-7.26774e-01	-2.90708e-01	-8.72564e-02	1.00161e-01	2.04600e-01
-2.74929e-03	-1.23356e-04	1.01028e-05	-4.56027e-06	-7.18361e-01	-2.87343e-01	-8.18176e-02	9.97341e-02	2.04600e-01
-2.79597e-03	-1.25431e-04	1.04774e-05	-2.22519e-06	-7.10421e-01	-2.84167e-01	-7.63666e-02	9.92924e-02	2.04600e-01
-2.86895e-03	-1.28665e-04	1.11828e-05	-4.52047e-06	-7.02326e-01	-2.80929e-01	-7.09040e-02	9.88356e-02	2.04600e-01
-2.85726e-03	-1.28110e-04	1.14619e-05	-5.29828e-06	-6.93023e-01	-2.77208e-01	-6.54306e-02	9.83640e-02	2.04600e-01
-2.73662e-03	-1.22677e-04	1.12157e-05	-4.01319e-06	-6.84054e-01	-2.73621e-01	-5.99472e-02	9.78778e-02	2.04600e-01
-2.65686e-03	-1.19071e-04	1.11892e-05	-4.07670e-06	-6.76862e-01	-2.70744e-01	-5.44547e-02	9.73774e-02	2.04600e-01
-2.66935e-03	-1.19602e-04	1.15257e-05	-4.41685e-06	-6.69437e-01	-2.67774e-01	-4.89538e-02	9.68628e-02	2.04600e-01
-2.65321e-03	-1.18852e-04	1.17085e-05	-3.58117e-06	-6.60856e-01	-2.64341e-01	-4.34454e-02	9.63345e-02	2.04600e-01
-2.55269e-03	-1.14326e-04	1.14788e-05	-2.50161e-06	-6.52757e-01	-2.61102e-01	-3.79301e-02	9.57926e-02	2.04600e-01
-2.44462e-03	-1.09463e-04	1.12013e-05	-8.35247e-07	-6.45724e-01	-2.58289e-01	-3.24089e-02	9.52375e-02	2.04600e-01
-2.38158e-03	-1.06620e-04	1.10944e-05	1.85979e-06	-6.38997e-01	-2.55598e-01	-2.68825e-02	9.46693e-02	2.04600e-01
-2.34358e-03	-1.04897e-04	1.11145e-05	4.29815e-06	-6.32351e-01	-2.52939e-01	-2.13518e-02	9.40884e-02	2.04600e-01
-2.30225e-03	-1.03027e-04	1.10898e-05	6.45837e-06	-6.25840e-01	-2.50335e-01	-1.58175e-02	9.34950e-02	2.04600e-01
-2.23156e-03	-9.98439e-05	1.09233e-05	9.57842e-06	-6.19011e-01	-2.47604e-01	-1.02804e-02	9.28894e-02	2.04600e-01
-2.11446e-03	-9.45923e-05	1.04553e-05	1.25342e-05	-6.12080e-01	-2.44831e-01	-4.74141e-03	9.22719e-02	2.04600e-01
-1.96982e-03	-8.81031e-05	9.89597e-06	1.33687e-05	-6.05866e-01	-2.42346e-01	7.98705e-04	9.16427e-02	2.04600e-01
-1.82158e-03	-8.14564e-05	9.29256e-06	1.31797e-05	-6.00432e-01	-2.40172e-01	6.33914e-03	9.10022e-02	2.04600e-01
-1.69023e-03	-7.55673e-05	8.74842e-06	1.35847e-05	-5.96050e-01	-2.38419e-01	1.18791e-02	9.03505e-02	2.04600e-01
-1.60514e-03	-7.17459e-05	8.44920e-06	1.37848e-05	-5.92690e-01	-2.37075e-01	1.74177e-02	8.96881e-02	2.04600e-01
-1.55955e-03	-6.96917e-05	8.34247e-06	1.31244e-05	-5.89316e-01	-2.35726e-01	2.29542e-02	8.90151e-02	2.04600e-01
-1.50947e-03	-6.74364e-05	8.21694e-06	1.23911e-05	-5.85863e-01	-2.34345e-01	2.84877e-02	8.83318e-02	2.04600e-01
-1.44838e-03	-6.46910e-05	8.00939e-06	1.21421e-05	-5.82763e-01	-2.33105e-01	3.40176e-02	8.76386e-02	2.04600e-01
-1.39425e-03	-6.22600e-05	7.81301e-06	1.26541e-05	-5.79803e-01	-2.31921e-01	3.95428e-02	8.69357e-02	2.04600e-01
-1.33969e-03	-5.98129e-05	7.59103e-06	1.38856e-05	-5.76921e-01	-2.30768e-01	4.50627e-02	8.62234e-02	2.04600e-01
-1.27358e-03	-5.68508e-05	7.29745e-06	1.48070e-05	-5.74257e-01	-2.29702e-01	5.05764e-02	8.55020e-02	2.04600e-01
-1.20580e-03	-5.38128e-05	7.00130e-06	1.46849e-05	-5.71849e-01	-2.28739e-01	5.60831e-02	8.47718e-02	2.04600e-01
-1.15187e-03	-5.13937e-05	6.77977e-06	1.41907e-05	-5.69698e-01	-2.27879e-01	6.15821e-02	8.40330e-02	2.04600e-01
-1.11402e-03	-4.96938e-05	6.63738e-06	1.41078e-05	-5.67766e-01	-2.27106e-01	6.70724e-02	8.32860e-02	2.04600e-01
-1.08323e-03	-4.83103e-05	6.52855e-06	1.43205e-05	-5.66025e-01	-2.26410e-01	7.25533e-02	8.25310e-02	2.04600e-01
-1.04845e-03	-4.67489e-05	6.39183e-06	1.44659e-05	-5.64460e-01	-2.25783e-01	7.80241e-02	8.17683e-02	2.04600e-01
-1.00697e-03	-4.48900e-05	6.20751e-06	1.44866e-05	-5.63074e-01	-2.25229e-01	8.34838e-02	8.09982e-02	2.04600e-01
-9.63575e-04	-4.29458e-05	6.00702e-06	1.43756e-05	-5.61910e-01	-2.24763e-01	8.89317e-02	8.02210e-02	2.04600e-01
-9.22844e-04	-4.11210e-05	5.81911e-06	1.40290e-05	-5.60971e-01	-2.24388e-01	9.43670e-02	7.94370e-02	2.04600e-01
-8.87672e-04	-3.95443e-05	5.66325e-06	1.33316e-05	-5.60236e-01	-2.24094e-01	9.97890e-02	7.86464e-02	2.04600e-01
-8.63681e-04	-3.84655e-05	5.57886e-06	1.23093e-05	-5.59699e-01	-2.23879e-01	1.05197e-01	7.78496e-02	2.04600e-01
-8.54826e-04	-3.80609e-05	5.59044e-06	1.12951e-05	-5.59262e-01	-2.23704e-01	1.10590e-01	7.70467e-02	2.04600e-01
-8.54549e-04	-3.80389e-05	5.65322e-06	1.07705e-05	-5.58813e-01	-2.23525e-01	1.15967e-01	7.62382e-02	2.04600e-01
-8.51479e-04	-3.78936e-05	5.68960e-06	1.09249e-05	-5.58367e-01	-2.23346e-01	1.21327e-01	7.54242e-02	2.04600e-01
-8.39871e-04	-3.73692e-05	5.66295e-06	1.14132e-05	-5.57996e-01	-2.23198e-01	1.26670e-01	7.46051e-02	2.04600e-01
-8.20356e-04	-3.64932e-05	5.58179e-06	1.15805e-05	-5.57740e-01	-2.23096e-01	1.31996e-01	7.37811e-02	2.04600e-01
-7.97318e-04	-3.54599e-05	5.47922e-06	1.10035e-05	-5.57596e-01	-2.23038e-01	1.37302e-01	7.29524e-02	2.04600e-01
-7.78288e-04	-3.46045e-05	5.40629e-06	9.86003e-06	-5.57522e-01	-2.23008e-01	1.42589e-01	7.21195e-02	2.04600e-01
-7.69717e-04	-3.42143e-05	5.40390e-06	8.72248e-06	-5.57475e-01	-2.22990e-01	1.47855e-01	7.12825e-02	2.04600e-01
-7.74440e-04	-3.44156e-05	5.49083e-06	8.06561e-06	-5.57462e-01	-2.22984e-01	1.53100e-01	7.04417e-02	2.04600e-01
-7.88716e-04	-3.50421e-05	5.64134e-06	7.97389e-06	-5.57491e-01	-2.22996e-01	1.58324e-01	6.95974e-02	2.04600e-01
-8.05370e-04	-3.57745e-05	5.80672e-06	8.26321e-06	-5.57555e-01	-2.23022e-01	1.63525e-01	6.87499e-02	2.04600e-01
-8.20417e-04	-3.64353e-05	5.96080e-06	8.67642e-06	-5.57659e-01	-2.23063e-01	1.68702e-01	6.78993e-02	2.04600e-01
-8.36246e-04	-3.71306e-05	6.12238e-06	8.99027e-06	-5.57804e-01	-2.23121e-01	1.73856e-01	6.70461e-02	2.04600e-01
-8.54979e-04	-3.79544e-05	6.30745e-06	9.05369e-06	-5.57975e-01	-2.23189e-01	1.78984e-01	6.61904e-02	2.04600e-01
-8.75293e-04	-3.88477e-05	6.50748e-06	8.83553e-06	-5.58165e-01	-2.23266e-01	1.84087e-01	6.53324e-02	2.04600e-01
-8.92370e-04	-3.95970e-05	6.68590e-06	8.48539e-06	-5.58363e-01	-2.23345e-01	1.89164e-01	6.44726e-02	2.04600e-01
-8.99723e-04	-3.99144e-05	6.79304e-06	8.16556e-06	-5.58573e-01	-2.23429e-01	1.94214e-01	6.36111e-02	2.04600e-01
-8.92060e-04	-3.95656e-05	6.78642e-06	7.60448e-06	-5.58861e-01	-2.23544e-01	1.99237e-01	6.27481e-02	2.04600e-01
-8.74190e-04	-3.87641e-05	6.70213e-06	6.39386e-06	-5.59306e-01	-2.23722e-01	2.04231e-01	6.18840e-02	2.04600e-01
-8.60253e-04	-3.81369e-05	6.64761e-06	4.93591e-06	-5.59885e-01	-2.23953e-01	2.09196e-01	6.10190e-02	2.04600e-01
-8.58484e-04	-3.80500e-05	6.68253e-06	4.32174e-06	-5.60470e-01	-2.24188e-01	2.14131e-01	6.01533e-02	2.04600e-01
-8.62954e-04	-3.82408e-05	6.75851e-06	5.00200e-06	-5.60981e-01	-2.24392e-01	2.19036e-01	5.92872e-02	2.04600e-01
-8.67308e-04	-3.84272e-05	6.82953e-06	6.16970e-06	-5.61458e-01	-2.24583e-01	2.23910e-01	5.84209e-02	2.04600e-01
-8.75440e-04	-3.87802e-05	6.93390e-06	6.59133e-06	-5.61931e-01	-2.24772e-01	2.28752e-01	5.75547e-02	2.04600e-01
-8.95085e-04	-3.96416e-05	7.13862e-06	5.80402e-06	-5.62367e-01	-2.24946e-01	2.33562e-01	5.66888e-02	2.04600e-01
-9.26553e-04	-4.10254e-05	7.44417e-06	4.39304e-06	-5.62714e-01	-2.25085e-01	2.38339e-01	5.58235e-02	2.04600e-01
-9.62509e-04	-4.26076e-05	7.78685e-06	3.16020e-06	-5.62976e-01	-2.25190e-01	2.43082e-01	5.49590e-02	2.04600e-01
-9.96869e-04	-4.41190e-05	8.11710e-06	2.31346e-06	-5.63201e-01	-2.25280e-01	2.47791e-01	5.40955e-02	2.04600e-01
-1.02837e-03	-4.55037e-05	8.42559e-06	1.60856e-06	-5.63436e-01	-2.25374e-01	2.52466e-01	5.32334e-02	2.04600e-01
-1.05913e-03	-4.68549e-05	8.72976e-06	8.82749e-07	-5.63681e-01	-2.25472e-01	2.57104e-01	5.23727e-02	2.04600e-01
-1.09146e-03	-4.82753e-05	9.04752e-06	1.15897e-07	-5.63922e-01	-2.25568e-01	2.61707e-01	5.15138e-02	2.04600e-01
-1.12852e-03	-4.99046e-05	9.40791e-06	-7.41995e-07	-5.64160e-01	-2.25664e-01	2.66273e-01	5.06568e-02	2.04600e-01
-1.17095e-03	-5.17704e-05	9.81724e-06	-1.63382e-06	-5.64389e-01	-2.25755e-01	2.70802e-01	4.98021e-02	2.04600e-01
-1.21437e-03	-5.36797e-05	1.02366e-05	-2.17448e-06	-5.64595e-01	-2.25837e-01	2.75293e-01	4.89498e-02	2.04600e-01
-1.24928e-03	-5.52126e-05	1.05845e-05	-1.93496e-06	-5.64750e-01	-2.25899e-01	2.79746e-01	4.81001e-02	2.04600e-01
-1.27045e-03	-5.61381e-05	1.08164e-05	-1.01891e-06	-5.64861e-01	-2.25944e-01	2.84160e-01	4.72533e-02	2.04600e-01
-1.28614e-03	-5.68208e-05	1.10047e-05	1.51700e-08	-5.64983e-01	-2.25993e-01	2.88534e-01	4.64097e-02	2.04600e-01
-1.30954e-03	-5.78437e-05	1.12596e-05	8.06107e-07	-5.65089e-01	-2.26035e-01	2.92868e-01	4.55693e-02	2.04600e-01
-1.34017e-03	-5.91862e-05	1.15770e-05	1.38888e-06	-5.65079e-01	-2.26031e-01	2.97162e-01	4.47326e-02	2.04600e-01
-1.36672e-03	-6.03468e-05	1.18674e-05	1.75593e-06	-5.64967e-01	-2.25986e-01	3.01415e-01	4.38995e-02	2.04600e-01
-1.38721e-03	-6.12391e-05	1.21089e-05	1.52551e-06	-5.64820e-01	-2.25927e-01	3.05627e-01	4.30704e-02	2.04600e-01
-1.40718e-03	-6.21092e-05	1.23402e-05	4.09516e-07	-5.64569e-01	-2.25827e-01	3.09796e-01	4.22456e-02	2.04600e-01
-1.42313e-03	-6.28016e-05	1.25379e-05	-1.11140e-06	-5.64160e-01	-2.25663e-01	3.13924e-01	4.14251e-02	2.04600e-01
-1.42797e-03	-6.30021e-05	1.26461e-05	-2.27106e-06	-5.63698e-01	-2.25479e-01	3.18008e-01	4.06092e-02	2.04600e-01
-1.42781e-03	-6.29827e-05	1.27060e-05	-2.92017e-06	-5.63261e-01	-2.25304e-01	3.22049e-01	3.97981e-02	2.04600e-01
-1.43683e-03	-6.33700e-05	1.28388e-05	-3.36689e-06	-5.62816e-01	-2.25126e-01	3.26046e-01	3.89920e-02	2.04600e-01
-1.45742e-03	-6.42667e-05	1.30792e-05	-3.86113e-06	-5.62347e-01	-2.24938e-01	3.29999e-01	3.81911e-02	2.04600e-01
-1.47809e-03	-6.51654e-05	1.33276e-05	-4.51645e-06	-5.61859e-01	-2.24743e-01	3.33907e-01	3.73956e-02	2.04600e-01
-1.48851e-03	-6.56124e-05	1.34814e-05	-5.37006e-06	-5.61330e-01	-2.24531e-01	3.37770e-01	3.66057e-02	2.04600e-01
-1.49063e-03	-6.56941e-05	1.35578e-05	-6.43554e-06	-5.60763e-01	-2.24304e-01	3.41588e-01	3.58216e-02	2.04600e-01
-1.49325e-03	-6.57970e-05	1.36418e-05	-7.62140e-06	-5.60190e-01	-2.24076e-01	3.45360e-01	3.50434e-02	2.04600e-01
-1.49692e-03	-6.59460e-05	1.37360e-05	-8.55272e-06	-5.59613e-01	-2.23845e-01	3.49087e-01	3.42714e-02	2.04600e-01
-1.49876e-03	-6.60154e-05	1.38101e-05	-8.92953e-06	-5.59069e-01	-2.23627e-01	3.52766e-01	3.35058e-02	2.04600e-01
-1.50612e-03	-6.63274e-05	1.39355e-05	-9.18246e-06	-5.58568e-01	-2.23427e-01	3.56399e-01	3.27467e-02	2.04600e-01
-1.52472e-03	-6.71352e-05	1.41618e-05	-1.00658e-05	-5.58029e-01	-2.23211e-01	3.59985e-01	3.19943e-02	2.04600e-01
-1.54873e-03	-6.81814e-05	1.44368e-05	-1.14672e-05	-5.57467e-01	-2.22986e-01	3.63523e-01	3.12488e-02	2.04600e-01
-1.57446e-03	-6.93024e-05	1.47308e-05	-1.25729e-05	-5.56918e-01	-2.22766e-01	3.67014e-01	3.05104e-02	2.04600e-01
-1.59886e-03	-7.03649e-05	1.50133e-05	-1.32451e-05	-5.56270e-01	-2.22507e-01	3.70456e-01	2.97791e-02	2.04600e-01
-1.60925e-03	-7.08099e-05	1.51688e-05	-1.39207e-05	-5.55500e-01	-2.22199e-01	3.73851e-01	2.90553e-02	2.04600e-01
-1.60436e-03	-7.05813e-05	1.51846e-05	-1.43759e-05	-5.54753e-01	-2.21901e-01	3.77197e-01	2.83390e-02	2.04600e-01
-1.60300e-03	-7.05099e-05	1.52259e-05	-1.40333e-05	-5.54038e-01	-2.21615e-01	3.80494e-01	2.76304e-02	2.04600e-01
-1.62078e-03	-7.12822e-05	1.54389e-05	-1.30558e-05	-5.53201e-01	-2.21280e-01	3.83742e-01	2.69296e-02	2.04600e-01
-1.65172e-03	-7.26315e-05	1.57872e-05	-1.20082e-05	-5.52197e-01	-2.20878e-01	3.86941e-01	2.62369e-02	2.04600e-01
-1.68070e-03	-7.38913e-05	1.61307e-05	-1.10754e-05	-5.51127e-01	-2.20450e-01	3.90091e-01	2.55523e-02	2.04600e-01
-1.69813e-03	-7.46450e-05	1.63550e-05	-1.01773e-05	-5.50079e-01	-2.20031e-01	3.93192e-01	2.48761e-02	2.04600e-01
-1.70251e-03	-7.48267e-05	1.64467e-05	-9.37241e-06	-5.49100e-01	-2.19639e-01	3.96243e-01	2.42082e-02	2.04600e-01
-1.69688e-03	-7.45663e-05	1.64525e-05	-8.81629e-06	-5.48149e-01	-2.19259e-01	3.99244e-01	2.35490e-02	2.04600e-01
-1.68590e-03	-7.40700e-05	1.64079e-05	-8.50399e-06	-5.47156e-01	-2.18862e-01	4.02195e-01	2.28984e-02	2.04600e-01
-1.67828e-03	-7.37236e-05	1.63864e-05	-8.24727e-06	-5.46164e-01	-2.18465e-01	4.05096e-01	2.22567e-02	2.04600e-01
-1.67905e-03	-7.37474e-05	1.64389e-05	-7.95575e-06	-5.45178e-01	-2.18071e-01	4.07948e-01	2.16239e-02	2.04600e-01
-1.68235e-03	-7.38811e-05	1.65220e-05	-7.65324e-06	-5.44195e-01	-2.17677e-01	4.10749e-01	2.10002e-02	2.04600e-01
-1.68345e-03	-7.39154e-05	1.65950e-05	-7.47827e-06	-5.43268e-01	-2.17307e-01	4.13500e-01	2.03857e-02	2.04600e-01
-1.68837e-03	-7.41201e-05	1.66939e-05	-7.78874e-06	-5.42310e-01	-2.16924e-01	4.16201e-01	1.97804e-02	2.04600e-01
-1.70073e-03	-7.46536e-05	1.68550e-05	-8.55954e-06	-5.41239e-01	-2.16495e-01	4.18852e-01	1.91845e-02	2.04600e-01
-1.71685e-03	-7.53515e-05	1.70580e-05	-9.21772e-06	-5.40040e-01	-2.16015e-01	4.21452e-01	1.85981e-02	2.04600e-01
-1.72232e-03	-7.55789e-05	1.71697e-05	-9.35898e-06	-5.38795e-01	-2.15517e-01	4.24002e-01	1.80213e-02	2.04600e-01
-1.70780e-03	-7.49290e-05	1.70805e-05	-8.89028e-06	-5.37659e-01	-2.15063e-01	4.26502e-01	1.74541e-02	2.04600e-01
-1.68592e-03	-7.39608e-05	1.68968e-05	-8.05069e-06	-5.36578e-01	-2.14630e-01	4.28953e-01	1.68967e-02	2.04600e-01
-1.66917e-03	-7.32176e-05	1.67668e-05	-7.49791e-06	-5.35424e-01	-2.14169e-01	4.31353e-01	1.63491e-02	2.04600e-01
-1.64996e-03	-7.23615e-05	1.66320e-05	-7.53251e-06	-5.34289e-01	-2.13715e-01	4.33703e-01	1.58113e-02	2.04600e-01
-1.61835e-03	-7.09601e-05	1.63795e-05	-7.63787e-06	-5.33280e-01	-2.13311e-01	4.36004e-01	1.52835e-02	2.04600e-01
-1.57837e-03	-6.91980e-05	1.60142e-05	-7.33265e-06	-5.32364e-01	-2.12945e-01	4.38254e-01	1.47657e-02	2.04600e-01
-1.53723e-03	-6.73878e-05	1.56253e-05	-6.78017e-06	-5.31500e-01	-2.12599e-01	4.40456e-01	1.42579e-02	2.04600e-01
-1.49606e-03	-6.55732e-05	1.52470e-05	-6.51983e-06	-5.30733e-01	-2.12292e-01	4.42608e-01	1.37602e-02	2.04600e-01
-1.45819e-03	-6.39039e-05	1.49025e-05	-7.01720e-06	-5.30065e-01	-2.12025e-01	4.44711e-01	1.32726e-02	2.04600e-01
-1.42822e-03	-6.25882e-05	1.46070e-05	-8.04078e-06	-5.29368e-01	-2.11747e-01	4.46765e-01	1.27952e-02	2.04600e-01
-1.39320e-03	-6.10497e-05	1.42638e-05	-8.51992e-06	-5.28652e-01	-2.11460e-01	4.48771e-01	1.23280e-02	2.04600e-01
-1.34564e-03	-5.89547e-05	1.38243e-05	-7.74034e-06	-5.28038e-01	-2.11215e-01	4.50728e-01	1.18709e-02	2.04600e-01
-1.31595e-03	-5.76433e-05	1.35646e-05	-6.36984e-06	-5.27493e-01	-2.10997e-01	4.52637e-01	1.14241e-02	2.04600e-01
-1.33095e-03	-5.82965e-05	1.37351e-05	-5.38609e-06	-5.26776e-01	-2.10710e-01	4.54498e-01	1.09875e-02	2.04600e-01
-1.35067e-03	-5.91604e-05	1.39386e-05	-4.55832e-06	-5.25828e-01	-2.10331e-01	4.56311e-01	1.05610e-02	2.04600e-01
-1.32396e-03	-5.79791e-05	1.37104e-05	-3.19789e-06	-5.25015e-01	-2.10005e-01	4.58078e-01	1.01448e-02	2.04600e-01
-1.26722e-03	-5.54805e-05	1.31817e-05	-1.42131e-06	-5.24428e-01	-2.09771e-01	4.59798e-01	9.73871e-03	2.04600e-01
-1.21642e-03	-5.32548e-05	1.26607e-05	4.65683e-07	-5.23860e-01	-2.09543e-01	4.61471e-01	9.34278e-03	2.04600e-01
-1.18014e-03	-5.16626e-05	1.22994e-05	2.49314e-06	-5.23348e-01	-2.09339e-01	4.63098e-01	8.95698e-03	2.04600e-01
-1.15971e-03	-5.07618e-05	1.21129e-05	4.35297e-06	-5.22906e-01	-2.09162e-01	4.64680e-01	8.58125e-03	2.04600e-01
-1.15058e-03	-5.03543e-05	1.20503e-05	5.42545e-06	-5.22437e-01	-2.08974e-01	4.66217e-01	8.21554e-03	2.04600e-01
-1.14060e-03	-4.99078e-05	1.19871e-05	5.52590e-06	-5.21918e-01	-2.08767e-01	4.67709e-01	7.85981e-03	2.04600e-01
-1.12794e-03	-4.93487e-05	1.18757e-05	5.10923e-06	-5.21348e-01	-2.08539e-01	4.69157e-01	7.51398e-03	2.04600e-01
-1.12172e-03	-4.90770e-05	1.18083e-05	4.77130e-06	-5.20759e-01	-2.08303e-01	4.70561e-01	7.17799e-03	2.04600e-01
-1.11992e-03	-4.89954e-05	1.17995e-05	4.72727e-06	-5.20212e-01	-2.08084e-01	4.71922e-01	6.85176e-03	2.04600e-01
-1.10369e-03	-4.82765e-05	1.16657e-05	4.90174e-06	-5.19793e-01	-2.07917e-01	4.73241e-01	6.53520e-03	2.04600e-01
-1.06801e-03	-4.67082e-05	1.13205e-05	5.29012e-06	-5.19579e-01	-2.07831e-01	4.74518e-01	6.22822e-03	2.04600e-01
-1.04146e-03	-4.55458e-05	1.10441e-05	6.00935e-06	-5.19461e-01	-2.07784e-01	4.75754e-01	5.93071e-03	2.04600e-01
-1.04555e-03	-4.57290e-05	1.10699e-05	7.02980e-06	-5.19250e-01	-2.07700e-01	4.76948e-01	5.64257e-03	2.04600e-01
-1.06753e-03	-4.66921e-05	1.12956e-05	8.07305e-06	-5.18908e-01	-2.07563e-01	4.78103e-01	5.36367e-03	2.04600e-01
-1.08680e-03	-4.75321e-05	1.15112e-05	8.78298e-06	-5.18491e-01	-2.07396e-01	4.79219e-01	5.09390e-03	2.04600e-01
-1.10005e-03	-4.81064e-05	1.16731e-05	8.97239e-06	-5.18051e-01	-2.07220e-01	4.80296e-01	4.83311e-03	2.04600e-01
-1.11082e-03	-4.85714e-05	1.18107e-05	8.65384e-06	-5.17626e-01	-2.07050e-01	4.81335e-01	4.58116e-03	2.04600e-01
-1.11986e-03	-4.89626e-05	1.19247e-05	8.01871e-06	-5.17230e-01	-2.06892e-01	4.82337e-01	4.33790e-03	2.04600e-01
-1.12487e-03	-4.91781e-05	1.19914e-05	7.31991e-06	-5.16867e-01	-2.06746e-01	4.83302e-01	4.10318e-03	2.04600e-01
-1.12347e-03	-4.91124e-05	1.19952e-05	6.70174e-06	-5.16541e-01	-2.06616e-01	4.84233e-01	3.87682e-03	2.04600e-01
-1.11254e-03	-4.86314e-05	1.18914e-05	6.15626e-06	-5.16234e-01	-2.06493e-01	4.85128e-01	3.65866e-03	2.04600e-01
-1.09619e-03	-4.79165e-05	1.17184e-05	5.68159e-06	-5.15960e-01	-2.06384e-01	4.85990e-01	3.44850e-03	2.04600e-01
-1.08164e-03	-4.72780e-05	1.15722e-05	5.35894e-06	-5.15703e-01	-2.06281e-01	4.86819e-01	3.24617e-03	2.04600e-01
-1.06878e-03	-4.67115e-05	1.14526e-05	5.21053e-06	-5.15458e-01	-2.06183e-01	4.87615e-01	3.05144e-03	2.04600e-01
-1.05408e-03	-4.60637e-05	1.13180e-05	5.10722e-06	-5.15210e-01	-2.06084e-01	4.88381e-01	2.86413e-03	2.04600e-01
-1.03832e-03	-4.53726e-05	1.11582e-05	4.90488e-06	-5.14943e-01	-2.05977e-01	4.89117e-01	2.68401e-03	2.04600e-01
-1.02507e-03	-4.47923e-05	1.10205e-05	4.59752e-06	-5.14670e-01	-2.05867e-01	4.89823e-01	2.51086e-03	2.04600e-01
-1.01422e-03	-4.43154e-05	1.09153e-05	4.26220e-06	-5.14357e-01	-2.05742e-01	4.90502e-01	2.34444e-03	2.04600e-01
-1.00287e-03	-4.38205e-05	1.07885e-05	3.92901e-06	-5.14043e-01	-2.05617e-01	4.91153e-01	2.18452e-03	2.04600e-01
-9.90175e-04	-4.32639e-05	1.06604e-05	3.57252e-06	-5.13719e-01	-2.05487e-01	4.91779e-01	2.03085e-03	2.04600e-01
-9.73588e-04	-4.25398e-05	1.04790e-05	3.15903e-06	-5.13356e-01	-2.05342e-01	4.92379e-01	1.88316e-03	2.04600e-01
-9.56088e-04	-4.17757e-05	1.02884e-05	2.67792e-06	-5.13047e-01	-2.05218e-01	4.92956e-01	1.74120e-03	2.04600e-01
-9.32094e-04	-4.07209e-05	1.00563e-05	2.14297e-06	-5.12626e-01	-2.05050e-01	4.93511e-01	1.60469e-03	2.04600e-01
-9.04649e-04	-3.95331e-05	9.71475e-06	1.59592e-06	-5.12339e-01	-2.04935e-01	4.94044e-01	1.47335e-03	2.04600e-01
-8.70269e-04	-3.80086e-05	9.43522e-06	1.07045e-06	-5.11921e-01	-2.04768e-01	4.94557e-01	1.34689e-03	2.04600e-01
-8.30648e-04	-3.63012e-05	8.91204e-06	5.80351e-07	-5.11614e-01	-2.04645e-01	4.95051e-01	1.22501e-03	2.04600e-01
-7.86364e-04	-3.43305e-05	8.58043e-06	1.37821e-07	-5.11323e-01	-2.04529e-01	4.95527e-01	1.10740e-03	2.04600e-01
-7.33545e-04	-3.20492e-05	7.90417e-06	-2.27816e-07	-5.10895e-01	-2.04358e-01	4.95988e-01	9.93752e-04	2.04600e-01
-6.77151e-04	-2.95618e-05	7.39155e-06	-4.99949e-07	-5.10854e-01	-2.04341e-01	4.96433e-01	8.83742e-04	2.04600e-01
-6.14034e-04	-2.67929e-05	6.75722e-06	-6.76406e-07	-5.10291e-01	-2.04116e-01	4.96864e-01	7.77039e-04	2.04600e-01
-5.41333e-04	-2.36609e-05	5.79415e-06	-7.59485e-07	-5.10431e-01	-2.04172e-01	4.97284e-01	6.73303e-04	2.04600e-01
-4.77138e-04	-2.07374e-05	5.58243e-06	-7.36058e-07	-5.10038e-01	-2.04015e-01	4.97692e-01	5.72188e-04	2.04600e-01
-3.85077e-04	-1.68927e-05	3.87332e-06	-6.05030e-07	-5.09825e-01	-2.03930e-01	4.98091e-01	4.73337e-04	2.04600e-01
-3.54684e-04	-1.52403e-05	4.85549e-06	-3.92074e-07	-5.10508e-01	-2.04203e-01	4.98483e-01	3.76386e-04	2.04600e-01
-2.72737e-04	-1.19464e-05	2.81659e-06	-6.33639e-08	-5.09099e-01	-2.03639e-01	4.98868e-01	2.80965e-04	2.04600e-01
-3.81223e-04	-1.64340e-05	5.00279e-06	1.83004e-07	-5.13674e-01	-2.05469e-01	4.99248e-01	1.86691e-04	2.04600e-01
-7.21486e-04	-2.95896e-05	1.55618e-05	-4.60556e-07	-5.13233e-01	-2.05293e-01	4.99625e-01	9.31765e-05	2.04600e-01
-6.34391e-04	-3.85581e-05	-3.68034e-05	-2.13632e-06	-5.17965e-01	-2.07185e-01	5.00000e-01	0.00000e+00	2.04600e-01
