"Density"	"Momentum:0"	"Momentum:1"	"Momentum:2"	"StagnationEnergy"	"Pressure"	"Points:0"	"Points:1"	"Points:2"
1.79091e-02	-6.30200e-04	8.85863e-04	-5.52113e-04	-1.80190e-01	-7.20925e-02	-5.12665e-01	0.00000e+00	7.26000e-02
6.18695e-04	1.04975e-04	2.57448e-05	-1.64194e-04	-4.63549e-01	-1.85432e-01	-5.12613e-01	2.24940e-03	7.26000e-02
5.29343e-03	1.22087e-04	2.51626e-04	-1.91965e-04	-3.59757e-01	-1.43907e-01	-5.12455e-01	4.49388e-03	7.26000e-02
1.22779e-02	1.64748e-04	5.89649e-04	-2.16316e-04	-4.28279e-01	-1.71318e-01	-5.12192e-01	6.72844e-03	7.26000e-02
1.48117e-02	2.39722e-04	6.98776e-04	-2.04308e-04	-4.42229e-01	-1.76900e-01	-5.11823e-01	8.94804e-03	7.26000e-02
1.77891e-02	2.77791e-04	8.35122e-04	-2.01360e-04	-5.00835e-01	-2.00343e-01	-5.11351e-01	1.11478e-02	7.26000e-02
2.01296e-02	3.52865e-04	9.28894e-04	-1.78476e-04	-5.84680e-01	-2.33882e-01	-5.10776e-01	1.33231e-02	7.26000e-02
2.14622e-02	3.97627e-04	9.77674e-04	-1.62884e-04	-6.39040e-01	-2.55626e-01	-5.10102e-01	1.54699e-02	7.26000e-02
2.25088e-02	4.50487e-04	1.00754e-03	-1.40384e-04	-7.28452e-01	-2.91392e-01	-5.09333e-01	1.75842e-02	7.26000e-02
2.29150e-02	4.90742e-04	1.00722e-03	-1.21925e-04	-7.90552e-01	-3.16232e-01	-5.08516e-01	1.95609e-02	7.26000e-02
2.30680e-02	5.20259e-04	9.97329e-04	-1.07633e-04	-8.50459e-01	-3.40194e-01	-5.07699e-01	2.13433e-02	7.26000e-02
2.30045e-02	5.47276e-04	9.76200e-04	-9.37776e-05	-9.06699e-01	-3.62690e-01	-5.06878e-01	2.29809e-02	7.26000e-02
2.27621e-02	5.63774e-04	9.50097e-04	-8.48098e-05	-9.48660e-01	-3.79475e-01	-5.06053e-01	2.45060e-02	7.26000e-02
2.24820e-02	5.79895e-04	9.21568e-04	-7.58881e-05	-9.93400e-01	-3.97370e-01	-5.05221e-01	2.59414e-02	7.26000e-02
2.21074e-02	5.90088e-04	8.90741e-04	-6.99531e-05	-1.02811e+00	-4.11254e-01	-5.04382e-01	2.73040e-02	7.26000e-02
2.16874e-02	5.97696e-04	8.58519e-04	-6.48823e-05	-1.06161e+00	-4.24654e-01	-5.03534e-01	2.86064e-02	7.26000e-02
2.12561e-02	6.03215e-04	8.26619e-04	-6.11617e-05	-1.09134e+00	-4.36545e-01	-5.02675e-01	2.98586e-02	7.26000e-02
2.07766e-02	6.05519e-04	7.93776e-04	-5.86667e-05	-1.11728e+00	-4.46920e-01	-5.01804e-01	3.10685e-02	7.26000e-02
2.03163e-02	6.07126e-04	7.62267e-04	-5.68551e-05	-1.14171e+00	-4.56694e-01	-5.00921e-01	3.22426e-02	7.26000e-02
1.98163e-02	6.05936e-04	7.30188e-04	-5.59824e-05	-1.16290e+00	-4.65168e-01	-5.00022e-01	3.33862e-02	7.26000e-02
1.93347e-02	6.04134e-04	6.99459e-04	-5.56841e-05	-1.18238e+00	-4.72962e-01	-4.99109e-01	3.45038e-02	7.26000e-02
1.88457e-02	6.00844e-04	6.69234e-04	-5.59233e-05	-1.19993e+00	-4.79980e-01	-4.98178e-01	3.55990e-02	7.26000e-02
1.83601e-02	5.96533e-04	6.39877e-04	-5.66627e-05	-1.21545e+00	-4.86189e-01	-4.97228e-01	3.66751e-02	7.26000e-02
1.78730e-02	5.91126e-04	6.11179e-04	-5.76946e-05	-1.22966e+00	-4.91873e-01	-4.96260e-01	3.77347e-02	7.26000e-02
1.73996e-02	5.85200e-04	5.83654e-04	-5.91041e-05	-1.24221e+00	-4.96894e-01	-4.95271e-01	3.87802e-02	7.26000e-02
1.69351e-02	5.78648e-04	5.57118e-04	-6.07322e-05	-1.25342e+00	-5.01376e-01	-4.94260e-01	3.98136e-02	7.26000e-02
1.64709e-02	5.71239e-04	5.31280e-04	-6.24700e-05	-1.26342e+00	-5.05374e-01	-4.93226e-01	4.08365e-02	7.26000e-02
1.60241e-02	5.63629e-04	5.06666e-04	-6.43133e-05	-1.27214e+00	-5.08862e-01	-4.92168e-01	4.18504e-02	7.26000e-02
1.55890e-02	5.55660e-04	4.83088e-04	-6.61684e-05	-1.27984e+00	-5.11944e-01	-4.91085e-01	4.28567e-02	7.26000e-02
1.51652e-02	5.47398e-04	4.60481e-04	-6.80363e-05	-1.28649e+00	-5.14602e-01	-4.89977e-01	4.38564e-02	7.26000e-02
1.47596e-02	5.39129e-04	4.39042e-04	-6.99263e-05	-1.29220e+00	-5.16888e-01	-4.88841e-01	4.48504e-02	7.26000e-02
1.43638e-02	5.30612e-04	4.18478e-04	-7.17683e-05	-1.29707e+00	-5.18835e-01	-4.87677e-01	4.58396e-02	7.26000e-02
1.39867e-02	5.22212e-04	3.99033e-04	-7.35561e-05	-1.30112e+00	-5.20454e-01	-4.86484e-01	4.68247e-02	7.26000e-02
1.36239e-02	5.13798e-04	3.80562e-04	-7.51969e-05	-1.30446e+00	-5.21788e-01	-4.85261e-01	4.78062e-02	7.26000e-02
1.32792e-02	5.05573e-04	3.63130e-04	-7.66718e-05	-1.30711e+00	-5.22850e-01	-4.84008e-01	4.87847e-02	7.26000e-02
1.29557e-02	4.97690e-04	3.46792e-04	-7.79983e-05	-1.30917e+00	-5.23672e-01	-4.82722e-01	4.97605e-02	7.26000e-02
1.26512e-02	4.90120e-04	3.31434e-04	-7.92032e-05	-1.31070e+00	-5.24284e-01	-4.81405e-01	5.07339e-02	7.26000e-02
1.23667e-02	4.82946e-04	3.17042e-04	-8.03536e-05	-1.31176e+00	-5.24709e-01	-4.80054e-01	5.17053e-02	7.26000e-02
1.20988e-02	4.76078e-04	3.03483e-04	-8.14745e-05	-1.31244e+00	-5.24982e-01	-4.78669e-01	5.26748e-02	7.26000e-02
1.18537e-02	4.69797e-04	2.90868e-04	-8.26360e-05	-1.31279e+00	-5.25123e-01	-4.77248e-01	5.36426e-02	7.26000e-02
1.16239e-02	4.63843e-04	2.78976e-04	-8.37972e-05	-1.31289e+00	-5.25160e-01	-4.75793e-01	5.46088e-02	7.26000e-02
1.14161e-02	4.58517e-04	2.67924e-04	-8.50127e-05	-1.31279e+00	-5.25120e-01	-4.74301e-01	5.55733e-02	7.26000e-02
1.12296e-02	4.53825e-04	2.57654e-04	-8.63095e-05	-1.31256e+00	-5.25029e-01	-4.72772e-01	5.65362e-02	7.26000e-02
1.10605e-02	4.49634e-04	2.48026e-04	-8.77162e-05	-1.31227e+00	-5.24915e-01	-4.71205e-01	5.74975e-02	7.26000e-02
1.09187e-02	4.46388e-04	2.39223e-04	-8.94060e-05	-1.31199e+00	-5.24802e-01	-4.69600e-01	5.84571e-02	7.26000e-02
1.07965e-02	4.43795e-04	2.31009e-04	-9.14229e-05	-1.31178e+00	-5.24716e-01	-4.67955e-01	5.94150e-02	7.26000e-02
1.06935e-02	4.41871e-04	2.23341e-04	-9.38747e-05	-1.31167e+00	-5.24674e-01	-4.66272e-01	6.03708e-02	7.26000e-02
1.06123e-02	4.40747e-04	2.16219e-04	-9.68758e-05	-1.31172e+00	-5.24692e-01	-4.64548e-01	6.13247e-02	7.26000e-02
1.05492e-02	4.40295e-04	2.09528e-04	-1.00462e-04	-1.31194e+00	-5.24782e-01	-4.62783e-01	6.22762e-02	7.26000e-02
1.04992e-02	4.40314e-04	2.03132e-04	-1.04632e-04	-1.31237e+00	-5.24954e-01	-4.60977e-01	6.32253e-02	7.26000e-02
1.04628e-02	4.40840e-04	1.97025e-04	-1.09421e-04	-1.31302e+00	-5.25213e-01	-4.59130e-01	6.41717e-02	7.26000e-02
1.04386e-02	4.41814e-04	1.91159e-04	-1.14822e-04	-1.31389e+00	-5.25559e-01	-4.57240e-01	6.51153e-02	7.26000e-02
1.04225e-02	4.43074e-04	1.85449e-04	-1.20792e-04	-1.31496e+00	-5.25990e-01	-4.55307e-01	6.60556e-02	7.26000e-02
1.04102e-02	4.44431e-04	1.79824e-04	-1.27245e-04	-1.31623e+00	-5.26498e-01	-4.53331e-01	6.69926e-02	7.26000e-02
1.03957e-02	4.45624e-04	1.74198e-04	-1.34025e-04	-1.31767e+00	-5.27074e-01	-4.51312e-01	6.79258e-02	7.26000e-02
1.03753e-02	4.46485e-04	1.68531e-04	-1.40991e-04	-1.31922e+00	-5.27694e-01	-4.49249e-01	6.88551e-02	7.26000e-02
1.03491e-02	4.47008e-04	1.62849e-04	-1.48034e-04	-1.32083e+00	-5.28338e-01	-4.47142e-01	6.97800e-02	7.26000e-02
1.03042e-02	4.46633e-04	1.56987e-04	-1.54874e-04	-1.32246e+00	-5.28989e-01	-4.44990e-01	7.07003e-02	7.26000e-02
1.02481e-02	4.45676e-04	1.51073e-04	-1.61556e-04	-1.32402e+00	-5.29612e-01	-4.42793e-01	7.16158e-02	7.26000e-02
1.01733e-02	4.43810e-04	1.45025e-04	-1.67874e-04	-1.32548e+00	-5.30196e-01	-4.40550e-01	7.25259e-02	7.26000e-02
1.00826e-02	4.41144e-04	1.38933e-04	-1.73731e-04	-1.32681e+00	-5.30728e-01	-4.38263e-01	7.34305e-02	7.26000e-02
9.98371e-03	4.38026e-04	1.32895e-04	-1.79322e-04	-1.32806e+00	-5.31230e-01	-4.35929e-01	7.43292e-02	7.26000e-02
9.88492e-03	4.34817e-04	1.27038e-04	-1.84901e-04	-1.32932e+00	-5.31732e-01	-4.33549e-01	7.52216e-02	7.26000e-02
9.79703e-03	4.32011e-04	1.21462e-04	-1.90757e-04	-1.33060e+00	-5.32244e-01	-4.31123e-01	7.61074e-02	7.26000e-02
9.71270e-03	4.29337e-04	1.15920e-04	-1.97713e-04	-1.33226e+00	-5.32910e-01	-4.28651e-01	7.69862e-02	7.26000e-02
9.61602e-03	4.26139e-04	1.10095e-04	-2.06106e-04	-1.33439e+00	-5.33762e-01	-4.26131e-01	7.78578e-02	7.26000e-02
9.52053e-03	4.22955e-04	1.04307e-04	-2.15043e-04	-1.33674e+00	-5.34701e-01	-4.23565e-01	7.87216e-02	7.26000e-02
9.41662e-03	4.19330e-04	9.85426e-05	-2.24096e-04	-1.33987e+00	-5.35954e-01	-4.20952e-01	7.95774e-02	7.26000e-02
9.29707e-03	4.14965e-04	9.26657e-05	-2.33853e-04	-1.34378e+00	-5.37517e-01	-4.18292e-01	8.04249e-02	7.26000e-02
9.23905e-03	4.13158e-04	8.79164e-05	-2.43071e-04	-1.34681e+00	-5.38731e-01	-4.15585e-01	8.12636e-02	7.26000e-02
9.31231e-03	4.17021e-04	8.49847e-05	-2.52490e-04	-1.34876e+00	-5.39508e-01	-4.12830e-01	8.20932e-02	7.26000e-02
9.44196e-03	4.23568e-04	8.19087e-05	-2.68746e-04	-1.35124e+00	-5.40503e-01	-4.10028e-01	8.29134e-02	7.26000e-02
9.56787e-03	4.30231e-04	7.76288e-05	-2.93224e-04	-1.35393e+00	-5.41579e-01	-4.07179e-01	8.37238e-02	7.26000e-02
9.74200e-03	4.38966e-04	7.38594e-05	-3.16795e-04	-1.35704e+00	-5.42821e-01	-4.04282e-01	8.45240e-02	7.26000e-02
9.81197e-03	4.42891e-04	6.95273e-05	-3.37525e-04	-1.36546e+00	-5.46190e-01	-4.01338e-01	8.53137e-02	7.26000e-02
9.64598e-03	4.36348e-04	6.26806e-05	-3.61888e-04	-1.37897e+00	-5.51596e-01	-3.98346e-01	8.60925e-02	7.26000e-02
9.58806e-03	4.34569e-04	5.68788e-05	-3.89556e-04	-1.38653e+00	-5.54619e-01	-3.95307e-01	8.68601e-02	7.26000e-02
9.76954e-03	4.43229e-04	5.39758e-05	-4.08325e-04	-1.38787e+00	-5.55156e-01	-3.92221e-01	8.76162e-02	7.26000e-02
9.61801e-03	4.36544e-04	5.01381e-05	-4.12524e-04	-1.39424e+00	-5.57704e-01	-3.89087e-01	8.83605e-02	7.26000e-02
8.91423e-03	4.05557e-04	4.02014e-05	-4.28060e-04	-1.40191e+00	-5.60770e-01	-3.85906e-01	8.90925e-02	7.26000e-02
8.49529e-03	3.88025e-04	2.92673e-05	-4.80148e-04	-1.38807e+00	-5.55237e-01	-3.82678e-01	8.98119e-02	7.26000e-02
9.20542e-03	4.20826e-04	2.74752e-05	-5.43633e-04	-1.34196e+00	-5.36796e-01	-3.79403e-01	9.05185e-02	7.26000e-02
1.04200e-02	4.75355e-04	3.30156e-05	-5.68913e-04	-1.29025e+00	-5.16112e-01	-3.76081e-01	9.12120e-02	7.26000e-02
1.08218e-02	4.92540e-04	3.71635e-05	-5.52003e-04	-1.25674e+00	-5.02705e-01	-3.72712e-01	9.18919e-02	7.26000e-02
1.05558e-02	4.79817e-04	3.67818e-05	-5.13879e-04	-1.22730e+00	-4.90929e-01	-3.69297e-01	9.25580e-02	7.26000e-02
1.02259e-02	4.63912e-04	3.80559e-05	-4.57172e-04	-1.19135e+00	-4.76548e-01	-3.65836e-01	9.32100e-02	7.26000e-02
9.76858e-03	4.42333e-04	3.87947e-05	-3.94251e-04	-1.14640e+00	-4.58568e-01	-3.62328e-01	9.38477e-02	7.26000e-02
9.30094e-03	4.20886e-04	3.65448e-05	-3.57778e-04	-1.09788e+00	-4.39158e-01	-3.58774e-01	9.44706e-02	7.26000e-02
8.86238e-03	4.00976e-04	3.33847e-05	-3.40184e-04	-1.06136e+00	-4.24549e-01	-3.55174e-01	9.50786e-02	7.26000e-02
8.13075e-03	3.67777e-04	2.95719e-05	-3.02437e-04	-1.03026e+00	-4.12109e-01	-3.51529e-01	9.56713e-02	7.26000e-02
7.43580e-03	3.36083e-04	2.72307e-05	-2.56815e-04	-9.95387e-01	-3.98159e-01	-3.47838e-01	9.62486e-02	7.26000e-02
7.09867e-03	3.20551e-04	2.66153e-05	-2.27150e-04	-9.65628e-01	-3.86256e-01	-3.44103e-01	9.68101e-02	7.26000e-02
6.61754e-03	2.98510e-04	2.58278e-05	-1.88487e-04	-9.46002e-01	-3.78405e-01	-3.40323e-01	9.73556e-02	7.26000e-02
5.46844e-03	2.46418e-04	2.23243e-05	-1.33027e-04	-9.31984e-01	-3.72797e-01	-3.36498e-01	9.78848e-02	7.26000e-02
4.22642e-03	1.90401e-04	1.69923e-05	-9.17086e-05	-9.11348e-01	-3.64541e-01	-3.32629e-01	9.83975e-02	7.26000e-02
3.80507e-03	1.71320e-04	1.55396e-05	-7.45464e-05	-8.80577e-01	-3.52233e-01	-3.28717e-01	9.88936e-02	7.26000e-02
4.15161e-03	1.86815e-04	1.73121e-05	-6.52704e-05	-8.53086e-01	-3.41236e-01	-3.24761e-01	9.93727e-02	7.26000e-02
4.23139e-03	1.90273e-04	1.83081e-05	-4.72342e-05	-8.40187e-01	-3.36076e-01	-3.20762e-01	9.98347e-02	7.26000e-02
3.65533e-03	1.64191e-04	1.71045e-05	-1.92920e-05	-8.34576e-01	-3.33832e-01	-3.16720e-01	1.00279e-01	7.26000e-02
3.16572e-03	1.42084e-04	1.57105e-05	1.55390e-07	-8.22538e-01	-3.29017e-01	-3.12636e-01	1.00707e-01	7.26000e-02
3.32261e-03	1.49180e-04	1.57713e-05	7.20019e-06	-8.07293e-01	-3.22918e-01	-3.08510e-01	1.01116e-01	7.26000e-02
3.60243e-03	1.61758e-04	1.67865e-05	1.41232e-05	-7.99451e-01	-3.19782e-01	-3.04342e-01	1.01508e-01	7.26000e-02
3.55247e-03	1.59589e-04	1.55662e-05	1.39624e-05	-7.94653e-01	-3.17863e-01	-3.00133e-01	1.01881e-01	7.26000e-02
3.50780e-03	1.57748e-04	1.31958e-05	9.90451e-07	-7.89143e-01	-3.15658e-01	-2.95884e-01	1.02237e-01	7.26000e-02
3.54662e-03	1.59578e-04	1.20093e-05	-7.14130e-06	-7.87988e-01	-3.15196e-01	-2.91594e-01	1.02574e-01	7.26000e-02
3.45511e-03	1.55469e-04	1.13318e-05	-5.94435e-06	-7.86660e-01	-3.14666e-01	-2.87265e-01	1.02892e-01	7.26000e-02
3.39860e-03	1.52972e-04	1.02254e-05	-6.25485e-06	-7.80108e-01	-3.12045e-01	-2.82896e-01	1.03193e-01	7.26000e-02
3.52540e-03	1.58724e-04	9.59847e-06	-7.88511e-06	-7.73979e-01	-3.09593e-01	-2.78489e-01	1.03474e-01	7.26000e-02
3.64119e-03	1.63971e-04	9.02775e-06	-8.25698e-06	-7.73659e-01	-3.09465e-01	-2.74043e-01	1.03737e-01	7.26000e-02
3.61793e-03	1.62946e-04	8.22419e-06	-1.05409e-05	-7.77543e-01	-3.11019e-01	-2.69559e-01	1.03981e-01	7.26000e-02
3.64796e-03	1.64314e-04	7.60578e-06	-1.22043e-05	-7.77031e-01	-3.10814e-01	-2.65038e-01	1.04205e-01	7.26000e-02
3.88328e-03	1.74919e-04	7.60059e-06	-5.82179e-06	-7.72910e-01	-3.09166e-01	-2.60480e-01	1.04411e-01	7.26000e-02
3.98463e-03	1.79467e-04	7.87821e-06	5.31153e-06	-7.73176e-01	-3.09272e-01	-2.55886e-01	1.04598e-01	7.26000e-02
3.75647e-03	1.69205e-04	6.72171e-06	8.64699e-06	-7.72759e-01	-3.09105e-01	-2.51256e-01	1.04766e-01	7.26000e-02
3.56188e-03	1.60463e-04	5.30736e-06	4.27794e-06	-7.69862e-01	-3.07946e-01	-2.46591e-01	1.04915e-01	7.26000e-02
3.48838e-03	1.57158e-04	4.61263e-06	3.32930e-06	-7.70925e-01	-3.08371e-01	-2.41891e-01	1.05044e-01	7.26000e-02
3.36250e-03	1.51494e-04	3.74309e-06	2.99140e-06	-7.72702e-01	-3.09082e-01	-2.37158e-01	1.05154e-01	7.26000e-02
3.24412e-03	1.46172e-04	2.50105e-06	-5.74125e-06	-7.72384e-01	-3.08955e-01	-2.32391e-01	1.05246e-01	7.26000e-02
3.13850e-03	1.41416e-04	1.47184e-06	-1.53288e-05	-7.72147e-01	-3.08860e-01	-2.27591e-01	1.05318e-01	7.26000e-02
3.03929e-03	1.36943e-04	7.41052e-07	-1.73336e-05	-7.69722e-01	-3.07890e-01	-2.22759e-01	1.05370e-01	7.26000e-02
3.14423e-03	1.41663e-04	1.86601e-07	-1.78892e-05	-7.64412e-01	-3.05766e-01	-2.17895e-01	1.05404e-01	7.26000e-02
3.43289e-03	1.54659e-04	-4.35736e-07	-2.04415e-05	-7.60675e-01	-3.04272e-01	-2.13000e-01	1.05418e-01	7.26000e-02
3.55084e-03	1.59961e-04	-1.00847e-06	-2.00051e-05	-7.60939e-01	-3.04377e-01	-2.08075e-01	1.05414e-01	7.26000e-02
3.37511e-03	1.52032e-04	-1.44597e-06	-1.83524e-05	-7.61148e-01	-3.04461e-01	-2.03120e-01	1.05390e-01	7.26000e-02
3.15914e-03	1.42289e-04	-1.96611e-06	-2.01820e-05	-7.57734e-01	-3.03095e-01	-1.98136e-01	1.05348e-01	7.26000e-02
3.04201e-03	1.36998e-04	-2.47428e-06	-2.13735e-05	-7.53574e-01	-3.01431e-01	-1.93124e-01	1.05286e-01	7.26000e-02
2.91125e-03	1.31095e-04	-2.72767e-06	-1.70933e-05	-7.51413e-01	-3.00566e-01	-1.88084e-01	1.05206e-01	7.26000e-02
2.73175e-03	1.23000e-04	-2.81211e-06	-1.07450e-05	-7.49535e-01	-2.99815e-01	-1.83017e-01	1.05107e-01	7.26000e-02
2.54117e-03	1.14406e-04	-2.95796e-06	-8.66704e-06	-7.46778e-01	-2.98712e-01	-1.77923e-01	1.04989e-01	7.26000e-02
2.33772e-03	1.05227e-04	-3.26670e-06	-1.19186e-05	-7.44254e-01	-2.97702e-01	-1.72804e-01	1.04853e-01	7.26000e-02
2.19203e-03	9.86518e-05	-3.45526e-06	-1.46694e-05	-7.42162e-01	-2.96866e-01	-1.67659e-01	1.04699e-01	7.26000e-02
2.18672e-03	9.84006e-05	-3.68231e-06	-1.11058e-05	-7.40656e-01	-2.96263e-01	-1.62491e-01	1.04526e-01	7.26000e-02
2.17735e-03	9.79791e-05	-3.56676e-06	-3.22830e-06	-7.40408e-01	-2.96164e-01	-1.57299e-01	1.04335e-01	7.26000e-02
1.99006e-03	8.95439e-05	-3.38225e-06	1.08406e-06	-7.39561e-01	-2.95825e-01	-1.52083e-01	1.04126e-01	7.26000e-02
1.68446e-03	7.57762e-05	-3.21558e-06	-1.46160e-06	-7.37035e-01	-2.94815e-01	-1.46846e-01	1.03899e-01	7.26000e-02
1.46976e-03	6.61033e-05	-3.08291e-06	-5.17010e-06	-7.33694e-01	-2.93478e-01	-1.41587e-01	1.03655e-01	7.26000e-02
1.44973e-03	6.51900e-05	-3.26294e-06	-4.14468e-06	-7.30082e-01	-2.92033e-01	-1.36308e-01	1.03393e-01	7.26000e-02
1.53374e-03	6.89683e-05	-3.41596e-06	3.79872e-07	-7.26823e-01	-2.90730e-01	-1.31008e-01	1.03114e-01	7.26000e-02
1.48772e-03	6.68905e-05	-3.44503e-06	6.04358e-06	-7.24796e-01	-2.89919e-01	-1.25689e-01	1.02817e-01	7.26000e-02
1.26225e-03	5.67601e-05	-2.80027e-06	1.30960e-05	-7.22199e-01	-2.88880e-01	-1.20352e-01	1.02504e-01	7.26000e-02
1.13516e-03	5.10493e-05	-2.46630e-06	1.77519e-05	-7.15869e-01	-2.86348e-01	-1.14997e-01	1.02173e-01	7.26000e-02
1.14427e-03	5.14447e-05	-2.71925e-06	1.67951e-05	-7.09675e-01	-2.83870e-01	-1.09625e-01	1.01826e-01	7.26000e-02
9.71967e-04	4.37035e-05	-2.24549e-06	1.59088e-05	-7.05644e-01	-2.82258e-01	-1.04237e-01	1.01463e-01	7.26000e-02
5.85457e-04	2.63333e-05	-1.24084e-06	1.99005e-05	-6.99357e-01	-2.79743e-01	-9.88329e-02	1.01083e-01	7.26000e-02
2.03302e-04	9.18163e-06	6.42259e-08	2.44688e-05	-6.91741e-01	-2.76697e-01	-9.34145e-02	1.00688e-01	7.26000e-02
-9.58878e-05	-4.24389e-06	1.10556e-06	2.53783e-05	-6.83518e-01	-2.73406e-01	-8.79822e-02	1.00277e-01	7.26000e-02
-2.28757e-04	-1.02001e-05	1.62578e-06	2.41853e-05	-6.72576e-01	-2.69030e-01	-8.25367e-02	9.98499e-02	7.26000e-02
-1.12255e-04	-4.97423e-06	1.16275e-06	2.18605e-05	-6.61598e-01	-2.64638e-01	-7.70788e-02	9.94078e-02	7.26000e-02
1.15885e-04	5.25097e-06	1.89272e-07	1.85728e-05	-6.53874e-01	-2.61550e-01	-7.16094e-02	9.89506e-02	7.26000e-02
3.00847e-04	1.35450e-05	-5.49178e-07	1.94802e-05	-6.48262e-01	-2.59305e-01	-6.61292e-02	9.84786e-02	7.26000e-02
4.24391e-04	1.90960e-05	-9.23601e-07	2.97868e-05	-6.43958e-01	-2.57584e-01	-6.06391e-02	9.79921e-02	7.26000e-02
4.31920e-04	1.94601e-05	-6.84278e-07	4.53157e-05	-6.41310e-01	-2.56525e-01	-5.51397e-02	9.74912e-02	7.26000e-02
2.89223e-04	1.30854e-05	9.94772e-08	5.42646e-05	-6.37804e-01	-2.55124e-01	-4.96319e-02	9.69762e-02	7.26000e-02
1.19813e-04	5.47693e-06	6.07629e-07	5.06393e-05	-6.32758e-01	-2.53108e-01	-4.41165e-02	9.64474e-02	7.26000e-02
1.08078e-05	5.82636e-07	9.43890e-07	4.28449e-05	-6.28475e-01	-2.51424e-01	-3.85944e-02	9.59050e-02	7.26000e-02
-1.18884e-04	-5.22637e-06	1.49448e-06	4.40932e-05	-6.24667e-01	-2.49863e-01	-3.30662e-02	9.53493e-02	7.26000e-02
-3.53252e-04	-1.56965e-05	2.77226e-06	5.53486e-05	-6.19889e-01	-2.47954e-01	-2.75329e-02	9.47806e-02	7.26000e-02
-5.85226e-04	-2.60556e-05	4.06652e-06	6.53218e-05	-6.12849e-01	-2.45138e-01	-2.19952e-02	9.41991e-02	7.26000e-02
-6.59724e-04	-2.93825e-05	4.45971e-06	6.64513e-05	-6.05374e-01	-2.42148e-01	-1.64539e-02	9.36051e-02	7.26000e-02
-6.40765e-04	-2.85306e-05	4.37510e-06	6.34903e-05	-6.00161e-01	-2.40063e-01	-1.09099e-02	9.29989e-02	7.26000e-02
-6.53439e-04	-2.90991e-05	4.39968e-06	6.24987e-05	-5.94597e-01	-2.37837e-01	-5.36387e-03	9.23808e-02	7.26000e-02
-6.44992e-04	-2.87140e-05	4.39912e-06	6.15823e-05	-5.87280e-01	-2.34911e-01	1.83256e-04	9.17509e-02	7.26000e-02
-5.54617e-04	-2.46788e-05	3.86708e-06	5.74225e-05	-5.81016e-01	-2.32405e-01	5.73070e-03	9.11097e-02	7.26000e-02
-4.52506e-04	-2.01234e-05	3.23980e-06	5.26594e-05	-5.76998e-01	-2.30798e-01	1.12776e-02	9.04574e-02	7.26000e-02
-3.94659e-04	-1.75393e-05	2.90938e-06	4.99938e-05	-5.74313e-01	-2.29724e-01	1.68233e-02	8.97942e-02	7.26000e-02
-3.60708e-04	-1.60248e-05	2.69332e-06	4.75646e-05	-5.71897e-01	-2.28757e-01	2.23668e-02	8.91205e-02	7.26000e-02
-3.62432e-04	-1.61042e-05	2.67198e-06	4.46502e-05	-5.69661e-01	-2.27863e-01	2.79074e-02	8.84365e-02	7.26000e-02
-4.56805e-04	-2.03174e-05	3.19802e-06	4.42386e-05	-5.68076e-01	-2.27229e-01	3.34443e-02	8.77425e-02	7.26000e-02
-6.26365e-04	-2.78737e-05	4.25681e-06	4.66639e-05	-5.66069e-01	-2.26427e-01	3.89765e-02	8.70388e-02	7.26000e-02
-7.26480e-04	-3.23392e-05	4.84601e-06	4.65223e-05	-5.62575e-01	-2.25029e-01	4.45035e-02	8.63257e-02	7.26000e-02
-6.67452e-04	-2.97059e-05	4.48668e-06	4.08283e-05	-5.58605e-01	-2.23441e-01	5.00242e-02	8.56035e-02	7.26000e-02
-5.60356e-04	-2.49315e-05	3.81963e-06	3.54489e-05	-5.55564e-01	-2.22225e-01	5.55380e-02	8.48725e-02	7.26000e-02
-5.57475e-04	-2.47966e-05	3.84321e-06	3.77051e-05	-5.53864e-01	-2.21545e-01	6.10439e-02	8.41329e-02	7.26000e-02
-6.23280e-04	-2.77119e-05	4.37559e-06	4.57549e-05	-5.52312e-01	-2.20924e-01	6.65413e-02	8.33850e-02	7.26000e-02
-6.12835e-04	-2.72351e-05	4.38445e-06	5.05807e-05	-5.49848e-01	-2.19938e-01	7.20292e-02	8.26291e-02	7.26000e-02
-5.41437e-04	-2.40538e-05	3.92601e-06	4.76147e-05	-5.47415e-01	-2.18965e-01	7.75069e-02	8.18655e-02	7.26000e-02
-5.40990e-04	-2.40420e-05	3.85937e-06	4.15755e-05	-5.45513e-01	-2.18204e-01	8.29736e-02	8.10946e-02	7.26000e-02
-6.02106e-04	-2.67665e-05	4.23034e-06	3.81772e-05	-5.43691e-01	-2.17476e-01	8.84285e-02	8.03165e-02	7.26000e-02
-5.97370e-04	-2.65517e-05	4.22234e-06	3.66222e-05	-5.41880e-01	-2.16751e-01	9.38708e-02	7.95315e-02	7.26000e-02
-4.85396e-04	-2.15657e-05	3.48887e-06	3.36269e-05	-5.40402e-01	-2.16160e-01	9.92997e-02	7.87400e-02	7.26000e-02
-3.58011e-04	-1.58958e-05	2.64054e-06	2.91743e-05	-5.39875e-01	-2.15949e-01	1.04714e-01	7.79422e-02	7.26000e-02
-3.28957e-04	-1.46060e-05	2.42202e-06	2.50592e-05	-5.40226e-01	-2.16090e-01	1.10114e-01	7.71384e-02	7.26000e-02
-4.11196e-04	-1.82683e-05	2.95307e-06	2.16912e-05	-5.40628e-01	-2.16251e-01	1.15498e-01	7.63289e-02	7.26000e-02
-5.16308e-04	-2.29443e-05	3.66488e-06	1.86596e-05	-5.40563e-01	-2.16225e-01	1.20866e-01	7.55139e-02	7.26000e-02
-5.58303e-04	-2.48102e-05	3.96353e-06	1.63061e-05	-5.40122e-01	-2.16049e-01	1.26216e-01	7.46938e-02	7.26000e-02
-5.25510e-04	-2.33478e-05	3.76253e-06	1.50712e-05	-5.39909e-01	-2.15963e-01	1.31548e-01	7.38688e-02	7.26000e-02
-4.71895e-04	-2.09612e-05	3.40581e-06	1.42614e-05	-5.40418e-01	-2.16167e-01	1.36861e-01	7.30392e-02	7.26000e-02
-4.44134e-04	-1.97245e-05	3.22729e-06	1.28398e-05	-5.41345e-01	-2.16538e-01	1.42154e-01	7.22053e-02	7.26000e-02
-4.34972e-04	-1.93156e-05	3.17237e-06	1.06772e-05	-5.42159e-01	-2.16864e-01	1.47428e-01	7.13672e-02	7.26000e-02
-4.33270e-04	-1.92394e-05	3.16267e-06	8.11622e-06	-5.42963e-01	-2.17185e-01	1.52680e-01	7.05254e-02	7.26000e-02
-4.58748e-04	-2.03700e-05	3.35286e-06	5.65160e-06	-5.43842e-01	-2.17536e-01	1.57910e-01	6.96801e-02	7.26000e-02
-5.08034e-04	-2.25563e-05	3.72611e-06	4.49654e-06	-5.44455e-01	-2.17782e-01	1.63117e-01	6.88315e-02	7.26000e-02
-5.42970e-04	-2.41012e-05	4.01967e-06	5.55031e-06	-5.44969e-01	-2.17987e-01	1.68302e-01	6.79799e-02	7.26000e-02
-5.49544e-04	-2.43859e-05	4.11095e-06	7.71530e-06	-5.45770e-01	-2.18308e-01	1.73462e-01	6.71256e-02	7.26000e-02
-5.46463e-04	-2.42438e-05	4.11961e-06	8.87397e-06	-5.46712e-01	-2.18685e-01	1.78597e-01	6.62688e-02	7.26000e-02
-5.48775e-04	-2.43420e-05	4.16240e-06	8.41043e-06	-5.47589e-01	-2.19035e-01	1.83707e-01	6.54099e-02	7.26000e-02
-5.59701e-04	-2.48224e-05	4.26967e-06	7.56522e-06	-5.48381e-01	-2.19352e-01	1.88790e-01	6.45489e-02	7.26000e-02
-5.78757e-04	-2.56630e-05	4.44138e-06	7.47416e-06	-5.49132e-01	-2.19652e-01	1.93847e-01	6.36863e-02	7.26000e-02
-6.00995e-04	-2.66436e-05	4.64288e-06	8.05023e-06	-5.49919e-01	-2.19967e-01	1.98876e-01	6.28223e-02	7.26000e-02
-6.12566e-04	-2.71506e-05	4.76678e-06	8.76378e-06	-5.50719e-01	-2.20287e-01	2.03876e-01	6.19571e-02	7.26000e-02
-6.03830e-04	-2.67577e-05	4.73076e-06	9.22574e-06	-5.51535e-01	-2.20614e-01	2.08847e-01	6.10910e-02	7.26000e-02
-5.88868e-04	-2.60896e-05	4.64191e-06	8.91233e-06	-5.52453e-01	-2.20981e-01	2.13789e-01	6.02243e-02	7.26000e-02
-5.93682e-04	-2.62990e-05	4.70178e-06	7.50376e-06	-5.53364e-01	-2.21345e-01	2.18700e-01	5.93571e-02	7.26000e-02
-6.22762e-04	-2.75836e-05	4.95160e-06	5.52516e-06	-5.54107e-01	-2.21642e-01	2.23581e-01	5.84897e-02	7.26000e-02
-6.60427e-04	-2.92473e-05	5.27633e-06	3.98001e-06	-5.54728e-01	-2.21891e-01	2.28429e-01	5.76224e-02	7.26000e-02
-6.92301e-04	-3.06532e-05	5.56215e-06	3.45750e-06	-5.55287e-01	-2.22115e-01	2.33245e-01	5.67554e-02	7.26000e-02
-7.13563e-04	-3.15883e-05	5.76819e-06	4.00262e-06	-5.55822e-01	-2.22329e-01	2.38028e-01	5.58890e-02	7.26000e-02
-7.29060e-04	-3.22671e-05	5.93213e-06	5.32753e-06	-5.56402e-01	-2.22561e-01	2.42778e-01	5.50234e-02	7.26000e-02
-7.47545e-04	-3.30787e-05	6.11835e-06	6.67213e-06	-5.57013e-01	-2.22805e-01	2.47493e-01	5.41589e-02	7.26000e-02
-7.72157e-04	-3.41616e-05	6.35272e-06	7.10800e-06	-5.57597e-01	-2.23038e-01	2.52173e-01	5.32956e-02	7.26000e-02
-8.03811e-04	-3.55559e-05	6.64593e-06	6.49785e-06	-5.58123e-01	-2.23249e-01	2.56818e-01	5.24339e-02	7.26000e-02
-8.43859e-04	-3.73211e-05	7.01041e-06	5.51749e-06	-5.58511e-01	-2.23404e-01	2.61427e-01	5.15738e-02	7.26000e-02
-8.88649e-04	-3.92953e-05	7.41829e-06	4.69489e-06	-5.58763e-01	-2.23505e-01	2.65998e-01	5.07158e-02	7.26000e-02
-9.29406e-04	-4.10900e-05	7.79836e-06	4.02239e-06	-5.59012e-01	-2.23604e-01	2.70533e-01	4.98600e-02	7.26000e-02
-9.62390e-04	-4.25406e-05	8.11521e-06	3.35906e-06	-5.59361e-01	-2.23744e-01	2.75030e-01	4.90066e-02	7.26000e-02
-9.92744e-04	-4.38749e-05	8.41024e-06	2.78323e-06	-5.59773e-01	-2.23909e-01	2.79488e-01	4.81559e-02	7.26000e-02
-1.02592e-03	-4.53332e-05	8.73331e-06	2.41275e-06	-5.60151e-01	-2.24060e-01	2.83908e-01	4.73080e-02	7.26000e-02
-1.05958e-03	-4.68114e-05	9.06646e-06	2.02815e-06	-5.60442e-01	-2.24176e-01	2.88288e-01	4.64633e-02	7.26000e-02
-1.08659e-03	-4.79954e-05	9.34605e-06	1.45717e-06	-5.60678e-01	-2.24271e-01	2.92628e-01	4.56219e-02	7.26000e-02
-1.10692e-03	-4.88840e-05	9.56919e-06	1.26063e-06	-5.60898e-01	-2.24359e-01	2.96927e-01	4.47840e-02	7.26000e-02
-1.12954e-03	-4.98728e-05	9.81444e-06	2.18295e-06	-5.61087e-01	-2.24434e-01	3.01186e-01	4.39499e-02	7.26000e-02
-1.16271e-03	-5.13271e-05	1.01553e-05	4.09060e-06	-5.61208e-01	-2.24483e-01	3.05403e-01	4.31198e-02	7.26000e-02
-1.20414e-03	-5.31454e-05	1.05694e-05	5.98811e-06	-5.61294e-01	-2.24517e-01	3.09578e-01	4.22939e-02	7.26000e-02
-1.24363e-03	-5.48785e-05	1.09665e-05	6.90986e-06	-5.61393e-01	-2.24557e-01	3.13710e-01	4.14723e-02	7.26000e-02
-1.27354e-03	-5.61886e-05	1.12785e-05	6.74039e-06	-5.61485e-01	-2.24593e-01	3.17800e-01	4.06554e-02	7.26000e-02
-1.29918e-03	-5.73098e-05	1.15560e-05	6.27375e-06	-5.61510e-01	-2.24603e-01	3.21846e-01	3.98433e-02	7.26000e-02
-1.32769e-03	-5.85562e-05	1.18637e-05	6.27082e-06	-5.61416e-01	-2.24566e-01	3.25848e-01	3.90361e-02	7.26000e-02
-1.35620e-03	-5.98019e-05	1.21759e-05	6.53922e-06	-5.61242e-01	-2.24496e-01	3.29806e-01	3.82342e-02	7.26000e-02
-1.38011e-03	-6.08443e-05	1.24492e-05	6.17653e-06	-5.61102e-01	-2.24440e-01	3.33719e-01	3.74377e-02	7.26000e-02
-1.40059e-03	-6.17373e-05	1.26835e-05	4.71917e-06	-5.60967e-01	-2.24386e-01	3.37588e-01	3.66468e-02	7.26000e-02
-1.41611e-03	-6.24128e-05	1.28655e-05	2.79334e-06	-5.60760e-01	-2.24303e-01	3.41410e-01	3.58617e-02	7.26000e-02
-1.42966e-03	-6.30003e-05	1.30356e-05	1.35202e-06	-5.60502e-01	-2.24200e-01	3.45187e-01	3.50826e-02	7.26000e-02
-1.45072e-03	-6.39166e-05	1.32831e-05	5.83310e-07	-5.60135e-01	-2.24053e-01	3.48918e-01	3.43096e-02	7.26000e-02
-1.47398e-03	-6.49294e-05	1.35556e-05	2.59318e-08	-5.59601e-01	-2.23840e-01	3.52602e-01	3.35430e-02	7.26000e-02
-1.48658e-03	-6.54722e-05	1.37295e-05	-6.53035e-07	-5.59075e-01	-2.23629e-01	3.56240e-01	3.27830e-02	7.26000e-02
-1.49759e-03	-6.59458e-05	1.38837e-05	-1.31228e-06	-5.58674e-01	-2.23469e-01	3.59830e-01	3.20296e-02	7.26000e-02
-1.52623e-03	-6.71962e-05	1.42017e-05	-1.59553e-06	-5.58160e-01	-2.23263e-01	3.63373e-01	3.12832e-02	7.26000e-02
-1.56342e-03	-6.88208e-05	1.46080e-05	-1.41828e-06	-5.57394e-01	-2.22957e-01	3.66868e-01	3.05438e-02	7.26000e-02
-1.58999e-03	-6.99752e-05	1.49267e-05	-8.07413e-07	-5.56612e-01	-2.22644e-01	3.70315e-01	2.98116e-02	7.26000e-02
-1.60893e-03	-7.07963e-05	1.51637e-05	4.22777e-07	-5.55888e-01	-2.22355e-01	3.73714e-01	2.90868e-02	7.26000e-02
-1.63084e-03	-7.17501e-05	1.54166e-05	2.05371e-06	-5.55119e-01	-2.22047e-01	3.77064e-01	2.83696e-02	7.26000e-02
-1.65516e-03	-7.28080e-05	1.57032e-05	3.30902e-06	-5.54352e-01	-2.21740e-01	3.80365e-01	2.76601e-02	7.26000e-02
-1.67312e-03	-7.35847e-05	1.59359e-05	3.85051e-06	-5.53606e-01	-2.21442e-01	3.83618e-01	2.69585e-02	7.26000e-02
-1.67608e-03	-7.37026e-05	1.60194e-05	3.91101e-06	-5.52866e-01	-2.21146e-01	3.86821e-01	2.62649e-02	7.26000e-02
-1.66272e-03	-7.31042e-05	1.59424e-05	3.66497e-06	-5.52223e-01	-2.20889e-01	3.89975e-01	2.55795e-02	7.26000e-02
-1.64487e-03	-7.23086e-05	1.58209e-05	3.35217e-06	-5.51688e-01	-2.20675e-01	3.93079e-01	2.49024e-02	7.26000e-02
-1.63957e-03	-7.20652e-05	1.58175e-05	3.30914e-06	-5.51107e-01	-2.20442e-01	3.96134e-01	2.42337e-02	7.26000e-02
-1.64528e-03	-7.23049e-05	1.59247e-05	3.50788e-06	-5.50365e-01	-2.20145e-01	3.99139e-01	2.35736e-02	7.26000e-02
-1.64396e-03	-7.22328e-05	1.59743e-05	3.61408e-06	-5.49568e-01	-2.19826e-01	4.02094e-01	2.29222e-02	7.26000e-02
-1.63471e-03	-7.18138e-05	1.59422e-05	3.36454e-06	-5.48859e-01	-2.19543e-01	4.04999e-01	2.22797e-02	7.26000e-02
-1.63366e-03	-7.17574e-05	1.59772e-05	2.75318e-06	-5.48128e-01	-2.19251e-01	4.07853e-01	2.16461e-02	7.26000e-02
-1.64036e-03	-7.20422e-05	1.60866e-05	2.21378e-06	-5.47275e-01	-2.18909e-01	4.10658e-01	2.10216e-02	7.26000e-02
-1.64333e-03	-7.21600e-05	1.61708e-05	2.60719e-06	-5.46444e-01	-2.18577e-01	4.13413e-01	2.04063e-02	7.26000e-02
-1.64752e-03	-7.23332e-05	1.62612e-05	4.42863e-06	-5.45659e-01	-2.18263e-01	4.16117e-01	1.98003e-02	7.26000e-02
-1.66262e-03	-7.29841e-05	1.64624e-05	6.89405e-06	-5.44782e-01	-2.17912e-01	4.18771e-01	1.92037e-02	7.26000e-02
-1.68393e-03	-7.39066e-05	1.67323e-05	8.57872e-06	-5.43798e-01	-2.17518e-01	4.21374e-01	1.86166e-02	7.26000e-02
-1.70270e-03	-7.47202e-05	1.69632e-05	9.10830e-06	-5.42771e-01	-2.17108e-01	4.23928e-01	1.80391e-02	7.26000e-02
-1.71918e-03	-7.54361e-05	1.71593e-05	9.39385e-06	-5.41720e-01	-2.16687e-01	4.26431e-01	1.74712e-02	7.26000e-02
-1.74164e-03	-7.64118e-05	1.74270e-05	1.01171e-05	-5.40635e-01	-2.16253e-01	4.28884e-01	1.69131e-02	7.26000e-02
-1.76896e-03	-7.75967e-05	1.77595e-05	1.09246e-05	-5.39461e-01	-2.15784e-01	4.31287e-01	1.63648e-02	7.26000e-02
-1.78103e-03	-7.81144e-05	1.79330e-05	1.12869e-05	-5.38202e-01	-2.15280e-01	4.33640e-01	1.58264e-02	7.26000e-02
-1.76713e-03	-7.74950e-05	1.78357e-05	1.13219e-05	-5.36963e-01	-2.14785e-01	4.35943e-01	1.52980e-02	7.26000e-02
-1.75049e-03	-7.67557e-05	1.77085e-05	1.16653e-05	-5.35774e-01	-2.14309e-01	4.38197e-01	1.47795e-02	7.26000e-02
-1.74583e-03	-7.65435e-05	1.76955e-05	1.28688e-05	-5.34571e-01	-2.13828e-01	4.40401e-01	1.42711e-02	7.26000e-02
-1.72523e-03	-7.56288e-05	1.75370e-05	1.49354e-05	-5.33458e-01	-2.13383e-01	4.42556e-01	1.37728e-02	7.26000e-02
-1.66970e-03	-7.31761e-05	1.70516e-05	1.70394e-05	-5.32628e-01	-2.13050e-01	4.44661e-01	1.32847e-02	7.26000e-02
-1.61159e-03	-7.06147e-05	1.65220e-05	1.81096e-05	-5.31958e-01	-2.12782e-01	4.46718e-01	1.28067e-02	7.26000e-02
-1.58643e-03	-6.95086e-05	1.62791e-05	1.81155e-05	-5.31130e-01	-2.12451e-01	4.48725e-01	1.23389e-02	7.26000e-02
-1.58107e-03	-6.92711e-05	1.62350e-05	1.77788e-05	-5.30182e-01	-2.12072e-01	4.50685e-01	1.18813e-02	7.26000e-02
-1.57306e-03	-6.89127e-05	1.61853e-05	1.71278e-05	-5.29370e-01	-2.11747e-01	4.52596e-01	1.14340e-02	7.26000e-02
-1.56946e-03	-6.87477e-05	1.61792e-05	1.57351e-05	-5.28646e-01	-2.11458e-01	4.54459e-01	1.09968e-02	7.26000e-02
-1.57793e-03	-6.91098e-05	1.63033e-05	1.40007e-05	-5.27852e-01	-2.11140e-01	4.56275e-01	1.05699e-02	7.26000e-02
-1.59095e-03	-6.96700e-05	1.64802e-05	1.29090e-05	-5.26976e-01	-2.10790e-01	4.58044e-01	1.01532e-02	7.26000e-02
-1.60309e-03	-7.01950e-05	1.66336e-05	1.27823e-05	-5.26001e-01	-2.10400e-01	4.59765e-01	9.74664e-03	7.26000e-02
-1.60861e-03	-7.04321e-05	1.67109e-05	1.28428e-05	-5.24939e-01	-2.09975e-01	4.61440e-01	9.35027e-03	7.26000e-02
-1.60660e-03	-7.03366e-05	1.67217e-05	1.22668e-05	-5.23889e-01	-2.09555e-01	4.63070e-01	8.96404e-03	7.26000e-02
-1.61170e-03	-7.05536e-05	1.68013e-05	1.14565e-05	-5.22844e-01	-2.09137e-01	4.64653e-01	8.58789e-03	7.26000e-02
-1.62980e-03	-7.13387e-05	1.70197e-05	1.13376e-05	-5.21744e-01	-2.08697e-01	4.66192e-01	8.22178e-03	7.26000e-02
-1.64223e-03	-7.18720e-05	1.71958e-05	1.18412e-05	-5.20647e-01	-2.08258e-01	4.67685e-01	7.86566e-03	7.26000e-02
-1.63268e-03	-7.14450e-05	1.71339e-05	1.21968e-05	-5.19629e-01	-2.07851e-01	4.69135e-01	7.51946e-03	7.26000e-02
-1.60512e-03	-7.02300e-05	1.68823e-05	1.20727e-05	-5.18692e-01	-2.07476e-01	4.70540e-01	7.18311e-03	7.26000e-02
-1.56922e-03	-6.86497e-05	1.65439e-05	1.16661e-05	-5.17805e-01	-2.07121e-01	4.71903e-01	6.85654e-03	7.26000e-02
-1.53012e-03	-6.69309e-05	1.61647e-05	1.13390e-05	-5.16912e-01	-2.06764e-01	4.73223e-01	6.53965e-03	7.26000e-02
-1.48849e-03	-6.51043e-05	1.57495e-05	1.13432e-05	-5.16016e-01	-2.06406e-01	4.74501e-01	6.23235e-03	7.26000e-02
-1.44293e-03	-6.31070e-05	1.52866e-05	1.16391e-05	-5.15164e-01	-2.06065e-01	4.75738e-01	5.93454e-03	7.26000e-02
-1.39332e-03	-6.09323e-05	1.47803e-05	1.20559e-05	-5.14392e-01	-2.05756e-01	4.76934e-01	5.64611e-03	7.26000e-02
-1.34568e-03	-5.88422e-05	1.43032e-05	1.25341e-05	-5.13729e-01	-2.05491e-01	4.78090e-01	5.36694e-03	7.26000e-02
-1.31400e-03	-5.74513e-05	1.39899e-05	1.31170e-05	-5.13160e-01	-2.05263e-01	4.79207e-01	5.09690e-03	7.26000e-02
-1.30463e-03	-5.70411e-05	1.38916e-05	1.38017e-05	-5.12613e-01	-2.05045e-01	4.80285e-01	4.83586e-03	7.26000e-02
-1.30600e-03	-5.70995e-05	1.39121e-05	1.45277e-05	-5.12068e-01	-2.04827e-01	4.81325e-01	4.58368e-03	7.26000e-02
-1.30555e-03	-5.70763e-05	1.39223e-05	1.52839e-05	-5.11539e-01	-2.04615e-01	4.82328e-01	4.34020e-03	7.26000e-02
-1.30289e-03	-5.69579e-05	1.39029e-05	1.61098e-05	-5.11017e-01	-2.04406e-01	4.83294e-01	4.10527e-03	7.26000e-02
-1.30310e-03	-5.69674e-05	1.39044e-05	1.70115e-05	-5.10487e-01	-2.04194e-01	4.84225e-01	3.87872e-03	7.26000e-02
-1.30487e-03	-5.70418e-05	1.39346e-05	1.79170e-05	-5.09927e-01	-2.03970e-01	4.85121e-01	3.66037e-03	7.26000e-02
-1.30638e-03	-5.71006e-05	1.39798e-05	1.87718e-05	-5.09335e-01	-2.03733e-01	4.85984e-01	3.45004e-03	7.26000e-02
-1.30240e-03	-5.69171e-05	1.39766e-05	1.94888e-05	-5.08705e-01	-2.03482e-01	4.86813e-01	3.24754e-03	7.26000e-02
-1.28643e-03	-5.62144e-05	1.38247e-05	1.99893e-05	-5.08078e-01	-2.03230e-01	4.87610e-01	3.05266e-03	7.26000e-02
-1.25617e-03	-5.48915e-05	1.35027e-05	2.02958e-05	-5.07495e-01	-2.02997e-01	4.88377e-01	2.86521e-03	7.26000e-02
-1.21683e-03	-5.31719e-05	1.30819e-05	2.05460e-05	-5.06974e-01	-2.02789e-01	4.89113e-01	2.68496e-03	7.26000e-02
-1.17184e-03	-5.12013e-05	1.26160e-05	2.08146e-05	-5.06553e-01	-2.02621e-01	4.89820e-01	2.51169e-03	7.26000e-02
-1.11972e-03	-4.89197e-05	1.20730e-05	2.09288e-05	-5.06195e-01	-2.02478e-01	4.90499e-01	2.34517e-03	7.26000e-02
-1.06585e-03	-4.65681e-05	1.14833e-05	2.07109e-05	-5.05920e-01	-2.02367e-01	4.91151e-01	2.18515e-03	7.26000e-02
-1.01886e-03	-4.45119e-05	1.09910e-05	2.02485e-05	-5.05696e-01	-2.02278e-01	4.91777e-01	2.03138e-03	7.26000e-02
-9.79562e-04	-4.27915e-05	1.05813e-05	1.97476e-05	-5.05472e-01	-2.02188e-01	4.92378e-01	1.88362e-03	7.26000e-02
-9.46929e-04	-4.13626e-05	1.02422e-05	1.92146e-05	-5.05324e-01	-2.02129e-01	4.92955e-01	1.74158e-03	7.26000e-02
-9.14897e-04	-3.99547e-05	9.93133e-06	1.86275e-05	-5.05080e-01	-2.02032e-01	4.93510e-01	1.60501e-03	7.26000e-02
-8.85578e-04	-3.86842e-05	9.57276e-06	1.80404e-05	-5.04968e-01	-2.01987e-01	4.94043e-01	1.47361e-03	7.26000e-02
-8.55406e-04	-3.73458e-05	9.32931e-06	1.75439e-05	-5.04725e-01	-2.01890e-01	4.94556e-01	1.34710e-03	7.26000e-02
-8.24991e-04	-3.60419e-05	8.90062e-06	1.71668e-05	-5.04583e-01	-2.01833e-01	4.95050e-01	1.22517e-03	7.26000e-02
-7.94934e-04	-3.46936e-05	8.71880e-06	1.69140e-05	-5.04446e-01	-2.01778e-01	4.95527e-01	1.10753e-03	7.26000e-02
-7.60264e-04	-3.32038e-05	8.24378e-06	1.67657e-05	-5.04154e-01	-2.01661e-01	4.95987e-01	9.93848e-04	7.26000e-02
-7.24151e-04	-3.16033e-05	7.94634e-06	1.66790e-05	-5.04203e-01	-2.01681e-01	4.96433e-01	8.83813e-04	7.26000e-02
-6.82244e-04	-2.97638e-05	7.52947e-06	1.66320e-05	-5.03708e-01	-2.01483e-01	4.96864e-01	7.77089e-04	7.26000e-02
-6.30200e-04	-2.75370e-05	6.77833e-06	1.66357e-05	-5.03863e-01	-2.01545e-01	4.97284e-01	6.73337e-04	7.26000e-02
-5.83435e-04	-2.53818e-05	6.72684e-06	1.65594e-05	-5.03465e-01	-2.01386e-01	4.97692e-01	5.72209e-04	7.26000e-02
-5.04050e-04	-2.20893e-05	5.16115e-06	1.64946e-05	-5.03236e-01	-2.01294e-01	4.98091e-01	4.73349e-04	7.26000e-02
-4.76958e-04	-2.05908e-05	6.13983e-06	1.63405e-05	-5.03855e-01	-2.01542e-01	4.98483e-01	3.76393e-04	7.26000e-02
-3.90029e-04	-1.70740e-05	4.06846e-06	1.57376e-05	-5.02446e-01	-2.00978e-01	4.98868e-01	2.80968e-04	7.26000e-02
-4.75584e-04	-2.05663e-05	5.98075e-06	1.62559e-05	-5.06839e-01	-2.02735e-01	4.99248e-01	1.86692e-04	7.26000e-02
-7.69747e-04	-3.17726e-05	1.57811e-05	1.73714e-05	-5.06432e-01	-2.02573e-01	4.99625e-01	9.31766e-05	7.26000e-02
-6.34809e-04	-3.81781e-05	-3.52114e-05	1.47209e-05	-5.11188e-01	-2.04474e-01	5.00000e-01	0.00000e+00	7.26000e-02
