"Density"	"Momentum:0"	"Momentum:1"	"Momentum:2"	"StagnationEnergy"	"Pressure"	"Points:0"	"Points:1"	"Points:2"
1.74963e-02	-6.86846e-04	8.13418e-04	-3.61386e-04	-7.08364e-02	-2.83490e-02	-5.14266e-01	0.00000e+00	1.87000e-01
-1.70357e-04	6.28296e-05	-1.08796e-05	-1.47258e-04	-3.62110e-01	-1.44814e-01	-5.14214e-01	2.24940e-03	1.87000e-01
4.34005e-03	7.62197e-05	1.95728e-04	-1.78230e-04	-2.53203e-01	-1.01285e-01	-5.14057e-01	4.49390e-03	1.87000e-01
1.15579e-02	1.11196e-04	5.27312e-04	-2.02304e-04	-3.13708e-01	-1.25489e-01	-5.13794e-01	6.72851e-03	1.87000e-01
1.43604e-02	1.87324e-04	6.44109e-04	-1.98261e-04	-3.21629e-01	-1.28658e-01	-5.13426e-01	8.94820e-03	1.87000e-01
1.74659e-02	2.25661e-04	7.80593e-04	-1.97676e-04	-3.71364e-01	-1.48554e-01	-5.12954e-01	1.11481e-02	1.87000e-01
1.98591e-02	3.02796e-04	8.72485e-04	-1.84149e-04	-4.48502e-01	-1.79410e-01	-5.12380e-01	1.33237e-02	1.87000e-01
2.12222e-02	3.50336e-04	9.21027e-04	-1.74621e-04	-4.94315e-01	-1.97736e-01	-5.11707e-01	1.54707e-02	1.87000e-01
2.21650e-02	4.04121e-04	9.45389e-04	-1.60666e-04	-5.75138e-01	-2.30065e-01	-5.10939e-01	1.75855e-02	1.87000e-01
2.24606e-02	4.45365e-04	9.40706e-04	-1.49634e-04	-6.28764e-01	-2.51515e-01	-5.10124e-01	1.95626e-02	1.87000e-01
2.24593e-02	4.73813e-04	9.25460e-04	-1.41624e-04	-6.79792e-01	-2.71927e-01	-5.09307e-01	2.13454e-02	1.87000e-01
2.22542e-02	4.99890e-04	8.99843e-04	-1.34275e-04	-7.27975e-01	-2.91200e-01	-5.08487e-01	2.29834e-02	1.87000e-01
2.18453e-02	5.14051e-04	8.68906e-04	-1.30205e-04	-7.61581e-01	-3.04642e-01	-5.07663e-01	2.45089e-02	1.87000e-01
2.14009e-02	5.27403e-04	8.35812e-04	-1.26536e-04	-7.98283e-01	-3.19323e-01	-5.06833e-01	2.59447e-02	1.87000e-01
2.08609e-02	5.34413e-04	8.00680e-04	-1.24993e-04	-8.25050e-01	-3.30029e-01	-5.05995e-01	2.73078e-02	1.87000e-01
2.02951e-02	5.38810e-04	7.65208e-04	-1.24349e-04	-8.50588e-01	-3.40244e-01	-5.05147e-01	2.86106e-02	1.87000e-01
1.96993e-02	5.40426e-04	7.29400e-04	-1.24729e-04	-8.72548e-01	-3.49028e-01	-5.04290e-01	2.98633e-02	1.87000e-01
1.90687e-02	5.38777e-04	6.93470e-04	-1.26175e-04	-8.90656e-01	-3.56271e-01	-5.03420e-01	3.10738e-02	1.87000e-01
1.84513e-02	5.36049e-04	6.58658e-04	-1.28350e-04	-9.07346e-01	-3.62947e-01	-5.02538e-01	3.22485e-02	1.87000e-01
1.78063e-02	5.30655e-04	6.23907e-04	-1.31352e-04	-9.20777e-01	-3.68319e-01	-5.01640e-01	3.33928e-02	1.87000e-01
1.71766e-02	5.24341e-04	5.90446e-04	-1.35088e-04	-9.32482e-01	-3.73000e-01	-5.00727e-01	3.45111e-02	1.87000e-01
1.65409e-02	5.16439e-04	5.57630e-04	-1.39439e-04	-9.42235e-01	-3.76901e-01	-4.99797e-01	3.56071e-02	1.87000e-01
1.59066e-02	5.07288e-04	5.25684e-04	-1.44455e-04	-9.49896e-01	-3.79965e-01	-4.98849e-01	3.66840e-02	1.87000e-01
1.52746e-02	4.97049e-04	4.94583e-04	-1.49985e-04	-9.56168e-01	-3.82474e-01	-4.97881e-01	3.77444e-02	1.87000e-01
1.46397e-02	4.85622e-04	4.64156e-04	-1.56051e-04	-9.60674e-01	-3.84276e-01	-4.96893e-01	3.87908e-02	1.87000e-01
1.40178e-02	4.73600e-04	4.34890e-04	-1.62731e-04	-9.63707e-01	-3.85489e-01	-4.95883e-01	3.98251e-02	1.87000e-01
1.33999e-02	4.60772e-04	4.06476e-04	-1.69945e-04	-9.65385e-01	-3.86160e-01	-4.94849e-01	4.08490e-02	1.87000e-01
1.27860e-02	4.47199e-04	3.78880e-04	-1.77708e-04	-9.65611e-01	-3.86250e-01	-4.93792e-01	4.18640e-02	1.87000e-01
1.21747e-02	4.32885e-04	3.52056e-04	-1.85966e-04	-9.64624e-01	-3.85855e-01	-4.92710e-01	4.28714e-02	1.87000e-01
1.15644e-02	4.17836e-04	3.25930e-04	-1.94734e-04	-9.62355e-01	-3.84948e-01	-4.91602e-01	4.38722e-02	1.87000e-01
1.09558e-02	4.02111e-04	3.00516e-04	-2.04017e-04	-9.58907e-01	-3.83568e-01	-4.90466e-01	4.48675e-02	1.87000e-01
1.03498e-02	3.85803e-04	2.75816e-04	-2.13875e-04	-9.54344e-01	-3.81743e-01	-4.89303e-01	4.58579e-02	1.87000e-01
9.74419e-03	3.68857e-04	2.51754e-04	-2.24302e-04	-9.48678e-01	-3.79476e-01	-4.88110e-01	4.68443e-02	1.87000e-01
9.13427e-03	3.51138e-04	2.28202e-04	-2.35196e-04	-9.42015e-01	-3.76811e-01	-4.86888e-01	4.78272e-02	1.87000e-01
8.52189e-03	3.32742e-04	2.05201e-04	-2.46606e-04	-9.34390e-01	-3.73761e-01	-4.85634e-01	4.88070e-02	1.87000e-01
7.90490e-03	3.13605e-04	1.82707e-04	-2.58425e-04	-9.25899e-01	-3.70365e-01	-4.84349e-01	4.97843e-02	1.87000e-01
7.28140e-03	2.93665e-04	1.60686e-04	-2.70485e-04	-9.16638e-01	-3.66660e-01	-4.83032e-01	5.07592e-02	1.87000e-01
6.65275e-03	2.72980e-04	1.39198e-04	-2.82622e-04	-9.06716e-01	-3.62692e-01	-4.81680e-01	5.17321e-02	1.87000e-01
6.02318e-03	2.51714e-04	1.18378e-04	-2.94638e-04	-8.96285e-01	-3.58520e-01	-4.80295e-01	5.27032e-02	1.87000e-01
5.39621e-03	2.29990e-04	9.83643e-05	-3.06136e-04	-8.85517e-01	-3.54212e-01	-4.78875e-01	5.36726e-02	1.87000e-01
4.77981e-03	2.08104e-04	7.94012e-05	-3.16727e-04	-8.74628e-01	-3.49857e-01	-4.77419e-01	5.46403e-02	1.87000e-01
4.18168e-03	1.86335e-04	6.17474e-05	-3.25733e-04	-8.63856e-01	-3.45549e-01	-4.75926e-01	5.56066e-02	1.87000e-01
3.61484e-03	1.65191e-04	4.57479e-05	-3.32717e-04	-8.53481e-01	-3.41400e-01	-4.74397e-01	5.65712e-02	1.87000e-01
3.08249e-03	1.44776e-04	3.15586e-05	-3.36726e-04	-8.43803e-01	-3.37530e-01	-4.72830e-01	5.75343e-02	1.87000e-01
2.58720e-03	1.25249e-04	1.91988e-05	-3.37618e-04	-8.35096e-01	-3.34049e-01	-4.71224e-01	5.84956e-02	1.87000e-01
2.12078e-03	1.06363e-04	8.40033e-06	-3.35321e-04	-8.27617e-01	-3.31058e-01	-4.69579e-01	5.94553e-02	1.87000e-01
1.67864e-03	8.81080e-05	-1.19568e-06	-3.31006e-04	-8.21524e-01	-3.28623e-01	-4.67894e-01	6.04130e-02	1.87000e-01
1.26746e-03	7.09612e-05	-9.79835e-06	-3.26460e-04	-8.16836e-01	-3.26752e-01	-4.66169e-01	6.13687e-02	1.87000e-01
9.14761e-04	5.61795e-05	-1.71093e-05	-3.22966e-04	-8.13516e-01	-3.25430e-01	-4.64404e-01	6.23221e-02	1.87000e-01
6.61701e-04	4.54483e-05	-2.23393e-05	-3.20730e-04	-8.11482e-01	-3.24625e-01	-4.62597e-01	6.32731e-02	1.87000e-01
5.37419e-04	3.99170e-05	-2.48539e-05	-3.19415e-04	-8.10758e-01	-3.24342e-01	-4.60748e-01	6.42215e-02	1.87000e-01
5.63465e-04	4.04787e-05	-2.42684e-05	-3.18803e-04	-8.11187e-01	-3.24512e-01	-4.58857e-01	6.51670e-02	1.87000e-01
7.69784e-04	4.83784e-05	-2.00490e-05	-3.17853e-04	-8.12506e-01	-3.25029e-01	-4.56923e-01	6.61093e-02	1.87000e-01
1.12452e-03	6.22983e-05	-1.27923e-05	-3.14831e-04	-8.15211e-01	-3.26103e-01	-4.54946e-01	6.70483e-02	1.87000e-01
1.50269e-03	7.71713e-05	-5.02790e-06	-3.09369e-04	-8.19652e-01	-3.27874e-01	-4.52925e-01	6.79835e-02	1.87000e-01
1.83752e-03	9.03776e-05	1.70209e-06	-3.02662e-04	-8.25142e-01	-3.30068e-01	-4.50860e-01	6.89148e-02	1.87000e-01
2.15919e-03	1.03131e-04	8.03173e-06	-2.95336e-04	-8.31413e-01	-3.32574e-01	-4.48751e-01	6.98418e-02	1.87000e-01
2.41387e-03	1.13199e-04	1.29771e-05	-2.87787e-04	-8.39050e-01	-3.35628e-01	-4.46597e-01	7.07642e-02	1.87000e-01
2.48116e-03	1.15548e-04	1.44384e-05	-2.80613e-04	-8.48220e-01	-3.39295e-01	-4.44398e-01	7.16817e-02	1.87000e-01
2.37276e-03	1.10576e-04	1.28457e-05	-2.73813e-04	-8.57623e-01	-3.43057e-01	-4.42154e-01	7.25939e-02	1.87000e-01
2.18418e-03	1.02260e-04	9.90258e-06	-2.67192e-04	-8.65920e-01	-3.46375e-01	-4.39864e-01	7.35006e-02	1.87000e-01
1.95395e-03	9.21154e-05	6.52398e-06	-2.59762e-04	-8.73194e-01	-3.49286e-01	-4.37528e-01	7.44014e-02	1.87000e-01
1.71924e-03	8.16195e-05	3.57687e-06	-2.49823e-04	-8.79323e-01	-3.51737e-01	-4.35146e-01	7.52959e-02	1.87000e-01
1.52122e-03	7.26896e-05	1.26497e-06	-2.40225e-04	-8.83853e-01	-3.53549e-01	-4.32717e-01	7.61838e-02	1.87000e-01
1.34992e-03	6.50880e-05	-1.10439e-06	-2.34619e-04	-8.88356e-01	-3.55351e-01	-4.30242e-01	7.70647e-02	1.87000e-01
1.14882e-03	5.60919e-05	-3.51215e-06	-2.28663e-04	-8.95151e-01	-3.58070e-01	-4.27720e-01	7.79383e-02	1.87000e-01
9.36692e-04	4.63481e-05	-5.18704e-06	-2.15060e-04	-9.01924e-01	-3.60780e-01	-4.25151e-01	7.88043e-02	1.87000e-01
7.66443e-04	3.83446e-05	-5.98419e-06	-1.95077e-04	-9.05236e-01	-3.62105e-01	-4.22535e-01	7.96622e-02	1.87000e-01
5.46291e-04	2.81444e-05	-7.19813e-06	-1.75307e-04	-9.06299e-01	-3.62531e-01	-4.19872e-01	8.05118e-02	1.87000e-01
2.26881e-04	1.37224e-05	-9.81551e-06	-1.56860e-04	-9.06248e-01	-3.62521e-01	-4.17162e-01	8.13526e-02	1.87000e-01
-1.53232e-05	2.66730e-06	-1.13998e-05	-1.39879e-04	-9.04684e-01	-3.61616e-01	-4.14404e-01	8.21843e-02	1.87000e-01
-5.67325e-05	4.30982e-07	-1.07236e-05	-1.28974e-04	-9.02435e-01	-3.60915e-01	-4.11598e-01	8.30066e-02	1.87000e-01
-4.90763e-05	4.70014e-07	-9.87616e-06	-1.23692e-04	-9.01865e-01	-3.60683e-01	-4.08746e-01	8.38190e-02	1.87000e-01
-3.03790e-04	-1.08857e-05	-1.22272e-05	-1.15985e-04	-9.04194e-01	-3.61669e-01	-4.05845e-01	8.46213e-02	1.87000e-01
-7.99785e-04	-3.29204e-05	-1.67530e-05	-1.02749e-04	-9.06978e-01	-3.62788e-01	-4.02897e-01	8.54130e-02	1.87000e-01
-1.08194e-03	-4.57068e-05	-1.83872e-05	-9.14506e-05	-9.06931e-01	-3.62770e-01	-3.99902e-01	8.61939e-02	1.87000e-01
-1.04559e-03	-4.43373e-05	-1.72689e-05	-8.82713e-05	-9.05822e-01	-3.62327e-01	-3.96859e-01	8.69636e-02	1.87000e-01
-1.08748e-03	-4.63936e-05	-1.69713e-05	-8.44887e-05	-9.05553e-01	-3.62219e-01	-3.93768e-01	8.77217e-02	1.87000e-01
-1.21555e-03	-5.24122e-05	-1.67720e-05	-7.10247e-05	-9.03087e-01	-3.61233e-01	-3.90631e-01	8.84679e-02	1.87000e-01
-1.20297e-03	-5.21702e-05	-1.53881e-05	-5.81042e-05	-8.99004e-01	-3.59601e-01	-3.87445e-01	8.92019e-02	1.87000e-01
-1.18437e-03	-5.15121e-05	-1.45606e-05	-5.39798e-05	-8.95355e-01	-3.58141e-01	-3.84213e-01	8.99234e-02	1.87000e-01
-1.16039e-03	-5.06003e-05	-1.37284e-05	-5.09030e-05	-8.89913e-01	-3.55964e-01	-3.80933e-01	9.06319e-02	1.87000e-01
-8.97857e-04	-3.91487e-05	-1.06979e-05	-4.56971e-05	-8.84850e-01	-3.53939e-01	-3.77607e-01	9.13273e-02	1.87000e-01
-5.70505e-04	-2.47591e-05	-7.42828e-06	-4.30476e-05	-8.83495e-01	-3.53397e-01	-3.74233e-01	9.20091e-02	1.87000e-01
-4.18216e-04	-1.81111e-05	-5.70256e-06	-4.05396e-05	-8.82487e-01	-3.52994e-01	-3.70813e-01	9.26771e-02	1.87000e-01
-2.97111e-04	-1.29008e-05	-3.91611e-06	-3.28337e-05	-8.81604e-01	-3.52641e-01	-3.67347e-01	9.33310e-02	1.87000e-01
-1.47904e-04	-6.41413e-06	-2.01845e-06	-2.36029e-05	-8.85204e-01	-3.54081e-01	-3.63834e-01	9.39705e-02	1.87000e-01
-2.19356e-04	-9.65373e-06	-2.21842e-06	-1.69863e-05	-8.91523e-01	-3.56609e-01	-3.60275e-01	9.45953e-02	1.87000e-01
-5.89798e-04	-2.62323e-05	-4.34960e-06	-9.29210e-06	-8.95061e-01	-3.58024e-01	-3.56670e-01	9.52050e-02	1.87000e-01
-9.60161e-04	-4.28267e-05	-6.30125e-06	2.56862e-06	-8.94124e-01	-3.57649e-01	-3.53020e-01	9.57995e-02	1.87000e-01
-1.07700e-03	-4.81412e-05	-6.35377e-06	1.33750e-05	-8.91094e-01	-3.56437e-01	-3.49324e-01	9.63785e-02	1.87000e-01
-1.11568e-03	-4.99528e-05	-5.96005e-06	1.81016e-05	-8.88640e-01	-3.55455e-01	-3.45583e-01	9.69417e-02	1.87000e-01
-1.26354e-03	-5.66211e-05	-6.32319e-06	1.87811e-05	-8.85378e-01	-3.54150e-01	-3.41797e-01	9.74889e-02	1.87000e-01
-1.33798e-03	-5.99189e-05	-6.87466e-06	1.83187e-05	-8.80669e-01	-3.52267e-01	-3.37966e-01	9.80198e-02	1.87000e-01
-1.19301e-03	-5.34631e-05	-5.77958e-06	1.67664e-05	-8.78466e-01	-3.51386e-01	-3.34092e-01	9.85341e-02	1.87000e-01
-9.91744e-04	-4.45136e-05	-4.18101e-06	1.63609e-05	-8.78764e-01	-3.51505e-01	-3.30173e-01	9.90318e-02	1.87000e-01
-9.41663e-04	-4.23034e-05	-3.57605e-06	1.98692e-05	-8.79234e-01	-3.51693e-01	-3.26211e-01	9.95124e-02	1.87000e-01
-1.08691e-03	-4.88448e-05	-3.88259e-06	2.46353e-05	-8.80052e-01	-3.52020e-01	-3.22206e-01	9.99760e-02	1.87000e-01
-1.27213e-03	-5.71767e-05	-4.34897e-06	2.72089e-05	-8.80769e-01	-3.52307e-01	-3.18158e-01	1.00422e-01	1.87000e-01
-1.35571e-03	-6.09451e-05	-4.39584e-06	2.74270e-05	-8.80218e-01	-3.52087e-01	-3.14067e-01	1.00851e-01	1.87000e-01
-1.40203e-03	-6.30124e-05	-4.57378e-06	2.58515e-05	-8.77674e-01	-3.51069e-01	-3.09935e-01	1.01262e-01	1.87000e-01
-1.49635e-03	-6.72541e-05	-4.73334e-06	2.50042e-05	-8.74045e-01	-3.49617e-01	-3.05761e-01	1.01655e-01	1.87000e-01
-1.55935e-03	-7.01136e-05	-4.49412e-06	2.75675e-05	-8.70263e-01	-3.48105e-01	-3.01545e-01	1.02030e-01	1.87000e-01
-1.57436e-03	-7.08062e-05	-4.19435e-06	3.02234e-05	-8.67297e-01	-3.46918e-01	-2.97289e-01	1.02386e-01	1.87000e-01
-1.67153e-03	-7.51761e-05	-4.31962e-06	2.67595e-05	-8.65430e-01	-3.46171e-01	-2.92993e-01	1.02725e-01	1.87000e-01
-1.86269e-03	-8.37453e-05	-5.06169e-06	1.80128e-05	-8.62729e-01	-3.45091e-01	-2.88656e-01	1.03045e-01	1.87000e-01
-1.94934e-03	-8.76476e-05	-5.09057e-06	1.27450e-05	-8.59832e-01	-3.43932e-01	-2.84280e-01	1.03346e-01	1.87000e-01
-1.90818e-03	-8.58315e-05	-4.32514e-06	1.58115e-05	-8.58145e-01	-3.43257e-01	-2.79866e-01	1.03629e-01	1.87000e-01
-1.88324e-03	-8.47368e-05	-3.67850e-06	2.25132e-05	-8.55814e-01	-3.42325e-01	-2.75413e-01	1.03892e-01	1.87000e-01
-1.86928e-03	-8.41267e-05	-3.16588e-06	2.76645e-05	-8.52615e-01	-3.41045e-01	-2.70922e-01	1.04137e-01	1.87000e-01
-1.81470e-03	-8.16916e-05	-2.47346e-06	3.10108e-05	-8.50158e-01	-3.40062e-01	-2.66393e-01	1.04363e-01	1.87000e-01
-1.79930e-03	-8.10053e-05	-2.09765e-06	3.24211e-05	-8.48735e-01	-3.39493e-01	-2.61828e-01	1.04570e-01	1.87000e-01
-1.88499e-03	-8.48653e-05	-1.92038e-06	3.20479e-05	-8.47756e-01	-3.39102e-01	-2.57226e-01	1.04758e-01	1.87000e-01
-1.98658e-03	-8.94422e-05	-1.69785e-06	3.25315e-05	-8.45918e-01	-3.38366e-01	-2.52588e-01	1.04927e-01	1.87000e-01
-1.98933e-03	-8.95694e-05	-1.33558e-06	3.35473e-05	-8.43736e-01	-3.37494e-01	-2.47916e-01	1.05076e-01	1.87000e-01
-1.95289e-03	-8.79283e-05	-1.04147e-06	3.08523e-05	-8.42147e-01	-3.36858e-01	-2.43208e-01	1.05207e-01	1.87000e-01
-1.99575e-03	-8.98520e-05	-1.04332e-06	2.41184e-05	-8.39890e-01	-3.35955e-01	-2.38467e-01	1.05318e-01	1.87000e-01
-2.10431e-03	-9.47380e-05	-8.68773e-07	1.86939e-05	-8.36714e-01	-3.34685e-01	-2.33692e-01	1.05410e-01	1.87000e-01
-2.21369e-03	-9.96619e-05	-5.62280e-07	1.70448e-05	-8.32690e-01	-3.33075e-01	-2.28884e-01	1.05482e-01	1.87000e-01
-2.28939e-03	-1.03068e-04	-2.73645e-07	1.60958e-05	-8.26886e-01	-3.30753e-01	-2.24043e-01	1.05536e-01	1.87000e-01
-2.28706e-03	-1.02961e-04	2.13002e-08	1.36551e-05	-8.20110e-01	-3.28043e-01	-2.19171e-01	1.05570e-01	1.87000e-01
-2.21378e-03	-9.96589e-05	3.85319e-07	1.07347e-05	-8.14590e-01	-3.25835e-01	-2.14268e-01	1.05585e-01	1.87000e-01
-2.16942e-03	-9.76580e-05	6.85449e-07	8.78313e-06	-8.10542e-01	-3.24216e-01	-2.09335e-01	1.05581e-01	1.87000e-01
-2.18915e-03	-9.85415e-05	1.02598e-06	9.06280e-06	-8.06335e-01	-3.22533e-01	-2.04371e-01	1.05558e-01	1.87000e-01
-2.18664e-03	-9.84214e-05	1.44686e-06	1.16896e-05	-8.01916e-01	-3.20766e-01	-1.99379e-01	1.05516e-01	1.87000e-01
-2.14809e-03	-9.66773e-05	1.88922e-06	1.52606e-05	-7.98752e-01	-3.19500e-01	-1.94358e-01	1.05455e-01	1.87000e-01
-2.13923e-03	-9.62682e-05	2.30838e-06	1.85247e-05	-7.96347e-01	-3.18538e-01	-1.89309e-01	1.05375e-01	1.87000e-01
-2.11067e-03	-9.49716e-05	2.67765e-06	2.16434e-05	-7.93348e-01	-3.17338e-01	-1.84233e-01	1.05276e-01	1.87000e-01
-1.98349e-03	-8.92351e-05	2.95148e-06	2.53358e-05	-7.90502e-01	-3.16200e-01	-1.79131e-01	1.05159e-01	1.87000e-01
-1.85161e-03	-8.32880e-05	3.13400e-06	2.74810e-05	-7.88870e-01	-3.15547e-01	-1.74003e-01	1.05023e-01	1.87000e-01
-1.85592e-03	-8.34727e-05	3.33658e-06	2.50943e-05	-7.87299e-01	-3.14919e-01	-1.68850e-01	1.04868e-01	1.87000e-01
-1.95573e-03	-8.79553e-05	3.61340e-06	2.05860e-05	-7.84386e-01	-3.13754e-01	-1.63672e-01	1.04696e-01	1.87000e-01
-2.02453e-03	-9.10379e-05	3.97834e-06	1.86981e-05	-7.80863e-01	-3.12344e-01	-1.58471e-01	1.04505e-01	1.87000e-01
-2.05635e-03	-9.24529e-05	4.36217e-06	1.94231e-05	-7.77473e-01	-3.10988e-01	-1.53246e-01	1.04296e-01	1.87000e-01
-2.10809e-03	-9.47642e-05	4.75509e-06	2.03257e-05	-7.73607e-01	-3.09442e-01	-1.48000e-01	1.04069e-01	1.87000e-01
-2.19444e-03	-9.86298e-05	5.23905e-06	2.16633e-05	-7.68918e-01	-3.07566e-01	-1.42732e-01	1.03825e-01	1.87000e-01
-2.27772e-03	-1.02353e-04	5.78385e-06	2.54301e-05	-7.63509e-01	-3.05402e-01	-1.37443e-01	1.03563e-01	1.87000e-01
-2.24955e-03	-1.01061e-04	6.16025e-06	3.13567e-05	-7.57495e-01	-3.02997e-01	-1.32134e-01	1.03284e-01	1.87000e-01
-2.04177e-03	-9.16997e-05	6.01667e-06	3.56621e-05	-7.52037e-01	-3.00814e-01	-1.26806e-01	1.02987e-01	1.87000e-01
-1.79905e-03	-8.07793e-05	5.58963e-06	3.58046e-05	-7.48860e-01	-2.99543e-01	-1.21459e-01	1.02673e-01	1.87000e-01
-1.66321e-03	-7.46646e-05	5.37055e-06	3.29537e-05	-7.46911e-01	-2.98763e-01	-1.16094e-01	1.02343e-01	1.87000e-01
-1.49790e-03	-6.72297e-05	5.02066e-06	2.87643e-05	-7.44756e-01	-2.97902e-01	-1.10713e-01	1.01995e-01	1.87000e-01
-1.23707e-03	-5.55057e-05	4.37346e-06	2.58299e-05	-7.45001e-01	-2.98000e-01	-1.05315e-01	1.01632e-01	1.87000e-01
-1.19844e-03	-5.37575e-05	4.41963e-06	2.68003e-05	-7.47418e-01	-2.98967e-01	-9.99016e-02	1.01252e-01	1.87000e-01
-1.57792e-03	-7.07834e-05	5.74113e-06	2.91040e-05	-7.46215e-01	-2.98485e-01	-9.44735e-02	1.00856e-01	1.87000e-01
-2.03374e-03	-9.12170e-05	7.55411e-06	2.83664e-05	-7.39214e-01	-2.95685e-01	-8.90314e-02	1.00444e-01	1.87000e-01
-2.17755e-03	-9.76514e-05	8.26340e-06	2.49960e-05	-7.30192e-01	-2.92076e-01	-8.35762e-02	1.00017e-01	1.87000e-01
-2.10644e-03	-9.44484e-05	8.14674e-06	1.99821e-05	-7.22660e-01	-2.89063e-01	-7.81086e-02	9.95746e-02	1.87000e-01
-2.15975e-03	-9.68239e-05	8.51763e-06	1.46492e-05	-7.16033e-01	-2.86412e-01	-7.26293e-02	9.91169e-02	1.87000e-01
-2.38494e-03	-1.06900e-04	9.60911e-06	1.38720e-05	-7.08209e-01	-2.83282e-01	-6.71393e-02	9.86444e-02	1.87000e-01
-2.51241e-03	-1.12580e-04	1.04960e-05	1.92953e-05	-6.98173e-01	-2.79268e-01	-6.16392e-02	9.81572e-02	1.87000e-01
-2.39287e-03	-1.07195e-04	1.02887e-05	2.48730e-05	-6.87389e-01	-2.74955e-01	-5.61299e-02	9.76557e-02	1.87000e-01
-2.23320e-03	-1.00016e-04	9.87104e-06	2.57840e-05	-6.78981e-01	-2.71592e-01	-5.06122e-02	9.71400e-02	1.87000e-01
-2.25064e-03	-1.00776e-04	1.01542e-05	2.50062e-05	-6.72136e-01	-2.68853e-01	-4.50869e-02	9.66105e-02	1.87000e-01
-2.34304e-03	-1.04893e-04	1.07618e-05	2.62482e-05	-6.64168e-01	-2.65666e-01	-3.95547e-02	9.60674e-02	1.87000e-01
-2.30516e-03	-1.03170e-04	1.08463e-05	2.76342e-05	-6.55583e-01	-2.62232e-01	-3.40165e-02	9.55110e-02	1.87000e-01
-2.13671e-03	-9.56088e-05	1.02598e-05	2.68288e-05	-6.47754e-01	-2.59101e-01	-2.84731e-02	9.49415e-02	1.87000e-01
-1.97320e-03	-8.82701e-05	9.67875e-06	2.53727e-05	-6.41102e-01	-2.56440e-01	-2.29253e-02	9.43592e-02	1.87000e-01
-1.89921e-03	-8.49410e-05	9.48583e-06	2.45183e-05	-6.35061e-01	-2.54023e-01	-1.73740e-02	9.37643e-02	1.87000e-01
-1.90616e-03	-8.52358e-05	9.66149e-06	2.31759e-05	-6.28942e-01	-2.51576e-01	-1.18198e-02	9.31572e-02	1.87000e-01
-1.95297e-03	-8.73119e-05	1.00439e-05	2.09449e-05	-6.22775e-01	-2.49109e-01	-6.26374e-03	9.25382e-02	1.87000e-01
-1.99288e-03	-8.90775e-05	1.04082e-05	1.85089e-05	-6.16244e-01	-2.46497e-01	-7.06491e-04	9.19074e-02	1.87000e-01
-1.96996e-03	-8.80326e-05	1.04600e-05	1.64219e-05	-6.09323e-01	-2.43728e-01	4.85109e-03	9.12652e-02	1.87000e-01
-1.86528e-03	-8.33355e-05	1.00615e-05	1.53557e-05	-6.03155e-01	-2.41261e-01	1.04082e-02	9.06119e-02	1.87000e-01
-1.74288e-03	-7.78476e-05	9.56018e-06	1.56997e-05	-5.98384e-01	-2.39353e-01	1.59640e-02	8.99477e-02	1.87000e-01
-1.67805e-03	-7.49344e-05	9.34354e-06	1.68865e-05	-5.94500e-01	-2.37799e-01	2.15177e-02	8.92729e-02	1.87000e-01
-1.66505e-03	-7.43352e-05	9.41830e-06	1.80833e-05	-5.90764e-01	-2.36305e-01	2.70684e-02	8.85878e-02	1.87000e-01
-1.63882e-03	-7.31463e-05	9.41138e-06	1.90772e-05	-5.86601e-01	-2.34640e-01	3.26154e-02	8.78927e-02	1.87000e-01
-1.57261e-03	-7.01739e-05	9.16432e-06	1.99173e-05	-5.82333e-01	-2.32932e-01	3.81579e-02	8.71879e-02	1.87000e-01
-1.50208e-03	-6.70096e-05	8.88200e-06	2.06611e-05	-5.78583e-01	-2.31433e-01	4.36950e-02	8.64737e-02	1.87000e-01
-1.44652e-03	-6.45146e-05	8.67378e-06	2.13544e-05	-5.75153e-01	-2.30060e-01	4.92259e-02	8.57503e-02	1.87000e-01
-1.38477e-03	-6.17453e-05	8.41499e-06	2.16768e-05	-5.71988e-01	-2.28795e-01	5.47498e-02	8.50181e-02	1.87000e-01
-1.32167e-03	-5.89185e-05	8.12949e-06	2.13379e-05	-5.69478e-01	-2.27791e-01	6.02659e-02	8.42772e-02	1.87000e-01
-1.28780e-03	-5.73964e-05	8.00899e-06	2.07273e-05	-5.67412e-01	-2.26964e-01	6.57734e-02	8.35281e-02	1.87000e-01
-1.27393e-03	-5.67661e-05	8.00749e-06	2.04115e-05	-5.65367e-01	-2.26146e-01	7.12714e-02	8.27710e-02	1.87000e-01
-1.24358e-03	-5.54008e-05	7.90878e-06	2.06728e-05	-5.63426e-01	-2.25370e-01	7.67593e-02	8.20061e-02	1.87000e-01
-1.18540e-03	-5.27957e-05	7.63007e-06	2.14828e-05	-5.61828e-01	-2.24731e-01	8.22361e-02	8.12339e-02	1.87000e-01
-1.11732e-03	-4.97510e-05	7.27592e-06	2.23141e-05	-5.60626e-01	-2.24250e-01	8.77011e-02	8.04545e-02	1.87000e-01
-1.05535e-03	-4.69813e-05	6.94497e-06	2.23650e-05	-5.59728e-01	-2.23891e-01	9.31534e-02	7.96682e-02	1.87000e-01
-1.00016e-03	-4.45147e-05	6.64529e-06	2.14186e-05	-5.58947e-01	-2.23578e-01	9.85924e-02	7.88753e-02	1.87000e-01
-9.43878e-04	-4.20010e-05	6.32934e-06	1.98968e-05	-5.58228e-01	-2.23291e-01	1.04017e-01	7.80761e-02	1.87000e-01
-8.88331e-04	-3.95209e-05	6.01175e-06	1.82895e-05	-5.57674e-01	-2.23069e-01	1.09427e-01	7.72710e-02	1.87000e-01
-8.46125e-04	-3.76354e-05	5.77652e-06	1.68869e-05	-5.57266e-01	-2.22906e-01	1.14821e-01	7.64601e-02	1.87000e-01
-8.21636e-04	-3.65388e-05	5.65650e-06	1.56583e-05	-5.56892e-01	-2.22757e-01	1.20198e-01	7.56437e-02	1.87000e-01
-8.08268e-04	-3.59372e-05	5.61030e-06	1.44209e-05	-5.56514e-01	-2.22605e-01	1.25558e-01	7.48222e-02	1.87000e-01
-7.99107e-04	-3.55230e-05	5.59059e-06	1.33184e-05	-5.56157e-01	-2.22463e-01	1.30900e-01	7.39957e-02	1.87000e-01
-7.90580e-04	-3.51369e-05	5.57485e-06	1.27736e-05	-5.55896e-01	-2.22358e-01	1.36223e-01	7.31646e-02	1.87000e-01
-7.84415e-04	-3.48556e-05	5.57723e-06	1.29319e-05	-5.55809e-01	-2.22323e-01	1.41527e-01	7.23292e-02	1.87000e-01
-7.83662e-04	-3.48147e-05	5.61822e-06	1.34991e-05	-5.55857e-01	-2.22342e-01	1.46810e-01	7.14897e-02	1.87000e-01
-7.84085e-04	-3.48260e-05	5.66754e-06	1.40272e-05	-5.55925e-01	-2.22370e-01	1.52071e-01	7.06464e-02	1.87000e-01
-7.77681e-04	-3.45343e-05	5.66540e-06	1.40144e-05	-5.55982e-01	-2.22393e-01	1.57311e-01	6.97996e-02	1.87000e-01
-7.66899e-04	-3.40489e-05	5.62702e-06	1.30579e-05	-5.56066e-01	-2.22426e-01	1.62529e-01	6.89495e-02	1.87000e-01
-7.61282e-04	-3.37934e-05	5.62247e-06	1.13192e-05	-5.56152e-01	-2.22460e-01	1.67722e-01	6.80964e-02	1.87000e-01
-7.63322e-04	-3.38781e-05	5.67235e-06	9.47009e-06	-5.56200e-01	-2.22480e-01	1.72892e-01	6.72406e-02	1.87000e-01
-7.71096e-04	-3.42169e-05	5.76678e-06	7.87052e-06	-5.56295e-01	-2.22518e-01	1.78037e-01	6.63823e-02	1.87000e-01
-7.89448e-04	-3.50250e-05	5.94157e-06	6.44970e-06	-5.56508e-01	-2.22603e-01	1.83156e-01	6.55218e-02	1.87000e-01
-8.21054e-04	-3.64206e-05	6.21835e-06	5.44705e-06	-5.56763e-01	-2.22705e-01	1.88249e-01	6.46593e-02	1.87000e-01
-8.57344e-04	-3.80229e-05	6.53651e-06	5.29958e-06	-5.56981e-01	-2.22792e-01	1.93315e-01	6.37952e-02	1.87000e-01
-8.93323e-04	-3.96106e-05	6.85667e-06	5.72892e-06	-5.57194e-01	-2.22877e-01	1.98353e-01	6.29296e-02	1.87000e-01
-9.34886e-04	-4.14454e-05	7.22247e-06	5.88905e-06	-5.57450e-01	-2.22980e-01	2.03363e-01	6.20629e-02	1.87000e-01
-9.82780e-04	-4.35606e-05	7.63835e-06	5.45088e-06	-5.57743e-01	-2.23097e-01	2.08344e-01	6.11952e-02	1.87000e-01
-1.02097e-03	-4.52447e-05	7.98459e-06	4.81908e-06	-5.58077e-01	-2.23230e-01	2.13295e-01	6.03268e-02	1.87000e-01
-1.02911e-03	-4.55964e-05	8.10001e-06	4.33231e-06	-5.58470e-01	-2.23388e-01	2.18215e-01	5.94581e-02	1.87000e-01
-1.00872e-03	-4.46843e-05	7.98839e-06	3.74356e-06	-5.58981e-01	-2.23592e-01	2.23104e-01	5.85891e-02	1.87000e-01
-9.87368e-04	-4.37300e-05	7.86499e-06	2.65461e-06	-5.59630e-01	-2.23852e-01	2.27962e-01	5.77203e-02	1.87000e-01
-9.89120e-04	-4.38001e-05	7.92070e-06	1.28593e-06	-5.60271e-01	-2.24108e-01	2.32787e-01	5.68517e-02	1.87000e-01
-1.01041e-03	-4.47344e-05	8.13699e-06	3.33007e-07	-5.60787e-01	-2.24314e-01	2.37579e-01	5.59838e-02	1.87000e-01
-1.03449e-03	-4.57915e-05	8.38103e-06	8.37482e-08	-5.61224e-01	-2.24489e-01	2.42337e-01	5.51166e-02	1.87000e-01
-1.05289e-03	-4.65967e-05	8.57958e-06	2.05066e-07	-5.61653e-01	-2.24661e-01	2.47061e-01	5.42505e-02	1.87000e-01
-1.06710e-03	-4.72166e-05	8.74466e-06	3.03952e-07	-5.62093e-01	-2.24837e-01	2.51750e-01	5.33856e-02	1.87000e-01
-1.08269e-03	-4.78971e-05	8.92396e-06	2.52928e-07	-5.62530e-01	-2.25011e-01	2.56404e-01	5.25223e-02	1.87000e-01
-1.10393e-03	-4.88269e-05	9.15043e-06	4.16887e-08	-5.62907e-01	-2.25162e-01	2.61021e-01	5.16607e-02	1.87000e-01
-1.12949e-03	-4.99483e-05	9.41139e-06	-4.29299e-07	-5.63195e-01	-2.25277e-01	2.65601e-01	5.08011e-02	1.87000e-01
-1.15494e-03	-5.10639e-05	9.67425e-06	-1.28393e-06	-5.63413e-01	-2.25365e-01	2.70145e-01	4.99437e-02	1.87000e-01
-1.18018e-03	-5.21702e-05	9.93772e-06	-2.46062e-06	-5.63580e-01	-2.25432e-01	2.74650e-01	4.90888e-02	1.87000e-01
-1.20665e-03	-5.33302e-05	1.02135e-05	-3.74515e-06	-5.63695e-01	-2.25478e-01	2.79116e-01	4.82365e-02	1.87000e-01
-1.23477e-03	-5.45632e-05	1.05029e-05	-4.94855e-06	-5.63751e-01	-2.25500e-01	2.83544e-01	4.73871e-02	1.87000e-01
-1.25728e-03	-5.55473e-05	1.07484e-05	-5.88438e-06	-5.63752e-01	-2.25500e-01	2.87932e-01	4.65408e-02	1.87000e-01
-1.26544e-03	-5.58967e-05	1.08761e-05	-6.40978e-06	-5.63767e-01	-2.25506e-01	2.92280e-01	4.56978e-02	1.87000e-01
-1.26391e-03	-5.58177e-05	1.09210e-05	-6.67214e-06	-5.63845e-01	-2.25537e-01	2.96588e-01	4.48584e-02	1.87000e-01
-1.26870e-03	-5.60187e-05	1.10158e-05	-7.02031e-06	-5.63919e-01	-2.25567e-01	3.00854e-01	4.40228e-02	1.87000e-01
-1.28786e-03	-5.68545e-05	1.12332e-05	-7.63461e-06	-5.63897e-01	-2.25558e-01	3.05079e-01	4.31912e-02	1.87000e-01
-1.31542e-03	-5.80603e-05	1.15302e-05	-8.43413e-06	-5.63796e-01	-2.25518e-01	3.09262e-01	4.23637e-02	1.87000e-01
-1.34226e-03	-5.92333e-05	1.18222e-05	-9.21200e-06	-5.63681e-01	-2.25472e-01	3.13402e-01	4.15407e-02	1.87000e-01
-1.36291e-03	-6.01341e-05	1.20569e-05	-9.76646e-06	-5.63532e-01	-2.25412e-01	3.17499e-01	4.07222e-02	1.87000e-01
-1.37465e-03	-6.06421e-05	1.22114e-05	-9.95203e-06	-5.63328e-01	-2.25331e-01	3.21552e-01	3.99086e-02	1.87000e-01
-1.38657e-03	-6.11564e-05	1.23743e-05	-9.79208e-06	-5.63111e-01	-2.25244e-01	3.25562e-01	3.91000e-02	1.87000e-01
-1.41315e-03	-6.23160e-05	1.26730e-05	-9.52435e-06	-5.62855e-01	-2.25142e-01	3.29527e-01	3.82966e-02	1.87000e-01
-1.44980e-03	-6.39209e-05	1.30569e-05	-9.31312e-06	-5.62486e-01	-2.24994e-01	3.33448e-01	3.74986e-02	1.87000e-01
-1.48337e-03	-6.53906e-05	1.34118e-05	-9.13947e-06	-5.62057e-01	-2.24822e-01	3.37323e-01	3.67063e-02	1.87000e-01
-1.51239e-03	-6.66578e-05	1.37321e-05	-9.18958e-06	-5.61636e-01	-2.24654e-01	3.41153e-01	3.59197e-02	1.87000e-01
-1.53528e-03	-6.76535e-05	1.40042e-05	-9.88655e-06	-5.61185e-01	-2.24473e-01	3.44937e-01	3.51392e-02	1.87000e-01
-1.53707e-03	-6.77193e-05	1.40821e-05	-1.11081e-05	-5.60739e-01	-2.24295e-01	3.48675e-01	3.43648e-02	1.87000e-01
-1.51546e-03	-6.67552e-05	1.39431e-05	-1.20264e-05	-5.60428e-01	-2.24170e-01	3.52366e-01	3.35968e-02	1.87000e-01
-1.49134e-03	-6.56818e-05	1.37738e-05	-1.22024e-05	-5.60204e-01	-2.24081e-01	3.56010e-01	3.28353e-02	1.87000e-01
-1.48413e-03	-6.53535e-05	1.37571e-05	-1.21203e-05	-5.59851e-01	-2.23940e-01	3.59607e-01	3.20806e-02	1.87000e-01
-1.48971e-03	-6.55877e-05	1.38640e-05	-1.21605e-05	-5.59322e-01	-2.23728e-01	3.63156e-01	3.13328e-02	1.87000e-01
-1.49298e-03	-6.57205e-05	1.39462e-05	-1.20845e-05	-5.58749e-01	-2.23499e-01	3.66658e-01	3.05921e-02	1.87000e-01
-1.49034e-03	-6.55936e-05	1.39734e-05	-1.16837e-05	-5.58184e-01	-2.23273e-01	3.70111e-01	2.98586e-02	1.87000e-01
-1.48559e-03	-6.53723e-05	1.39848e-05	-1.08629e-05	-5.57552e-01	-2.23020e-01	3.73516e-01	2.91325e-02	1.87000e-01
-1.48595e-03	-6.53763e-05	1.40433e-05	-9.59884e-06	-5.56880e-01	-2.22752e-01	3.76872e-01	2.84139e-02	1.87000e-01
-1.50004e-03	-6.59863e-05	1.42232e-05	-8.39797e-06	-5.56204e-01	-2.22481e-01	3.80179e-01	2.77032e-02	1.87000e-01
-1.52592e-03	-6.71162e-05	1.45076e-05	-7.87972e-06	-5.55422e-01	-2.22168e-01	3.83438e-01	2.70003e-02	1.87000e-01
-1.54896e-03	-6.81181e-05	1.47799e-05	-7.85230e-06	-5.54533e-01	-2.21813e-01	3.86647e-01	2.63054e-02	1.87000e-01
-1.56456e-03	-6.87896e-05	1.49962e-05	-7.75090e-06	-5.53634e-01	-2.21453e-01	3.89806e-01	2.56187e-02	1.87000e-01
-1.57791e-03	-6.93650e-05	1.51778e-05	-7.50734e-06	-5.52660e-01	-2.21064e-01	3.92916e-01	2.49404e-02	1.87000e-01
-1.58805e-03	-6.98014e-05	1.53180e-05	-7.36579e-06	-5.51554e-01	-2.20621e-01	3.95977e-01	2.42705e-02	1.87000e-01
-1.59345e-03	-7.00269e-05	1.54241e-05	-7.38499e-06	-5.50410e-01	-2.20163e-01	3.98987e-01	2.36092e-02	1.87000e-01
-1.59934e-03	-7.02735e-05	1.55353e-05	-7.45602e-06	-5.49292e-01	-2.19716e-01	4.01947e-01	2.29567e-02	1.87000e-01
-1.61112e-03	-7.07813e-05	1.56952e-05	-7.51885e-06	-5.48217e-01	-2.19286e-01	4.04857e-01	2.23130e-02	1.87000e-01
-1.62689e-03	-7.14623e-05	1.59018e-05	-7.65598e-06	-5.47170e-01	-2.18867e-01	4.07717e-01	2.16783e-02	1.87000e-01
-1.63864e-03	-7.19644e-05	1.60782e-05	-7.99015e-06	-5.46103e-01	-2.18440e-01	4.10527e-01	2.10527e-02	1.87000e-01
-1.63729e-03	-7.18928e-05	1.61205e-05	-8.38039e-06	-5.44965e-01	-2.17985e-01	4.13286e-01	2.04363e-02	1.87000e-01
-1.62664e-03	-7.14162e-05	1.60557e-05	-8.36311e-06	-5.43793e-01	-2.17516e-01	4.15995e-01	1.98292e-02	1.87000e-01
-1.62136e-03	-7.11754e-05	1.60434e-05	-7.73996e-06	-5.42622e-01	-2.17048e-01	4.18654e-01	1.92315e-02	1.87000e-01
-1.62620e-03	-7.13784e-05	1.61338e-05	-6.95830e-06	-5.41382e-01	-2.16552e-01	4.21262e-01	1.86433e-02	1.87000e-01
-1.62467e-03	-7.13004e-05	1.61663e-05	-6.36571e-06	-5.40136e-01	-2.16054e-01	4.23820e-01	1.80648e-02	1.87000e-01
-1.60011e-03	-7.02105e-05	1.59754e-05	-5.76969e-06	-5.39059e-01	-2.15623e-01	4.26327e-01	1.74959e-02	1.87000e-01
-1.56326e-03	-6.85824e-05	1.56561e-05	-5.24419e-06	-5.38170e-01	-2.15267e-01	4.28785e-01	1.69368e-02	1.87000e-01
-1.53676e-03	-6.74087e-05	1.54402e-05	-5.33261e-06	-5.37309e-01	-2.14923e-01	4.31192e-01	1.63876e-02	1.87000e-01
-1.52236e-03	-6.67672e-05	1.53376e-05	-6.12334e-06	-5.36281e-01	-2.14512e-01	4.33549e-01	1.58482e-02	1.87000e-01
-1.50727e-03	-6.60979e-05	1.52189e-05	-7.04480e-06	-5.35161e-01	-2.14064e-01	4.35857e-01	1.53188e-02	1.87000e-01
-1.49552e-03	-6.55736e-05	1.51391e-05	-7.78391e-06	-5.34125e-01	-2.13649e-01	4.38114e-01	1.47995e-02	1.87000e-01
-1.49679e-03	-6.56228e-05	1.51788e-05	-8.64303e-06	-5.33139e-01	-2.13255e-01	4.40322e-01	1.42902e-02	1.87000e-01
-1.50480e-03	-6.59685e-05	1.52836e-05	-9.62161e-06	-5.32195e-01	-2.12877e-01	4.42480e-01	1.37911e-02	1.87000e-01
-1.50920e-03	-6.61500e-05	1.53783e-05	-1.02230e-05	-5.31280e-01	-2.12511e-01	4.44589e-01	1.33021e-02	1.87000e-01
-1.50515e-03	-6.59567e-05	1.54044e-05	-1.04527e-05	-5.30298e-01	-2.12119e-01	4.46649e-01	1.28233e-02	1.87000e-01
-1.49239e-03	-6.53900e-05	1.53068e-05	-1.04308e-05	-5.29224e-01	-2.11689e-01	4.48660e-01	1.23547e-02	1.87000e-01
-1.47255e-03	-6.45187e-05	1.51120e-05	-9.45762e-06	-5.28081e-01	-2.11232e-01	4.50623e-01	1.18963e-02	1.87000e-01
-1.43906e-03	-6.30442e-05	1.47986e-05	-7.14547e-06	-5.27045e-01	-2.10817e-01	4.52537e-01	1.14482e-02	1.87000e-01
-1.39802e-03	-6.12358e-05	1.44208e-05	-4.52512e-06	-5.26281e-01	-2.10512e-01	4.54404e-01	1.10104e-02	1.87000e-01
-1.37624e-03	-6.02757e-05	1.42216e-05	-2.83365e-06	-5.25572e-01	-2.10228e-01	4.56222e-01	1.05827e-02	1.87000e-01
-1.38418e-03	-6.06200e-05	1.43191e-05	-2.16813e-06	-5.24665e-01	-2.09865e-01	4.57994e-01	1.01653e-02	1.87000e-01
-1.39989e-03	-6.13021e-05	1.45071e-05	-1.94960e-06	-5.23644e-01	-2.09457e-01	4.59718e-01	9.75811e-03	1.87000e-01
-1.39475e-03	-6.10684e-05	1.44891e-05	-1.90277e-06	-5.22679e-01	-2.09071e-01	4.61396e-01	9.36110e-03	1.87000e-01
-1.35502e-03	-5.93180e-05	1.41219e-05	-2.04003e-06	-5.21870e-01	-2.08747e-01	4.63028e-01	8.97424e-03	1.87000e-01
-1.29569e-03	-5.67063e-05	1.35647e-05	-2.04092e-06	-5.21222e-01	-2.08488e-01	4.64614e-01	8.59749e-03	1.87000e-01
-1.24874e-03	-5.46445e-05	1.31021e-05	-1.26820e-06	-5.20589e-01	-2.08235e-01	4.66155e-01	8.23080e-03	1.87000e-01
-1.22389e-03	-5.35591e-05	1.28327e-05	3.80596e-07	-5.19887e-01	-2.07954e-01	4.67651e-01	7.87412e-03	1.87000e-01
-1.19585e-03	-5.23270e-05	1.25610e-05	2.13183e-06	-5.19273e-01	-2.07709e-01	4.69102e-01	7.52738e-03	1.87000e-01
-1.15587e-03	-5.05666e-05	1.21866e-05	3.22244e-06	-5.18907e-01	-2.07562e-01	4.70510e-01	7.19051e-03	1.87000e-01
-1.13882e-03	-4.98155e-05	1.20270e-05	3.80800e-06	-5.18669e-01	-2.07467e-01	4.71875e-01	6.86344e-03	1.87000e-01
-1.16011e-03	-5.07480e-05	1.22470e-05	4.59831e-06	-5.18302e-01	-2.07320e-01	4.73197e-01	6.54607e-03	1.87000e-01
-1.18594e-03	-5.18743e-05	1.25355e-05	5.80724e-06	-5.17798e-01	-2.07119e-01	4.74477e-01	6.23832e-03	1.87000e-01
-1.20022e-03	-5.24941e-05	1.27051e-05	7.08806e-06	-5.17283e-01	-2.06913e-01	4.75716e-01	5.94007e-03	1.87000e-01
-1.21959e-03	-5.33401e-05	1.29157e-05	8.29860e-06	-5.16774e-01	-2.06709e-01	4.76913e-01	5.65123e-03	1.87000e-01
-1.23675e-03	-5.40832e-05	1.31280e-05	9.54893e-06	-5.16246e-01	-2.06498e-01	4.78071e-01	5.37166e-03	1.87000e-01
-1.22420e-03	-5.35289e-05	1.30182e-05	1.05635e-05	-5.15695e-01	-2.06277e-01	4.79189e-01	5.10124e-03	1.87000e-01
-1.18517e-03	-5.18182e-05	1.26187e-05	1.09281e-05	-5.15185e-01	-2.06074e-01	4.80269e-01	4.83985e-03	1.87000e-01
-1.14854e-03	-5.02104e-05	1.22546e-05	1.06444e-05	-5.14774e-01	-2.05909e-01	4.81310e-01	4.58732e-03	1.87000e-01
-1.13302e-03	-4.95252e-05	1.21178e-05	9.82534e-06	-5.14409e-01	-2.05763e-01	4.82314e-01	4.34352e-03	1.87000e-01
-1.13820e-03	-4.97514e-05	1.21734e-05	8.54446e-06	-5.13990e-01	-2.05596e-01	4.83282e-01	4.10829e-03	1.87000e-01
-1.14900e-03	-5.02274e-05	1.22726e-05	7.07415e-06	-5.13513e-01	-2.05405e-01	4.84214e-01	3.88145e-03	1.87000e-01
-1.14713e-03	-5.01401e-05	1.22755e-05	5.69225e-06	-5.13026e-01	-2.05210e-01	4.85111e-01	3.66283e-03	1.87000e-01
-1.12503e-03	-4.91658e-05	1.20729e-05	4.46216e-06	-5.12565e-01	-2.05026e-01	4.85975e-01	3.45225e-03	1.87000e-01
-1.08884e-03	-4.75832e-05	1.16894e-05	3.38769e-06	-5.12123e-01	-2.04849e-01	4.86805e-01	3.24952e-03	1.87000e-01
-1.05115e-03	-4.59401e-05	1.12672e-05	2.44357e-06	-5.11721e-01	-2.04688e-01	4.87603e-01	3.05443e-03	1.87000e-01
-1.02022e-03	-4.45859e-05	1.09456e-05	1.55827e-06	-5.11366e-01	-2.04546e-01	4.88370e-01	2.86677e-03	1.87000e-01
-9.94637e-04	-4.34614e-05	1.06981e-05	7.35352e-07	-5.11031e-01	-2.04412e-01	4.89107e-01	2.68634e-03	1.87000e-01
-9.68742e-04	-4.23232e-05	1.04468e-05	2.68565e-08	-5.10731e-01	-2.04292e-01	4.89815e-01	2.51289e-03	1.87000e-01
-9.40102e-04	-4.10644e-05	1.01684e-05	-5.89367e-07	-5.10421e-01	-2.04168e-01	4.90495e-01	2.34621e-03	1.87000e-01
-9.09225e-04	-3.97137e-05	9.84240e-06	-1.14859e-06	-5.10145e-01	-2.04058e-01	4.91147e-01	2.18605e-03	1.87000e-01
-8.78291e-04	-3.83601e-05	9.51781e-06	-1.60951e-06	-5.09895e-01	-2.03958e-01	4.91774e-01	2.03215e-03	1.87000e-01
-8.47484e-04	-3.70159e-05	9.17826e-06	-1.91488e-06	-5.09654e-01	-2.03861e-01	4.92375e-01	1.88427e-03	1.87000e-01
-8.22260e-04	-3.59139e-05	8.90626e-06	-2.02686e-06	-5.09524e-01	-2.03809e-01	4.92953e-01	1.74213e-03	1.87000e-01
-7.99970e-04	-3.49314e-05	8.70108e-06	-1.89163e-06	-5.09316e-01	-2.03726e-01	4.93508e-01	1.60546e-03	1.87000e-01
-7.84509e-04	-3.42666e-05	8.49101e-06	-1.47609e-06	-5.09240e-01	-2.03696e-01	4.94041e-01	1.47398e-03	1.87000e-01
-7.70365e-04	-3.36284e-05	8.42074e-06	-8.34873e-07	-5.09005e-01	-2.03602e-01	4.94555e-01	1.34740e-03	1.87000e-01
-7.55115e-04	-3.29903e-05	8.14212e-06	-7.03609e-08	-5.08850e-01	-2.03540e-01	4.95049e-01	1.22541e-03	1.87000e-01
-7.36075e-04	-3.21245e-05	8.07418e-06	7.39101e-07	-5.08696e-01	-2.03478e-01	4.95526e-01	1.10771e-03	1.87000e-01
-7.06544e-04	-3.08621e-05	7.64310e-06	1.53793e-06	-5.08394e-01	-2.03357e-01	4.95987e-01	9.93987e-04	1.87000e-01
-6.70467e-04	-2.92621e-05	7.35089e-06	2.26540e-06	-5.08475e-01	-2.03390e-01	4.96432e-01	8.83915e-04	1.87000e-01
-6.24316e-04	-2.72335e-05	6.90257e-06	2.86090e-06	-5.08010e-01	-2.03204e-01	4.96864e-01	7.77162e-04	1.87000e-01
-5.66281e-04	-2.47431e-05	6.09468e-06	3.27715e-06	-5.08248e-01	-2.03299e-01	4.97283e-01	6.73386e-04	1.87000e-01
-5.16526e-04	-2.24464e-05	6.05506e-06	3.49084e-06	-5.07928e-01	-2.03171e-01	4.97692e-01	5.72240e-04	1.87000e-01
-4.39184e-04	-1.92478e-05	4.49254e-06	3.49897e-06	-5.07766e-01	-2.03106e-01	4.98091e-01	4.73368e-04	1.87000e-01
-4.25809e-04	-1.83315e-05	5.68786e-06	3.29754e-06	-5.08495e-01	-2.03398e-01	4.98483e-01	3.76403e-04	1.87000e-01
-3.59808e-04	-1.57479e-05	3.76594e-06	2.93855e-06	-5.07040e-01	-2.02816e-01	4.98868e-01	2.80972e-04	1.87000e-01
-4.79546e-04	-2.07299e-05	6.06161e-06	2.53834e-06	-5.11598e-01	-2.04639e-01	4.99248e-01	1.86693e-04	1.87000e-01
-8.06499e-04	-3.33006e-05	1.64915e-05	1.97341e-06	-5.10876e-01	-2.04350e-01	4.99625e-01	9.31768e-05	1.87000e-01
-6.53472e-04	-3.97806e-05	-3.81576e-05	1.14208e-06	-5.15151e-01	-2.06059e-01	5.00000e-01	0.00000e+00	1.87000e-01
