"Density"	"Momentum:0"	"Momentum:1"	"Momentum:2"	"StagnationEnergy"	"Pressure"	"Points:0"	"Points:1"	"Points:2"
1.74818e-02	-5.34858e-04	9.26738e-04	-6.75383e-04	-2.26848e-01	-9.07576e-02	-5.10268e-01	0.00000e+00	-4.18000e-02
1.60527e-03	1.50080e-04	7.81875e-05	-1.83267e-04	-4.86494e-01	-1.94605e-01	-5.10216e-01	2.24939e-03	-4.18000e-02
6.24997e-03	1.70212e-04	3.16681e-04	-2.10338e-04	-3.93969e-01	-1.57593e-01	-5.10058e-01	4.49386e-03	-4.18000e-02
1.25871e-02	2.16991e-04	6.41882e-04	-2.30570e-04	-4.67893e-01	-1.87165e-01	-5.09794e-01	6.72834e-03	-4.18000e-02
1.46613e-02	2.86421e-04	7.33527e-04	-2.13916e-04	-4.86612e-01	-1.94654e-01	-5.09425e-01	8.94779e-03	-4.18000e-02
1.72690e-02	3.22759e-04	8.57861e-04	-2.11205e-04	-5.49863e-01	-2.19955e-01	-5.08951e-01	1.11473e-02	-4.18000e-02
1.92719e-02	3.91274e-04	9.40097e-04	-1.85864e-04	-6.33625e-01	-2.53461e-01	-5.08375e-01	1.33223e-02	-4.18000e-02
2.04295e-02	4.31966e-04	9.82020e-04	-1.71366e-04	-6.90693e-01	-2.76289e-01	-5.07699e-01	1.54686e-02	-4.18000e-02
2.13486e-02	4.79878e-04	1.00695e-03	-1.48302e-04	-7.80100e-01	-3.12052e-01	-5.06928e-01	1.75823e-02	-4.18000e-02
2.17323e-02	5.16558e-04	1.00510e-03	-1.30493e-04	-8.42935e-01	-3.37186e-01	-5.06110e-01	1.95583e-02	-4.18000e-02
2.18738e-02	5.43352e-04	9.93491e-04	-1.16606e-04	-9.03952e-01	-3.61593e-01	-5.05291e-01	2.13402e-02	-4.18000e-02
2.18245e-02	5.67724e-04	9.71621e-04	-1.02962e-04	-9.60384e-01	-3.84165e-01	-5.04469e-01	2.29771e-02	-4.18000e-02
2.16280e-02	5.83059e-04	9.45561e-04	-9.47709e-05	-1.00345e+00	-4.01390e-01	-5.03641e-01	2.45016e-02	-4.18000e-02
2.13884e-02	5.97848e-04	9.16927e-04	-8.62020e-05	-1.04863e+00	-4.19465e-01	-5.02808e-01	2.59364e-02	-4.18000e-02
2.10455e-02	6.06761e-04	8.85352e-04	-8.09929e-05	-1.08403e+00	-4.33623e-01	-5.01967e-01	2.72983e-02	-4.18000e-02
2.06791e-02	6.13902e-04	8.53204e-04	-7.65288e-05	-1.11815e+00	-4.47272e-01	-5.01117e-01	2.86000e-02	-4.18000e-02
2.02730e-02	6.18252e-04	8.20256e-04	-7.35158e-05	-1.14831e+00	-4.59334e-01	-5.00257e-01	2.98514e-02	-4.18000e-02
1.98415e-02	6.20294e-04	7.87157e-04	-7.18114e-05	-1.17476e+00	-4.69916e-01	-4.99385e-01	3.10604e-02	-4.18000e-02
1.94043e-02	6.20940e-04	7.54490e-04	-7.07661e-05	-1.19952e+00	-4.79820e-01	-4.98500e-01	3.22336e-02	-4.18000e-02
1.89456e-02	6.19520e-04	7.21886e-04	-7.07826e-05	-1.22101e+00	-4.88415e-01	-4.97600e-01	3.33763e-02	-4.18000e-02
1.84757e-02	6.16599e-04	6.89588e-04	-7.13055e-05	-1.24072e+00	-4.96299e-01	-4.96685e-01	3.44928e-02	-4.18000e-02
1.80080e-02	6.12603e-04	6.58186e-04	-7.24615e-05	-1.25840e+00	-5.03369e-01	-4.95753e-01	3.55869e-02	-4.18000e-02
1.75374e-02	6.07444e-04	6.27460e-04	-7.41452e-05	-1.27401e+00	-5.09615e-01	-4.94802e-01	3.66618e-02	-4.18000e-02
1.70684e-02	6.01323e-04	5.97584e-04	-7.61495e-05	-1.28823e+00	-5.15302e-01	-4.93832e-01	3.77202e-02	-4.18000e-02
1.65946e-02	5.94093e-04	5.68305e-04	-7.84574e-05	-1.30073e+00	-5.20300e-01	-4.92842e-01	3.87643e-02	-4.18000e-02
1.61317e-02	5.86337e-04	5.40191e-04	-8.09735e-05	-1.31184e+00	-5.24745e-01	-4.91830e-01	3.97962e-02	-4.18000e-02
1.56759e-02	5.77982e-04	5.13080e-04	-8.36594e-05	-1.32169e+00	-5.28684e-01	-4.90795e-01	4.08176e-02	-4.18000e-02
1.52270e-02	5.69101e-04	4.86925e-04	-8.64843e-05	-1.33024e+00	-5.32104e-01	-4.89736e-01	4.18300e-02	-4.18000e-02
1.47840e-02	5.59671e-04	4.61707e-04	-8.93713e-05	-1.33775e+00	-5.35106e-01	-4.88653e-01	4.28346e-02	-4.18000e-02
1.43521e-02	5.49955e-04	4.37554e-04	-9.22914e-05	-1.34418e+00	-5.37678e-01	-4.87543e-01	4.38326e-02	-4.18000e-02
1.39349e-02	5.40110e-04	4.14589e-04	-9.51637e-05	-1.34968e+00	-5.39878e-01	-4.86407e-01	4.48248e-02	-4.18000e-02
1.35310e-02	5.30134e-04	3.92736e-04	-9.79061e-05	-1.35433e+00	-5.41737e-01	-4.85242e-01	4.58122e-02	-4.18000e-02
1.31431e-02	5.20181e-04	3.72040e-04	-1.00511e-04	-1.35817e+00	-5.43274e-01	-4.84049e-01	4.67953e-02	-4.18000e-02
1.27728e-02	5.10362e-04	3.52507e-04	-1.02998e-04	-1.36133e+00	-5.44538e-01	-4.82826e-01	4.77748e-02	-4.18000e-02
1.24233e-02	5.00879e-04	3.34163e-04	-1.05446e-04	-1.36387e+00	-5.45553e-01	-4.81572e-01	4.87512e-02	-4.18000e-02
1.20899e-02	4.91576e-04	3.16839e-04	-1.07857e-04	-1.36587e+00	-5.46356e-01	-4.80287e-01	4.97249e-02	-4.18000e-02
1.17747e-02	4.82602e-04	3.00541e-04	-1.10263e-04	-1.36743e+00	-5.46976e-01	-4.78969e-01	5.06961e-02	-4.18000e-02
1.14785e-02	4.74012e-04	2.85245e-04	-1.12661e-04	-1.36858e+00	-5.47438e-01	-4.77618e-01	5.16652e-02	-4.18000e-02
1.11982e-02	4.65730e-04	2.70839e-04	-1.15008e-04	-1.36942e+00	-5.47775e-01	-4.76233e-01	5.26324e-02	-4.18000e-02
1.09405e-02	4.58064e-04	2.57436e-04	-1.17382e-04	-1.37002e+00	-5.48012e-01	-4.74813e-01	5.35978e-02	-4.18000e-02
1.07019e-02	4.50908e-04	2.44896e-04	-1.19796e-04	-1.37044e+00	-5.48180e-01	-4.73358e-01	5.45614e-02	-4.18000e-02
1.04853e-02	4.44436e-04	2.33228e-04	-1.22379e-04	-1.37075e+00	-5.48306e-01	-4.71867e-01	5.55235e-02	-4.18000e-02
1.02878e-02	4.38556e-04	2.22298e-04	-1.25211e-04	-1.37102e+00	-5.48414e-01	-4.70338e-01	5.64838e-02	-4.18000e-02
1.01071e-02	4.33210e-04	2.11991e-04	-1.28382e-04	-1.37130e+00	-5.48524e-01	-4.68772e-01	5.74425e-02	-4.18000e-02
9.94234e-03	4.28404e-04	2.02235e-04	-1.32004e-04	-1.37159e+00	-5.48640e-01	-4.67168e-01	5.83995e-02	-4.18000e-02
9.78739e-03	4.23899e-04	1.92844e-04	-1.36105e-04	-1.37190e+00	-5.48763e-01	-4.65525e-01	5.93546e-02	-4.18000e-02
9.64175e-03	4.19695e-04	1.83770e-04	-1.40735e-04	-1.37221e+00	-5.48889e-01	-4.63842e-01	6.03077e-02	-4.18000e-02
9.50020e-03	4.15570e-04	1.74905e-04	-1.45824e-04	-1.37249e+00	-5.48999e-01	-4.62120e-01	6.12587e-02	-4.18000e-02
9.35897e-03	4.11360e-04	1.66172e-04	-1.51300e-04	-1.37265e+00	-5.49065e-01	-4.60356e-01	6.22075e-02	-4.18000e-02
9.21153e-03	4.06780e-04	1.57461e-04	-1.57067e-04	-1.37263e+00	-5.49057e-01	-4.58552e-01	6.31537e-02	-4.18000e-02
9.04989e-03	4.01470e-04	1.48661e-04	-1.62950e-04	-1.37229e+00	-5.48920e-01	-4.56706e-01	6.40972e-02	-4.18000e-02
8.86255e-03	3.94910e-04	1.39627e-04	-1.68625e-04	-1.37141e+00	-5.48570e-01	-4.54818e-01	6.50378e-02	-4.18000e-02
8.64353e-03	3.86798e-04	1.30357e-04	-1.73742e-04	-1.36981e+00	-5.47927e-01	-4.52888e-01	6.59752e-02	-4.18000e-02
8.38170e-03	3.76596e-04	1.20815e-04	-1.77726e-04	-1.36723e+00	-5.46896e-01	-4.50915e-01	6.69092e-02	-4.18000e-02
8.07568e-03	3.64202e-04	1.11119e-04	-1.80191e-04	-1.36345e+00	-5.45382e-01	-4.48898e-01	6.78394e-02	-4.18000e-02
7.71135e-03	3.48958e-04	1.01195e-04	-1.80460e-04	-1.35819e+00	-5.43279e-01	-4.46837e-01	6.87656e-02	-4.18000e-02
7.29782e-03	3.31278e-04	9.12244e-05	-1.78634e-04	-1.35117e+00	-5.40472e-01	-4.44732e-01	6.96875e-02	-4.18000e-02
6.82835e-03	3.10940e-04	8.10021e-05	-1.75159e-04	-1.34223e+00	-5.36897e-01	-4.42583e-01	7.06048e-02	-4.18000e-02
6.29265e-03	2.87555e-04	7.02699e-05	-1.70557e-04	-1.33121e+00	-5.32487e-01	-4.40389e-01	7.15171e-02	-4.18000e-02
5.68238e-03	2.60745e-04	5.89891e-05	-1.64693e-04	-1.31818e+00	-5.27274e-01	-4.38150e-01	7.24241e-02	-4.18000e-02
4.99285e-03	2.30194e-04	4.74293e-05	-1.56577e-04	-1.30333e+00	-5.21333e-01	-4.35865e-01	7.33256e-02	-4.18000e-02
4.22953e-03	1.95976e-04	3.61921e-05	-1.44541e-04	-1.28668e+00	-5.14674e-01	-4.33535e-01	7.42211e-02	-4.18000e-02
3.48610e-03	1.62185e-04	2.68384e-05	-1.28315e-04	-1.26747e+00	-5.06990e-01	-4.31159e-01	7.51104e-02	-4.18000e-02
3.00862e-03	1.39918e-04	2.22217e-05	-1.11514e-04	-1.24417e+00	-4.97671e-01	-4.28737e-01	7.59931e-02	-4.18000e-02
2.92309e-03	1.35078e-04	2.29992e-05	-9.78284e-05	-1.22009e+00	-4.88039e-01	-4.26268e-01	7.68688e-02	-4.18000e-02
3.06800e-03	1.40445e-04	2.70091e-05	-8.61041e-05	-1.20213e+00	-4.80855e-01	-4.23753e-01	7.77371e-02	-4.18000e-02
3.29892e-03	1.49429e-04	3.28348e-05	-7.25519e-05	-1.19008e+00	-4.76032e-01	-4.21191e-01	7.85978e-02	-4.18000e-02
3.51016e-03	1.57501e-04	3.86681e-05	-5.46278e-05	-1.18189e+00	-4.72759e-01	-4.18582e-01	7.94505e-02	-4.18000e-02
3.57741e-03	1.59272e-04	4.26040e-05	-3.66637e-05	-1.17573e+00	-4.70293e-01	-4.15927e-01	8.02948e-02	-4.18000e-02
3.90294e-03	1.73619e-04	4.62447e-05	-3.56236e-05	-1.16349e+00	-4.65399e-01	-4.13224e-01	8.11304e-02	-4.18000e-02
4.75314e-03	2.12530e-04	5.18097e-05	-5.64663e-05	-1.14814e+00	-4.59257e-01	-4.10475e-01	8.19569e-02	-4.18000e-02
5.39116e-03	2.41315e-04	5.68430e-05	-6.82762e-05	-1.13974e+00	-4.55900e-01	-4.07678e-01	8.27739e-02	-4.18000e-02
5.42097e-03	2.41665e-04	5.96383e-05	-4.90314e-05	-1.13149e+00	-4.52596e-01	-4.04834e-01	8.35812e-02	-4.18000e-02
5.48318e-03	2.43496e-04	6.28754e-05	-2.60842e-05	-1.11521e+00	-4.46086e-01	-4.01942e-01	8.43783e-02	-4.18000e-02
6.00452e-03	2.66922e-04	6.69569e-05	-2.49797e-05	-1.09778e+00	-4.39114e-01	-3.99003e-01	8.51649e-02	-4.18000e-02
6.53252e-03	2.90792e-04	7.03627e-05	-3.14126e-05	-1.08880e+00	-4.35524e-01	-3.96018e-01	8.59407e-02	-4.18000e-02
6.35910e-03	2.83094e-04	6.75020e-05	-2.54544e-05	-1.08847e+00	-4.35391e-01	-3.92984e-01	8.67053e-02	-4.18000e-02
5.36679e-03	2.38631e-04	5.74280e-05	-1.03463e-05	-1.09017e+00	-4.36071e-01	-3.89904e-01	8.74584e-02	-4.18000e-02
4.29108e-03	1.90613e-04	4.61910e-05	2.27060e-06	-1.08270e+00	-4.33084e-01	-3.86776e-01	8.81996e-02	-4.18000e-02
3.77718e-03	1.67630e-04	4.09274e-05	1.24163e-05	-1.06570e+00	-4.26282e-01	-3.83602e-01	8.89286e-02	-4.18000e-02
3.62463e-03	1.60560e-04	4.02937e-05	2.45000e-05	-1.04854e+00	-4.19416e-01	-3.80380e-01	8.96451e-02	-4.18000e-02
3.28630e-03	1.45189e-04	3.80959e-05	3.66343e-05	-1.03564e+00	-4.14257e-01	-3.77112e-01	9.03488e-02	-4.18000e-02
2.69186e-03	1.18509e-04	3.31131e-05	4.68640e-05	-1.02864e+00	-4.11459e-01	-3.73797e-01	9.10393e-02	-4.18000e-02
2.04990e-03	8.96368e-05	2.82712e-05	5.78950e-05	-1.02384e+00	-4.09537e-01	-3.70435e-01	9.17164e-02	-4.18000e-02
1.52904e-03	6.59696e-05	2.58305e-05	7.75901e-05	-1.01308e+00	-4.05233e-01	-3.67027e-01	9.23797e-02	-4.18000e-02
1.15590e-03	4.86390e-05	2.64030e-05	1.08560e-04	-1.00193e+00	-4.00775e-01	-3.63573e-01	9.30289e-02	-4.18000e-02
8.08428e-04	3.23138e-05	2.83673e-05	1.43967e-04	-9.94655e-01	-3.97868e-01	-3.60072e-01	9.36638e-02	-4.18000e-02
6.30460e-04	2.37711e-05	3.10103e-05	1.74774e-04	-9.81083e-01	-3.92443e-01	-3.56526e-01	9.42840e-02	-4.18000e-02
9.51907e-04	3.80407e-05	3.52191e-05	1.93983e-04	-9.63715e-01	-3.85495e-01	-3.52934e-01	9.48893e-02	-4.18000e-02
1.42763e-03	5.93980e-05	3.95611e-05	2.04445e-04	-9.53193e-01	-3.81284e-01	-3.49297e-01	9.54794e-02	-4.18000e-02
1.48917e-03	6.22470e-05	4.04294e-05	2.13246e-04	-9.45684e-01	-3.78281e-01	-3.45615e-01	9.60541e-02	-4.18000e-02
1.35273e-03	5.63932e-05	3.87184e-05	2.16692e-04	-9.35857e-01	-3.74351e-01	-3.41888e-01	9.66130e-02	-4.18000e-02
1.43444e-03	6.03827e-05	3.80836e-05	2.14706e-04	-9.23813e-01	-3.69532e-01	-3.38116e-01	9.71559e-02	-4.18000e-02
1.61941e-03	6.89099e-05	3.87413e-05	2.18819e-04	-9.08976e-01	-3.63597e-01	-3.34300e-01	9.76827e-02	-4.18000e-02
1.75898e-03	7.53774e-05	3.91816e-05	2.24755e-04	-8.93591e-01	-3.57443e-01	-3.30440e-01	9.81930e-02	-4.18000e-02
1.94211e-03	8.39408e-05	3.87116e-05	2.19986e-04	-8.79497e-01	-3.51804e-01	-3.26536e-01	9.86867e-02	-4.18000e-02
2.17864e-03	9.50618e-05	3.70441e-05	2.05630e-04	-8.67086e-01	-3.46839e-01	-3.22589e-01	9.91635e-02	-4.18000e-02
2.41107e-03	1.05996e-04	3.50365e-05	1.88396e-04	-8.57196e-01	-3.42883e-01	-3.18599e-01	9.96232e-02	-4.18000e-02
2.59109e-03	1.14509e-04	3.29859e-05	1.72009e-04	-8.49772e-01	-3.39912e-01	-3.14567e-01	1.00066e-01	-4.18000e-02
2.59513e-03	1.15032e-04	3.04081e-05	1.59417e-04	-8.44419e-01	-3.37770e-01	-3.10492e-01	1.00491e-01	-4.18000e-02
2.53725e-03	1.12688e-04	2.81030e-05	1.50356e-04	-8.37307e-01	-3.34926e-01	-3.06376e-01	1.00898e-01	-4.18000e-02
2.67451e-03	1.19097e-04	2.68816e-05	1.41237e-04	-8.28401e-01	-3.31363e-01	-3.02218e-01	1.01287e-01	-4.18000e-02
2.83173e-03	1.26397e-04	2.56214e-05	1.32462e-04	-8.24218e-01	-3.29690e-01	-2.98019e-01	1.01659e-01	-4.18000e-02
2.80700e-03	1.25462e-04	2.38440e-05	1.26392e-04	-8.22524e-01	-3.29012e-01	-2.93780e-01	1.02012e-01	-4.18000e-02
2.82227e-03	1.26368e-04	2.15538e-05	1.15309e-04	-8.19124e-01	-3.27652e-01	-2.89501e-01	1.02348e-01	-4.18000e-02
2.99906e-03	1.34557e-04	1.94973e-05	9.38881e-05	-8.17038e-01	-3.26817e-01	-2.85182e-01	1.02665e-01	-4.18000e-02
3.28672e-03	1.47748e-04	1.73927e-05	7.27771e-05	-8.14759e-01	-3.25905e-01	-2.80823e-01	1.02963e-01	-4.18000e-02
3.55790e-03	1.60136e-04	1.57159e-05	5.95273e-05	-8.13820e-01	-3.25530e-01	-2.76427e-01	1.03243e-01	-4.18000e-02
3.47297e-03	1.56380e-04	1.41154e-05	5.16893e-05	-8.17649e-01	-3.27061e-01	-2.71991e-01	1.03504e-01	-4.18000e-02
2.89829e-03	1.30526e-04	1.12744e-05	4.50607e-05	-8.19881e-01	-3.27954e-01	-2.67519e-01	1.03746e-01	-4.18000e-02
2.37472e-03	1.06967e-04	8.74400e-06	3.65753e-05	-8.16524e-01	-3.26611e-01	-2.63009e-01	1.03969e-01	-4.18000e-02
2.31750e-03	1.04426e-04	7.65171e-06	3.22006e-05	-8.10680e-01	-3.24273e-01	-2.58462e-01	1.04174e-01	-4.18000e-02
2.41315e-03	1.08731e-04	8.03044e-06	4.11338e-05	-8.06886e-01	-3.22756e-01	-2.53879e-01	1.04359e-01	-4.18000e-02
2.31590e-03	1.04330e-04	8.29628e-06	5.31417e-05	-8.05380e-01	-3.22153e-01	-2.49261e-01	1.04526e-01	-4.18000e-02
2.26734e-03	1.02169e-04	7.38148e-06	5.01893e-05	-8.02625e-01	-3.21051e-01	-2.44607e-01	1.04673e-01	-4.18000e-02
2.50501e-03	1.12943e-04	5.78209e-06	3.43258e-05	-8.00090e-01	-3.20037e-01	-2.39920e-01	1.04801e-01	-4.18000e-02
2.63684e-03	1.18916e-04	4.58797e-06	2.13824e-05	-8.00934e-01	-3.20375e-01	-2.35198e-01	1.04910e-01	-4.18000e-02
2.40803e-03	1.08604e-04	3.42141e-06	1.77156e-05	-8.02368e-01	-3.20948e-01	-2.30443e-01	1.05000e-01	-4.18000e-02
2.18215e-03	9.84158e-05	2.66098e-06	1.55663e-05	-8.02126e-01	-3.20851e-01	-2.25655e-01	1.05071e-01	-4.18000e-02
2.13250e-03	9.61779e-05	1.80694e-06	9.97585e-06	-8.00637e-01	-3.20256e-01	-2.20835e-01	1.05123e-01	-4.18000e-02
2.00764e-03	9.05426e-05	1.12720e-06	6.70275e-06	-7.98792e-01	-3.19518e-01	-2.15984e-01	1.05155e-01	-4.18000e-02
1.80011e-03	8.11774e-05	8.28950e-07	7.61125e-06	-7.95961e-01	-3.18385e-01	-2.11101e-01	1.05169e-01	-4.18000e-02
1.76351e-03	7.95203e-05	4.17194e-07	7.65324e-06	-7.91332e-01	-3.16534e-01	-2.06189e-01	1.05164e-01	-4.18000e-02
1.83356e-03	8.26705e-05	-6.61947e-08	4.33525e-06	-7.88296e-01	-3.15319e-01	-2.01247e-01	1.05139e-01	-4.18000e-02
1.70295e-03	7.67701e-05	-6.39352e-07	-8.79448e-07	-7.88248e-01	-3.15300e-01	-1.96275e-01	1.05096e-01	-4.18000e-02
1.43047e-03	6.44754e-05	-9.53950e-07	-4.97959e-06	-7.87084e-01	-3.14834e-01	-1.91276e-01	1.05034e-01	-4.18000e-02
1.30875e-03	5.89761e-05	-1.30904e-06	-8.24714e-06	-7.83866e-01	-3.13547e-01	-1.86249e-01	1.04953e-01	-4.18000e-02
1.29160e-03	5.81861e-05	-1.83862e-06	-1.39845e-05	-7.81688e-01	-3.12676e-01	-1.81195e-01	1.04854e-01	-4.18000e-02
1.25089e-03	5.63346e-05	-2.24266e-06	-2.08909e-05	-7.79496e-01	-3.11799e-01	-1.76114e-01	1.04736e-01	-4.18000e-02
1.31681e-03	5.92843e-05	-2.77194e-06	-2.46649e-05	-7.76537e-01	-3.10615e-01	-1.71008e-01	1.04599e-01	-4.18000e-02
1.42171e-03	6.39971e-05	-3.03917e-06	-2.37391e-05	-7.76149e-01	-3.10460e-01	-1.65877e-01	1.04444e-01	-4.18000e-02
1.26723e-03	5.70332e-05	-2.80957e-06	-1.87818e-05	-7.76543e-01	-3.10618e-01	-1.60722e-01	1.04271e-01	-4.18000e-02
8.82481e-04	3.97047e-05	-2.16752e-06	-1.52166e-05	-7.74447e-01	-3.09779e-01	-1.55544e-01	1.04080e-01	-4.18000e-02
5.44822e-04	2.44903e-05	-1.80750e-06	-1.94772e-05	-7.70975e-01	-3.08390e-01	-1.50342e-01	1.03871e-01	-4.18000e-02
3.83543e-04	1.72113e-05	-1.86447e-06	-2.86150e-05	-7.65891e-01	-3.06357e-01	-1.45119e-01	1.03645e-01	-4.18000e-02
3.97116e-04	1.78119e-05	-2.01454e-06	-3.32945e-05	-7.58303e-01	-3.03322e-01	-1.39874e-01	1.03400e-01	-4.18000e-02
4.80067e-04	2.15373e-05	-2.23578e-06	-3.19279e-05	-7.51268e-01	-3.00508e-01	-1.34608e-01	1.03138e-01	-4.18000e-02
4.75722e-04	2.13313e-05	-2.33679e-06	-3.30357e-05	-7.45978e-01	-2.98392e-01	-1.29322e-01	1.02859e-01	-4.18000e-02
3.80615e-04	1.70271e-05	-2.49780e-06	-3.95784e-05	-7.39626e-01	-2.95851e-01	-1.24018e-01	1.02563e-01	-4.18000e-02
2.87640e-04	1.28380e-05	-2.31728e-06	-4.20251e-05	-7.32064e-01	-2.92827e-01	-1.18694e-01	1.02250e-01	-4.18000e-02
2.12638e-04	9.48411e-06	-1.75528e-06	-3.49370e-05	-7.24588e-01	-2.89836e-01	-1.13354e-01	1.01920e-01	-4.18000e-02
1.53039e-04	6.82292e-06	-1.26802e-06	-2.61841e-05	-7.17711e-01	-2.87085e-01	-1.07996e-01	1.01573e-01	-4.18000e-02
9.22659e-05	4.09928e-06	-9.48025e-07	-2.17016e-05	-7.12525e-01	-2.85011e-01	-1.02622e-01	1.01210e-01	-4.18000e-02
2.12653e-05	9.23623e-07	-5.07361e-07	-1.70112e-05	-7.07852e-01	-2.83144e-01	-9.72327e-02	1.00831e-01	-4.18000e-02
2.99635e-07	3.16390e-09	-1.39227e-07	-8.91867e-06	-7.02251e-01	-2.80953e-01	-9.18288e-02	1.00436e-01	-4.18000e-02
-1.02479e-05	-4.57897e-07	6.34299e-08	-3.72163e-06	-6.97473e-01	-2.78989e-01	-8.64110e-02	1.00025e-01	-4.18000e-02
-1.28261e-04	-5.76436e-06	3.61592e-07	-8.46104e-06	-6.92847e-01	-2.77138e-01	-8.09801e-02	9.95994e-02	-4.18000e-02
-3.05252e-04	-1.37429e-05	5.70481e-07	-2.08144e-05	-6.86044e-01	-2.74417e-01	-7.55369e-02	9.91580e-02	-4.18000e-02
-4.54391e-04	-2.04569e-05	8.73440e-07	-3.30137e-05	-6.78488e-01	-2.71395e-01	-7.00822e-02	9.87016e-02	-4.18000e-02
-6.25807e-04	-2.81540e-05	1.45875e-06	-3.78458e-05	-6.70837e-01	-2.68334e-01	-6.46168e-02	9.82305e-02	-4.18000e-02
-8.48842e-04	-3.81333e-05	2.61441e-06	-3.18547e-05	-6.62177e-01	-2.64870e-01	-5.91414e-02	9.77448e-02	-4.18000e-02
-1.03623e-03	-4.64925e-05	3.84580e-06	-2.00233e-05	-6.53051e-01	-2.61220e-01	-5.36569e-02	9.72448e-02	-4.18000e-02
-1.01040e-03	-4.52926e-05	4.18300e-06	-1.13116e-05	-6.43577e-01	-2.57431e-01	-4.81640e-02	9.67308e-02	-4.18000e-02
-6.62240e-04	-2.96770e-05	2.82884e-06	-8.23526e-06	-6.34818e-01	-2.53927e-01	-4.26636e-02	9.62031e-02	-4.18000e-02
-2.55140e-04	-1.14390e-05	1.03423e-06	-9.11357e-06	-6.30010e-01	-2.52004e-01	-3.71564e-02	9.56618e-02	-4.18000e-02
-2.24903e-04	-1.00967e-05	7.80288e-07	-1.43943e-05	-6.28468e-01	-2.51387e-01	-3.16433e-02	9.51072e-02	-4.18000e-02
-5.71888e-04	-2.56495e-05	2.23068e-06	-2.22665e-05	-6.25345e-01	-2.50138e-01	-2.61250e-02	9.45397e-02	-4.18000e-02
-9.00410e-04	-4.03614e-05	3.73280e-06	-2.75542e-05	-6.18978e-01	-2.47591e-01	-2.06023e-02	9.39595e-02	-4.18000e-02
-1.02799e-03	-4.60584e-05	4.47054e-06	-2.91084e-05	-6.11966e-01	-2.44786e-01	-1.50762e-02	9.33668e-02	-4.18000e-02
-1.10721e-03	-4.95965e-05	4.91990e-06	-3.03214e-05	-6.05755e-01	-2.42301e-01	-9.54723e-03	9.27619e-02	-4.18000e-02
-1.20908e-03	-5.41457e-05	5.50508e-06	-3.35334e-05	-5.99389e-01	-2.39755e-01	-4.01639e-03	9.21451e-02	-4.18000e-02
-1.22537e-03	-5.48780e-05	5.55917e-06	-3.92545e-05	-5.92924e-01	-2.37169e-01	1.51557e-03	9.15167e-02	-4.18000e-02
-1.13967e-03	-5.10456e-05	5.12647e-06	-4.61885e-05	-5.87178e-01	-2.34870e-01	7.04783e-03	9.08769e-02	-4.18000e-02
-1.06734e-03	-4.78180e-05	4.70783e-06	-5.15992e-05	-5.81620e-01	-2.32647e-01	1.25796e-02	9.02261e-02	-4.18000e-02
-1.03758e-03	-4.64801e-05	4.62688e-06	-5.36600e-05	-5.76015e-01	-2.30405e-01	1.81100e-02	8.95644e-02	-4.18000e-02
-9.67371e-04	-4.33218e-05	4.43298e-06	-5.09447e-05	-5.70816e-01	-2.28325e-01	2.36383e-02	8.88923e-02	-4.18000e-02
-8.68468e-04	-3.88794e-05	4.09513e-06	-4.39033e-05	-5.66963e-01	-2.26784e-01	2.91637e-02	8.82099e-02	-4.18000e-02
-8.13186e-04	-3.63805e-05	4.03236e-06	-3.75617e-05	-5.63675e-01	-2.25469e-01	3.46853e-02	8.75176e-02	-4.18000e-02
-7.24859e-04	-3.24282e-05	3.60565e-06	-3.59424e-05	-5.58702e-01	-2.23480e-01	4.02024e-02	8.68156e-02	-4.18000e-02
-5.33959e-04	-2.39022e-05	2.54943e-06	-3.63142e-05	-5.54128e-01	-2.21651e-01	4.57141e-02	8.61042e-02	-4.18000e-02
-4.19083e-04	-1.87670e-05	1.95228e-06	-3.48335e-05	-5.52547e-01	-2.21018e-01	5.12196e-02	8.53837e-02	-4.18000e-02
-5.32603e-04	-2.38263e-05	2.67000e-06	-3.27760e-05	-5.51732e-01	-2.20692e-01	5.67182e-02	8.46545e-02	-4.18000e-02
-7.19519e-04	-3.21559e-05	3.85205e-06	-3.33539e-05	-5.49570e-01	-2.19828e-01	6.22089e-02	8.39167e-02	-4.18000e-02
-7.57181e-04	-3.38266e-05	4.14943e-06	-3.56200e-05	-5.46659e-01	-2.18663e-01	6.76911e-02	8.31707e-02	-4.18000e-02
-6.59260e-04	-2.94524e-05	3.61380e-06	-3.54169e-05	-5.44451e-01	-2.17780e-01	7.31639e-02	8.24167e-02	-4.18000e-02
-6.12009e-04	-2.73346e-05	3.40851e-06	-3.17968e-05	-5.43718e-01	-2.17487e-01	7.86264e-02	8.16550e-02	-4.18000e-02
-6.86534e-04	-3.06427e-05	3.97174e-06	-2.83086e-05	-5.43182e-01	-2.17272e-01	8.40780e-02	8.08860e-02	-4.18000e-02
-7.41843e-04	-3.30939e-05	4.41676e-06	-2.72217e-05	-5.41344e-01	-2.16537e-01	8.95178e-02	8.01098e-02	-4.18000e-02
-6.59808e-04	-2.94314e-05	3.95113e-06	-2.67258e-05	-5.39357e-01	-2.15742e-01	9.49450e-02	7.93269e-02	-4.18000e-02
-4.90115e-04	-2.18615e-05	2.94050e-06	-2.52701e-05	-5.38696e-01	-2.15478e-01	1.00359e-01	7.85374e-02	-4.18000e-02
-3.16089e-04	-1.41072e-05	1.84320e-06	-2.39428e-05	-5.39063e-01	-2.15625e-01	1.05759e-01	7.77417e-02	-4.18000e-02
-2.12816e-04	-9.50847e-06	1.17286e-06	-2.31784e-05	-5.40465e-01	-2.16186e-01	1.11143e-01	7.69399e-02	-4.18000e-02
-2.46726e-04	-1.10115e-05	1.44195e-06	-2.16682e-05	-5.42055e-01	-2.16821e-01	1.16512e-01	7.61325e-02	-4.18000e-02
-3.53206e-04	-1.57440e-05	2.19657e-06	-1.93122e-05	-5.42333e-01	-2.16933e-01	1.21865e-01	7.53197e-02	-4.18000e-02
-3.97093e-04	-1.76870e-05	2.55751e-06	-1.77086e-05	-5.42322e-01	-2.16929e-01	1.27200e-01	7.45017e-02	-4.18000e-02
-3.74375e-04	-1.66728e-05	2.42731e-06	-1.74447e-05	-5.43170e-01	-2.17268e-01	1.32517e-01	7.36788e-02	-4.18000e-02
-3.73851e-04	-1.66464e-05	2.44466e-06	-1.73995e-05	-5.44174e-01	-2.17669e-01	1.37816e-01	7.28514e-02	-4.18000e-02
-4.21155e-04	-1.87430e-05	2.81649e-06	-1.63589e-05	-5.44798e-01	-2.17919e-01	1.43095e-01	7.20196e-02	-4.18000e-02
-4.74507e-04	-2.11059e-05	3.24642e-06	-1.42784e-05	-5.45095e-01	-2.18038e-01	1.48353e-01	7.11838e-02	-4.18000e-02
-4.95486e-04	-2.20300e-05	3.44684e-06	-1.21672e-05	-5.45264e-01	-2.18105e-01	1.53590e-01	7.03442e-02	-4.18000e-02
-4.84272e-04	-2.15253e-05	3.40697e-06	-1.09150e-05	-5.45638e-01	-2.18255e-01	1.58806e-01	6.95011e-02	-4.18000e-02
-4.64454e-04	-2.06397e-05	3.29663e-06	-1.05951e-05	-5.46277e-01	-2.18511e-01	1.63999e-01	6.86548e-02	-4.18000e-02
-4.44480e-04	-1.97487e-05	3.17605e-06	-1.10572e-05	-5.47035e-01	-2.18814e-01	1.69169e-01	6.78055e-02	-4.18000e-02
-4.20753e-04	-1.86917e-05	3.02358e-06	-1.20745e-05	-5.47972e-01	-2.19188e-01	1.74315e-01	6.69534e-02	-4.18000e-02
-4.06271e-04	-1.80449e-05	2.94048e-06	-1.25971e-05	-5.49176e-01	-2.19670e-01	1.79436e-01	6.60990e-02	-4.18000e-02
-4.20160e-04	-1.86560e-05	3.07593e-06	-1.15092e-05	-5.50443e-01	-2.20177e-01	1.84531e-01	6.52423e-02	-4.18000e-02
-4.61673e-04	-2.04913e-05	3.42667e-06	-9.32422e-06	-5.51539e-01	-2.20615e-01	1.89600e-01	6.43837e-02	-4.18000e-02
-5.16090e-04	-2.28986e-05	3.87787e-06	-7.75738e-06	-5.52425e-01	-2.20970e-01	1.94643e-01	6.35234e-02	-4.18000e-02
-5.72046e-04	-2.53750e-05	4.33559e-06	-7.64098e-06	-5.53160e-01	-2.21264e-01	1.99657e-01	6.26617e-02	-4.18000e-02
-6.24958e-04	-2.77162e-05	4.77012e-06	-8.20582e-06	-5.53846e-01	-2.21538e-01	2.04644e-01	6.17988e-02	-4.18000e-02
-6.74369e-04	-2.99010e-05	5.18518e-06	-8.44628e-06	-5.54567e-01	-2.21826e-01	2.09602e-01	6.09351e-02	-4.18000e-02
-7.19477e-04	-3.18938e-05	5.57339e-06	-8.33206e-06	-5.55318e-01	-2.22127e-01	2.14529e-01	6.00706e-02	-4.18000e-02
-7.57323e-04	-3.35640e-05	5.90888e-06	-8.24981e-06	-5.56087e-01	-2.22435e-01	2.19427e-01	5.92058e-02	-4.18000e-02
-7.86730e-04	-3.48595e-05	6.18183e-06	-8.04286e-06	-5.56859e-01	-2.22743e-01	2.24294e-01	5.83408e-02	-4.18000e-02
-8.07669e-04	-3.57794e-05	6.39082e-06	-7.40960e-06	-5.57575e-01	-2.23029e-01	2.29129e-01	5.74759e-02	-4.18000e-02
-8.21064e-04	-3.63649e-05	6.54076e-06	-6.65524e-06	-5.58213e-01	-2.23285e-01	2.33931e-01	5.66113e-02	-4.18000e-02
-8.30998e-04	-3.67970e-05	6.66273e-06	-6.33084e-06	-5.58773e-01	-2.23509e-01	2.38701e-01	5.57472e-02	-4.18000e-02
-8.43187e-04	-3.73292e-05	6.80229e-06	-6.50172e-06	-5.59225e-01	-2.23690e-01	2.43437e-01	5.48840e-02	-4.18000e-02
-8.59215e-04	-3.80313e-05	6.97229e-06	-6.68759e-06	-5.59561e-01	-2.23824e-01	2.48139e-01	5.40218e-02	-4.18000e-02
-8.76787e-04	-3.88006e-05	7.16057e-06	-6.38960e-06	-5.59814e-01	-2.23925e-01	2.52806e-01	5.31608e-02	-4.18000e-02
-8.92034e-04	-3.94666e-05	7.33181e-06	-5.47211e-06	-5.60025e-01	-2.24010e-01	2.57438e-01	5.23014e-02	-4.18000e-02
-9.03278e-04	-3.99552e-05	7.47211e-06	-4.20264e-06	-5.60267e-01	-2.24107e-01	2.62034e-01	5.14438e-02	-4.18000e-02
-9.15213e-04	-4.04743e-05	7.61773e-06	-3.08636e-06	-5.60598e-01	-2.24239e-01	2.66593e-01	5.05881e-02	-4.18000e-02
-9.36668e-04	-4.14148e-05	7.84018e-06	-2.48034e-06	-5.60975e-01	-2.24389e-01	2.71115e-01	4.97346e-02	-4.18000e-02
-9.71733e-04	-4.29569e-05	8.17709e-06	-2.27384e-06	-5.61262e-01	-2.24504e-01	2.75599e-01	4.88836e-02	-4.18000e-02
-1.01364e-03	-4.48005e-05	8.57585e-06	-2.08407e-06	-5.61400e-01	-2.24560e-01	2.80045e-01	4.80352e-02	-4.18000e-02
-1.05699e-03	-4.67067e-05	8.99370e-06	-1.75905e-06	-5.61519e-01	-2.24607e-01	2.84453e-01	4.71897e-02	-4.18000e-02
-1.10540e-03	-4.88362e-05	9.45578e-06	-1.46847e-06	-5.61711e-01	-2.24684e-01	2.88821e-01	4.63472e-02	-4.18000e-02
-1.16235e-03	-5.13430e-05	9.99076e-06	-1.42995e-06	-5.61894e-01	-2.24757e-01	2.93148e-01	4.55082e-02	-4.18000e-02
-1.22105e-03	-5.39258e-05	1.05476e-05	-1.75684e-06	-5.62009e-01	-2.24803e-01	2.97436e-01	4.46726e-02	-4.18000e-02
-1.27339e-03	-5.62261e-05	1.10559e-05	-2.27779e-06	-5.62083e-01	-2.24833e-01	3.01683e-01	4.38408e-02	-4.18000e-02
-1.31641e-03	-5.81145e-05	1.14855e-05	-2.43259e-06	-5.62127e-01	-2.24850e-01	3.05888e-01	4.30129e-02	-4.18000e-02
-1.35115e-03	-5.96370e-05	1.18463e-05	-1.87632e-06	-5.62165e-01	-2.24866e-01	3.10051e-01	4.21893e-02	-4.18000e-02
-1.38363e-03	-6.10588e-05	1.21900e-05	-1.02530e-06	-5.62213e-01	-2.24885e-01	3.14172e-01	4.13700e-02	-4.18000e-02
-1.41695e-03	-6.25176e-05	1.25394e-05	-5.37399e-07	-5.62196e-01	-2.24878e-01	3.18250e-01	4.05553e-02	-4.18000e-02
-1.44557e-03	-6.37695e-05	1.28487e-05	-5.40942e-07	-5.62054e-01	-2.24821e-01	3.22285e-01	3.97454e-02	-4.18000e-02
-1.46453e-03	-6.45932e-05	1.30784e-05	-6.62132e-07	-5.61848e-01	-2.24738e-01	3.26276e-01	3.89405e-02	-4.18000e-02
-1.47498e-03	-6.50414e-05	1.32342e-05	-5.94292e-07	-5.61616e-01	-2.24646e-01	3.30223e-01	3.81408e-02	-4.18000e-02
-1.47975e-03	-6.52400e-05	1.33340e-05	-3.58273e-07	-5.61368e-01	-2.24547e-01	3.34126e-01	3.73465e-02	-4.18000e-02
-1.47871e-03	-6.51832e-05	1.33795e-05	-4.53447e-09	-5.61208e-01	-2.24483e-01	3.37983e-01	3.65577e-02	-4.18000e-02
-1.48082e-03	-6.52637e-05	1.34595e-05	6.95229e-07	-5.61157e-01	-2.24462e-01	3.41796e-01	3.57748e-02	-4.18000e-02
-1.49442e-03	-6.58496e-05	1.36475e-05	1.90289e-06	-5.61013e-01	-2.24405e-01	3.45562e-01	3.49978e-02	-4.18000e-02
-1.50758e-03	-6.64176e-05	1.38246e-05	3.19700e-06	-5.60683e-01	-2.24273e-01	3.49283e-01	3.42270e-02	-4.18000e-02
-1.50915e-03	-6.64761e-05	1.38909e-05	4.04421e-06	-5.60368e-01	-2.24147e-01	3.52957e-01	3.34625e-02	-4.18000e-02
-1.50457e-03	-6.62625e-05	1.39039e-05	4.53688e-06	-5.60175e-01	-2.24069e-01	3.56584e-01	3.27045e-02	-4.18000e-02
-1.50643e-03	-6.63323e-05	1.39789e-05	4.93676e-06	-5.59985e-01	-2.23993e-01	3.60165e-01	3.19532e-02	-4.18000e-02
-1.52249e-03	-6.70277e-05	1.41844e-05	5.01714e-06	-5.59703e-01	-2.23881e-01	3.63698e-01	3.12088e-02	-4.18000e-02
-1.55924e-03	-6.86354e-05	1.45740e-05	4.65372e-06	-5.59263e-01	-2.23705e-01	3.67183e-01	3.04714e-02	-4.18000e-02
-1.60585e-03	-7.06765e-05	1.50597e-05	4.27995e-06	-5.58654e-01	-2.23461e-01	3.70621e-01	2.97413e-02	-4.18000e-02
-1.64750e-03	-7.24968e-05	1.55116e-05	4.09135e-06	-5.58021e-01	-2.23208e-01	3.74010e-01	2.90185e-02	-4.18000e-02
-1.69677e-03	-7.46511e-05	1.60397e-05	3.75831e-06	-5.57394e-01	-2.22957e-01	3.77351e-01	2.83033e-02	-4.18000e-02
-1.76775e-03	-7.77613e-05	1.67690e-05	3.45554e-06	-5.56535e-01	-2.22613e-01	3.80644e-01	2.75957e-02	-4.18000e-02
-1.83559e-03	-8.07326e-05	1.74720e-05	3.77071e-06	-5.55454e-01	-2.22181e-01	3.83887e-01	2.68960e-02	-4.18000e-02
-1.88274e-03	-8.27901e-05	1.79949e-05	4.44706e-06	-5.54510e-01	-2.21803e-01	3.87082e-01	2.62043e-02	-4.18000e-02
-1.93171e-03	-8.49273e-05	1.85384e-05	4.58640e-06	-5.53639e-01	-2.21455e-01	3.90227e-01	2.55207e-02	-4.18000e-02
-1.98738e-03	-8.73615e-05	1.91336e-05	3.95509e-06	-5.52544e-01	-2.21017e-01	3.93323e-01	2.48454e-02	-4.18000e-02
-2.02534e-03	-8.90158e-05	1.95632e-05	3.19731e-06	-5.51361e-01	-2.20544e-01	3.96370e-01	2.41786e-02	-4.18000e-02
-2.03962e-03	-8.96280e-05	1.97715e-05	2.84532e-06	-5.50246e-01	-2.20097e-01	3.99366e-01	2.35203e-02	-4.18000e-02
-2.04169e-03	-8.97057e-05	1.98525e-05	2.59716e-06	-5.49075e-01	-2.19629e-01	4.02313e-01	2.28707e-02	-4.18000e-02
-2.04227e-03	-8.97177e-05	1.99178e-05	1.91833e-06	-5.47795e-01	-2.19117e-01	4.05210e-01	2.22299e-02	-4.18000e-02
-2.04285e-03	-8.97280e-05	1.99915e-05	1.04849e-06	-5.46436e-01	-2.18574e-01	4.08058e-01	2.15980e-02	-4.18000e-02
-2.03769e-03	-8.94873e-05	2.00056e-05	5.72277e-07	-5.45068e-01	-2.18026e-01	4.10855e-01	2.09752e-02	-4.18000e-02
-2.03415e-03	-8.93192e-05	2.00256e-05	4.98519e-07	-5.43769e-01	-2.17507e-01	4.13602e-01	2.03615e-02	-4.18000e-02
-2.04940e-03	-8.99767e-05	2.02317e-05	5.02761e-07	-5.42443e-01	-2.16976e-01	4.16299e-01	1.97572e-02	-4.18000e-02
-2.07340e-03	-9.10142e-05	2.05389e-05	4.72940e-07	-5.40953e-01	-2.16380e-01	4.18946e-01	1.91621e-02	-4.18000e-02
-2.07837e-03	-9.12152e-05	2.06638e-05	5.48928e-07	-5.39379e-01	-2.15751e-01	4.21542e-01	1.85766e-02	-4.18000e-02
-2.05747e-03	-9.02820e-05	2.05269e-05	1.02378e-06	-5.37881e-01	-2.15152e-01	4.24089e-01	1.80006e-02	-4.18000e-02
-2.02303e-03	-8.87580e-05	2.02403e-05	2.03542e-06	-5.36472e-01	-2.14588e-01	4.26586e-01	1.74342e-02	-4.18000e-02
-1.97874e-03	-8.68034e-05	1.98458e-05	3.13832e-06	-5.35179e-01	-2.14071e-01	4.29033e-01	1.68776e-02	-4.18000e-02
-1.93347e-03	-8.48080e-05	1.94334e-05	3.60358e-06	-5.34093e-01	-2.13636e-01	4.31429e-01	1.63307e-02	-4.18000e-02
-1.90400e-03	-8.35028e-05	1.91936e-05	3.27500e-06	-5.33133e-01	-2.13252e-01	4.33776e-01	1.57937e-02	-4.18000e-02
-1.88965e-03	-8.28589e-05	1.91109e-05	2.66774e-06	-5.32139e-01	-2.12855e-01	4.36074e-01	1.52667e-02	-4.18000e-02
-1.87811e-03	-8.23463e-05	1.90230e-05	2.31821e-06	-5.31064e-01	-2.12425e-01	4.38321e-01	1.47496e-02	-4.18000e-02
-1.87086e-03	-8.20215e-05	1.89787e-05	2.31997e-06	-5.29917e-01	-2.11966e-01	4.40520e-01	1.42425e-02	-4.18000e-02
-1.87402e-03	-8.21469e-05	1.90686e-05	2.29987e-06	-5.28689e-01	-2.11475e-01	4.42669e-01	1.37455e-02	-4.18000e-02
-1.87825e-03	-8.23191e-05	1.91687e-05	1.89103e-06	-5.27372e-01	-2.10948e-01	4.44769e-01	1.32586e-02	-4.18000e-02
-1.87059e-03	-8.19715e-05	1.91410e-05	1.26959e-06	-5.26024e-01	-2.10409e-01	4.46820e-01	1.27819e-02	-4.18000e-02
-1.85372e-03	-8.12223e-05	1.90117e-05	8.52473e-07	-5.24730e-01	-2.09891e-01	4.48823e-01	1.23153e-02	-4.18000e-02
-1.83642e-03	-8.04583e-05	1.88588e-05	6.33489e-07	-5.23512e-01	-2.09404e-01	4.50777e-01	1.18588e-02	-4.18000e-02
-1.81181e-03	-7.93735e-05	1.86343e-05	5.22395e-07	-5.22377e-01	-2.08950e-01	4.52684e-01	1.14126e-02	-4.18000e-02
-1.77265e-03	-7.76453e-05	1.82856e-05	9.15256e-07	-5.21409e-01	-2.08563e-01	4.54543e-01	1.09765e-02	-4.18000e-02
-1.74211e-03	-7.62939e-05	1.80280e-05	2.07896e-06	-5.20583e-01	-2.08232e-01	4.56354e-01	1.05507e-02	-4.18000e-02
-1.73774e-03	-7.60947e-05	1.80158e-05	3.52539e-06	-5.19714e-01	-2.07885e-01	4.58118e-01	1.01350e-02	-4.18000e-02
-1.73972e-03	-7.61766e-05	1.80574e-05	4.38482e-06	-5.18773e-01	-2.07509e-01	4.59836e-01	9.72946e-03	-4.18000e-02
-1.73691e-03	-7.60474e-05	1.80540e-05	4.18305e-06	-5.17835e-01	-2.07133e-01	4.61507e-01	9.33406e-03	-4.18000e-02
-1.74918e-03	-7.65788e-05	1.82057e-05	3.24430e-06	-5.16767e-01	-2.06706e-01	4.63132e-01	8.94876e-03	-4.18000e-02
-1.77060e-03	-7.75092e-05	1.84593e-05	2.14457e-06	-5.15466e-01	-2.06186e-01	4.64712e-01	8.57351e-03	-4.18000e-02
-1.76672e-03	-7.73268e-05	1.84712e-05	1.04759e-06	-5.14174e-01	-2.05669e-01	4.66247e-01	8.20827e-03	-4.18000e-02
-1.73442e-03	-7.58986e-05	1.81945e-05	-9.88254e-08	-5.13099e-01	-2.05239e-01	4.67737e-01	7.85299e-03	-4.18000e-02
-1.70207e-03	-7.44776e-05	1.78765e-05	-1.26123e-06	-5.12124e-01	-2.04849e-01	4.69183e-01	7.50760e-03	-4.18000e-02
-1.68084e-03	-7.35461e-05	1.76657e-05	-2.14161e-06	-5.11129e-01	-2.04451e-01	4.70585e-01	7.17203e-03	-4.18000e-02
-1.64166e-03	-7.18153e-05	1.73214e-05	-2.38570e-06	-5.10157e-01	-2.04062e-01	4.71945e-01	6.84620e-03	-4.18000e-02
-1.55162e-03	-6.78641e-05	1.64224e-05	-2.24786e-06	-5.09338e-01	-2.03735e-01	4.73262e-01	6.53002e-03	-4.18000e-02
-1.44248e-03	-6.30834e-05	1.52969e-05	-2.04223e-06	-5.08798e-01	-2.03519e-01	4.74537e-01	6.22341e-03	-4.18000e-02
-1.37259e-03	-6.00232e-05	1.45717e-05	-1.56073e-06	-5.08397e-01	-2.03358e-01	4.75772e-01	5.92625e-03	-4.18000e-02
-1.34022e-03	-5.86089e-05	1.42236e-05	-9.60959e-07	-5.07923e-01	-2.03168e-01	4.76965e-01	5.63845e-03	-4.18000e-02
-1.30788e-03	-5.71910e-05	1.38938e-05	-8.72861e-07	-5.07413e-01	-2.02965e-01	4.78119e-01	5.35987e-03	-4.18000e-02
-1.26098e-03	-5.51305e-05	1.34368e-05	-1.37337e-06	-5.06975e-01	-2.02790e-01	4.79233e-01	5.09040e-03	-4.18000e-02
-1.20859e-03	-5.28339e-05	1.29035e-05	-1.96182e-06	-5.06632e-01	-2.02652e-01	4.80309e-01	4.82990e-03	-4.18000e-02
-1.16761e-03	-5.10393e-05	1.24775e-05	-2.31329e-06	-5.06350e-01	-2.02540e-01	4.81347e-01	4.57822e-03	-4.18000e-02
-1.14525e-03	-5.00578e-05	1.22553e-05	-2.42219e-06	-5.06052e-01	-2.02420e-01	4.82348e-01	4.33522e-03	-4.18000e-02
-1.12954e-03	-4.93701e-05	1.20921e-05	-2.36526e-06	-5.05715e-01	-2.02285e-01	4.83312e-01	4.10075e-03	-4.18000e-02
-1.11225e-03	-4.86124e-05	1.19154e-05	-2.29223e-06	-5.05378e-01	-2.02151e-01	4.84241e-01	3.87462e-03	-4.18000e-02
-1.09877e-03	-4.80214e-05	1.17781e-05	-2.45488e-06	-5.05032e-01	-2.02012e-01	4.85136e-01	3.65667e-03	-4.18000e-02
-1.09068e-03	-4.76676e-05	1.16918e-05	-3.06161e-06	-5.04669e-01	-2.01867e-01	4.85997e-01	3.44672e-03	-4.18000e-02
-1.08506e-03	-4.74173e-05	1.16509e-05	-4.17065e-06	-5.04289e-01	-2.01715e-01	4.86825e-01	3.24457e-03	-4.18000e-02
-1.08055e-03	-4.72186e-05	1.16092e-05	-5.64721e-06	-5.03887e-01	-2.01554e-01	4.87621e-01	3.05002e-03	-4.18000e-02
-1.07370e-03	-4.69212e-05	1.15276e-05	-7.24630e-06	-5.03481e-01	-2.01392e-01	4.88386e-01	2.86287e-03	-4.18000e-02
-1.06082e-03	-4.63557e-05	1.14001e-05	-8.78678e-06	-5.03100e-01	-2.01239e-01	4.89121e-01	2.68290e-03	-4.18000e-02
-1.04570e-03	-4.56874e-05	1.12684e-05	-1.01941e-05	-5.02755e-01	-2.01102e-01	4.89827e-01	2.50989e-03	-4.18000e-02
-1.03137e-03	-4.50557e-05	1.11378e-05	-1.13268e-05	-5.02385e-01	-2.00953e-01	4.90505e-01	2.34360e-03	-4.18000e-02
-1.01625e-03	-4.43967e-05	1.09679e-05	-1.20456e-05	-5.02008e-01	-2.00803e-01	4.91156e-01	2.18379e-03	-4.18000e-02
-9.97340e-04	-4.35675e-05	1.07760e-05	-1.23854e-05	-5.01626e-01	-2.00650e-01	4.91781e-01	2.03023e-03	-4.18000e-02
-9.69811e-04	-4.23609e-05	1.04948e-05	-1.24784e-05	-5.01224e-01	-2.00489e-01	4.92382e-01	1.88264e-03	-4.18000e-02
-9.37972e-04	-4.09660e-05	1.01671e-05	-1.24728e-05	-5.00893e-01	-2.00357e-01	4.92958e-01	1.74076e-03	-4.18000e-02
-8.99950e-04	-3.92972e-05	9.78818e-06	-1.24779e-05	-5.00476e-01	-2.00190e-01	4.93512e-01	1.60433e-03	-4.18000e-02
-8.60721e-04	-3.75914e-05	9.33229e-06	-1.25412e-05	-5.00203e-01	-2.00081e-01	4.94045e-01	1.47305e-03	-4.18000e-02
-8.16325e-04	-3.56293e-05	8.94476e-06	-1.26398e-05	-4.99819e-01	-1.99927e-01	4.94558e-01	1.34665e-03	-4.18000e-02
-7.65377e-04	-3.34269e-05	8.30009e-06	-1.27408e-05	-4.99546e-01	-1.99818e-01	4.95052e-01	1.22481e-03	-4.18000e-02
-7.06516e-04	-3.08259e-05	7.78464e-06	-1.28663e-05	-4.99288e-01	-1.99715e-01	4.95528e-01	1.10725e-03	-4.18000e-02
-6.36181e-04	-2.77826e-05	6.90631e-06	-1.30518e-05	-4.98924e-01	-1.99569e-01	4.95988e-01	9.93639e-04	-4.18000e-02
-5.60920e-04	-2.44750e-05	6.17388e-06	-1.33009e-05	-4.98929e-01	-1.99571e-01	4.96433e-01	8.83659e-04	-4.18000e-02
-4.79438e-04	-2.09066e-05	5.32962e-06	-1.35557e-05	-4.98463e-01	-1.99385e-01	4.96865e-01	7.76980e-04	-4.18000e-02
-3.90466e-04	-1.70595e-05	4.20860e-06	-1.37792e-05	-4.98669e-01	-1.99467e-01	4.97284e-01	6.73264e-04	-4.18000e-02
-3.09792e-04	-1.34264e-05	3.77706e-06	-1.38834e-05	-4.98370e-01	-1.99348e-01	4.97692e-01	5.72162e-04	-4.18000e-02
-2.02914e-04	-8.92527e-06	1.94508e-06	-1.39960e-05	-4.98268e-01	-1.99307e-01	4.98091e-01	4.73322e-04	-4.18000e-02
-1.52994e-04	-6.45248e-06	2.58460e-06	-1.40292e-05	-4.98978e-01	-1.99591e-01	4.98483e-01	3.76379e-04	-4.18000e-02
-5.59555e-05	-2.47918e-06	4.64055e-07	-1.37784e-05	-4.97788e-01	-1.99115e-01	4.98868e-01	2.80961e-04	-4.18000e-02
-1.36301e-04	-5.76074e-06	2.25227e-06	-1.38726e-05	-5.02154e-01	-2.00861e-01	4.99248e-01	1.86690e-04	-4.18000e-02
-4.52500e-04	-1.79713e-05	1.21240e-05	-1.22870e-05	-5.02247e-01	-2.00898e-01	4.99625e-01	9.31763e-05	-4.18000e-02
-4.36763e-04	-2.87194e-05	-3.40866e-05	-5.87478e-06	-5.07878e-01	-2.03150e-01	5.00000e-01	0.00000e+00	-4.18000e-02
