"Density"	"Momentum:0"	"Momentum:1"	"Momentum:2"	"StagnationEnergy"	"Pressure"	"Points:0"	"Points:1"	"Points:2"
1.66714e-02	-4.70429e-04	9.87205e-04	7.25157e-04	-2.48409e-01	-9.93844e-02	-5.00000e-01	0.00000e+00	2.20000e-01
3.50629e-03	1.92716e-04	1.98768e-04	1.66868e-04	-4.72356e-01	-1.88948e-01	-4.99947e-01	2.24938e-03	2.20000e-01
7.60566e-03	2.17542e-04	4.31267e-04	2.00951e-04	-4.00381e-01	-1.60160e-01	-4.99788e-01	4.49373e-03	2.20000e-01
1.23747e-02	2.56833e-04	7.00884e-04	2.00762e-04	-4.75829e-01	-1.90341e-01	-4.99521e-01	6.72789e-03	2.20000e-01
1.34550e-02	3.05577e-04	7.47190e-04	1.75181e-04	-4.94861e-01	-1.97955e-01	-4.99148e-01	8.94671e-03	2.20000e-01
1.50421e-02	3.28700e-04	8.27107e-04	1.65539e-04	-5.52303e-01	-2.20932e-01	-4.98669e-01	1.11452e-02	2.20000e-01
1.60306e-02	3.72202e-04	8.64945e-04	1.34413e-04	-6.18108e-01	-2.47254e-01	-4.98087e-01	1.33187e-02	2.20000e-01
1.62992e-02	3.89416e-04	8.65514e-04	1.16275e-04	-6.59169e-01	-2.63679e-01	-4.97406e-01	1.54629e-02	2.20000e-01
1.63496e-02	4.08688e-04	8.51652e-04	8.84616e-05	-7.21422e-01	-2.88580e-01	-4.96627e-01	1.75740e-02	2.20000e-01
1.59356e-02	4.14611e-04	8.14412e-04	6.65526e-05	-7.57393e-01	-3.02968e-01	-4.95802e-01	1.95472e-02	2.20000e-01
1.53607e-02	4.11443e-04	7.72068e-04	4.69113e-05	-7.90180e-01	-3.16082e-01	-4.94975e-01	2.13264e-02	2.20000e-01
1.46264e-02	4.03719e-04	7.22678e-04	2.69917e-05	-8.16142e-01	-3.26466e-01	-4.94145e-01	2.29608e-02	2.20000e-01
1.37622e-02	3.86986e-04	6.70634e-04	1.14108e-05	-8.30060e-01	-3.32033e-01	-4.93311e-01	2.44826e-02	2.20000e-01
1.28457e-02	3.67758e-04	6.17507e-04	-5.76164e-06	-8.43727e-01	-3.37499e-01	-4.92470e-01	2.59146e-02	2.20000e-01
1.18280e-02	3.41896e-04	5.62683e-04	-2.01873e-05	-8.48138e-01	-3.39263e-01	-4.91622e-01	2.72736e-02	2.20000e-01
1.07748e-02	3.13121e-04	5.08336e-04	-3.51205e-05	-8.50504e-01	-3.40208e-01	-4.90765e-01	2.85721e-02	2.20000e-01
9.68125e-03	2.80627e-04	4.54755e-04	-4.92729e-05	-8.48499e-01	-3.39406e-01	-4.89898e-01	2.98201e-02	2.20000e-01
8.56310e-03	2.45533e-04	4.02324e-04	-6.29080e-05	-8.43037e-01	-3.37220e-01	-4.89019e-01	3.10255e-02	2.20000e-01
7.44709e-03	2.09073e-04	3.51993e-04	-7.58549e-05	-8.35694e-01	-3.34282e-01	-4.88127e-01	3.21948e-02	2.20000e-01
6.34720e-03	1.72000e-04	3.04159e-04	-8.74629e-05	-8.25766e-01	-3.30311e-01	-4.87221e-01	3.33333e-02	2.20000e-01
5.29689e-03	1.35737e-04	2.59985e-04	-9.80509e-05	-8.14869e-01	-3.25951e-01	-4.86300e-01	3.44453e-02	2.20000e-01
4.33386e-03	1.01795e-04	2.20795e-04	-1.07448e-04	-8.03126e-01	-3.21254e-01	-4.85362e-01	3.55346e-02	2.20000e-01
3.50591e-03	7.23447e-05	1.87990e-04	-1.15092e-04	-7.91090e-01	-3.16439e-01	-4.84406e-01	3.66044e-02	2.20000e-01
2.83799e-03	4.90164e-05	1.61713e-04	-1.19813e-04	-7.79679e-01	-3.11874e-01	-4.83431e-01	3.76573e-02	2.20000e-01
2.30492e-03	3.16933e-05	1.39988e-04	-1.20176e-04	-7.69089e-01	-3.07639e-01	-4.82435e-01	3.86957e-02	2.20000e-01
1.84990e-03	1.86577e-05	1.20024e-04	-1.15634e-04	-7.59922e-01	-3.03972e-01	-4.81419e-01	3.97215e-02	2.20000e-01
1.40364e-03	7.31347e-06	9.90263e-05	-1.06575e-04	-7.52290e-01	-3.00919e-01	-4.80380e-01	4.07365e-02	2.20000e-01
9.34575e-04	-4.03130e-06	7.62156e-05	-9.44347e-05	-7.46060e-01	-2.98427e-01	-4.79317e-01	4.17421e-02	2.20000e-01
4.61292e-04	-1.53049e-05	5.28714e-05	-8.08281e-05	-7.41132e-01	-2.96457e-01	-4.78230e-01	4.27397e-02	2.20000e-01
3.68224e-05	-2.50359e-05	3.14538e-05	-6.70396e-05	-7.37187e-01	-2.94908e-01	-4.77117e-01	4.37302e-02	2.20000e-01
-2.86070e-04	-3.15938e-05	1.42335e-05	-5.38713e-05	-7.34134e-01	-2.93651e-01	-4.75977e-01	4.47148e-02	2.20000e-01
-4.84913e-04	-3.42606e-05	2.13616e-06	-4.18042e-05	-7.31840e-01	-2.92735e-01	-4.74811e-01	4.56941e-02	2.20000e-01
-5.69741e-04	-3.34766e-05	-5.13667e-06	-3.12269e-05	-7.30207e-01	-2.92082e-01	-4.73615e-01	4.66689e-02	2.20000e-01
-5.70874e-04	-3.04187e-05	-8.59803e-06	-2.25958e-05	-7.29146e-01	-2.91658e-01	-4.72390e-01	4.76398e-02	2.20000e-01
-5.21054e-04	-2.63034e-05	-9.37366e-06	-1.62803e-05	-7.28515e-01	-2.91406e-01	-4.71135e-01	4.86073e-02	2.20000e-01
-4.41821e-04	-2.18511e-05	-8.27209e-06	-1.23279e-05	-7.28233e-01	-2.91293e-01	-4.69849e-01	4.95717e-02	2.20000e-01
-3.37670e-04	-1.69668e-05	-5.74571e-06	-1.02556e-05	-7.28227e-01	-2.91290e-01	-4.68531e-01	5.05335e-02	2.20000e-01
-1.99419e-04	-1.09222e-05	-1.97975e-06	-9.14855e-06	-7.28517e-01	-2.91406e-01	-4.67181e-01	5.14929e-02	2.20000e-01
-1.38662e-05	-2.83405e-06	2.91386e-06	-7.94302e-06	-7.29204e-01	-2.91680e-01	-4.65797e-01	5.24501e-02	2.20000e-01
2.23062e-04	7.70607e-06	8.64368e-06	-5.86559e-06	-7.30433e-01	-2.92173e-01	-4.64378e-01	5.34052e-02	2.20000e-01
4.90693e-04	1.98593e-05	1.45251e-05	-2.79841e-06	-7.32370e-01	-2.92948e-01	-4.62925e-01	5.43583e-02	2.20000e-01
7.38613e-04	3.13205e-05	1.94365e-05	6.61125e-07	-7.35010e-01	-2.94004e-01	-4.61435e-01	5.53096e-02	2.20000e-01
9.07482e-04	3.93020e-05	2.22791e-05	3.48124e-06	-7.38079e-01	-2.95232e-01	-4.59910e-01	5.62590e-02	2.20000e-01
9.65349e-04	4.22149e-05	2.27093e-05	4.80832e-06	-7.41141e-01	-2.96457e-01	-4.58347e-01	5.72066e-02	2.20000e-01
9.27887e-04	4.06459e-05	2.14013e-05	4.39887e-06	-7.43816e-01	-2.97527e-01	-4.56747e-01	5.81521e-02	2.20000e-01
8.49361e-04	3.69729e-05	1.97207e-05	2.51155e-06	-7.46046e-01	-2.98419e-01	-4.55108e-01	5.90956e-02	2.20000e-01
7.79067e-04	3.34272e-05	1.87255e-05	-3.74853e-07	-7.48074e-01	-2.99230e-01	-4.53431e-01	6.00370e-02	2.20000e-01
7.24602e-04	3.04405e-05	1.84223e-05	-3.96549e-06	-7.50084e-01	-3.00034e-01	-4.51714e-01	6.09761e-02	2.20000e-01
6.75326e-04	2.75775e-05	1.85269e-05	-8.25803e-06	-7.52119e-01	-3.00848e-01	-4.49957e-01	6.19127e-02	2.20000e-01
6.41273e-04	2.53076e-05	1.92083e-05	-1.30863e-05	-7.54323e-01	-3.01730e-01	-4.48160e-01	6.28467e-02	2.20000e-01
6.41139e-04	2.46331e-05	2.04952e-05	-1.75542e-05	-7.56899e-01	-3.02760e-01	-4.46322e-01	6.37778e-02	2.20000e-01
6.64444e-04	2.52884e-05	2.17287e-05	-2.06417e-05	-7.59795e-01	-3.03918e-01	-4.44442e-01	6.47058e-02	2.20000e-01
6.80918e-04	2.58696e-05	2.23826e-05	-2.27983e-05	-7.62638e-01	-3.05056e-01	-4.42520e-01	6.56305e-02	2.20000e-01
6.85778e-04	2.58174e-05	2.30856e-05	-2.59131e-05	-7.65301e-01	-3.06121e-01	-4.40556e-01	6.65517e-02	2.20000e-01
6.86940e-04	2.52410e-05	2.45552e-05	-3.11467e-05	-7.68115e-01	-3.07247e-01	-4.38549e-01	6.74690e-02	2.20000e-01
6.88043e-04	2.45172e-05	2.64367e-05	-3.76619e-05	-7.71147e-01	-3.08460e-01	-4.36499e-01	6.83822e-02	2.20000e-01
7.13647e-04	2.50735e-05	2.84202e-05	-4.33726e-05	-7.74305e-01	-3.09723e-01	-4.34406e-01	6.92910e-02	2.20000e-01
7.68526e-04	2.73051e-05	3.01008e-05	-4.69195e-05	-7.77696e-01	-3.11079e-01	-4.32269e-01	7.01950e-02	2.20000e-01
7.96310e-04	2.86908e-05	3.04381e-05	-4.83616e-05	-7.81324e-01	-3.12531e-01	-4.30087e-01	7.10941e-02	2.20000e-01
7.60410e-04	2.74197e-05	2.92202e-05	-4.85390e-05	-7.84949e-01	-3.13981e-01	-4.27861e-01	7.19879e-02	2.20000e-01
6.91311e-04	2.47451e-05	2.72458e-05	-4.78703e-05	-7.88168e-01	-3.15268e-01	-4.25591e-01	7.28760e-02	2.20000e-01
6.41776e-04	2.29825e-05	2.54852e-05	-4.66018e-05	-7.91127e-01	-3.16452e-01	-4.23275e-01	7.37581e-02	2.20000e-01
6.42686e-04	2.33683e-05	2.47917e-05	-4.57999e-05	-7.94609e-01	-3.17845e-01	-4.20914e-01	7.46339e-02	2.20000e-01
6.77630e-04	2.50970e-05	2.50930e-05	-4.62864e-05	-7.99122e-01	-3.19650e-01	-4.18508e-01	7.55031e-02	2.20000e-01
6.48543e-04	2.39512e-05	2.44258e-05	-4.70343e-05	-8.04272e-01	-3.21710e-01	-4.16056e-01	7.63653e-02	2.20000e-01
4.86360e-04	1.69450e-05	2.15042e-05	-4.73104e-05	-8.08742e-01	-3.23498e-01	-4.13559e-01	7.72201e-02	2.20000e-01
2.98113e-04	8.71982e-06	1.84208e-05	-4.78410e-05	-8.12172e-01	-3.24871e-01	-4.11015e-01	7.80673e-02	2.20000e-01
1.84110e-04	3.77157e-06	1.66229e-05	-4.82637e-05	-8.15804e-01	-3.26325e-01	-4.08425e-01	7.89065e-02	2.20000e-01
6.09028e-05	-1.45202e-06	1.43000e-05	-4.72009e-05	-8.19787e-01	-3.27923e-01	-4.05789e-01	7.97374e-02	2.20000e-01
-1.23016e-04	-9.30897e-06	1.08795e-05	-4.49895e-05	-8.23185e-01	-3.29270e-01	-4.03107e-01	8.05595e-02	2.20000e-01
-2.79467e-04	-1.59364e-05	7.86195e-06	-4.21356e-05	-8.26403e-01	-3.30560e-01	-4.00378e-01	8.13726e-02	2.20000e-01
-3.81968e-04	-2.00692e-05	5.29802e-06	-3.76585e-05	-8.30223e-01	-3.32088e-01	-3.97602e-01	8.21763e-02	2.20000e-01
-4.99566e-04	-2.48063e-05	2.24133e-06	-3.17046e-05	-8.34288e-01	-3.33715e-01	-3.94781e-01	8.29702e-02	2.20000e-01
-6.43171e-04	-3.07922e-05	-8.88344e-07	-2.62929e-05	-8.37806e-01	-3.35122e-01	-3.91912e-01	8.37540e-02	2.20000e-01
-7.32822e-04	-3.45180e-05	-2.76851e-06	-2.27634e-05	-8.40516e-01	-3.36206e-01	-3.88997e-01	8.45275e-02	2.20000e-01
-7.28908e-04	-3.41546e-05	-3.11038e-06	-2.06271e-05	-8.43273e-01	-3.37309e-01	-3.86036e-01	8.52901e-02	2.20000e-01
-7.13716e-04	-3.32953e-05	-3.31994e-06	-1.82885e-05	-8.46654e-01	-3.38661e-01	-3.83028e-01	8.60417e-02	2.20000e-01
-7.68302e-04	-3.55231e-05	-4.57531e-06	-1.49300e-05	-8.49937e-01	-3.39974e-01	-3.79973e-01	8.67818e-02	2.20000e-01
-8.59588e-04	-3.94309e-05	-6.14144e-06	-1.14238e-05	-8.52847e-01	-3.41138e-01	-3.76872e-01	8.75102e-02	2.20000e-01
-9.41315e-04	-4.29388e-05	-7.48365e-06	-8.08013e-06	-8.55778e-01	-3.42311e-01	-3.73725e-01	8.82265e-02	2.20000e-01
-1.02874e-03	-4.66553e-05	-9.11994e-06	-3.47393e-06	-8.58518e-01	-3.43407e-01	-3.70531e-01	8.89303e-02	2.20000e-01
-1.11261e-03	-5.02025e-05	-1.07972e-05	1.90891e-06	-8.60520e-01	-3.44207e-01	-3.67291e-01	8.96215e-02	2.20000e-01
-1.15287e-03	-5.19346e-05	-1.13483e-05	4.36471e-06	-8.62064e-01	-3.44825e-01	-3.64005e-01	9.02996e-02	2.20000e-01
-1.20325e-03	-5.42947e-05	-1.11366e-05	2.78459e-06	-8.63798e-01	-3.45519e-01	-3.60674e-01	9.09644e-02	2.20000e-01
-1.33499e-03	-6.03264e-05	-1.16091e-05	1.19110e-06	-8.65444e-01	-3.46177e-01	-3.57296e-01	9.16156e-02	2.20000e-01
-1.45963e-03	-6.59273e-05	-1.25405e-05	2.83667e-06	-8.66443e-01	-3.46577e-01	-3.53873e-01	9.22529e-02	2.20000e-01
-1.47629e-03	-6.65774e-05	-1.29450e-05	6.50791e-06	-8.67213e-01	-3.46884e-01	-3.50405e-01	9.28759e-02	2.20000e-01
-1.44607e-03	-6.51532e-05	-1.27541e-05	8.99539e-06	-8.68111e-01	-3.47244e-01	-3.46892e-01	9.34844e-02	2.20000e-01
-1.46798e-03	-6.62006e-05	-1.23110e-05	7.90049e-06	-8.68695e-01	-3.47477e-01	-3.43333e-01	9.40782e-02	2.20000e-01
-1.54766e-03	-6.99488e-05	-1.17050e-05	3.97748e-06	-8.68892e-01	-3.47556e-01	-3.39730e-01	9.46570e-02	2.20000e-01
-1.63254e-03	-7.38970e-05	-1.12644e-05	1.21990e-06	-8.68829e-01	-3.47531e-01	-3.36083e-01	9.52204e-02	2.20000e-01
-1.66505e-03	-7.53772e-05	-1.10512e-05	1.45789e-06	-8.68996e-01	-3.47598e-01	-3.32391e-01	9.57684e-02	2.20000e-01
-1.67901e-03	-7.60017e-05	-1.08176e-05	2.11860e-06	-8.69986e-01	-3.47994e-01	-3.28656e-01	9.63005e-02	2.20000e-01
-1.78011e-03	-8.06004e-05	-1.09011e-05	1.27498e-06	-8.70973e-01	-3.48388e-01	-3.24876e-01	9.68167e-02	2.20000e-01
-1.96314e-03	-8.89038e-05	-1.14491e-05	1.16626e-06	-8.70725e-01	-3.48289e-01	-3.21054e-01	9.73166e-02	2.20000e-01
-2.11126e-03	-9.55615e-05	-1.22365e-05	4.59969e-06	-8.69316e-01	-3.47726e-01	-3.17189e-01	9.78000e-02	2.20000e-01
-2.17087e-03	-9.81722e-05	-1.28504e-05	9.75108e-06	-8.67570e-01	-3.47027e-01	-3.13280e-01	9.82668e-02	2.20000e-01
-2.16497e-03	-9.78574e-05	-1.28044e-05	1.31565e-05	-8.66007e-01	-3.46402e-01	-3.09330e-01	9.87167e-02	2.20000e-01
-2.12100e-03	-9.58315e-05	-1.24990e-05	1.58215e-05	-8.65032e-01	-3.46012e-01	-3.05338e-01	9.91496e-02	2.20000e-01
-2.10056e-03	-9.48779e-05	-1.22982e-05	1.92943e-05	-8.64513e-01	-3.45804e-01	-3.01304e-01	9.95652e-02	2.20000e-01
-2.13603e-03	-9.64784e-05	-1.21562e-05	2.09247e-05	-8.63125e-01	-3.45249e-01	-2.97229e-01	9.99634e-02	2.20000e-01
-2.18379e-03	-9.86814e-05	-1.15506e-05	1.90156e-05	-8.61091e-01	-3.44435e-01	-2.93113e-01	1.00344e-01	2.20000e-01
-2.22415e-03	-1.00551e-04	-1.08224e-05	1.70260e-05	-8.59673e-01	-3.43868e-01	-2.88957e-01	1.00707e-01	2.20000e-01
-2.25692e-03	-1.02035e-04	-1.05195e-05	1.79684e-05	-8.58465e-01	-3.43385e-01	-2.84761e-01	1.01052e-01	2.20000e-01
-2.24549e-03	-1.01511e-04	-1.01293e-05	1.95881e-05	-8.56708e-01	-3.42682e-01	-2.80526e-01	1.01379e-01	2.20000e-01
-2.20666e-03	-9.97675e-05	-9.36449e-06	1.86407e-05	-8.55030e-01	-3.42011e-01	-2.76251e-01	1.01688e-01	2.20000e-01
-2.21314e-03	-1.00090e-04	-8.49984e-06	1.60553e-05	-8.54011e-01	-3.41603e-01	-2.71938e-01	1.01979e-01	2.20000e-01
-2.27402e-03	-1.02865e-04	-7.87855e-06	1.39752e-05	-8.52929e-01	-3.41171e-01	-2.67587e-01	1.02251e-01	2.20000e-01
-2.34809e-03	-1.06231e-04	-7.30524e-06	1.23520e-05	-8.51447e-01	-3.40578e-01	-2.63198e-01	1.02505e-01	2.20000e-01
-2.43425e-03	-1.10138e-04	-6.76180e-06	1.07228e-05	-8.49240e-01	-3.39695e-01	-2.58773e-01	1.02740e-01	2.20000e-01
-2.53543e-03	-1.14714e-04	-6.36489e-06	9.79927e-06	-8.46142e-01	-3.38456e-01	-2.54310e-01	1.02957e-01	2.20000e-01
-2.62380e-03	-1.18702e-04	-6.04356e-06	1.04984e-05	-8.42940e-01	-3.37175e-01	-2.49811e-01	1.03155e-01	2.20000e-01
-2.68639e-03	-1.21514e-04	-5.84003e-06	1.29272e-05	-8.39587e-01	-3.35834e-01	-2.45277e-01	1.03334e-01	2.20000e-01
-2.72541e-03	-1.23255e-04	-5.73675e-06	1.67298e-05	-8.35752e-01	-3.34300e-01	-2.40708e-01	1.03494e-01	2.20000e-01
-2.72785e-03	-1.23344e-04	-5.53228e-06	2.02203e-05	-8.31617e-01	-3.32646e-01	-2.36104e-01	1.03636e-01	2.20000e-01
-2.68832e-03	-1.21543e-04	-4.98861e-06	2.08512e-05	-8.27378e-01	-3.30950e-01	-2.31467e-01	1.03759e-01	2.20000e-01
-2.62902e-03	-1.18854e-04	-4.17956e-06	1.91503e-05	-8.23140e-01	-3.29255e-01	-2.26796e-01	1.03863e-01	2.20000e-01
-2.54511e-03	-1.15048e-04	-3.51506e-06	1.81185e-05	-8.18895e-01	-3.27557e-01	-2.22092e-01	1.03948e-01	2.20000e-01
-2.41787e-03	-1.09281e-04	-2.97657e-06	1.84827e-05	-8.15508e-01	-3.26202e-01	-2.17356e-01	1.04015e-01	2.20000e-01
-2.30557e-03	-1.04192e-04	-2.49667e-06	1.87675e-05	-8.13306e-01	-3.25322e-01	-2.12589e-01	1.04062e-01	2.20000e-01
-2.26059e-03	-1.02145e-04	-1.94147e-06	1.76394e-05	-8.11154e-01	-3.24461e-01	-2.07790e-01	1.04091e-01	2.20000e-01
-2.25247e-03	-1.01764e-04	-1.26805e-06	1.52234e-05	-8.09121e-01	-3.23647e-01	-2.02961e-01	1.04101e-01	2.20000e-01
-2.29130e-03	-1.03501e-04	-6.66634e-07	1.36888e-05	-8.07935e-01	-3.23173e-01	-1.98102e-01	1.04092e-01	2.20000e-01
-2.41042e-03	-1.08862e-04	-2.70245e-07	1.42489e-05	-8.06179e-01	-3.22471e-01	-1.93215e-01	1.04064e-01	2.20000e-01
-2.52502e-03	-1.14018e-04	8.02516e-08	1.53919e-05	-8.03078e-01	-3.21230e-01	-1.88298e-01	1.04018e-01	2.20000e-01
-2.55162e-03	-1.15198e-04	5.42129e-07	1.58381e-05	-8.00128e-01	-3.20050e-01	-1.83354e-01	1.03953e-01	2.20000e-01
-2.54818e-03	-1.15020e-04	9.88199e-07	1.57519e-05	-7.97539e-01	-3.19014e-01	-1.78383e-01	1.03870e-01	2.20000e-01
-2.56183e-03	-1.15613e-04	1.42069e-06	1.61037e-05	-7.94103e-01	-3.17640e-01	-1.73385e-01	1.03769e-01	2.20000e-01
-2.57937e-03	-1.16383e-04	1.78888e-06	1.74779e-05	-7.90411e-01	-3.16164e-01	-1.68361e-01	1.03649e-01	2.20000e-01
-2.66732e-03	-1.20323e-04	2.37140e-06	1.72318e-05	-7.87785e-01	-3.15113e-01	-1.63312e-01	1.03511e-01	2.20000e-01
-2.81659e-03	-1.27017e-04	3.34233e-06	1.33147e-05	-7.84148e-01	-3.13658e-01	-1.58238e-01	1.03355e-01	2.20000e-01
-2.84286e-03	-1.28165e-04	4.03759e-06	9.64131e-06	-7.78464e-01	-3.11384e-01	-1.53141e-01	1.03181e-01	2.20000e-01
-2.73750e-03	-1.23382e-04	4.38977e-06	8.26888e-06	-7.73889e-01	-3.09555e-01	-1.48020e-01	1.02989e-01	2.20000e-01
-2.69019e-03	-1.21213e-04	4.88830e-06	5.43369e-06	-7.70282e-01	-3.08112e-01	-1.42877e-01	1.02780e-01	2.20000e-01
-2.68426e-03	-1.20903e-04	5.56573e-06	9.05732e-07	-7.65531e-01	-3.06211e-01	-1.37713e-01	1.02553e-01	2.20000e-01
-2.62889e-03	-1.18366e-04	6.07314e-06	-2.74929e-06	-7.60923e-01	-3.04368e-01	-1.32527e-01	1.02308e-01	2.20000e-01
-2.62496e-03	-1.18150e-04	6.58831e-06	-6.11927e-06	-7.56981e-01	-3.02791e-01	-1.27321e-01	1.02047e-01	2.20000e-01
-2.70984e-03	-1.21931e-04	7.28909e-06	-8.60387e-06	-7.52057e-01	-3.00822e-01	-1.22095e-01	1.01768e-01	2.20000e-01
-2.77722e-03	-1.24930e-04	7.81117e-06	-8.88515e-06	-7.46581e-01	-2.98631e-01	-1.16851e-01	1.01473e-01	2.20000e-01
-2.82361e-03	-1.26976e-04	8.41791e-06	-1.05477e-05	-7.41495e-01	-2.96597e-01	-1.11589e-01	1.01161e-01	2.20000e-01
-2.88679e-03	-1.29765e-04	9.22338e-06	-1.60325e-05	-7.35867e-01	-2.94345e-01	-1.06309e-01	1.00832e-01	2.20000e-01
-2.93095e-03	-1.31697e-04	9.97292e-06	-2.14290e-05	-7.30125e-01	-2.92049e-01	-1.01012e-01	1.00487e-01	2.20000e-01
-2.96761e-03	-1.33300e-04	1.05682e-05	-2.23850e-05	-7.24396e-01	-2.89757e-01	-9.56999e-02	1.00126e-01	2.20000e-01
-3.04036e-03	-1.36548e-04	1.09143e-05	-1.97679e-05	-7.17288e-01	-2.86914e-01	-9.03724e-02	9.97494e-02	2.20000e-01
-3.11665e-03	-1.39944e-04	1.14376e-05	-1.74338e-05	-7.09045e-01	-2.83617e-01	-8.50306e-02	9.93569e-02	2.20000e-01
-3.13009e-03	-1.40518e-04	1.17182e-05	-1.55021e-05	-7.00263e-01	-2.80104e-01	-7.96751e-02	9.89489e-02	2.20000e-01
-3.06756e-03	-1.37682e-04	1.17249e-05	-1.32001e-05	-6.91702e-01	-2.76680e-01	-7.43068e-02	9.85256e-02	2.20000e-01
-3.01427e-03	-1.35258e-04	1.18059e-05	-1.23547e-05	-6.83993e-01	-2.73596e-01	-6.89265e-02	9.80874e-02	2.20000e-01
-3.00371e-03	-1.34748e-04	1.20963e-05	-1.27144e-05	-6.76433e-01	-2.70572e-01	-6.35349e-02	9.76343e-02	2.20000e-01
-2.94728e-03	-1.32181e-04	1.21789e-05	-1.16264e-05	-6.68399e-01	-2.67359e-01	-5.81327e-02	9.71667e-02	2.20000e-01
-2.80962e-03	-1.25983e-04	1.18029e-05	-8.84085e-06	-6.60627e-01	-2.64250e-01	-5.27208e-02	9.66849e-02	2.20000e-01
-2.67599e-03	-1.19965e-04	1.14541e-05	-6.17212e-06	-6.53660e-01	-2.61463e-01	-4.73000e-02	9.61889e-02	2.20000e-01
-2.58993e-03	-1.16083e-04	1.12752e-05	-4.62235e-06	-6.46771e-01	-2.58707e-01	-4.18710e-02	9.56792e-02	2.20000e-01
-2.50477e-03	-1.12239e-04	1.11308e-05	-3.40424e-06	-6.39955e-01	-2.55981e-01	-3.64346e-02	9.51559e-02	2.20000e-01
-2.40332e-03	-1.07672e-04	1.08544e-05	-9.63713e-07	-6.33580e-01	-2.53431e-01	-3.09916e-02	9.46193e-02	2.20000e-01
-2.31420e-03	-1.03664e-04	1.05616e-05	1.66312e-06	-6.27440e-01	-2.50975e-01	-2.55428e-02	9.40696e-02	2.20000e-01
-2.25382e-03	-1.00935e-04	1.04935e-05	1.87881e-06	-6.21685e-01	-2.48673e-01	-2.00889e-02	9.35071e-02	2.20000e-01
-2.20261e-03	-9.86110e-05	1.05126e-05	7.23032e-07	-6.16065e-01	-2.46425e-01	-1.46309e-02	9.29322e-02	2.20000e-01
-2.11428e-03	-9.46347e-05	1.02666e-05	1.61871e-06	-6.10166e-01	-2.44065e-01	-9.16943e-03	9.23450e-02	2.20000e-01
-1.97630e-03	-8.84470e-05	9.67993e-06	4.72074e-06	-6.04656e-01	-2.41861e-01	-3.70533e-03	9.17457e-02	2.20000e-01
-1.83733e-03	-8.22152e-05	9.09276e-06	7.20133e-06	-6.00173e-01	-2.40069e-01	1.76060e-03	9.11348e-02	2.20000e-01
-1.74513e-03	-7.80732e-05	8.76492e-06	8.01314e-06	-5.96463e-01	-2.38585e-01	7.22756e-03	9.05124e-02	2.20000e-01
-1.70091e-03	-7.60778e-05	8.68016e-06	8.42141e-06	-5.93158e-01	-2.37263e-01	1.26948e-02	8.98789e-02	2.20000e-01
-1.68020e-03	-7.51342e-05	8.71001e-06	8.96579e-06	-5.89997e-01	-2.35998e-01	1.81614e-02	8.92345e-02	2.20000e-01
-1.65072e-03	-7.37971e-05	8.70147e-06	8.92007e-06	-5.86777e-01	-2.34710e-01	2.36267e-02	8.85794e-02	2.20000e-01
-1.59212e-03	-7.11578e-05	8.54734e-06	8.09343e-06	-5.83636e-01	-2.33454e-01	2.90898e-02	8.79140e-02	2.20000e-01
-1.51532e-03	-6.77068e-05	8.27730e-06	7.30514e-06	-5.80791e-01	-2.32316e-01	3.45499e-02	8.72385e-02	2.20000e-01
-1.44333e-03	-6.44747e-05	7.99993e-06	7.26785e-06	-5.78255e-01	-2.31301e-01	4.00063e-02	8.65533e-02	2.20000e-01
-1.38314e-03	-6.17726e-05	7.76221e-06	7.86470e-06	-5.75930e-01	-2.30371e-01	4.54581e-02	8.58585e-02	2.20000e-01
-1.32289e-03	-5.90704e-05	7.50870e-06	8.60750e-06	-5.73714e-01	-2.29485e-01	5.09046e-02	8.51545e-02	2.20000e-01
-1.25092e-03	-5.58459e-05	7.18000e-06	9.15168e-06	-5.71605e-01	-2.28642e-01	5.63449e-02	8.44416e-02	2.20000e-01
-1.16898e-03	-5.21764e-05	6.78917e-06	9.29350e-06	-5.69676e-01	-2.27870e-01	6.17782e-02	8.37200e-02	2.20000e-01
-1.08762e-03	-4.85339e-05	6.39757e-06	8.97124e-06	-5.67946e-01	-2.27178e-01	6.72038e-02	8.29900e-02	2.20000e-01
-1.01514e-03	-4.52881e-05	6.05123e-06	8.34191e-06	-5.66411e-01	-2.26564e-01	7.26209e-02	8.22519e-02	2.20000e-01
-9.57297e-04	-4.26970e-05	5.78283e-06	7.74072e-06	-5.65095e-01	-2.26038e-01	7.80287e-02	8.15060e-02	2.20000e-01
-9.16424e-04	-4.08643e-05	5.60339e-06	7.54318e-06	-5.63987e-01	-2.25594e-01	8.34263e-02	8.07525e-02	2.20000e-01
-8.86625e-04	-3.95276e-05	5.47584e-06	7.93782e-06	-5.63033e-01	-2.25213e-01	8.88130e-02	7.99918e-02	2.20000e-01
-8.57887e-04	-3.82395e-05	5.34519e-06	8.63575e-06	-5.62242e-01	-2.24897e-01	9.41881e-02	7.92241e-02	2.20000e-01
-8.28420e-04	-3.69186e-05	5.21241e-06	8.93588e-06	-5.61650e-01	-2.24660e-01	9.95506e-02	7.84497e-02	2.20000e-01
-8.07063e-04	-3.59573e-05	5.14245e-06	8.39144e-06	-5.61220e-01	-2.24488e-01	1.04900e-01	7.76689e-02	2.20000e-01
-7.97769e-04	-3.55322e-05	5.15675e-06	7.32143e-06	-5.60836e-01	-2.24334e-01	1.10235e-01	7.68819e-02	2.20000e-01
-7.92709e-04	-3.52964e-05	5.19330e-06	6.43783e-06	-5.60436e-01	-2.24174e-01	1.15556e-01	7.60890e-02	2.20000e-01
-7.83239e-04	-3.48658e-05	5.18968e-06	6.04585e-06	-5.60071e-01	-2.24028e-01	1.20861e-01	7.52906e-02	2.20000e-01
-7.71691e-04	-3.43437e-05	5.16519e-06	5.86162e-06	-5.59798e-01	-2.23919e-01	1.26149e-01	7.44868e-02	2.20000e-01
-7.67443e-04	-3.41463e-05	5.19061e-06	5.48101e-06	-5.59593e-01	-2.23837e-01	1.31421e-01	7.36779e-02	2.20000e-01
-7.75259e-04	-3.44845e-05	5.30421e-06	4.75868e-06	-5.59409e-01	-2.23763e-01	1.36674e-01	7.28643e-02	2.20000e-01
-7.91879e-04	-3.52134e-05	5.48354e-06	3.82174e-06	-5.59233e-01	-2.23693e-01	1.41909e-01	7.20462e-02	2.20000e-01
-8.11056e-04	-3.60558e-05	5.68080e-06	2.94133e-06	-5.59083e-01	-2.23633e-01	1.47125e-01	7.12238e-02	2.20000e-01
-8.28560e-04	-3.68244e-05	5.86251e-06	2.36909e-06	-5.58964e-01	-2.23585e-01	1.52321e-01	7.03975e-02	2.20000e-01
-8.41531e-04	-3.73922e-05	6.00762e-06	2.17027e-06	-5.58842e-01	-2.23537e-01	1.57495e-01	6.95674e-02	2.20000e-01
-8.46111e-04	-3.75875e-05	6.08993e-06	2.20071e-06	-5.58728e-01	-2.23491e-01	1.62649e-01	6.87339e-02	2.20000e-01
-8.41202e-04	-3.73613e-05	6.10319e-06	2.24482e-06	-5.58675e-01	-2.23470e-01	1.67779e-01	6.78972e-02	2.20000e-01
-8.27580e-04	-3.67484e-05	6.05217e-06	2.17892e-06	-5.58691e-01	-2.23476e-01	1.72887e-01	6.70576e-02	2.20000e-01
-8.06896e-04	-3.58220e-05	5.94761e-06	2.01022e-06	-5.58772e-01	-2.23508e-01	1.77971e-01	6.62153e-02	2.20000e-01
-7.86128e-04	-3.48922e-05	5.84076e-06	1.73296e-06	-5.58941e-01	-2.23576e-01	1.83031e-01	6.53707e-02	2.20000e-01
-7.74228e-04	-3.43561e-05	5.79880e-06	1.24372e-06	-5.59188e-01	-2.23675e-01	1.88065e-01	6.45239e-02	2.20000e-01
-7.71013e-04	-3.42053e-05	5.82174e-06	5.38650e-07	-5.59471e-01	-2.23788e-01	1.93074e-01	6.36752e-02	2.20000e-01
-7.71280e-04	-3.42094e-05	5.86829e-06	-6.90937e-08	-5.59813e-01	-2.23925e-01	1.98055e-01	6.28248e-02	2.20000e-01
-7.77752e-04	-3.44895e-05	5.95796e-06	-2.11333e-07	-5.60232e-01	-2.24092e-01	2.03010e-01	6.19731e-02	2.20000e-01
-7.99268e-04	-3.54369e-05	6.16086e-06	6.44111e-09	-5.60678e-01	-2.24271e-01	2.07937e-01	6.11202e-02	2.20000e-01
-8.37243e-04	-3.71130e-05	6.49625e-06	9.47438e-08	-5.61090e-01	-2.24436e-01	2.12835e-01	6.02665e-02	2.20000e-01
-8.79903e-04	-3.89956e-05	6.87472e-06	-1.44855e-07	-5.61451e-01	-2.24580e-01	2.17704e-01	5.94121e-02	2.20000e-01
-9.12428e-04	-4.04284e-05	7.17708e-06	-4.69755e-07	-5.61813e-01	-2.24725e-01	2.22542e-01	5.85573e-02	2.20000e-01
-9.30412e-04	-4.12165e-05	7.36725e-06	-7.12825e-07	-5.62242e-01	-2.24897e-01	2.27351e-01	5.77024e-02	2.20000e-01
-9.40226e-04	-4.16424e-05	7.49374e-06	-9.97617e-07	-5.62722e-01	-2.25088e-01	2.32127e-01	5.68476e-02	2.20000e-01
-9.48200e-04	-4.19871e-05	7.60403e-06	-1.33687e-06	-5.63185e-01	-2.25274e-01	2.36872e-01	5.59931e-02	2.20000e-01
-9.57624e-04	-4.23962e-05	7.72404e-06	-1.39579e-06	-5.63608e-01	-2.25443e-01	2.41585e-01	5.51391e-02	2.20000e-01
-9.72575e-04	-4.30503e-05	7.88757e-06	-9.55690e-07	-5.63983e-01	-2.25593e-01	2.46264e-01	5.42860e-02	2.20000e-01
-9.96196e-04	-4.40878e-05	8.12226e-06	-3.07751e-07	-5.64295e-01	-2.25718e-01	2.50910e-01	5.34339e-02	2.20000e-01
-1.02619e-03	-4.54069e-05	8.41256e-06	1.73863e-07	-5.64547e-01	-2.25818e-01	2.55521e-01	5.25831e-02	2.20000e-01
-1.05784e-03	-4.67983e-05	8.72054e-06	5.29330e-07	-5.64762e-01	-2.25904e-01	2.60097e-01	5.17338e-02	2.20000e-01
-1.09125e-03	-4.82668e-05	9.04539e-06	9.17258e-07	-5.64969e-01	-2.25987e-01	2.64638e-01	5.08862e-02	2.20000e-01
-1.13043e-03	-4.99904e-05	9.42053e-06	1.10206e-06	-5.65196e-01	-2.26078e-01	2.69143e-01	5.00406e-02	2.20000e-01
-1.17552e-03	-5.19741e-05	9.84855e-06	6.68807e-07	-5.65409e-01	-2.26163e-01	2.73610e-01	4.91971e-02	2.20000e-01
-1.22002e-03	-5.39312e-05	1.02781e-05	-3.88063e-07	-5.65572e-01	-2.26228e-01	2.78041e-01	4.83561e-02	2.20000e-01
-1.25846e-03	-5.56183e-05	1.06651e-05	-1.62815e-06	-5.65672e-01	-2.26268e-01	2.82434e-01	4.75177e-02	2.20000e-01
-1.29244e-03	-5.71081e-05	1.10138e-05	-2.63808e-06	-5.65687e-01	-2.26274e-01	2.86788e-01	4.66822e-02	2.20000e-01
-1.32711e-03	-5.86280e-05	1.13715e-05	-3.39588e-06	-5.65608e-01	-2.26243e-01	2.91104e-01	4.58497e-02	2.20000e-01
-1.36263e-03	-6.01850e-05	1.17383e-05	-4.12237e-06	-5.65428e-01	-2.26171e-01	2.95380e-01	4.50205e-02	2.20000e-01
-1.39274e-03	-6.15027e-05	1.20608e-05	-4.70962e-06	-5.65203e-01	-2.26080e-01	2.99616e-01	4.41948e-02	2.20000e-01
-1.41210e-03	-6.23455e-05	1.22886e-05	-4.62326e-06	-5.64985e-01	-2.25994e-01	3.03812e-01	4.33729e-02	2.20000e-01
-1.42219e-03	-6.27804e-05	1.24304e-05	-3.79170e-06	-5.64770e-01	-2.25907e-01	3.07967e-01	4.25548e-02	2.20000e-01
-1.43221e-03	-6.32116e-05	1.25736e-05	-3.02023e-06	-5.64600e-01	-2.25839e-01	3.12081e-01	4.17409e-02	2.20000e-01
-1.45618e-03	-6.42580e-05	1.28410e-05	-3.08914e-06	-5.64430e-01	-2.25772e-01	3.16152e-01	4.09313e-02	2.20000e-01
-1.49348e-03	-6.58923e-05	1.32283e-05	-3.94386e-06	-5.64085e-01	-2.25633e-01	3.20182e-01	4.01262e-02	2.20000e-01
-1.52933e-03	-6.74618e-05	1.36074e-05	-4.99393e-06	-5.63607e-01	-2.25442e-01	3.24169e-01	3.93259e-02	2.20000e-01
-1.55814e-03	-6.87191e-05	1.39305e-05	-5.81519e-06	-5.63152e-01	-2.25260e-01	3.28112e-01	3.85305e-02	2.20000e-01
-1.58305e-03	-6.98044e-05	1.42177e-05	-6.29922e-06	-5.62693e-01	-2.25076e-01	3.32012e-01	3.77402e-02	2.20000e-01
-1.60641e-03	-7.08212e-05	1.44913e-05	-6.44367e-06	-5.62212e-01	-2.24884e-01	3.35868e-01	3.69553e-02	2.20000e-01
-1.63556e-03	-7.20942e-05	1.48147e-05	-6.48074e-06	-5.61706e-01	-2.24682e-01	3.39680e-01	3.61759e-02	2.20000e-01
-1.67527e-03	-7.38318e-05	1.52357e-05	-6.83160e-06	-5.61067e-01	-2.24426e-01	3.43447e-01	3.54022e-02	2.20000e-01
-1.71498e-03	-7.55680e-05	1.56645e-05	-7.54615e-06	-5.60307e-01	-2.24122e-01	3.47169e-01	3.46344e-02	2.20000e-01
-1.74485e-03	-7.68688e-05	1.60102e-05	-8.30767e-06	-5.59571e-01	-2.23828e-01	3.50845e-01	3.38727e-02	2.20000e-01
-1.76652e-03	-7.78096e-05	1.62750e-05	-8.91334e-06	-5.58821e-01	-2.23528e-01	3.54476e-01	3.31172e-02	2.20000e-01
-1.77606e-03	-7.82172e-05	1.64245e-05	-9.20970e-06	-5.57985e-01	-2.23193e-01	3.58061e-01	3.23682e-02	2.20000e-01
-1.77119e-03	-7.79884e-05	1.64463e-05	-9.07577e-06	-5.57172e-01	-2.22868e-01	3.61599e-01	3.16257e-02	2.20000e-01
-1.76212e-03	-7.75748e-05	1.64296e-05	-8.75017e-06	-5.56412e-01	-2.22564e-01	3.65090e-01	3.08901e-02	2.20000e-01
-1.75662e-03	-7.73199e-05	1.64377e-05	-8.61609e-06	-5.55637e-01	-2.22254e-01	3.68535e-01	3.01614e-02	2.20000e-01
-1.74893e-03	-7.69688e-05	1.64263e-05	-8.75145e-06	-5.54928e-01	-2.21971e-01	3.71932e-01	2.94398e-02	2.20000e-01
-1.73659e-03	-7.64115e-05	1.63759e-05	-9.25218e-06	-5.54320e-01	-2.21727e-01	3.75281e-01	2.87256e-02	2.20000e-01
-1.72612e-03	-7.59373e-05	1.63400e-05	-1.02595e-05	-5.53668e-01	-2.21467e-01	3.78583e-01	2.80187e-02	2.20000e-01
-1.71518e-03	-7.54447e-05	1.62889e-05	-1.11438e-05	-5.52919e-01	-2.21167e-01	3.81837e-01	2.73194e-02	2.20000e-01
-1.70010e-03	-7.47710e-05	1.61942e-05	-1.08465e-05	-5.52192e-01	-2.20876e-01	3.85043e-01	2.66279e-02	2.20000e-01
-1.68862e-03	-7.42537e-05	1.61414e-05	-9.35863e-06	-5.51541e-01	-2.20616e-01	3.88200e-01	2.59443e-02	2.20000e-01
-1.68954e-03	-7.42817e-05	1.62081e-05	-7.89731e-06	-5.50843e-01	-2.20337e-01	3.91309e-01	2.52687e-02	2.20000e-01
-1.69968e-03	-7.47163e-05	1.63570e-05	-7.55960e-06	-5.50017e-01	-2.20006e-01	3.94369e-01	2.46013e-02	2.20000e-01
-1.70440e-03	-7.49113e-05	1.64596e-05	-8.35913e-06	-5.49108e-01	-2.19643e-01	3.97380e-01	2.39423e-02	2.20000e-01
-1.68834e-03	-7.41921e-05	1.63644e-05	-9.46074e-06	-5.48230e-01	-2.19291e-01	4.00342e-01	2.32916e-02	2.20000e-01
-1.66149e-03	-7.29992e-05	1.61631e-05	-1.00337e-05	-5.47472e-01	-2.18988e-01	4.03255e-01	2.26496e-02	2.20000e-01
-1.65294e-03	-7.26112e-05	1.61344e-05	-9.97957e-06	-5.46672e-01	-2.18668e-01	4.06118e-01	2.20162e-02	2.20000e-01
-1.66548e-03	-7.31512e-05	1.63065e-05	-9.91371e-06	-5.45668e-01	-2.18267e-01	4.08933e-01	2.13917e-02	2.20000e-01
-1.67217e-03	-7.34336e-05	1.64238e-05	-1.03459e-05	-5.44598e-01	-2.17838e-01	4.11698e-01	2.07760e-02	2.20000e-01
-1.65358e-03	-7.26073e-05	1.62850e-05	-1.09778e-05	-5.43594e-01	-2.17437e-01	4.14414e-01	2.01695e-02	2.20000e-01
-1.62058e-03	-7.11482e-05	1.60048e-05	-1.10139e-05	-5.42704e-01	-2.17081e-01	4.17080e-01	1.95720e-02	2.20000e-01
-1.60403e-03	-7.04112e-05	1.58887e-05	-1.01011e-05	-5.41840e-01	-2.16735e-01	4.19696e-01	1.89838e-02	2.20000e-01
-1.61819e-03	-7.10229e-05	1.60717e-05	-8.72770e-06	-5.40747e-01	-2.16298e-01	4.22264e-01	1.84050e-02	2.20000e-01
-1.64066e-03	-7.19988e-05	1.63403e-05	-7.62278e-06	-5.39410e-01	-2.15763e-01	4.24782e-01	1.78356e-02	2.20000e-01
-1.63639e-03	-7.17998e-05	1.63497e-05	-7.16945e-06	-5.38061e-01	-2.15224e-01	4.27250e-01	1.72757e-02	2.20000e-01
-1.59540e-03	-6.99901e-05	1.59877e-05	-7.17901e-06	-5.36927e-01	-2.14770e-01	4.29669e-01	1.67253e-02	2.20000e-01
-1.54816e-03	-6.79066e-05	1.55629e-05	-6.96261e-06	-5.36024e-01	-2.14409e-01	4.32039e-01	1.61847e-02	2.20000e-01
-1.52206e-03	-6.67532e-05	1.53389e-05	-6.14035e-06	-5.35109e-01	-2.14043e-01	4.34360e-01	1.56537e-02	2.20000e-01
-1.51579e-03	-6.64689e-05	1.53148e-05	-5.22651e-06	-5.34135e-01	-2.13654e-01	4.36632e-01	1.51326e-02	2.20000e-01
-1.52779e-03	-6.69878e-05	1.54684e-05	-4.91208e-06	-5.33125e-01	-2.13249e-01	4.38854e-01	1.46213e-02	2.20000e-01
-1.54276e-03	-6.76386e-05	1.56440e-05	-5.29104e-06	-5.31926e-01	-2.12770e-01	4.41029e-01	1.41198e-02	2.20000e-01
-1.51739e-03	-6.65133e-05	1.54430e-05	-5.88743e-06	-5.30796e-01	-2.12318e-01	4.43154e-01	1.36284e-02	2.20000e-01
-1.45110e-03	-6.35925e-05	1.48329e-05	-6.20457e-06	-5.30065e-01	-2.12025e-01	4.45231e-01	1.31468e-02	2.20000e-01
-1.40134e-03	-6.14055e-05	1.43510e-05	-6.45647e-06	-5.29440e-01	-2.11775e-01	4.47260e-01	1.26753e-02	2.20000e-01
-1.38968e-03	-6.08925e-05	1.42410e-05	-7.48356e-06	-5.28620e-01	-2.11447e-01	4.49241e-01	1.22138e-02	2.20000e-01
-1.38450e-03	-6.06590e-05	1.42155e-05	-9.63780e-06	-5.27793e-01	-2.11117e-01	4.51175e-01	1.17624e-02	2.20000e-01
-1.37274e-03	-6.01367e-05	1.41260e-05	-1.21629e-05	-5.27143e-01	-2.10857e-01	4.53061e-01	1.13210e-02	2.20000e-01
-1.36820e-03	-5.99312e-05	1.41057e-05	-1.41083e-05	-5.26546e-01	-2.10618e-01	4.54900e-01	1.08896e-02	2.20000e-01
-1.36979e-03	-5.99945e-05	1.41500e-05	-1.54220e-05	-5.25805e-01	-2.10322e-01	4.56692e-01	1.04683e-02	2.20000e-01
-1.36222e-03	-5.96545e-05	1.41080e-05	-1.64628e-05	-5.24940e-01	-2.09976e-01	4.58437e-01	1.00570e-02	2.20000e-01
-1.34483e-03	-5.88858e-05	1.39571e-05	-1.70946e-05	-5.24095e-01	-2.09638e-01	4.60137e-01	9.65580e-03	2.20000e-01
-1.32789e-03	-5.81381e-05	1.38071e-05	-1.70221e-05	-5.23305e-01	-2.09321e-01	4.61791e-01	9.26454e-03	2.20000e-01
-1.30744e-03	-5.72345e-05	1.36301e-05	-1.65057e-05	-5.22515e-01	-2.09005e-01	4.63400e-01	8.88324e-03	2.20000e-01
-1.26601e-03	-5.54106e-05	1.32394e-05	-1.61204e-05	-5.21744e-01	-2.08697e-01	4.64963e-01	8.51186e-03	2.20000e-01
-1.19427e-03	-5.22639e-05	1.25178e-05	-1.59417e-05	-5.21067e-01	-2.08426e-01	4.66483e-01	8.15036e-03	2.20000e-01
-1.10456e-03	-4.83346e-05	1.15922e-05	-1.54729e-05	-5.20548e-01	-2.08219e-01	4.67958e-01	7.79867e-03	2.20000e-01
-1.02508e-03	-4.48536e-05	1.07706e-05	-1.44024e-05	-5.20175e-01	-2.08069e-01	4.69390e-01	7.45674e-03	2.20000e-01
-9.71197e-04	-4.24927e-05	1.02174e-05	-1.29894e-05	-5.19874e-01	-2.07949e-01	4.70778e-01	7.12450e-03	2.20000e-01
-9.27596e-04	-4.05787e-05	9.78506e-06	-1.16401e-05	-5.19620e-01	-2.07847e-01	4.72125e-01	6.80186e-03	2.20000e-01
-8.86852e-04	-3.87885e-05	9.38791e-06	-1.04763e-05	-5.19422e-01	-2.07769e-01	4.73429e-01	6.48875e-03	2.20000e-01
-8.71668e-04	-3.81228e-05	9.23399e-06	-9.36688e-06	-5.19213e-01	-2.07685e-01	4.74693e-01	6.18507e-03	2.20000e-01
-8.90769e-04	-3.89610e-05	9.42421e-06	-8.29321e-06	-5.18895e-01	-2.07558e-01	4.75915e-01	5.89072e-03	2.20000e-01
-9.13674e-04	-3.99619e-05	9.67041e-06	-7.40774e-06	-5.18494e-01	-2.07397e-01	4.77098e-01	5.60559e-03	2.20000e-01
-9.15363e-04	-4.00303e-05	9.71092e-06	-6.78968e-06	-5.18103e-01	-2.07241e-01	4.78241e-01	5.32956e-03	2.20000e-01
-9.05335e-04	-3.95882e-05	9.61945e-06	-6.37918e-06	-5.17744e-01	-2.07097e-01	4.79345e-01	5.06251e-03	2.20000e-01
-8.97577e-04	-3.92494e-05	9.53500e-06	-6.05408e-06	-5.17376e-01	-2.06950e-01	4.80412e-01	4.80431e-03	2.20000e-01
-8.89483e-04	-3.88960e-05	9.44680e-06	-5.75551e-06	-5.17006e-01	-2.06802e-01	4.81441e-01	4.55482e-03	2.20000e-01
-8.74017e-04	-3.82162e-05	9.29688e-06	-5.55281e-06	-5.16692e-01	-2.06677e-01	4.82433e-01	4.31389e-03	2.20000e-01
-8.52188e-04	-3.72552e-05	9.09147e-06	-5.51598e-06	-5.16469e-01	-2.06587e-01	4.83390e-01	4.08136e-03	2.20000e-01
-8.30929e-04	-3.63197e-05	8.88965e-06	-5.57741e-06	-5.16315e-01	-2.06526e-01	4.84312e-01	3.85706e-03	2.20000e-01
-8.14842e-04	-3.56133e-05	8.73087e-06	-5.58998e-06	-5.16168e-01	-2.06467e-01	4.85200e-01	3.64083e-03	2.20000e-01
-8.03644e-04	-3.51241e-05	8.60999e-06	-5.48832e-06	-5.16009e-01	-2.06403e-01	4.86054e-01	3.43249e-03	2.20000e-01
-7.93388e-04	-3.46759e-05	8.49981e-06	-5.31452e-06	-5.15845e-01	-2.06338e-01	4.86876e-01	3.23184e-03	2.20000e-01
-7.81200e-04	-3.41423e-05	8.37320e-06	-5.08520e-06	-5.15708e-01	-2.06283e-01	4.87666e-01	3.03869e-03	2.20000e-01
-7.67024e-04	-3.35185e-05	8.23854e-06	-4.72388e-06	-5.15610e-01	-2.06244e-01	4.88426e-01	2.85284e-03	2.20000e-01
-7.51329e-04	-3.28290e-05	8.08468e-06	-4.14052e-06	-5.15533e-01	-2.06213e-01	4.89156e-01	2.67407e-03	2.20000e-01
-7.35639e-04	-3.21415e-05	7.92356e-06	-3.34282e-06	-5.15484e-01	-2.06193e-01	4.89858e-01	2.50216e-03	2.20000e-01
-7.23180e-04	-3.15958e-05	7.79494e-06	-2.43391e-06	-5.15419e-01	-2.06168e-01	4.90532e-01	2.33688e-03	2.20000e-01
-7.14607e-04	-3.12239e-05	7.69179e-06	-1.53295e-06	-5.15352e-01	-2.06140e-01	4.91179e-01	2.17800e-03	2.20000e-01
-7.09780e-04	-3.10133e-05	7.63843e-06	-7.34347e-07	-5.15258e-01	-2.06103e-01	4.91801e-01	2.02527e-03	2.20000e-01
-7.04389e-04	-3.07812e-05	7.56639e-06	-9.07404e-08	-5.15107e-01	-2.06042e-01	4.92398e-01	1.87844e-03	2.20000e-01
-6.99295e-04	-3.05616e-05	7.49933e-06	3.53121e-07	-5.14998e-01	-2.05999e-01	4.92972e-01	1.73724e-03	2.20000e-01
-6.88542e-04	-3.00859e-05	7.40744e-06	5.72449e-07	-5.14785e-01	-2.05914e-01	4.93524e-01	1.60140e-03	2.20000e-01
-6.74646e-04	-2.94860e-05	7.22849e-06	5.97609e-07	-5.14691e-01	-2.05876e-01	4.94055e-01	1.47066e-03	2.20000e-01
-6.54877e-04	-2.85979e-05	7.11403e-06	4.80109e-07	-5.14487e-01	-2.05795e-01	4.94566e-01	1.34472e-03	2.20000e-01
-6.30464e-04	-2.75495e-05	6.77731e-06	2.48580e-07	-5.14364e-01	-2.05745e-01	4.95058e-01	1.22329e-03	2.20000e-01
-6.02374e-04	-2.62908e-05	6.60189e-06	-7.17752e-08	-5.14257e-01	-2.05702e-01	4.95533e-01	1.10607e-03	2.20000e-01
-5.66449e-04	-2.47442e-05	6.12178e-06	-4.42740e-07	-5.13996e-01	-2.05598e-01	4.95992e-01	9.92743e-04	2.20000e-01
-5.26380e-04	-2.29758e-05	5.76189e-06	-8.09228e-07	-5.14076e-01	-2.05630e-01	4.96436e-01	8.83001e-04	2.20000e-01
-4.79325e-04	-2.09085e-05	5.30100e-06	-1.11528e-06	-5.13660e-01	-2.05464e-01	4.96866e-01	7.76514e-04	2.20000e-01
-4.20995e-04	-1.84042e-05	4.49356e-06	-1.31153e-06	-5.13858e-01	-2.05543e-01	4.97285e-01	6.72948e-04	2.20000e-01
-3.68488e-04	-1.60010e-05	4.36852e-06	-1.36287e-06	-5.13582e-01	-2.05433e-01	4.97693e-01	5.71962e-04	2.20000e-01
-2.86795e-04	-1.25987e-05	2.81422e-06	-1.25701e-06	-5.13409e-01	-2.05363e-01	4.98092e-01	4.73204e-04	2.20000e-01
-2.58148e-04	-1.10421e-05	3.73668e-06	-9.79461e-07	-5.14132e-01	-2.05653e-01	4.98483e-01	3.76317e-04	2.20000e-01
-1.79511e-04	-7.88092e-06	1.78136e-06	-4.76274e-07	-5.12806e-01	-2.05122e-01	4.98868e-01	2.80935e-04	2.20000e-01
-2.74127e-04	-1.17460e-05	3.88433e-06	1.92689e-07	-5.17319e-01	-2.06927e-01	4.99248e-01	1.86682e-04	2.20000e-01
-5.90297e-04	-2.39959e-05	1.35920e-05	4.78603e-07	-5.16878e-01	-2.06751e-01	4.99625e-01	9.31749e-05	2.20000e-01
-4.30142e-04	-2.87379e-05	-3.54007e-05	6.36339e-08	-5.21604e-01	-2.08641e-01	5.00000e-01	0.00000e+00	2.20000e-01
