"Density"	"Momentum:0"	"Momentum:1"	"Momentum:2"	"StagnationEnergy"	"Pressure"	"Points:0"	"Points:1"	"Points:2"
1.72888e-02	-6.37704e-04	8.27207e-04	-4.68846e-04	-9.58081e-02	-3.83384e-02	-5.13572e-01	0.00000e+00	1.84800e-01
1.19016e-04	8.87649e-05	1.55081e-06	-1.72622e-04	-3.76534e-01	-1.50677e-01	-5.13520e-01	2.24940e-03	1.84800e-01
4.59106e-03	1.04985e-04	2.10940e-04	-2.05821e-04	-2.72127e-01	-1.08855e-01	-5.13363e-01	4.49390e-03	1.84800e-01
1.15097e-02	1.43774e-04	5.35837e-04	-2.32789e-04	-3.34701e-01	-1.33887e-01	-5.13100e-01	6.72848e-03	1.84800e-01
1.40719e-02	2.17211e-04	6.43485e-04	-2.26294e-04	-3.43648e-01	-1.37467e-01	-5.12732e-01	8.94813e-03	1.84800e-01
1.70198e-02	2.54241e-04	7.74886e-04	-2.25754e-04	-3.94667e-01	-1.57875e-01	-5.12259e-01	1.11480e-02	1.84800e-01
1.93109e-02	3.28063e-04	8.63909e-04	-2.08828e-04	-4.70895e-01	-1.88367e-01	-5.11685e-01	1.33235e-02	1.84800e-01
2.05889e-02	3.72157e-04	9.09191e-04	-1.97120e-04	-5.17108e-01	-2.06853e-01	-5.11012e-01	1.54704e-02	1.84800e-01
2.15258e-02	4.23173e-04	9.33614e-04	-1.79929e-04	-5.97306e-01	-2.38932e-01	-5.10243e-01	1.75849e-02	1.84800e-01
2.18269e-02	4.61696e-04	9.28988e-04	-1.66269e-04	-6.50718e-01	-2.60297e-01	-5.09428e-01	1.95618e-02	1.84800e-01
2.18604e-02	4.88714e-04	9.14657e-04	-1.56326e-04	-7.01863e-01	-2.80755e-01	-5.08610e-01	2.13445e-02	1.84800e-01
2.16699e-02	5.12903e-04	8.89088e-04	-1.46908e-04	-7.49841e-01	-2.99946e-01	-5.07790e-01	2.29823e-02	1.84800e-01
2.13114e-02	5.26503e-04	8.59377e-04	-1.41806e-04	-7.83716e-01	-3.13496e-01	-5.06966e-01	2.45076e-02	1.84800e-01
2.09011e-02	5.39113e-04	8.26817e-04	-1.36955e-04	-8.20469e-01	-3.28197e-01	-5.06135e-01	2.59433e-02	1.84800e-01
2.04018e-02	5.45782e-04	7.92377e-04	-1.34824e-04	-8.47433e-01	-3.38983e-01	-5.05296e-01	2.73061e-02	1.84800e-01
1.98727e-02	5.50017e-04	7.57348e-04	-1.33691e-04	-8.73194e-01	-3.49287e-01	-5.04448e-01	2.86088e-02	1.84800e-01
1.93250e-02	5.51895e-04	7.22410e-04	-1.33936e-04	-8.95330e-01	-3.58141e-01	-5.03590e-01	2.98613e-02	1.84800e-01
1.87116e-02	5.49830e-04	6.86079e-04	-1.35241e-04	-9.13687e-01	-3.65483e-01	-5.02720e-01	3.10715e-02	1.84800e-01
1.81326e-02	5.47436e-04	6.51644e-04	-1.37564e-04	-9.30584e-01	-3.72242e-01	-5.01837e-01	3.22460e-02	1.84800e-01
1.75168e-02	5.42208e-04	6.16894e-04	-1.40845e-04	-9.44239e-01	-3.77704e-01	-5.00940e-01	3.33899e-02	1.84800e-01
1.69062e-02	5.35847e-04	5.83073e-04	-1.44894e-04	-9.56172e-01	-3.82476e-01	-5.00026e-01	3.45079e-02	1.84800e-01
1.62957e-02	5.28175e-04	5.50077e-04	-1.49720e-04	-9.66138e-01	-3.86463e-01	-4.99096e-01	3.56036e-02	1.84800e-01
1.56842e-02	5.19253e-04	5.17853e-04	-1.55297e-04	-9.74026e-01	-3.89617e-01	-4.98147e-01	3.66801e-02	1.84800e-01
1.50716e-02	5.09186e-04	4.86356e-04	-1.61430e-04	-9.80524e-01	-3.92216e-01	-4.97179e-01	3.77402e-02	1.84800e-01
1.44645e-02	4.98267e-04	4.55789e-04	-1.68267e-04	-9.85263e-01	-3.94112e-01	-4.96190e-01	3.87862e-02	1.84800e-01
1.38573e-02	4.86359e-04	4.25968e-04	-1.75624e-04	-9.88545e-01	-3.95425e-01	-4.95180e-01	3.98201e-02	1.84800e-01
1.32560e-02	4.73745e-04	3.97053e-04	-1.83559e-04	-9.90479e-01	-3.96198e-01	-4.94146e-01	4.08436e-02	1.84800e-01
1.26625e-02	4.60564e-04	3.69075e-04	-1.92116e-04	-9.90981e-01	-3.96399e-01	-4.93089e-01	4.18581e-02	1.84800e-01
1.20723e-02	4.46685e-04	3.41885e-04	-2.01188e-04	-9.90291e-01	-3.96122e-01	-4.92006e-01	4.28650e-02	1.84800e-01
1.14822e-02	4.32069e-04	3.15364e-04	-2.10765e-04	-9.88343e-01	-3.95343e-01	-4.90898e-01	4.38654e-02	1.84800e-01
1.09017e-02	4.17104e-04	2.89763e-04	-2.21008e-04	-9.85248e-01	-3.94105e-01	-4.89762e-01	4.48601e-02	1.84800e-01
1.03212e-02	4.01479e-04	2.64800e-04	-2.31773e-04	-9.81068e-01	-3.92433e-01	-4.88598e-01	4.58500e-02	1.84800e-01
9.74100e-03	3.85239e-04	2.40465e-04	-2.43078e-04	-9.75820e-01	-3.90334e-01	-4.87406e-01	4.68358e-02	1.84800e-01
9.16314e-03	3.68503e-04	2.16801e-04	-2.54984e-04	-9.69608e-01	-3.87849e-01	-4.86183e-01	4.78181e-02	1.84800e-01
8.58249e-03	3.51094e-04	1.93669e-04	-2.67378e-04	-9.62461e-01	-3.84990e-01	-4.84930e-01	4.87974e-02	1.84800e-01
8.00279e-03	3.33191e-04	1.71153e-04	-2.80357e-04	-9.54469e-01	-3.81793e-01	-4.83645e-01	4.97740e-02	1.84800e-01
7.42080e-03	3.14682e-04	1.49180e-04	-2.93789e-04	-9.45712e-01	-3.78290e-01	-4.82327e-01	5.07483e-02	1.84800e-01
6.83305e-03	2.95426e-04	1.27697e-04	-3.07427e-04	-9.36289e-01	-3.74521e-01	-4.80976e-01	5.17205e-02	1.84800e-01
6.24289e-03	2.75563e-04	1.06812e-04	-3.21180e-04	-9.26327e-01	-3.70537e-01	-4.79591e-01	5.26909e-02	1.84800e-01
5.65317e-03	2.55195e-04	8.66324e-05	-3.34823e-04	-9.15964e-01	-3.66392e-01	-4.78170e-01	5.36596e-02	1.84800e-01
5.06374e-03	2.34273e-04	6.72575e-05	-3.47743e-04	-9.05384e-01	-3.62161e-01	-4.76715e-01	5.46267e-02	1.84800e-01
4.48429e-03	2.13169e-04	4.89754e-05	-3.59635e-04	-8.94794e-01	-3.57925e-01	-4.75222e-01	5.55921e-02	1.84800e-01
3.92116e-03	1.92081e-04	3.20569e-05	-3.69747e-04	-8.84438e-01	-3.53784e-01	-4.73693e-01	5.65561e-02	1.84800e-01
3.38274e-03	1.71321e-04	1.67867e-05	-3.77421e-04	-8.74597e-01	-3.49849e-01	-4.72126e-01	5.75183e-02	1.84800e-01
2.87511e-03	1.51129e-04	3.35938e-06	-3.82117e-04	-8.65554e-01	-3.46233e-01	-4.70520e-01	5.84790e-02	1.84800e-01
2.39889e-03	1.31575e-04	-8.22765e-06	-3.83547e-04	-8.57594e-01	-3.43051e-01	-4.68876e-01	5.94378e-02	1.84800e-01
1.95539e-03	1.12880e-04	-1.81839e-05	-3.82583e-04	-8.50949e-01	-3.40396e-01	-4.67191e-01	6.03947e-02	1.84800e-01
1.54807e-03	9.54069e-05	-2.68027e-05	-3.80707e-04	-8.45737e-01	-3.38315e-01	-4.65467e-01	6.13496e-02	1.84800e-01
1.18995e-03	7.98956e-05	-3.41894e-05	-3.79286e-04	-8.41971e-01	-3.36814e-01	-4.63702e-01	6.23022e-02	1.84800e-01
9.05752e-04	6.74332e-05	-3.99977e-05	-3.78626e-04	-8.39538e-01	-3.35848e-01	-4.61895e-01	6.32524e-02	1.84800e-01
7.21632e-04	5.90641e-05	-4.36750e-05	-3.78327e-04	-8.38401e-01	-3.35402e-01	-4.60047e-01	6.41999e-02	1.84800e-01
6.68357e-04	5.60428e-05	-4.46093e-05	-3.78413e-04	-8.38446e-01	-3.35423e-01	-4.58156e-01	6.51446e-02	1.84800e-01
7.92377e-04	6.02356e-05	-4.18083e-05	-3.77591e-04	-8.39229e-01	-3.35729e-01	-4.56223e-01	6.60861e-02	1.84800e-01
1.08541e-03	7.12297e-05	-3.52969e-05	-3.73738e-04	-8.41078e-01	-3.36458e-01	-4.54247e-01	6.70241e-02	1.84800e-01
1.43242e-03	8.43534e-05	-2.74594e-05	-3.67265e-04	-8.44645e-01	-3.37878e-01	-4.52226e-01	6.79585e-02	1.84800e-01
1.76113e-03	9.68445e-05	-2.01701e-05	-3.60172e-04	-8.49522e-01	-3.39825e-01	-4.50162e-01	6.88889e-02	1.84800e-01
2.09832e-03	1.09759e-04	-1.28028e-05	-3.52023e-04	-8.55292e-01	-3.42130e-01	-4.48054e-01	6.98150e-02	1.84800e-01
2.37691e-03	1.20220e-04	-6.39712e-06	-3.41531e-04	-8.62378e-01	-3.44962e-01	-4.45901e-01	7.07365e-02	1.84800e-01
2.45416e-03	1.22314e-04	-3.63666e-06	-3.30351e-04	-8.70948e-01	-3.48389e-01	-4.43703e-01	7.16531e-02	1.84800e-01
2.34773e-03	1.16751e-04	-4.11322e-06	-3.19629e-04	-8.79368e-01	-3.51757e-01	-4.41459e-01	7.25645e-02	1.84800e-01
2.16204e-03	1.07895e-04	-5.92923e-06	-3.08612e-04	-8.86551e-01	-3.54630e-01	-4.39170e-01	7.34703e-02	1.84800e-01
1.92254e-03	9.67138e-05	-8.38176e-06	-2.97454e-04	-8.93025e-01	-3.57220e-01	-4.36835e-01	7.43701e-02	1.84800e-01
1.70993e-03	8.66765e-05	-1.02543e-05	-2.85930e-04	-8.97559e-01	-3.59034e-01	-4.34454e-01	7.52637e-02	1.84800e-01
1.57923e-03	8.01386e-05	-1.07160e-05	-2.73555e-04	-9.00038e-01	-3.60025e-01	-4.32027e-01	7.61507e-02	1.84800e-01
1.40490e-03	7.17793e-05	-1.18339e-05	-2.60844e-04	-9.04074e-01	-3.61640e-01	-4.29553e-01	7.70307e-02	1.84800e-01
1.10806e-03	5.80316e-05	-1.42499e-05	-2.47023e-04	-9.11266e-01	-3.64518e-01	-4.27032e-01	7.79034e-02	1.84800e-01
8.38175e-04	4.53007e-05	-1.56793e-05	-2.30049e-04	-9.17163e-01	-3.66878e-01	-4.24464e-01	7.87685e-02	1.84800e-01
6.70738e-04	3.70628e-05	-1.57057e-05	-2.10845e-04	-9.18771e-01	-3.67522e-01	-4.21850e-01	7.96255e-02	1.84800e-01
4.45693e-04	2.62793e-05	-1.61783e-05	-1.91384e-04	-9.18081e-01	-3.67249e-01	-4.19188e-01	8.04742e-02	1.84800e-01
1.38900e-04	1.20570e-05	-1.78948e-05	-1.73066e-04	-9.15832e-01	-3.66376e-01	-4.16479e-01	8.13141e-02	1.84800e-01
-1.02191e-05	4.86465e-06	-1.79972e-05	-1.59431e-04	-9.11910e-01	-3.64260e-01	-4.13722e-01	8.21449e-02	1.84800e-01
4.77495e-05	6.96586e-06	-1.63225e-05	-1.53451e-04	-9.08622e-01	-3.63549e-01	-4.10918e-01	8.29662e-02	1.84800e-01
4.59812e-05	6.43930e-06	-1.52414e-05	-1.47186e-04	-9.09247e-01	-3.63794e-01	-4.08067e-01	8.37777e-02	1.84800e-01
-2.76935e-04	-8.33970e-06	-1.71119e-05	-1.30941e-04	-9.12468e-01	-3.64975e-01	-4.05168e-01	8.45791e-02	1.84800e-01
-7.23224e-04	-2.85811e-05	-2.00254e-05	-1.11644e-04	-9.13115e-01	-3.65242e-01	-4.02222e-01	8.53700e-02	1.84800e-01
-7.84403e-04	-3.17513e-05	-1.91412e-05	-1.01412e-04	-9.10748e-01	-3.64296e-01	-3.99228e-01	8.61500e-02	1.84800e-01
-6.31718e-04	-2.53349e-05	-1.65944e-05	-9.85530e-05	-9.10674e-01	-3.64266e-01	-3.96187e-01	8.69188e-02	1.84800e-01
-8.13214e-04	-3.37074e-05	-1.71900e-05	-9.05708e-05	-9.11159e-01	-3.64461e-01	-3.93098e-01	8.76760e-02	1.84800e-01
-1.05517e-03	-4.49416e-05	-1.74655e-05	-7.12002e-05	-9.06354e-01	-3.62540e-01	-3.89962e-01	8.84214e-02	1.84800e-01
-9.74216e-04	-4.19088e-05	-1.44510e-05	-5.27779e-05	-9.00471e-01	-3.60187e-01	-3.86779e-01	8.91545e-02	1.84800e-01
-9.06052e-04	-3.91178e-05	-1.29047e-05	-4.89606e-05	-8.96651e-01	-3.58659e-01	-3.83548e-01	8.98751e-02	1.84800e-01
-9.10224e-04	-3.93507e-05	-1.28181e-05	-5.23316e-05	-8.91096e-01	-3.56437e-01	-3.80271e-01	9.05828e-02	1.84800e-01
-6.83246e-04	-2.94274e-05	-1.02425e-05	-4.97637e-05	-8.86436e-01	-3.54573e-01	-3.76946e-01	9.12773e-02	1.84800e-01
-4.20251e-04	-1.79799e-05	-6.97512e-06	-4.28733e-05	-8.85715e-01	-3.54285e-01	-3.73575e-01	9.19583e-02	1.84800e-01
-3.25864e-04	-1.39145e-05	-5.62719e-06	-3.75816e-05	-8.84219e-01	-3.53686e-01	-3.70157e-01	9.26255e-02	1.84800e-01
-1.95154e-04	-8.16524e-06	-4.33024e-06	-3.42174e-05	-8.82305e-01	-3.52921e-01	-3.66692e-01	9.32786e-02	1.84800e-01
-2.94265e-05	-9.19057e-07	-2.41396e-06	-2.98052e-05	-8.85662e-01	-3.54259e-01	-3.63182e-01	9.39173e-02	1.84800e-01
-1.30889e-04	-5.60212e-06	-2.30315e-06	-2.06736e-05	-8.92218e-01	-3.56886e-01	-3.59625e-01	9.45413e-02	1.84800e-01
-5.22178e-04	-2.32474e-05	-3.95499e-06	-6.73418e-06	-8.95647e-01	-3.58258e-01	-3.56022e-01	9.51503e-02	1.84800e-01
-8.82888e-04	-3.95154e-05	-5.34930e-06	6.14928e-06	-8.94530e-01	-3.57812e-01	-3.52374e-01	9.57440e-02	1.84800e-01
-9.93578e-04	-4.45730e-05	-5.26652e-06	1.36053e-05	-8.91198e-01	-3.56479e-01	-3.48680e-01	9.63222e-02	1.84800e-01
-1.01415e-03	-4.55223e-05	-5.09396e-06	1.44345e-05	-8.88114e-01	-3.55245e-01	-3.44942e-01	9.68847e-02	1.84800e-01
-1.14356e-03	-5.13010e-05	-5.83743e-06	1.14408e-05	-8.84540e-01	-3.53816e-01	-3.41158e-01	9.74311e-02	1.84800e-01
-1.21134e-03	-5.43133e-05	-6.28365e-06	1.13792e-05	-8.80103e-01	-3.52041e-01	-3.37330e-01	9.79613e-02	1.84800e-01
-1.06554e-03	-4.78670e-05	-4.74556e-06	1.42070e-05	-8.78781e-01	-3.51512e-01	-3.33458e-01	9.84750e-02	1.84800e-01
-9.27181e-04	-4.17119e-05	-3.54906e-06	1.54121e-05	-8.79418e-01	-3.51767e-01	-3.29542e-01	9.89719e-02	1.84800e-01
-9.71648e-04	-4.37268e-05	-3.48011e-06	1.74096e-05	-8.78735e-01	-3.51494e-01	-3.25583e-01	9.94519e-02	1.84800e-01
-1.07709e-03	-4.84780e-05	-3.67349e-06	2.11921e-05	-8.78244e-01	-3.51297e-01	-3.21580e-01	9.99148e-02	1.84800e-01
-1.16317e-03	-5.23599e-05	-3.75202e-06	2.31605e-05	-8.78583e-01	-3.51432e-01	-3.17535e-01	1.00360e-01	1.84800e-01
-1.23875e-03	-5.57753e-05	-3.71380e-06	2.45937e-05	-8.78004e-01	-3.51201e-01	-3.13447e-01	1.00788e-01	1.84800e-01
-1.31458e-03	-5.91962e-05	-3.70942e-06	2.67385e-05	-8.75922e-01	-3.50368e-01	-3.09318e-01	1.01199e-01	1.84800e-01
-1.43167e-03	-6.44645e-05	-3.90172e-06	2.71404e-05	-8.72932e-01	-3.49172e-01	-3.05146e-01	1.01591e-01	1.84800e-01
-1.53282e-03	-6.90283e-05	-3.88590e-06	2.73190e-05	-8.68699e-01	-3.47479e-01	-3.00934e-01	1.01965e-01	1.84800e-01
-1.54517e-03	-6.95932e-05	-3.61036e-06	2.89030e-05	-8.65119e-01	-3.46047e-01	-2.96681e-01	1.02321e-01	1.84800e-01
-1.56356e-03	-7.04208e-05	-3.46375e-06	2.70458e-05	-8.63674e-01	-3.45469e-01	-2.92387e-01	1.02659e-01	1.84800e-01
-1.69956e-03	-7.65003e-05	-4.19540e-06	1.93706e-05	-8.61856e-01	-3.44742e-01	-2.88054e-01	1.02979e-01	1.84800e-01
-1.83453e-03	-8.25600e-05	-4.58357e-06	1.34130e-05	-8.59534e-01	-3.43813e-01	-2.83681e-01	1.03279e-01	1.84800e-01
-1.87232e-03	-8.42877e-05	-4.08132e-06	1.55515e-05	-8.57738e-01	-3.43094e-01	-2.79269e-01	1.03562e-01	1.84800e-01
-1.87556e-03	-8.44700e-05	-3.26809e-06	2.27029e-05	-8.55187e-01	-3.42074e-01	-2.74819e-01	1.03825e-01	1.84800e-01
-1.84578e-03	-8.31507e-05	-2.56569e-06	2.82214e-05	-8.51848e-01	-3.40738e-01	-2.70331e-01	1.04069e-01	1.84800e-01
-1.76534e-03	-7.95344e-05	-2.04451e-06	2.94281e-05	-8.49402e-01	-3.39760e-01	-2.65806e-01	1.04295e-01	1.84800e-01
-1.73207e-03	-7.80352e-05	-1.74133e-06	2.83507e-05	-8.48632e-01	-3.39452e-01	-2.61244e-01	1.04501e-01	1.84800e-01
-1.82903e-03	-8.24009e-05	-1.61147e-06	2.87533e-05	-8.47966e-01	-3.39185e-01	-2.56646e-01	1.04689e-01	1.84800e-01
-1.94801e-03	-8.77621e-05	-1.34749e-06	3.13981e-05	-8.45750e-01	-3.38299e-01	-2.52011e-01	1.04857e-01	1.84800e-01
-1.94062e-03	-8.74331e-05	-8.44654e-07	3.35177e-05	-8.43274e-01	-3.37309e-01	-2.47342e-01	1.05006e-01	1.84800e-01
-1.87379e-03	-8.44200e-05	-4.76436e-07	3.18730e-05	-8.41772e-01	-3.36708e-01	-2.42638e-01	1.05136e-01	1.84800e-01
-1.91152e-03	-8.61075e-05	-5.47317e-07	2.64055e-05	-8.39797e-01	-3.35918e-01	-2.37900e-01	1.05247e-01	1.84800e-01
-2.03992e-03	-9.18830e-05	-5.44355e-07	2.17187e-05	-8.36341e-01	-3.34536e-01	-2.33128e-01	1.05339e-01	1.84800e-01
-2.12943e-03	-9.59110e-05	-2.60311e-07	2.08152e-05	-8.31576e-01	-3.32629e-01	-2.28324e-01	1.05411e-01	1.84800e-01
-2.13983e-03	-9.63751e-05	7.32586e-08	2.03375e-05	-8.25798e-01	-3.30318e-01	-2.23487e-01	1.05464e-01	1.84800e-01
-2.11205e-03	-9.51184e-05	3.10281e-07	1.67424e-05	-8.19794e-01	-3.27917e-01	-2.18618e-01	1.05498e-01	1.84800e-01
-2.08815e-03	-9.40362e-05	5.23823e-07	1.18636e-05	-8.14896e-01	-3.25957e-01	-2.13719e-01	1.05513e-01	1.84800e-01
-2.10808e-03	-9.49275e-05	7.70279e-07	9.23385e-06	-8.10979e-01	-3.24391e-01	-2.08789e-01	1.05508e-01	1.84800e-01
-2.15412e-03	-9.69940e-05	1.12176e-06	9.05408e-06	-8.06474e-01	-3.22589e-01	-2.03829e-01	1.05485e-01	1.84800e-01
-2.16150e-03	-9.73178e-05	1.50570e-06	1.01702e-05	-8.01781e-01	-3.20712e-01	-1.98841e-01	1.05443e-01	1.84800e-01
-2.14359e-03	-9.65007e-05	1.96973e-06	1.29318e-05	-7.98547e-01	-3.19418e-01	-1.93823e-01	1.05382e-01	1.84800e-01
-2.14386e-03	-9.64998e-05	2.43653e-06	1.66431e-05	-7.95969e-01	-3.18387e-01	-1.88778e-01	1.05302e-01	1.84800e-01
-2.11507e-03	-9.51907e-05	2.80216e-06	1.97027e-05	-7.92741e-01	-3.17096e-01	-1.83706e-01	1.05203e-01	1.84800e-01
-1.99802e-03	-8.99075e-05	3.08459e-06	2.31454e-05	-7.89509e-01	-3.15803e-01	-1.78608e-01	1.05085e-01	1.84800e-01
-1.85690e-03	-8.35396e-05	3.33309e-06	2.71750e-05	-7.87446e-01	-3.14977e-01	-1.73483e-01	1.04949e-01	1.84800e-01
-1.82215e-03	-8.19611e-05	3.58864e-06	2.81974e-05	-7.86085e-01	-3.14433e-01	-1.68334e-01	1.04795e-01	1.84800e-01
-1.90482e-03	-8.56717e-05	3.83898e-06	2.54489e-05	-7.83703e-01	-3.13480e-01	-1.63160e-01	1.04622e-01	1.84800e-01
-1.98564e-03	-8.92956e-05	4.17243e-06	2.31410e-05	-7.80263e-01	-3.12104e-01	-1.57963e-01	1.04431e-01	1.84800e-01
-2.02020e-03	-9.08336e-05	4.54361e-06	2.32973e-05	-7.76709e-01	-3.10683e-01	-1.52743e-01	1.04223e-01	1.84800e-01
-2.06613e-03	-9.28820e-05	4.92877e-06	2.43456e-05	-7.72693e-01	-3.09076e-01	-1.47500e-01	1.03996e-01	1.84800e-01
-2.16237e-03	-9.71912e-05	5.43541e-06	2.60156e-05	-7.67946e-01	-3.07177e-01	-1.42236e-01	1.03751e-01	1.84800e-01
-2.27414e-03	-1.02193e-04	6.06707e-06	2.92933e-05	-7.62646e-01	-3.05058e-01	-1.36951e-01	1.03489e-01	1.84800e-01
-2.26764e-03	-1.01874e-04	6.48179e-06	3.33302e-05	-7.56442e-01	-3.02576e-01	-1.31646e-01	1.03210e-01	1.84800e-01
-2.05309e-03	-9.22078e-05	6.27486e-06	3.59566e-05	-7.50667e-01	-3.00266e-01	-1.26322e-01	1.02913e-01	1.84800e-01
-1.78558e-03	-8.01693e-05	5.80103e-06	3.59351e-05	-7.47660e-01	-2.99063e-01	-1.20979e-01	1.02600e-01	1.84800e-01
-1.62453e-03	-7.29227e-05	5.47983e-06	3.27750e-05	-7.46014e-01	-2.98405e-01	-1.15619e-01	1.02269e-01	1.84800e-01
-1.44736e-03	-6.49586e-05	5.00580e-06	2.77764e-05	-7.44413e-01	-2.97764e-01	-1.10242e-01	1.01922e-01	1.84800e-01
-1.19721e-03	-5.37110e-05	4.40685e-06	2.58551e-05	-7.45054e-01	-2.98021e-01	-1.04848e-01	1.01559e-01	1.84800e-01
-1.15789e-03	-5.19299e-05	4.46572e-06	2.92406e-05	-7.46912e-01	-2.98764e-01	-9.94387e-02	1.01179e-01	1.84800e-01
-1.50431e-03	-6.74644e-05	5.78875e-06	3.22747e-05	-7.45421e-01	-2.98167e-01	-9.40148e-02	1.00783e-01	1.84800e-01
-1.94765e-03	-8.73474e-05	7.45003e-06	3.07050e-05	-7.38896e-01	-2.95557e-01	-8.85770e-02	1.00372e-01	1.84800e-01
-2.08915e-03	-9.36777e-05	8.14796e-06	2.78074e-05	-7.30028e-01	-2.92010e-01	-8.31259e-02	9.99447e-02	1.84800e-01
-1.98055e-03	-8.87928e-05	7.88310e-06	2.51223e-05	-7.22442e-01	-2.88976e-01	-7.76626e-02	9.95023e-02	1.84800e-01
-2.02213e-03	-9.06441e-05	8.17621e-06	2.13611e-05	-7.16451e-01	-2.86580e-01	-7.21876e-02	9.90449e-02	1.84800e-01
-2.31298e-03	-1.03668e-04	9.48745e-06	1.96056e-05	-7.08884e-01	-2.83553e-01	-6.67018e-02	9.85726e-02	1.84800e-01
-2.50193e-03	-1.12107e-04	1.05788e-05	2.26706e-05	-6.98169e-01	-2.79266e-01	-6.12060e-02	9.80857e-02	1.84800e-01
-2.37001e-03	-1.06163e-04	1.03518e-05	2.70279e-05	-6.86952e-01	-2.74780e-01	-5.57010e-02	9.75844e-02	1.84800e-01
-2.16697e-03	-9.70391e-05	9.75238e-06	2.89418e-05	-6.78471e-01	-2.71388e-01	-5.01876e-02	9.70691e-02	1.84800e-01
-2.17291e-03	-9.72823e-05	9.99460e-06	2.93474e-05	-6.71643e-01	-2.68656e-01	-4.46666e-02	9.65398e-02	1.84800e-01
-2.28544e-03	-1.02300e-04	1.06966e-05	3.03749e-05	-6.63777e-01	-2.65510e-01	-3.91388e-02	9.59971e-02	1.84800e-01
-2.26387e-03	-1.01309e-04	1.08358e-05	3.13241e-05	-6.55320e-01	-2.62127e-01	-3.36049e-02	9.54410e-02	1.84800e-01
-2.10117e-03	-9.40039e-05	1.02740e-05	3.03588e-05	-6.47736e-01	-2.59094e-01	-2.80659e-02	9.48718e-02	1.84800e-01
-1.94744e-03	-8.71052e-05	9.70638e-06	2.83860e-05	-6.41181e-01	-2.56472e-01	-2.25225e-02	9.42898e-02	1.84800e-01
-1.87329e-03	-8.37706e-05	9.49415e-06	2.71607e-05	-6.35078e-01	-2.54030e-01	-1.69755e-02	9.36954e-02	1.84800e-01
-1.86073e-03	-8.31925e-05	9.56626e-06	2.63199e-05	-6.28965e-01	-2.51585e-01	-1.14257e-02	9.30887e-02	1.84800e-01
-1.88772e-03	-8.43839e-05	9.83597e-06	2.46891e-05	-6.22750e-01	-2.49099e-01	-5.87398e-03	9.24700e-02	1.84800e-01
-1.92266e-03	-8.59294e-05	1.01499e-05	2.17379e-05	-6.16241e-01	-2.46496e-01	-3.21116e-04	9.18396e-02	1.84800e-01
-1.91148e-03	-8.54131e-05	1.02257e-05	1.81248e-05	-6.09628e-01	-2.43850e-01	5.23207e-03	9.11979e-02	1.84800e-01
-1.83516e-03	-8.19854e-05	9.96068e-06	1.58334e-05	-6.03702e-01	-2.41480e-01	1.07848e-02	9.05450e-02	1.84800e-01
-1.74104e-03	-7.77620e-05	9.59866e-06	1.57139e-05	-5.98849e-01	-2.39539e-01	1.63362e-02	8.98812e-02	1.84800e-01
-1.68946e-03	-7.54394e-05	9.46190e-06	1.66074e-05	-5.94878e-01	-2.37950e-01	2.18855e-02	8.92069e-02	1.84800e-01
-1.67646e-03	-7.48404e-05	9.53377e-06	1.76087e-05	-5.91121e-01	-2.36448e-01	2.74318e-02	8.85223e-02	1.84800e-01
-1.64467e-03	-7.34030e-05	9.49452e-06	1.85275e-05	-5.86880e-01	-2.34751e-01	3.29744e-02	8.78277e-02	1.84800e-01
-1.57331e-03	-7.02000e-05	9.21950e-06	1.90156e-05	-5.82602e-01	-2.33040e-01	3.85125e-02	8.71234e-02	1.84800e-01
-1.50233e-03	-6.70147e-05	8.94042e-06	1.93218e-05	-5.78806e-01	-2.31522e-01	4.40452e-02	8.64096e-02	1.84800e-01
-1.44223e-03	-6.43177e-05	8.70054e-06	1.99747e-05	-5.75125e-01	-2.30049e-01	4.95717e-02	8.56867e-02	1.84800e-01
-1.36598e-03	-6.09026e-05	8.34878e-06	2.05631e-05	-5.71759e-01	-2.28703e-01	5.50912e-02	8.49550e-02	1.84800e-01
-1.29258e-03	-5.76169e-05	7.99494e-06	2.05546e-05	-5.69193e-01	-2.27677e-01	6.06029e-02	8.42147e-02	1.84800e-01
-1.26048e-03	-5.61741e-05	7.88003e-06	2.01607e-05	-5.67106e-01	-2.26842e-01	6.61060e-02	8.34661e-02	1.84800e-01
-1.25462e-03	-5.59003e-05	7.93200e-06	1.98369e-05	-5.65082e-01	-2.26032e-01	7.15996e-02	8.27095e-02	1.84800e-01
-1.23561e-03	-5.50403e-05	7.90147e-06	2.00028e-05	-5.63157e-01	-2.25262e-01	7.70831e-02	8.19452e-02	1.84800e-01
-1.19182e-03	-5.30763e-05	7.71202e-06	2.07991e-05	-5.61506e-01	-2.24602e-01	8.25555e-02	8.11735e-02	1.84800e-01
-1.13661e-03	-5.06050e-05	7.44270e-06	2.17610e-05	-5.60229e-01	-2.24091e-01	8.80162e-02	8.03947e-02	1.84800e-01
-1.08254e-03	-4.81859e-05	7.16611e-06	2.21186e-05	-5.59294e-01	-2.23717e-01	9.34642e-02	7.96090e-02	1.84800e-01
-1.02919e-03	-4.58009e-05	6.88033e-06	2.15123e-05	-5.58541e-01	-2.23416e-01	9.88988e-02	7.88167e-02	1.84800e-01
-9.70932e-04	-4.31998e-05	6.54773e-06	2.02786e-05	-5.57884e-01	-2.23153e-01	1.04319e-01	7.80181e-02	1.84800e-01
-9.12992e-04	-4.06131e-05	6.21438e-06	1.89906e-05	-5.57372e-01	-2.22948e-01	1.09725e-01	7.72136e-02	1.84800e-01
-8.68358e-04	-3.86194e-05	5.96327e-06	1.78572e-05	-5.56963e-01	-2.22785e-01	1.15114e-01	7.64032e-02	1.84800e-01
-8.39485e-04	-3.73282e-05	5.81100e-06	1.66818e-05	-5.56571e-01	-2.22628e-01	1.20487e-01	7.55875e-02	1.84800e-01
-8.19030e-04	-3.64118e-05	5.71257e-06	1.52611e-05	-5.56206e-01	-2.22482e-01	1.25843e-01	7.47666e-02	1.84800e-01
-8.02940e-04	-3.56900e-05	5.64094e-06	1.38212e-05	-5.55888e-01	-2.22355e-01	1.31181e-01	7.39407e-02	1.84800e-01
-7.90622e-04	-3.51357e-05	5.59674e-06	1.29350e-05	-5.55641e-01	-2.22256e-01	1.36499e-01	7.31103e-02	1.84800e-01
-7.84433e-04	-3.48534e-05	5.59825e-06	1.28586e-05	-5.55517e-01	-2.22207e-01	1.41799e-01	7.22755e-02	1.84800e-01
-7.86926e-04	-3.49566e-05	5.66237e-06	1.32302e-05	-5.55520e-01	-2.22208e-01	1.47077e-01	7.14367e-02	1.84800e-01
-7.93222e-04	-3.52288e-05	5.75347e-06	1.36292e-05	-5.55559e-01	-2.22223e-01	1.52335e-01	7.05940e-02	1.84800e-01
-7.91749e-04	-3.51562e-05	5.78692e-06	1.38299e-05	-5.55585e-01	-2.22234e-01	1.57571e-01	6.97478e-02	1.84800e-01
-7.80843e-04	-3.46651e-05	5.74835e-06	1.34413e-05	-5.55663e-01	-2.22265e-01	1.62784e-01	6.88984e-02	1.84800e-01
-7.71505e-04	-3.42443e-05	5.71655e-06	1.21421e-05	-5.55790e-01	-2.22316e-01	1.67973e-01	6.80460e-02	1.84800e-01
-7.68623e-04	-3.41108e-05	5.72854e-06	1.02854e-05	-5.55880e-01	-2.22352e-01	1.73139e-01	6.71908e-02	1.84800e-01
-7.69932e-04	-3.41631e-05	5.77239e-06	8.53239e-06	-5.55997e-01	-2.22398e-01	1.78280e-01	6.63331e-02	1.84800e-01
-7.81548e-04	-3.46725e-05	5.89482e-06	7.16840e-06	-5.56249e-01	-2.22499e-01	1.83395e-01	6.54733e-02	1.84800e-01
-8.11076e-04	-3.59762e-05	6.15416e-06	6.31539e-06	-5.56545e-01	-2.22618e-01	1.88484e-01	6.46115e-02	1.84800e-01
-8.50065e-04	-3.76986e-05	6.49048e-06	6.04936e-06	-5.56760e-01	-2.22704e-01	1.93545e-01	6.37480e-02	1.84800e-01
-8.86403e-04	-3.93026e-05	6.81124e-06	5.91906e-06	-5.56951e-01	-2.22780e-01	1.98580e-01	6.28831e-02	1.84800e-01
-9.23913e-04	-4.09581e-05	7.14318e-06	5.21753e-06	-5.57221e-01	-2.22888e-01	2.03585e-01	6.20171e-02	1.84800e-01
-9.68538e-04	-4.29290e-05	7.53081e-06	3.92487e-06	-5.57548e-01	-2.23019e-01	2.08562e-01	6.11501e-02	1.84800e-01
-1.00787e-03	-4.46643e-05	7.88258e-06	2.71123e-06	-5.57899e-01	-2.23159e-01	2.13509e-01	6.02824e-02	1.84800e-01
-1.02015e-03	-4.51996e-05	8.02789e-06	2.08161e-06	-5.58300e-01	-2.23320e-01	2.18425e-01	5.94143e-02	1.84800e-01
-1.00241e-03	-4.44049e-05	7.93632e-06	1.95803e-06	-5.58825e-01	-2.23530e-01	2.23311e-01	5.85461e-02	1.84800e-01
-9.79570e-04	-4.33849e-05	7.80187e-06	1.90172e-06	-5.59514e-01	-2.23805e-01	2.28164e-01	5.76779e-02	1.84800e-01
-9.78500e-04	-4.33297e-05	7.83723e-06	1.57607e-06	-5.60220e-01	-2.24087e-01	2.32986e-01	5.68100e-02	1.84800e-01
-9.98699e-04	-4.42161e-05	8.04302e-06	1.06496e-06	-5.60767e-01	-2.24306e-01	2.37774e-01	5.59427e-02	1.84800e-01
-1.02335e-03	-4.52985e-05	8.29006e-06	6.99791e-07	-5.61188e-01	-2.24475e-01	2.42528e-01	5.50762e-02	1.84800e-01
-1.04401e-03	-4.62038e-05	8.50704e-06	6.76972e-07	-5.61591e-01	-2.24636e-01	2.47248e-01	5.42108e-02	1.84800e-01
-1.06328e-03	-4.70476e-05	8.71366e-06	9.17701e-07	-5.62002e-01	-2.24801e-01	2.51933e-01	5.33466e-02	1.84800e-01
-1.08486e-03	-4.79927e-05	8.94210e-06	1.10131e-06	-5.62410e-01	-2.24964e-01	2.56583e-01	5.24840e-02	1.84800e-01
-1.10777e-03	-4.89969e-05	9.18243e-06	8.53521e-07	-5.62757e-01	-2.25103e-01	2.61197e-01	5.16231e-02	1.84800e-01
-1.12755e-03	-4.98625e-05	9.39541e-06	-8.99538e-10	-5.63032e-01	-2.25212e-01	2.65773e-01	5.07642e-02	1.84800e-01
-1.14185e-03	-5.04856e-05	9.56393e-06	-1.34054e-06	-5.63278e-01	-2.25311e-01	2.70313e-01	4.99074e-02	1.84800e-01
-1.15422e-03	-5.10232e-05	9.71590e-06	-2.81524e-06	-5.63497e-01	-2.25398e-01	2.74814e-01	4.90532e-02	1.84800e-01
-1.16886e-03	-5.16612e-05	9.88801e-06	-4.10208e-06	-5.63650e-01	-2.25460e-01	2.79278e-01	4.82016e-02	1.84800e-01
-1.18791e-03	-5.24936e-05	1.00986e-05	-5.16065e-06	-5.63748e-01	-2.25499e-01	2.83702e-01	4.73528e-02	1.84800e-01
-1.20756e-03	-5.33515e-05	1.03182e-05	-6.08409e-06	-5.63809e-01	-2.25523e-01	2.88086e-01	4.65072e-02	1.84800e-01
-1.22082e-03	-5.39270e-05	1.04855e-05	-6.78359e-06	-5.63853e-01	-2.25541e-01	2.92431e-01	4.56649e-02	1.84800e-01
-1.22750e-03	-5.42113e-05	1.05978e-05	-7.12374e-06	-5.63922e-01	-2.25568e-01	2.96735e-01	4.48262e-02	1.84800e-01
-1.23676e-03	-5.46099e-05	1.07315e-05	-7.30427e-06	-5.63993e-01	-2.25597e-01	3.00998e-01	4.39912e-02	1.84800e-01
-1.25505e-03	-5.54071e-05	1.09426e-05	-7.74341e-06	-5.63996e-01	-2.25598e-01	3.05219e-01	4.31603e-02	1.84800e-01
-1.27902e-03	-5.64545e-05	1.12055e-05	-8.54061e-06	-5.63939e-01	-2.25575e-01	3.09399e-01	4.23335e-02	1.84800e-01
-1.30168e-03	-5.74442e-05	1.14565e-05	-9.35582e-06	-5.63867e-01	-2.25546e-01	3.13535e-01	4.15111e-02	1.84800e-01
-1.31925e-03	-5.82093e-05	1.16643e-05	-9.83288e-06	-5.63755e-01	-2.25501e-01	3.17629e-01	4.06933e-02	1.84800e-01
-1.33092e-03	-5.87133e-05	1.18213e-05	-9.89169e-06	-5.63554e-01	-2.25421e-01	3.21679e-01	3.98803e-02	1.84800e-01
-1.34467e-03	-5.93089e-05	1.19979e-05	-9.74635e-06	-5.63299e-01	-2.25319e-01	3.25686e-01	3.90723e-02	1.84800e-01
-1.37356e-03	-6.05719e-05	1.23103e-05	-9.70573e-06	-5.63008e-01	-2.25203e-01	3.29648e-01	3.82696e-02	1.84800e-01
-1.41765e-03	-6.25058e-05	1.27577e-05	-9.81405e-06	-5.62621e-01	-2.25048e-01	3.33565e-01	3.74723e-02	1.84800e-01
-1.46448e-03	-6.45589e-05	1.32346e-05	-9.97025e-06	-5.62164e-01	-2.24865e-01	3.37438e-01	3.66805e-02	1.84800e-01
-1.50126e-03	-6.61668e-05	1.36327e-05	-1.04577e-05	-5.61708e-01	-2.24683e-01	3.41265e-01	3.58946e-02	1.84800e-01
-1.51691e-03	-6.68427e-05	1.38429e-05	-1.15401e-05	-5.61289e-01	-2.24515e-01	3.45045e-01	3.51147e-02	1.84800e-01
-1.50674e-03	-6.63828e-05	1.38059e-05	-1.25223e-05	-5.60942e-01	-2.24376e-01	3.48780e-01	3.43409e-02	1.84800e-01
-1.48493e-03	-6.54120e-05	1.36551e-05	-1.24071e-05	-5.60675e-01	-2.24270e-01	3.52468e-01	3.35735e-02	1.84800e-01
-1.47312e-03	-6.48807e-05	1.35980e-05	-1.12966e-05	-5.60414e-01	-2.24165e-01	3.56110e-01	3.28127e-02	1.84800e-01
-1.47980e-03	-6.51639e-05	1.37128e-05	-1.00898e-05	-5.60038e-01	-2.24015e-01	3.59704e-01	3.20585e-02	1.84800e-01
-1.49079e-03	-6.56373e-05	1.38642e-05	-9.26121e-06	-5.59510e-01	-2.23803e-01	3.63250e-01	3.13113e-02	1.84800e-01
-1.48793e-03	-6.55005e-05	1.38891e-05	-8.73290e-06	-5.58936e-01	-2.23574e-01	3.66749e-01	3.05711e-02	1.84800e-01
-1.47730e-03	-6.50207e-05	1.38465e-05	-8.15432e-06	-5.58388e-01	-2.23355e-01	3.70199e-01	2.98382e-02	1.84800e-01
-1.47977e-03	-6.51180e-05	1.39226e-05	-7.03675e-06	-5.57743e-01	-2.23097e-01	3.73601e-01	2.91127e-02	1.84800e-01
-1.49731e-03	-6.58785e-05	1.41395e-05	-5.46669e-06	-5.56965e-01	-2.22785e-01	3.76955e-01	2.83947e-02	1.84800e-01
-1.52033e-03	-6.68800e-05	1.44110e-05	-4.44463e-06	-5.56175e-01	-2.22469e-01	3.80260e-01	2.76845e-02	1.84800e-01
-1.54370e-03	-6.78961e-05	1.46862e-05	-4.56351e-06	-5.55337e-01	-2.22134e-01	3.83516e-01	2.69822e-02	1.84800e-01
-1.56305e-03	-6.87349e-05	1.49283e-05	-5.05320e-06	-5.54372e-01	-2.21748e-01	3.86722e-01	2.62879e-02	1.84800e-01
-1.57454e-03	-6.92265e-05	1.51010e-05	-4.94147e-06	-5.53352e-01	-2.21340e-01	3.89879e-01	2.56017e-02	1.84800e-01
-1.58359e-03	-6.96130e-05	1.52404e-05	-4.33881e-06	-5.52302e-01	-2.20920e-01	3.92987e-01	2.49239e-02	1.84800e-01
-1.59462e-03	-7.00873e-05	1.53936e-05	-3.91345e-06	-5.51196e-01	-2.20478e-01	3.96045e-01	2.42545e-02	1.84800e-01
-1.60713e-03	-7.06254e-05	1.55686e-05	-3.89545e-06	-5.50080e-01	-2.20031e-01	3.99053e-01	2.35938e-02	1.84800e-01
-1.62185e-03	-7.12617e-05	1.57593e-05	-4.08826e-06	-5.48999e-01	-2.19599e-01	4.02011e-01	2.29418e-02	1.84800e-01
-1.63627e-03	-7.18859e-05	1.59418e-05	-4.32809e-06	-5.47950e-01	-2.19179e-01	4.04918e-01	2.22986e-02	1.84800e-01
-1.64561e-03	-7.22838e-05	1.60880e-05	-4.60131e-06	-5.46925e-01	-2.18769e-01	4.07776e-01	2.16644e-02	1.84800e-01
-1.64781e-03	-7.23655e-05	1.61755e-05	-4.82118e-06	-5.45873e-01	-2.18349e-01	4.10584e-01	2.10392e-02	1.84800e-01
-1.64588e-03	-7.22692e-05	1.62096e-05	-4.70701e-06	-5.44745e-01	-2.17897e-01	4.13341e-01	2.04233e-02	1.84800e-01
-1.64637e-03	-7.22829e-05	1.62484e-05	-4.04822e-06	-5.43573e-01	-2.17428e-01	4.16048e-01	1.98167e-02	1.84800e-01
-1.65201e-03	-7.25215e-05	1.63436e-05	-3.19315e-06	-5.42379e-01	-2.16951e-01	4.18704e-01	1.92195e-02	1.84800e-01
-1.66076e-03	-7.28941e-05	1.64828e-05	-2.90385e-06	-5.41157e-01	-2.16462e-01	4.21311e-01	1.86318e-02	1.84800e-01
-1.66178e-03	-7.29256e-05	1.65497e-05	-3.27158e-06	-5.39930e-01	-2.15971e-01	4.23867e-01	1.80537e-02	1.84800e-01
-1.63974e-03	-7.19481e-05	1.63773e-05	-3.48366e-06	-5.38747e-01	-2.15498e-01	4.26372e-01	1.74852e-02	1.84800e-01
-1.59350e-03	-6.99083e-05	1.59627e-05	-3.06446e-06	-5.37704e-01	-2.15081e-01	4.28828e-01	1.69265e-02	1.84800e-01
-1.54565e-03	-6.77965e-05	1.55382e-05	-2.60312e-06	-5.36759e-01	-2.14703e-01	4.31233e-01	1.63777e-02	1.84800e-01
-1.51336e-03	-6.63722e-05	1.52479e-05	-2.84088e-06	-5.35741e-01	-2.14296e-01	4.33589e-01	1.58388e-02	1.84800e-01
-1.49283e-03	-6.54670e-05	1.50631e-05	-3.63966e-06	-5.34697e-01	-2.13878e-01	4.35894e-01	1.53098e-02	1.84800e-01
-1.47616e-03	-6.47276e-05	1.49299e-05	-4.54350e-06	-5.33783e-01	-2.13513e-01	4.38150e-01	1.47908e-02	1.84800e-01
-1.46619e-03	-6.42792e-05	1.48778e-05	-5.70735e-06	-5.33000e-01	-2.13199e-01	4.40356e-01	1.42819e-02	1.84800e-01
-1.47043e-03	-6.44555e-05	1.49628e-05	-7.19797e-06	-5.32231e-01	-2.12892e-01	4.42513e-01	1.37832e-02	1.84800e-01
-1.48088e-03	-6.49039e-05	1.51108e-05	-8.28754e-06	-5.31311e-01	-2.12524e-01	4.44620e-01	1.32945e-02	1.84800e-01
-1.47724e-03	-6.47328e-05	1.51222e-05	-8.41852e-06	-5.30276e-01	-2.12110e-01	4.46679e-01	1.28161e-02	1.84800e-01
-1.46675e-03	-6.42660e-05	1.50461e-05	-7.84151e-06	-5.29212e-01	-2.11684e-01	4.48689e-01	1.23479e-02	1.84800e-01
-1.47152e-03	-6.44746e-05	1.50956e-05	-6.85109e-06	-5.28027e-01	-2.11210e-01	4.50650e-01	1.18898e-02	1.84800e-01
-1.47439e-03	-6.45952e-05	1.51487e-05	-5.32545e-06	-5.26870e-01	-2.10747e-01	4.52563e-01	1.14420e-02	1.84800e-01
-1.45165e-03	-6.35851e-05	1.49739e-05	-3.48414e-06	-5.26062e-01	-2.10424e-01	4.54428e-01	1.10045e-02	1.84800e-01
-1.42352e-03	-6.23402e-05	1.47366e-05	-2.16592e-06	-5.25466e-01	-2.10186e-01	4.56245e-01	1.05772e-02	1.84800e-01
-1.41885e-03	-6.21283e-05	1.47202e-05	-1.77939e-06	-5.24705e-01	-2.09881e-01	4.58015e-01	1.01601e-02	1.84800e-01
-1.42755e-03	-6.25059e-05	1.48250e-05	-1.79599e-06	-5.23742e-01	-2.09496e-01	4.59739e-01	9.75315e-03	1.84800e-01
-1.42044e-03	-6.21899e-05	1.47711e-05	-1.77399e-06	-5.22809e-01	-2.09123e-01	4.61415e-01	9.35641e-03	1.84800e-01
-1.38669e-03	-6.07038e-05	1.44552e-05	-1.73646e-06	-5.22037e-01	-2.08814e-01	4.63046e-01	8.96982e-03	1.84800e-01
-1.34154e-03	-5.87180e-05	1.40236e-05	-1.38034e-06	-5.21375e-01	-2.08549e-01	4.64631e-01	8.59333e-03	1.84800e-01
-1.30985e-03	-5.73278e-05	1.37058e-05	-4.62727e-07	-5.20677e-01	-2.08270e-01	4.66171e-01	8.22689e-03	1.84800e-01
-1.28757e-03	-5.63482e-05	1.34903e-05	3.80924e-07	-5.19908e-01	-2.07963e-01	4.67666e-01	7.87045e-03	1.84800e-01
-1.24453e-03	-5.44531e-05	1.30885e-05	5.50719e-07	-5.19239e-01	-2.07695e-01	4.69116e-01	7.52395e-03	1.84800e-01
-1.18480e-03	-5.18338e-05	1.24854e-05	4.90317e-07	-5.18800e-01	-2.07519e-01	4.70523e-01	7.18731e-03	1.84800e-01
-1.15744e-03	-5.06378e-05	1.21917e-05	9.07557e-07	-5.18462e-01	-2.07384e-01	4.71887e-01	6.86045e-03	1.84800e-01
-1.18063e-03	-5.16531e-05	1.24326e-05	1.76563e-06	-5.18014e-01	-2.07205e-01	4.73208e-01	6.54329e-03	1.84800e-01
-1.21908e-03	-5.33295e-05	1.28618e-05	2.74724e-06	-5.17442e-01	-2.06976e-01	4.74488e-01	6.23573e-03	1.84800e-01
-1.24794e-03	-5.45841e-05	1.31988e-05	3.91407e-06	-5.16870e-01	-2.06747e-01	4.75725e-01	5.93768e-03	1.84800e-01
-1.26989e-03	-5.55369e-05	1.34622e-05	5.34706e-06	-5.16349e-01	-2.06539e-01	4.76922e-01	5.64901e-03	1.84800e-01
-1.27529e-03	-5.57634e-05	1.35585e-05	6.70280e-06	-5.15808e-01	-2.06323e-01	4.78079e-01	5.36961e-03	1.84800e-01
-1.24731e-03	-5.45339e-05	1.32867e-05	7.44270e-06	-5.15223e-01	-2.06089e-01	4.79197e-01	5.09936e-03	1.84800e-01
-1.19926e-03	-5.24309e-05	1.27834e-05	7.45736e-06	-5.14691e-01	-2.05876e-01	4.80275e-01	4.83812e-03	1.84800e-01
-1.15741e-03	-5.05994e-05	1.23454e-05	7.12615e-06	-5.14261e-01	-2.05704e-01	4.81316e-01	4.58574e-03	1.84800e-01
-1.12830e-03	-4.93198e-05	1.20620e-05	6.69710e-06	-5.13928e-01	-2.05571e-01	4.82320e-01	4.34208e-03	1.84800e-01
-1.11046e-03	-4.85300e-05	1.19131e-05	6.03090e-06	-5.13629e-01	-2.05451e-01	4.83287e-01	4.10698e-03	1.84800e-01
-1.10510e-03	-4.82988e-05	1.18435e-05	5.05725e-06	-5.13255e-01	-2.05302e-01	4.84219e-01	3.88027e-03	1.84800e-01
-1.09972e-03	-4.80689e-05	1.17642e-05	4.02855e-06	-5.12826e-01	-2.05130e-01	4.85116e-01	3.66177e-03	1.84800e-01
-1.08076e-03	-4.72341e-05	1.15851e-05	3.16036e-06	-5.12429e-01	-2.04971e-01	4.85979e-01	3.45129e-03	1.84800e-01
-1.04846e-03	-4.58173e-05	1.12598e-05	2.43462e-06	-5.12052e-01	-2.04821e-01	4.86809e-01	3.24866e-03	1.84800e-01
-1.01497e-03	-4.43555e-05	1.08947e-05	1.79230e-06	-5.11708e-01	-2.04683e-01	4.87606e-01	3.05366e-03	1.84800e-01
-9.88664e-04	-4.32037e-05	1.06203e-05	1.22734e-06	-5.11386e-01	-2.04554e-01	4.88373e-01	2.86610e-03	1.84800e-01
-9.66458e-04	-4.22314e-05	1.03897e-05	7.73783e-07	-5.11050e-01	-2.04420e-01	4.89110e-01	2.68574e-03	1.84800e-01
-9.40109e-04	-4.10786e-05	1.01123e-05	4.08383e-07	-5.10733e-01	-2.04293e-01	4.89817e-01	2.51237e-03	1.84800e-01
-9.06398e-04	-3.96014e-05	9.76636e-06	4.68663e-08	-5.10433e-01	-2.04173e-01	4.90496e-01	2.34576e-03	1.84800e-01
-8.67278e-04	-3.78937e-05	9.33906e-06	-3.35750e-07	-5.10198e-01	-2.04079e-01	4.91149e-01	2.18566e-03	1.84800e-01
-8.29604e-04	-3.62477e-05	8.93300e-06	-6.39087e-07	-5.10023e-01	-2.04009e-01	4.91775e-01	2.03182e-03	1.84800e-01
-7.98201e-04	-3.48768e-05	8.59007e-06	-7.29454e-07	-5.09872e-01	-2.03949e-01	4.92376e-01	1.88399e-03	1.84800e-01
-7.81100e-04	-3.41275e-05	8.41447e-06	-5.38870e-07	-5.09802e-01	-2.03921e-01	4.92954e-01	1.74189e-03	1.84800e-01
-7.73529e-04	-3.37880e-05	8.36793e-06	-7.22373e-08	-5.09590e-01	-2.03836e-01	4.93509e-01	1.60526e-03	1.84800e-01
-7.74400e-04	-3.38415e-05	8.31497e-06	6.00085e-07	-5.09460e-01	-2.03784e-01	4.94042e-01	1.47382e-03	1.84800e-01
-7.72337e-04	-3.37364e-05	8.35327e-06	1.34339e-06	-5.09158e-01	-2.03663e-01	4.94555e-01	1.34727e-03	1.84800e-01
-7.62261e-04	-3.33237e-05	8.13334e-06	2.01757e-06	-5.08964e-01	-2.03585e-01	4.95050e-01	1.22530e-03	1.84800e-01
-7.42403e-04	-3.24161e-05	8.08129e-06	2.55294e-06	-5.08797e-01	-2.03518e-01	4.95527e-01	1.10763e-03	1.84800e-01
-7.08547e-04	-3.09579e-05	7.63142e-06	2.93966e-06	-5.08503e-01	-2.03401e-01	4.95987e-01	9.93927e-04	1.84800e-01
-6.65643e-04	-2.90555e-05	7.28198e-06	3.19650e-06	-5.08599e-01	-2.03439e-01	4.96432e-01	8.83871e-04	1.84800e-01
-6.11065e-04	-2.66565e-05	6.75221e-06	3.34911e-06	-5.08162e-01	-2.03265e-01	4.96864e-01	7.77130e-04	1.84800e-01
-5.43809e-04	-2.37617e-05	5.85078e-06	3.42154e-06	-5.08437e-01	-2.03374e-01	4.97283e-01	6.73365e-04	1.84800e-01
-4.85091e-04	-2.10728e-05	5.71689e-06	3.41505e-06	-5.08162e-01	-2.03265e-01	4.97692e-01	5.72227e-04	1.84800e-01
-3.99712e-04	-1.75205e-05	4.07804e-06	3.31600e-06	-5.08046e-01	-2.03218e-01	4.98091e-01	4.73360e-04	1.84800e-01
-3.80211e-04	-1.63370e-05	5.20557e-06	3.10925e-06	-5.08833e-01	-2.03533e-01	4.98483e-01	3.76399e-04	1.84800e-01
-3.10824e-04	-1.36021e-05	3.26077e-06	2.80566e-06	-5.07432e-01	-2.02973e-01	4.98868e-01	2.80970e-04	1.84800e-01
-4.29663e-04	-1.85496e-05	5.52791e-06	2.48131e-06	-5.12038e-01	-2.04815e-01	4.99248e-01	1.86693e-04	1.84800e-01
-7.65057e-04	-3.14672e-05	1.61361e-05	2.07536e-06	-5.11421e-01	-2.04568e-01	4.99625e-01	9.31767e-05	1.84800e-01
-6.37888e-04	-3.90712e-05	-3.82183e-05	1.45991e-06	-5.15837e-01	-2.06334e-01	5.00000e-01	0.00000e+00	1.84800e-01
