"Density"	"Momentum:0"	"Momentum:1"	"Momentum:2"	"StagnationEnergy"	"Pressure"	"Points:0"	"Points:1"	"Points:2"
2.45810e-02	-9.47334e-04	1.25884e-03	6.57220e-04	-7.42308e-01	-2.96947e-01	-4.88442e-01	0.00000e+00	1.25400e-01
2.76197e-03	1.85070e-04	1.32850e-04	2.49810e-04	-1.16756e+00	-4.67032e-01	-4.88389e-01	2.24937e-03	1.25400e-01
8.53483e-03	2.43772e-04	4.15776e-04	3.48839e-04	-1.04419e+00	-4.17686e-01	-4.88228e-01	4.49358e-03	1.25400e-01
1.62881e-02	2.87694e-04	8.00164e-04	3.60403e-04	-1.15246e+00	-4.60996e-01	-4.87958e-01	6.72736e-03	1.25400e-01
1.80316e-02	3.67454e-04	8.66483e-04	3.31765e-04	-1.18490e+00	-4.73971e-01	-4.87580e-01	8.94545e-03	1.25400e-01
1.99898e-02	3.90381e-04	9.52924e-04	3.24083e-04	-1.26015e+00	-5.04070e-01	-4.87096e-01	1.11427e-02	1.25400e-01
2.09582e-02	4.50376e-04	9.77380e-04	2.87176e-04	-1.35801e+00	-5.43217e-01	-4.86508e-01	1.33145e-02	1.25400e-01
2.06967e-02	4.63459e-04	9.49036e-04	2.63650e-04	-1.40276e+00	-5.61116e-01	-4.85818e-01	1.54563e-02	1.25400e-01
1.99777e-02	4.75701e-04	8.96355e-04	2.25758e-04	-1.47908e+00	-5.91645e-01	-4.85032e-01	1.75643e-02	1.25400e-01
1.85637e-02	4.66349e-04	8.14780e-04	1.91497e-04	-1.51193e+00	-6.04783e-01	-4.84198e-01	1.95343e-02	1.25400e-01
1.68903e-02	4.38990e-04	7.28219e-04	1.57985e-04	-1.53556e+00	-6.14234e-01	-4.83362e-01	2.13105e-02	1.25400e-01
1.50338e-02	4.05626e-04	6.35592e-04	1.20768e-04	-1.55153e+00	-6.20621e-01	-4.82524e-01	2.29418e-02	1.25400e-01
1.30299e-02	3.57390e-04	5.43858e-04	8.73994e-05	-1.54753e+00	-6.19018e-01	-4.81681e-01	2.44606e-02	1.25400e-01
1.10515e-02	3.07897e-04	4.55651e-04	5.08655e-05	-1.54580e+00	-6.18324e-01	-4.80832e-01	2.58895e-02	1.25400e-01
9.06528e-03	2.51938e-04	3.72230e-04	1.72464e-05	-1.53233e+00	-6.12935e-01	-4.79976e-01	2.72450e-02	1.25400e-01
7.21624e-03	1.97485e-04	2.97174e-04	-1.52855e-05	-1.51889e+00	-6.07560e-01	-4.79111e-01	2.85399e-02	1.25400e-01
5.55685e-03	1.46221e-04	2.32382e-04	-4.44557e-05	-1.50328e+00	-6.01314e-01	-4.78236e-01	2.97841e-02	1.25400e-01
4.17610e-03	1.01867e-04	1.80470e-04	-6.88768e-05	-1.48670e+00	-5.94682e-01	-4.77349e-01	3.09854e-02	1.25400e-01
3.15324e-03	6.83469e-05	1.43146e-04	-8.80190e-05	-1.47207e+00	-5.88831e-01	-4.76450e-01	3.21503e-02	1.25400e-01
2.47771e-03	4.59843e-05	1.19204e-04	-9.96634e-05	-1.45797e+00	-5.83189e-01	-4.75537e-01	3.32840e-02	1.25400e-01
2.09421e-03	3.45024e-05	1.05068e-04	-1.02682e-04	-1.44642e+00	-5.78571e-01	-4.74608e-01	3.43909e-02	1.25400e-01
1.85294e-03	2.93699e-05	9.46695e-05	-9.70782e-05	-1.43718e+00	-5.74872e-01	-4.73664e-01	3.54748e-02	1.25400e-01
1.58356e-03	2.46623e-05	8.19548e-05	-8.54551e-05	-1.43012e+00	-5.72052e-01	-4.72701e-01	3.65388e-02	1.25400e-01
1.18740e-03	1.61582e-05	6.41960e-05	-7.21670e-05	-1.42535e+00	-5.70142e-01	-4.71720e-01	3.75856e-02	1.25400e-01
6.80581e-04	3.52000e-06	4.28142e-05	-6.05734e-05	-1.42171e+00	-5.68687e-01	-4.70719e-01	3.86174e-02	1.25400e-01
1.79407e-04	-9.75614e-06	2.23267e-05	-5.18441e-05	-1.41903e+00	-5.67614e-01	-4.69697e-01	3.96364e-02	1.25400e-01
-2.02195e-04	-1.98476e-05	6.73864e-06	-4.53408e-05	-1.41703e+00	-5.66811e-01	-4.68653e-01	4.06442e-02	1.25400e-01
-4.11586e-04	-2.48075e-05	-2.29819e-06	-3.99364e-05	-1.41562e+00	-5.66247e-01	-4.67585e-01	4.16422e-02	1.25400e-01
-4.66016e-04	-2.48945e-05	-5.72832e-06	-3.46366e-05	-1.41498e+00	-5.65991e-01	-4.66494e-01	4.26318e-02	1.25400e-01
-4.21475e-04	-2.16990e-05	-5.81623e-06	-2.88568e-05	-1.41491e+00	-5.65964e-01	-4.65377e-01	4.36141e-02	1.25400e-01
-3.30196e-04	-1.69164e-05	-4.44044e-06	-2.25269e-05	-1.41541e+00	-5.66162e-01	-4.64234e-01	4.45900e-02	1.25400e-01
-2.22446e-04	-1.15519e-05	-2.65954e-06	-1.59378e-05	-1.41634e+00	-5.66535e-01	-4.63065e-01	4.55603e-02	1.25400e-01
-1.05880e-04	-5.86688e-06	-7.33205e-07	-9.47120e-06	-1.41765e+00	-5.67061e-01	-4.61867e-01	4.65258e-02	1.25400e-01
1.20770e-05	-2.00802e-07	1.20016e-06	-3.45029e-06	-1.41939e+00	-5.67758e-01	-4.60640e-01	4.74870e-02	1.25400e-01
1.12080e-04	4.64748e-06	2.68276e-06	1.78970e-06	-1.42149e+00	-5.68598e-01	-4.59384e-01	4.84444e-02	1.25400e-01
1.76950e-04	8.01537e-06	3.26378e-06	6.19805e-06	-1.42393e+00	-5.69570e-01	-4.58097e-01	4.93985e-02	1.25400e-01
1.99358e-04	9.68604e-06	2.67910e-06	1.03010e-05	-1.42654e+00	-5.70617e-01	-4.56778e-01	5.03497e-02	1.25400e-01
1.84142e-04	9.92968e-06	9.63265e-07	1.48202e-05	-1.42931e+00	-5.71723e-01	-4.55428e-01	5.12981e-02	1.25400e-01
1.40357e-04	9.14071e-06	-1.69500e-06	2.01814e-05	-1.43232e+00	-5.72930e-01	-4.54044e-01	5.22440e-02	1.25400e-01
6.91281e-05	7.32552e-06	-5.21132e-06	2.63989e-05	-1.43564e+00	-5.74260e-01	-4.52627e-01	5.31876e-02	1.25400e-01
-3.16265e-05	4.30628e-06	-9.49044e-06	3.32315e-05	-1.43934e+00	-5.75729e-01	-4.51176e-01	5.41290e-02	1.25400e-01
-1.46625e-04	6.24903e-07	-1.40333e-05	4.03686e-05	-1.44318e+00	-5.77271e-01	-4.49689e-01	5.50682e-02	1.25400e-01
-2.57318e-04	-2.96304e-06	-1.83950e-05	4.76089e-05	-1.44697e+00	-5.78785e-01	-4.48167e-01	5.60053e-02	1.25400e-01
-3.79160e-04	-7.06168e-06	-2.29760e-05	5.50556e-05	-1.45079e+00	-5.80315e-01	-4.46608e-01	5.69403e-02	1.25400e-01
-5.16453e-04	-1.19969e-05	-2.76086e-05	6.21312e-05	-1.45446e+00	-5.81781e-01	-4.45012e-01	5.78731e-02	1.25400e-01
-6.58338e-04	-1.75212e-05	-3.16691e-05	6.75556e-05	-1.45813e+00	-5.83250e-01	-4.43378e-01	5.88036e-02	1.25400e-01
-8.43983e-04	-2.53312e-05	-3.58196e-05	7.00008e-05	-1.46177e+00	-5.84706e-01	-4.41706e-01	5.97317e-02	1.25400e-01
-1.08790e-03	-3.58010e-05	-4.07175e-05	7.03112e-05	-1.46419e+00	-5.85674e-01	-4.39996e-01	6.06574e-02	1.25400e-01
-1.31801e-03	-4.58462e-05	-4.49585e-05	7.03790e-05	-1.46534e+00	-5.86136e-01	-4.38246e-01	6.15804e-02	1.25400e-01
-1.53746e-03	-5.57364e-05	-4.83253e-05	6.98434e-05	-1.46572e+00	-5.86286e-01	-4.36456e-01	6.25006e-02	1.25400e-01
-1.87044e-03	-7.06781e-05	-5.32819e-05	6.58055e-05	-1.46442e+00	-5.85768e-01	-4.34626e-01	6.34177e-02	1.25400e-01
-2.22296e-03	-8.71813e-05	-5.69301e-05	5.41002e-05	-1.45998e+00	-5.83989e-01	-4.32756e-01	6.43316e-02	1.25400e-01
-2.49319e-03	-1.01590e-04	-5.58199e-05	2.95269e-05	-1.45400e+00	-5.81600e-01	-4.30844e-01	6.52421e-02	1.25400e-01
-2.89828e-03	-1.23503e-04	-5.29714e-05	-1.04466e-05	-1.44944e+00	-5.79775e-01	-4.28890e-01	6.61489e-02	1.25400e-01
-3.38751e-03	-1.49792e-04	-4.92693e-05	-6.17468e-05	-1.44224e+00	-5.76895e-01	-4.26894e-01	6.70516e-02	1.25400e-01
-3.74025e-03	-1.70489e-04	-4.18559e-05	-1.22773e-04	-1.43068e+00	-5.72268e-01	-4.24856e-01	6.79502e-02	1.25400e-01
-4.39299e-03	-2.05827e-04	-3.46857e-05	-2.01636e-04	-1.41828e+00	-5.67310e-01	-4.22776e-01	6.88443e-02	1.25400e-01
-5.32784e-03	-2.54614e-04	-2.80140e-05	-2.99925e-04	-1.39842e+00	-5.59364e-01	-4.20652e-01	6.97335e-02	1.25400e-01
-5.50388e-03	-2.69436e-04	-1.06462e-05	-3.91489e-04	-1.36957e+00	-5.47818e-01	-4.18485e-01	7.06177e-02	1.25400e-01
-4.67095e-03	-2.37081e-04	1.48157e-05	-4.40382e-04	-1.34391e+00	-5.37554e-01	-4.16274e-01	7.14965e-02	1.25400e-01
-3.70510e-03	-1.94896e-04	3.20081e-05	-4.44035e-04	-1.32183e+00	-5.28719e-01	-4.14019e-01	7.23695e-02	1.25400e-01
-2.91554e-03	-1.58934e-04	4.24135e-05	-4.38620e-04	-1.29809e+00	-5.19220e-01	-4.11719e-01	7.32366e-02	1.25400e-01
-2.05081e-03	-1.20096e-04	5.46414e-05	-4.33447e-04	-1.27813e+00	-5.11232e-01	-4.09376e-01	7.40973e-02	1.25400e-01
-1.34961e-03	-8.71778e-05	6.07267e-05	-4.09178e-04	-1.26398e+00	-5.05567e-01	-4.06988e-01	7.49513e-02	1.25400e-01
-9.61942e-04	-6.72515e-05	5.98573e-05	-3.78816e-04	-1.24844e+00	-4.99346e-01	-4.04554e-01	7.57983e-02	1.25400e-01
-6.75098e-04	-5.28294e-05	6.03580e-05	-3.64953e-04	-1.22858e+00	-4.91392e-01	-4.02076e-01	7.66380e-02	1.25400e-01
-5.54483e-04	-4.64883e-05	6.07516e-05	-3.62496e-04	-1.20659e+00	-4.82586e-01	-3.99553e-01	7.74700e-02	1.25400e-01
-6.58393e-04	-5.00874e-05	5.83210e-05	-3.64555e-04	-1.18717e+00	-4.74825e-01	-3.96984e-01	7.82940e-02	1.25400e-01
-8.46550e-04	-5.78905e-05	5.63589e-05	-3.70203e-04	-1.17185e+00	-4.68707e-01	-3.94370e-01	7.91097e-02	1.25400e-01
-9.85950e-04	-6.37589e-05	5.57361e-05	-3.80061e-04	-1.15203e+00	-4.60781e-01	-3.91710e-01	7.99167e-02	1.25400e-01
-9.00292e-04	-5.97626e-05	5.80938e-05	-3.94923e-04	-1.12485e+00	-4.49903e-01	-3.89005e-01	8.07147e-02	1.25400e-01
-6.27250e-04	-4.76812e-05	6.33333e-05	-4.05870e-04	-1.09724e+00	-4.38843e-01	-3.86253e-01	8.15033e-02	1.25400e-01
-3.55171e-04	-3.48151e-05	6.55576e-05	-4.03322e-04	-1.07161e+00	-4.28548e-01	-3.83457e-01	8.22823e-02	1.25400e-01
-5.36915e-05	-2.04243e-05	6.71097e-05	-3.98993e-04	-1.04642e+00	-4.17958e-01	-3.80614e-01	8.30512e-02	1.25400e-01
1.36448e-04	-1.14928e-05	6.92651e-05	-4.09657e-04	-1.02219e+00	-4.09128e-01	-3.77726e-01	8.38098e-02	1.25400e-01
1.51643e-04	-1.08202e-05	7.14871e-05	-4.29201e-04	-9.98410e-01	-3.99614e-01	-3.74791e-01	8.45577e-02	1.25400e-01
6.53652e-04	1.17789e-05	7.75218e-05	-4.40449e-04	-9.72016e-01	-3.88868e-01	-3.71812e-01	8.52945e-02	1.25400e-01
1.79428e-03	6.35348e-05	8.65627e-05	-4.31480e-04	-9.50204e-01	-3.80103e-01	-3.68786e-01	8.60201e-02	1.25400e-01
2.55198e-03	9.89438e-05	8.84619e-05	-4.03478e-04	-9.36595e-01	-3.74652e-01	-3.65715e-01	8.67340e-02	1.25400e-01
2.59848e-03	1.02867e-04	8.23321e-05	-3.75204e-04	-9.22487e-01	-3.69007e-01	-3.62598e-01	8.74359e-02	1.25400e-01
2.74024e-03	1.10485e-04	7.91922e-05	-3.55204e-04	-9.07638e-01	-3.63066e-01	-3.59436e-01	8.81255e-02	1.25400e-01
3.15348e-03	1.30198e-04	7.81936e-05	-3.31389e-04	-8.93325e-01	-3.57338e-01	-3.56228e-01	8.88026e-02	1.25400e-01
3.44841e-03	1.44760e-04	7.51383e-05	-3.05156e-04	-8.77625e-01	-3.51057e-01	-3.52975e-01	8.94668e-02	1.25400e-01
3.59117e-03	1.52284e-04	7.16368e-05	-2.89244e-04	-8.64908e-01	-3.45969e-01	-3.49677e-01	9.01178e-02	1.25400e-01
3.54830e-03	1.51159e-04	6.81772e-05	-2.78951e-04	-8.58977e-01	-3.43597e-01	-3.46334e-01	9.07553e-02	1.25400e-01
3.49760e-03	1.49863e-04	6.34818e-05	-2.57040e-04	-8.56028e-01	-3.42417e-01	-3.42947e-01	9.13790e-02	1.25400e-01
3.66872e-03	1.58784e-04	5.85112e-05	-2.22846e-04	-8.52701e-01	-3.41085e-01	-3.39515e-01	9.19887e-02	1.25400e-01
3.66764e-03	1.59767e-04	5.31646e-05	-1.94236e-04	-8.49514e-01	-3.39809e-01	-3.36038e-01	9.25841e-02	1.25400e-01
3.16410e-03	1.37849e-04	4.63289e-05	-1.81798e-04	-8.47601e-01	-3.39044e-01	-3.32517e-01	9.31649e-02	1.25400e-01
2.68092e-03	1.16703e-04	4.04126e-05	-1.71050e-04	-8.44897e-01	-3.37962e-01	-3.28953e-01	9.37309e-02	1.25400e-01
2.82341e-03	1.23775e-04	3.74215e-05	-1.47291e-04	-8.38102e-01	-3.35243e-01	-3.25344e-01	9.42818e-02	1.25400e-01
3.19781e-03	1.41312e-04	3.51408e-05	-1.19006e-04	-8.33394e-01	-3.33360e-01	-3.21693e-01	9.48173e-02	1.25400e-01
2.99844e-03	1.32837e-04	3.08257e-05	-1.00171e-04	-8.33382e-01	-3.33355e-01	-3.17998e-01	9.53373e-02	1.25400e-01
2.43651e-03	1.07999e-04	2.48402e-05	-8.80481e-05	-8.29863e-01	-3.31947e-01	-3.14260e-01	9.58415e-02	1.25400e-01
2.19381e-03	9.74363e-05	2.10443e-05	-7.47232e-05	-8.23915e-01	-3.29567e-01	-3.10480e-01	9.63297e-02	1.25400e-01
2.18266e-03	9.71964e-05	1.90211e-05	-6.25573e-05	-8.20354e-01	-3.28143e-01	-3.06657e-01	9.68016e-02	1.25400e-01
1.95732e-03	8.72345e-05	1.65550e-05	-5.81463e-05	-8.19023e-01	-3.27610e-01	-3.02793e-01	9.72571e-02	1.25400e-01
1.55469e-03	6.92016e-05	1.40662e-05	-5.86356e-05	-8.18770e-01	-3.27509e-01	-2.98887e-01	9.76960e-02	1.25400e-01
1.36577e-03	6.08058e-05	1.23939e-05	-5.67028e-05	-8.17093e-01	-3.26838e-01	-2.94940e-01	9.81181e-02	1.25400e-01
1.49720e-03	6.68453e-05	1.18959e-05	-4.89139e-05	-8.14178e-01	-3.25672e-01	-2.90952e-01	9.85231e-02	1.25400e-01
1.64679e-03	7.37276e-05	1.10735e-05	-3.86934e-05	-8.11354e-01	-3.24542e-01	-2.86924e-01	9.89111e-02	1.25400e-01
1.60093e-03	7.17848e-05	9.59453e-06	-3.11036e-05	-8.10982e-01	-3.24393e-01	-2.82855e-01	9.92817e-02	1.25400e-01
1.42066e-03	6.37792e-05	7.61979e-06	-2.12032e-05	-8.13770e-01	-3.25509e-01	-2.78747e-01	9.96348e-02	1.25400e-01
1.22166e-03	5.49406e-05	5.33814e-06	-7.20067e-06	-8.14025e-01	-3.25611e-01	-2.74600e-01	9.99703e-02	1.25400e-01
9.87990e-04	4.44645e-05	3.82626e-06	-1.60467e-06	-8.10582e-01	-3.24233e-01	-2.70414e-01	1.00288e-01	1.25400e-01
5.94554e-04	2.67329e-05	2.62826e-06	-5.29669e-06	-8.08176e-01	-3.23271e-01	-2.66190e-01	1.00588e-01	1.25400e-01
2.48065e-04	1.11308e-05	1.45348e-06	-3.32383e-06	-8.04364e-01	-3.21746e-01	-2.61928e-01	1.00870e-01	1.25400e-01
3.43631e-04	1.54903e-05	8.47401e-07	5.71188e-06	-7.98089e-01	-3.19236e-01	-2.57628e-01	1.01134e-01	1.25400e-01
6.71700e-04	3.03094e-05	1.00820e-06	1.34270e-05	-7.95388e-01	-3.18155e-01	-2.53291e-01	1.01380e-01	1.25400e-01
8.60149e-04	3.88344e-05	6.77182e-07	2.26629e-05	-7.93472e-01	-3.17389e-01	-2.48918e-01	1.01607e-01	1.25400e-01
1.01613e-03	4.59098e-05	-2.07148e-07	3.48372e-05	-7.90717e-01	-3.16288e-01	-2.44509e-01	1.01816e-01	1.25400e-01
1.15009e-03	5.19517e-05	-4.20906e-07	4.06512e-05	-7.92386e-01	-3.16955e-01	-2.40065e-01	1.02007e-01	1.25400e-01
1.19339e-03	5.38839e-05	-2.81269e-07	3.67536e-05	-7.93927e-01	-3.17571e-01	-2.35585e-01	1.02179e-01	1.25400e-01
1.32785e-03	5.99245e-05	9.39697e-08	3.02131e-05	-7.93188e-01	-3.17276e-01	-2.31071e-01	1.02333e-01	1.25400e-01
1.46980e-03	6.63077e-05	3.58360e-07	2.70602e-05	-7.95541e-01	-3.18217e-01	-2.26524e-01	1.02469e-01	1.25400e-01
1.39423e-03	6.28924e-05	7.65659e-08	2.63699e-05	-7.98718e-01	-3.19488e-01	-2.21943e-01	1.02585e-01	1.25400e-01
1.17253e-03	5.28902e-05	-3.78121e-07	2.53235e-05	-8.00065e-01	-3.20026e-01	-2.17329e-01	1.02684e-01	1.25400e-01
8.48892e-04	3.82903e-05	-7.10061e-07	2.37660e-05	-8.01395e-01	-3.20558e-01	-2.12683e-01	1.02763e-01	1.25400e-01
4.70646e-04	2.12299e-05	-9.04430e-07	2.25871e-05	-8.00714e-01	-3.20286e-01	-2.08005e-01	1.02825e-01	1.25400e-01
2.94185e-04	1.32694e-05	-1.02119e-06	2.22175e-05	-7.96862e-01	-3.18745e-01	-2.03297e-01	1.02867e-01	1.25400e-01
2.86213e-04	1.29046e-05	-1.03590e-06	2.34773e-05	-7.93409e-01	-3.17364e-01	-1.98558e-01	1.02891e-01	1.25400e-01
1.57742e-04	7.10888e-06	-1.15849e-06	2.55096e-05	-7.90577e-01	-3.16232e-01	-1.93789e-01	1.02897e-01	1.25400e-01
-8.83208e-06	-4.03790e-07	-1.25984e-06	2.66708e-05	-7.86750e-01	-3.14684e-01	-1.88991e-01	1.02884e-01	1.25400e-01
4.17587e-06	1.77315e-07	-1.30753e-06	2.84284e-05	-7.83275e-01	-3.13349e-01	-1.84164e-01	1.02853e-01	1.25400e-01
1.05288e-04	4.72786e-06	-1.40608e-06	3.11127e-05	-7.80321e-01	-3.12130e-01	-1.79310e-01	1.02804e-01	1.25400e-01
1.11881e-04	5.01935e-06	-1.43103e-06	2.99772e-05	-7.77547e-01	-3.11021e-01	-1.74428e-01	1.02736e-01	1.25400e-01
-1.16640e-05	-5.43652e-07	-9.35641e-07	2.32173e-05	-7.74720e-01	-3.09879e-01	-1.69519e-01	1.02650e-01	1.25400e-01
-1.95711e-04	-8.82998e-06	-4.57768e-07	1.69558e-05	-7.70701e-01	-3.08280e-01	-1.64584e-01	1.02547e-01	1.25400e-01
-4.21667e-04	-1.90088e-05	-2.40593e-07	1.90416e-05	-7.66593e-01	-3.06637e-01	-1.59624e-01	1.02425e-01	1.25400e-01
-6.40075e-04	-2.88525e-05	-2.09259e-07	2.78806e-05	-7.61597e-01	-3.04638e-01	-1.54639e-01	1.02285e-01	1.25400e-01
-7.06545e-04	-3.18531e-05	-2.91932e-07	3.32184e-05	-7.54590e-01	-3.01836e-01	-1.49630e-01	1.02128e-01	1.25400e-01
-6.93572e-04	-3.12631e-05	-6.42301e-08	3.22287e-05	-7.48753e-01	-2.99501e-01	-1.44598e-01	1.01952e-01	1.25400e-01
-7.90846e-04	-3.56335e-05	3.59234e-07	3.06945e-05	-7.43162e-01	-2.97264e-01	-1.39543e-01	1.01760e-01	1.25400e-01
-8.54980e-04	-3.85145e-05	6.39071e-07	2.92179e-05	-7.35157e-01	-2.94062e-01	-1.34466e-01	1.01550e-01	1.25400e-01
-7.09278e-04	-3.19470e-05	6.47047e-07	2.51624e-05	-7.28035e-01	-2.91213e-01	-1.29368e-01	1.01323e-01	1.25400e-01
-5.31786e-04	-2.39486e-05	5.85185e-07	1.98175e-05	-7.24042e-01	-2.89617e-01	-1.24249e-01	1.01079e-01	1.25400e-01
-4.85840e-04	-2.18666e-05	7.97300e-07	1.46843e-05	-7.20571e-01	-2.88228e-01	-1.19110e-01	1.00817e-01	1.25400e-01
-5.01433e-04	-2.25599e-05	9.82759e-07	1.27332e-05	-7.15617e-01	-2.86246e-01	-1.13952e-01	1.00540e-01	1.25400e-01
-4.89904e-04	-2.20518e-05	7.79498e-07	1.86656e-05	-7.10172e-01	-2.84068e-01	-1.08775e-01	1.00245e-01	1.25400e-01
-3.62091e-04	-1.63268e-05	1.26415e-07	2.89132e-05	-7.05749e-01	-2.82299e-01	-1.03581e-01	9.99343e-02	1.25400e-01
-7.04829e-05	-3.22895e-06	-7.61419e-07	3.49666e-05	-7.03177e-01	-2.81267e-01	-9.83700e-02	9.96073e-02	1.25400e-01
1.95547e-04	8.71799e-06	-1.58266e-06	3.82140e-05	-7.02075e-01	-2.80831e-01	-9.31425e-02	9.92642e-02	1.25400e-01
2.00335e-04	8.91206e-06	-1.85506e-06	4.29713e-05	-7.01219e-01	-2.80490e-01	-8.78994e-02	9.89054e-02	1.25400e-01
-2.60603e-05	-1.26568e-06	-1.23042e-06	4.58926e-05	-7.00101e-01	-2.80024e-01	-8.26416e-02	9.85309e-02	1.25400e-01
-3.25957e-04	-1.47267e-05	-1.37924e-07	4.54727e-05	-6.97909e-01	-2.79162e-01	-7.73697e-02	9.81410e-02	1.25400e-01
-6.39934e-04	-2.88170e-05	1.02342e-06	4.53299e-05	-6.93512e-01	-2.77404e-01	-7.20845e-02	9.77360e-02	1.25400e-01
-9.13208e-04	-4.10707e-05	2.15371e-06	4.63718e-05	-6.86132e-01	-2.74452e-01	-6.67867e-02	9.73160e-02	1.25400e-01
-1.02344e-03	-4.60094e-05	2.66890e-06	4.75376e-05	-6.76576e-01	-2.70629e-01	-6.14772e-02	9.68812e-02	1.25400e-01
-9.79629e-04	-4.40373e-05	2.60868e-06	4.85938e-05	-6.66937e-01	-2.66774e-01	-5.61566e-02	9.64319e-02	1.25400e-01
-9.26228e-04	-4.16341e-05	2.51919e-06	4.76855e-05	-6.58324e-01	-2.63329e-01	-5.08257e-02	9.59684e-02	1.25400e-01
-9.69974e-04	-4.35779e-05	2.91278e-06	4.37116e-05	-6.51529e-01	-2.60611e-01	-4.54853e-02	9.54908e-02	1.25400e-01
-1.08643e-03	-4.87737e-05	3.67300e-06	3.99678e-05	-6.45642e-01	-2.58256e-01	-4.01362e-02	9.49993e-02	1.25400e-01
-1.13746e-03	-5.10513e-05	3.99753e-06	4.04098e-05	-6.38903e-01	-2.55560e-01	-3.47791e-02	9.44944e-02	1.25400e-01
-1.07678e-03	-4.83278e-05	3.80065e-06	4.44474e-05	-6.32487e-01	-2.52994e-01	-2.94149e-02	9.39761e-02	1.25400e-01
-9.91937e-04	-4.45181e-05	3.53147e-06	4.69925e-05	-6.26508e-01	-2.50602e-01	-2.40442e-02	9.34447e-02	1.25400e-01
-8.84273e-04	-3.96836e-05	3.18640e-06	4.44648e-05	-6.20301e-01	-2.48120e-01	-1.86679e-02	9.29005e-02	1.25400e-01
-7.26697e-04	-3.26036e-05	2.71133e-06	3.91866e-05	-6.15445e-01	-2.46177e-01	-1.32867e-02	9.23438e-02	1.25400e-01
-6.00512e-04	-2.69430e-05	2.24231e-06	3.61902e-05	-6.11881e-01	-2.44752e-01	-7.90140e-03	9.17748e-02	1.25400e-01
-5.59135e-04	-2.50927e-05	2.03997e-06	3.66671e-05	-6.08821e-01	-2.43528e-01	-2.51284e-03	9.11937e-02	1.25400e-01
-6.03256e-04	-2.70629e-05	2.30189e-06	3.86285e-05	-6.06683e-01	-2.42673e-01	2.87823e-03	9.06009e-02	1.25400e-01
-7.26623e-04	-3.25804e-05	2.93542e-06	4.11564e-05	-6.04801e-01	-2.41920e-01	8.27103e-03	8.99966e-02	1.25400e-01
-8.43788e-04	-3.78113e-05	3.61685e-06	4.38317e-05	-6.01889e-01	-2.40755e-01	1.36648e-02	8.93810e-02	1.25400e-01
-8.64727e-04	-3.87435e-05	3.76935e-06	4.57988e-05	-5.98314e-01	-2.39325e-01	1.90587e-02	8.87545e-02	1.25400e-01
-8.16198e-04	-3.65627e-05	3.62175e-06	4.65057e-05	-5.94976e-01	-2.37989e-01	2.44519e-02	8.81172e-02	1.25400e-01
-7.70707e-04	-3.45185e-05	3.48103e-06	4.55132e-05	-5.92002e-01	-2.36800e-01	2.98438e-02	8.74696e-02	1.25400e-01
-7.98503e-04	-3.57464e-05	3.75435e-06	4.32879e-05	-5.90043e-01	-2.36016e-01	3.52334e-02	8.68118e-02	1.25400e-01
-9.32122e-04	-4.16992e-05	4.62297e-06	4.11625e-05	-5.88303e-01	-2.35320e-01	4.06201e-02	8.61441e-02	1.25400e-01
-1.07883e-03	-4.82392e-05	5.54205e-06	4.00576e-05	-5.84683e-01	-2.33872e-01	4.60029e-02	8.54668e-02	1.25400e-01
-1.12269e-03	-5.01827e-05	5.91089e-06	4.06159e-05	-5.79785e-01	-2.31913e-01	5.13812e-02	8.47801e-02	1.25400e-01
-1.09785e-03	-4.90678e-05	5.81919e-06	4.28213e-05	-5.75260e-01	-2.30103e-01	5.67542e-02	8.40845e-02	1.25400e-01
-1.06451e-03	-4.75694e-05	5.71049e-06	4.44554e-05	-5.70666e-01	-2.28266e-01	6.21210e-02	8.33800e-02	1.25400e-01
-9.65719e-04	-4.31483e-05	5.23460e-06	4.32047e-05	-5.65471e-01	-2.26188e-01	6.74809e-02	8.26670e-02	1.25400e-01
-8.00364e-04	-3.57581e-05	4.35824e-06	3.96220e-05	-5.61232e-01	-2.24492e-01	7.28331e-02	8.19458e-02	1.25400e-01
-7.10813e-04	-3.17489e-05	3.93620e-06	3.53321e-05	-5.58731e-01	-2.23492e-01	7.81769e-02	8.12167e-02	1.25400e-01
-7.49131e-04	-3.34426e-05	4.28027e-06	3.09046e-05	-5.56520e-01	-2.22608e-01	8.35114e-02	8.04799e-02	1.25400e-01
-7.97722e-04	-3.55926e-05	4.69830e-06	2.70033e-05	-5.54205e-01	-2.21681e-01	8.88358e-02	7.97356e-02	1.25400e-01
-7.88692e-04	-3.51779e-05	4.73055e-06	2.48029e-05	-5.52569e-01	-2.21027e-01	9.41495e-02	7.89843e-02	1.25400e-01
-7.59146e-04	-3.38527e-05	4.60670e-06	2.43950e-05	-5.51341e-01	-2.20536e-01	9.94515e-02	7.82261e-02	1.25400e-01
-7.26312e-04	-3.23825e-05	4.45080e-06	2.44543e-05	-5.50105e-01	-2.20042e-01	1.04741e-01	7.74613e-02	1.25400e-01
-6.87466e-04	-3.06438e-05	4.26120e-06	2.37156e-05	-5.49182e-01	-2.19672e-01	1.10018e-01	7.66902e-02	1.25400e-01
-6.61872e-04	-2.94946e-05	4.16028e-06	2.21919e-05	-5.48546e-01	-2.19418e-01	1.15281e-01	7.59131e-02	1.25400e-01
-6.51744e-04	-2.90350e-05	4.15346e-06	2.08222e-05	-5.47901e-01	-2.19160e-01	1.20529e-01	7.51303e-02	1.25400e-01
-6.33830e-04	-2.82296e-05	4.08959e-06	2.03091e-05	-5.47309e-01	-2.18923e-01	1.25761e-01	7.43419e-02	1.25400e-01
-5.91926e-04	-2.63589e-05	3.84871e-06	2.05297e-05	-5.46887e-01	-2.18754e-01	1.30978e-01	7.35483e-02	1.25400e-01
-5.39342e-04	-2.40145e-05	3.52638e-06	2.07111e-05	-5.46799e-01	-2.18719e-01	1.36178e-01	7.27498e-02	1.25400e-01
-5.11998e-04	-2.27919e-05	3.38190e-06	1.98968e-05	-5.47100e-01	-2.18840e-01	1.41360e-01	7.19465e-02	1.25400e-01
-5.23065e-04	-2.32760e-05	3.51086e-06	1.77737e-05	-5.47513e-01	-2.19005e-01	1.46523e-01	7.11389e-02	1.25400e-01
-5.48214e-04	-2.43850e-05	3.74428e-06	1.51786e-05	-5.47870e-01	-2.19148e-01	1.51668e-01	7.03271e-02	1.25400e-01
-5.62970e-04	-2.50328e-05	3.89962e-06	1.32739e-05	-5.48266e-01	-2.19306e-01	1.56792e-01	6.95114e-02	1.25400e-01
-5.68095e-04	-2.52537e-05	3.97916e-06	1.23284e-05	-5.48737e-01	-2.19495e-01	1.61896e-01	6.86921e-02	1.25400e-01
-5.73280e-04	-2.54774e-05	4.05732e-06	1.16275e-05	-5.49266e-01	-2.19706e-01	1.66979e-01	6.78694e-02	1.25400e-01
-5.81061e-04	-2.58158e-05	4.15797e-06	1.04573e-05	-5.49848e-01	-2.19939e-01	1.72040e-01	6.70436e-02	1.25400e-01
-5.88169e-04	-2.61237e-05	4.25728e-06	8.76574e-06	-5.50446e-01	-2.20178e-01	1.77078e-01	6.62149e-02	1.25400e-01
-5.95817e-04	-2.64553e-05	4.36171e-06	6.94532e-06	-5.51052e-01	-2.20421e-01	1.82092e-01	6.53836e-02	1.25400e-01
-6.13920e-04	-2.72510e-05	4.54260e-06	5.37547e-06	-5.51692e-01	-2.20677e-01	1.87083e-01	6.45500e-02	1.25400e-01
-6.46812e-04	-2.87034e-05	4.83091e-06	4.33865e-06	-5.52303e-01	-2.20921e-01	1.92048e-01	6.37143e-02	1.25400e-01
-6.80733e-04	-3.02021e-05	5.12341e-06	4.06748e-06	-5.52835e-01	-2.21134e-01	1.96988e-01	6.28767e-02	1.25400e-01
-6.97995e-04	-3.09619e-05	5.28860e-06	4.44212e-06	-5.53336e-01	-2.21334e-01	2.01902e-01	6.20376e-02	1.25400e-01
-6.97244e-04	-3.09224e-05	5.31875e-06	4.77534e-06	-5.53859e-01	-2.21543e-01	2.06789e-01	6.11971e-02	1.25400e-01
-6.91690e-04	-3.06694e-05	5.31526e-06	4.50473e-06	-5.54414e-01	-2.21765e-01	2.11648e-01	6.03555e-02	1.25400e-01
-6.94626e-04	-3.07927e-05	5.37695e-06	4.00326e-06	-5.54953e-01	-2.21981e-01	2.16479e-01	5.95130e-02	1.25400e-01
-7.05806e-04	-3.12818e-05	5.50044e-06	3.96911e-06	-5.55394e-01	-2.22157e-01	2.21281e-01	5.86700e-02	1.25400e-01
-7.16109e-04	-3.17320e-05	5.61706e-06	4.30582e-06	-5.55764e-01	-2.22305e-01	2.26054e-01	5.78265e-02	1.25400e-01
-7.24583e-04	-3.21011e-05	5.71943e-06	4.32506e-06	-5.56197e-01	-2.22478e-01	2.30796e-01	5.69830e-02	1.25400e-01
-7.42702e-04	-3.28971e-05	5.89990e-06	3.74827e-06	-5.56711e-01	-2.22684e-01	2.35508e-01	5.61395e-02	1.25400e-01
-7.76963e-04	-3.44074e-05	6.21225e-06	2.90907e-06	-5.57189e-01	-2.22875e-01	2.40188e-01	5.52964e-02	1.25400e-01
-8.25392e-04	-3.65443e-05	6.64223e-06	2.23915e-06	-5.57592e-01	-2.23036e-01	2.44836e-01	5.44539e-02	1.25400e-01
-8.86574e-04	-3.92449e-05	7.17966e-06	1.96630e-06	-5.57945e-01	-2.23178e-01	2.49451e-01	5.36121e-02	1.25400e-01
-9.54562e-04	-4.22460e-05	7.77578e-06	2.14942e-06	-5.58204e-01	-2.23281e-01	2.54033e-01	5.27714e-02	1.25400e-01
-1.01307e-03	-4.48268e-05	8.29961e-06	2.68200e-06	-5.58363e-01	-2.23345e-01	2.58581e-01	5.19320e-02	1.25400e-01
-1.05227e-03	-4.65520e-05	8.66951e-06	3.25080e-06	-5.58499e-01	-2.23399e-01	2.63095e-01	5.10940e-02	1.25400e-01
-1.07579e-03	-4.75831e-05	8.91291e-06	3.44516e-06	-5.58661e-01	-2.23464e-01	2.67573e-01	5.02578e-02	1.25400e-01
-1.08756e-03	-4.80941e-05	9.06228e-06	3.04471e-06	-5.58859e-01	-2.23543e-01	2.72016e-01	4.94236e-02	1.25400e-01
-1.08629e-03	-4.80281e-05	9.10435e-06	2.24613e-06	-5.59148e-01	-2.23659e-01	2.76423e-01	4.85914e-02	1.25400e-01
-1.07802e-03	-4.76533e-05	9.08362e-06	1.54188e-06	-5.59532e-01	-2.23812e-01	2.80793e-01	4.77617e-02	1.25400e-01
-1.07452e-03	-4.74898e-05	9.09907e-06	1.25100e-06	-5.59879e-01	-2.23951e-01	2.85126e-01	4.69346e-02	1.25400e-01
-1.07819e-03	-4.76431e-05	9.17677e-06	1.22570e-06	-5.60131e-01	-2.24052e-01	2.89421e-01	4.61103e-02	1.25400e-01
-1.08743e-03	-4.80419e-05	9.30398e-06	1.11492e-06	-5.60373e-01	-2.24149e-01	2.93677e-01	4.52890e-02	1.25400e-01
-1.10772e-03	-4.89290e-05	9.52568e-06	7.96245e-07	-5.60598e-01	-2.24239e-01	2.97895e-01	4.44710e-02	1.25400e-01
-1.14042e-03	-5.03636e-05	9.85663e-06	3.93069e-07	-5.60689e-01	-2.24275e-01	3.02074e-01	4.36564e-02	1.25400e-01
-1.17407e-03	-5.18395e-05	1.01996e-05	-8.08030e-08	-5.60683e-01	-2.24273e-01	3.06212e-01	4.28455e-02	1.25400e-01
-1.20332e-03	-5.31206e-05	1.05064e-05	-7.55788e-07	-5.60712e-01	-2.24284e-01	3.10310e-01	4.20385e-02	1.25400e-01
-1.23438e-03	-5.44806e-05	1.08330e-05	-1.49019e-06	-5.60714e-01	-2.24285e-01	3.14368e-01	4.12355e-02	1.25400e-01
-1.27067e-03	-5.60721e-05	1.12029e-05	-1.88468e-06	-5.60633e-01	-2.24253e-01	3.18384e-01	4.04368e-02	1.25400e-01
-1.31330e-03	-5.79424e-05	1.16330e-05	-1.76466e-06	-5.60539e-01	-2.24215e-01	3.22359e-01	3.96426e-02	1.25400e-01
-1.35862e-03	-5.99313e-05	1.20872e-05	-1.36488e-06	-5.60392e-01	-2.24156e-01	3.26292e-01	3.88531e-02	1.25400e-01
-1.39694e-03	-6.16108e-05	1.24812e-05	-1.13598e-06	-5.60148e-01	-2.24059e-01	3.30182e-01	3.80684e-02	1.25400e-01
-1.42458e-03	-6.28178e-05	1.27881e-05	-1.23618e-06	-5.59842e-01	-2.23936e-01	3.34029e-01	3.72888e-02	1.25400e-01
-1.44381e-03	-6.36545e-05	1.30155e-05	-1.18870e-06	-5.59445e-01	-2.23777e-01	3.37833e-01	3.65145e-02	1.25400e-01
-1.45547e-03	-6.41573e-05	1.31756e-05	-4.97064e-07	-5.59030e-01	-2.23612e-01	3.41593e-01	3.57456e-02	1.25400e-01
-1.46229e-03	-6.44460e-05	1.32949e-05	6.49962e-07	-5.58658e-01	-2.23463e-01	3.45309e-01	3.49823e-02	1.25400e-01
-1.46846e-03	-6.47068e-05	1.34055e-05	1.74677e-06	-5.58255e-01	-2.23302e-01	3.48980e-01	3.42248e-02	1.25400e-01
-1.47539e-03	-6.50017e-05	1.35187e-05	2.56563e-06	-5.57854e-01	-2.23141e-01	3.52607e-01	3.34734e-02	1.25400e-01
-1.48696e-03	-6.55010e-05	1.36740e-05	3.02422e-06	-5.57519e-01	-2.23007e-01	3.56189e-01	3.27280e-02	1.25400e-01
-1.50809e-03	-6.64212e-05	1.39199e-05	2.91354e-06	-5.57164e-01	-2.22865e-01	3.59725e-01	3.19891e-02	1.25400e-01
-1.52944e-03	-6.73497e-05	1.41733e-05	2.10225e-06	-5.56715e-01	-2.22685e-01	3.63215e-01	3.12566e-02	1.25400e-01
-1.53282e-03	-6.74864e-05	1.42623e-05	8.89985e-07	-5.56217e-01	-2.22486e-01	3.66660e-01	3.05309e-02	1.25400e-01
-1.51839e-03	-6.68382e-05	1.41878e-05	-9.63430e-08	-5.55765e-01	-2.22305e-01	3.70058e-01	2.98120e-02	1.25400e-01
-1.51221e-03	-6.65532e-05	1.41913e-05	-4.45279e-07	-5.55304e-01	-2.22121e-01	3.73410e-01	2.91001e-02	1.25400e-01
-1.52868e-03	-6.72671e-05	1.43968e-05	-2.52850e-07	-5.54679e-01	-2.21871e-01	3.76714e-01	2.83954e-02	1.25400e-01
-1.55458e-03	-6.83963e-05	1.46906e-05	7.89246e-08	-5.53994e-01	-2.21597e-01	3.79972e-01	2.76980e-02	1.25400e-01
-1.58070e-03	-6.95331e-05	1.49938e-05	1.57363e-07	-5.53410e-01	-2.21363e-01	3.83182e-01	2.70081e-02	1.25400e-01
-1.61168e-03	-7.08836e-05	1.53459e-05	5.63158e-08	-5.52792e-01	-2.21116e-01	3.86345e-01	2.63258e-02	1.25400e-01
-1.64922e-03	-7.25237e-05	1.57531e-05	2.48168e-07	-5.51993e-01	-2.20796e-01	3.89461e-01	2.56513e-02	1.25400e-01
-1.68555e-03	-7.41103e-05	1.61502e-05	4.33532e-07	-5.51021e-01	-2.20408e-01	3.92528e-01	2.49848e-02	1.25400e-01
-1.70470e-03	-7.49391e-05	1.63943e-05	-3.34439e-07	-5.49958e-01	-2.19983e-01	3.95547e-01	2.43262e-02	1.25400e-01
-1.70139e-03	-7.47785e-05	1.64319e-05	-1.90229e-06	-5.48966e-01	-2.19586e-01	3.98519e-01	2.36759e-02	1.25400e-01
-1.69496e-03	-7.44830e-05	1.64279e-05	-3.31994e-06	-5.48025e-01	-2.19209e-01	4.01441e-01	2.30339e-02	1.25400e-01
-1.70308e-03	-7.48299e-05	1.65519e-05	-4.42872e-06	-5.47026e-01	-2.18810e-01	4.04316e-01	2.24004e-02	1.25400e-01
-1.72710e-03	-7.58701e-05	1.68544e-05	-5.62164e-06	-5.45987e-01	-2.18394e-01	4.07142e-01	2.17754e-02	1.25400e-01
-1.75632e-03	-7.71391e-05	1.72042e-05	-6.98295e-06	-5.44872e-01	-2.17948e-01	4.09919e-01	2.11591e-02	1.25400e-01
-1.77314e-03	-7.78683e-05	1.74117e-05	-8.20860e-06	-5.43766e-01	-2.17506e-01	4.12648e-01	2.05516e-02	1.25400e-01
-1.77647e-03	-7.80021e-05	1.75001e-05	-9.13027e-06	-5.42828e-01	-2.17131e-01	4.15328e-01	1.99530e-02	1.25400e-01
-1.77486e-03	-7.79186e-05	1.75418e-05	-9.97294e-06	-5.41898e-01	-2.16759e-01	4.17960e-01	1.93634e-02	1.25400e-01
-1.75887e-03	-7.72068e-05	1.74268e-05	-1.06020e-05	-5.40842e-01	-2.16336e-01	4.20543e-01	1.87829e-02	1.25400e-01
-1.72196e-03	-7.55779e-05	1.70994e-05	-1.02779e-05	-5.39824e-01	-2.15929e-01	4.23077e-01	1.82116e-02	1.25400e-01
-1.68780e-03	-7.40701e-05	1.67989e-05	-9.06467e-06	-5.39006e-01	-2.15602e-01	4.25562e-01	1.76496e-02	1.25400e-01
-1.67816e-03	-7.36369e-05	1.67459e-05	-8.07893e-06	-5.38313e-01	-2.15325e-01	4.27999e-01	1.70969e-02	1.25400e-01
-1.67699e-03	-7.35721e-05	1.67936e-05	-7.49422e-06	-5.37570e-01	-2.15027e-01	4.30387e-01	1.65537e-02	1.25400e-01
-1.65612e-03	-7.26426e-05	1.66463e-05	-6.45020e-06	-5.36812e-01	-2.14724e-01	4.32727e-01	1.60200e-02	1.25400e-01
-1.63153e-03	-7.15533e-05	1.64450e-05	-5.03152e-06	-5.36145e-01	-2.14457e-01	4.35018e-01	1.54959e-02	1.25400e-01
-1.63460e-03	-7.16821e-05	1.65011e-05	-3.88338e-06	-5.35415e-01	-2.14165e-01	4.37261e-01	1.49814e-02	1.25400e-01
-1.65033e-03	-7.23664e-05	1.66839e-05	-3.03190e-06	-5.34555e-01	-2.13821e-01	4.39455e-01	1.44766e-02	1.25400e-01
-1.64193e-03	-7.19884e-05	1.66419e-05	-2.68142e-06	-5.33783e-01	-2.13513e-01	4.41602e-01	1.39816e-02	1.25400e-01
-1.61126e-03	-7.06295e-05	1.63918e-05	-3.27165e-06	-5.33187e-01	-2.13274e-01	4.43701e-01	1.34963e-02	1.25400e-01
-1.59501e-03	-6.99067e-05	1.62713e-05	-4.35066e-06	-5.32583e-01	-2.13033e-01	4.45752e-01	1.30209e-02	1.25400e-01
-1.61884e-03	-7.09463e-05	1.65353e-05	-5.09062e-06	-5.31760e-01	-2.12704e-01	4.47756e-01	1.25553e-02	1.25400e-01
-1.66816e-03	-7.31008e-05	1.70700e-05	-5.49127e-06	-5.30670e-01	-2.12267e-01	4.49713e-01	1.20995e-02	1.25400e-01
-1.69987e-03	-7.44767e-05	1.74518e-05	-5.95076e-06	-5.29444e-01	-2.11777e-01	4.51623e-01	1.16537e-02	1.25400e-01
-1.69230e-03	-7.41339e-05	1.74215e-05	-6.40977e-06	-5.28291e-01	-2.11316e-01	4.53486e-01	1.12177e-02	1.25400e-01
-1.66594e-03	-7.29726e-05	1.71788e-05	-6.48175e-06	-5.27351e-01	-2.10940e-01	4.55302e-01	1.07917e-02	1.25400e-01
-1.64702e-03	-7.21373e-05	1.70113e-05	-6.11261e-06	-5.26551e-01	-2.10620e-01	4.57073e-01	1.03755e-02	1.25400e-01
-1.63464e-03	-7.15865e-05	1.69191e-05	-5.75613e-06	-5.25784e-01	-2.10313e-01	4.58798e-01	9.96919e-03	1.25400e-01
-1.61767e-03	-7.08331e-05	1.67877e-05	-5.63715e-06	-5.25075e-01	-2.10030e-01	4.60477e-01	9.57276e-03	1.25400e-01
-1.59979e-03	-7.00402e-05	1.66442e-05	-5.37139e-06	-5.24364e-01	-2.09745e-01	4.62111e-01	9.18617e-03	1.25400e-01
-1.58198e-03	-6.92490e-05	1.65058e-05	-4.65708e-06	-5.23540e-01	-2.09415e-01	4.63701e-01	8.80939e-03	1.25400e-01
-1.54929e-03	-6.78072e-05	1.62107e-05	-3.80920e-06	-5.22671e-01	-2.09068e-01	4.65247e-01	8.44237e-03	1.25400e-01
-1.49630e-03	-6.54828e-05	1.56782e-05	-3.30167e-06	-5.21895e-01	-2.08757e-01	4.66749e-01	8.08507e-03	1.25400e-01
-1.43904e-03	-6.29744e-05	1.50895e-05	-3.23457e-06	-5.21254e-01	-2.08501e-01	4.68207e-01	7.73744e-03	1.25400e-01
-1.39033e-03	-6.08357e-05	1.46084e-05	-3.47682e-06	-5.20712e-01	-2.08284e-01	4.69623e-01	7.39941e-03	1.25400e-01
-1.34538e-03	-5.88608e-05	1.41686e-05	-3.93768e-06	-5.20224e-01	-2.08089e-01	4.70996e-01	7.07092e-03	1.25400e-01
-1.29883e-03	-5.68178e-05	1.37057e-05	-4.60724e-06	-5.19796e-01	-2.07918e-01	4.72328e-01	6.75188e-03	1.25400e-01
-1.26047e-03	-5.51300e-05	1.33400e-05	-5.40332e-06	-5.19428e-01	-2.07771e-01	4.73618e-01	6.44222e-03	1.25400e-01
-1.24386e-03	-5.43938e-05	1.32045e-05	-6.04232e-06	-5.19047e-01	-2.07618e-01	4.74868e-01	6.14185e-03	1.25400e-01
-1.24786e-03	-5.45682e-05	1.32491e-05	-6.35927e-06	-5.18581e-01	-2.07432e-01	4.76077e-01	5.85066e-03	1.25400e-01
-1.25534e-03	-5.49008e-05	1.33059e-05	-6.44489e-06	-5.18055e-01	-2.07222e-01	4.77248e-01	5.56854e-03	1.25400e-01
-1.25376e-03	-5.48312e-05	1.32917e-05	-6.27626e-06	-5.17539e-01	-2.07015e-01	4.78379e-01	5.29539e-03	1.25400e-01
-1.24817e-03	-5.45806e-05	1.32579e-05	-5.78563e-06	-5.17027e-01	-2.06810e-01	4.79472e-01	5.03108e-03	1.25400e-01
-1.24917e-03	-5.46229e-05	1.32735e-05	-5.23492e-06	-5.16465e-01	-2.06585e-01	4.80528e-01	4.77547e-03	1.25400e-01
-1.25696e-03	-5.49627e-05	1.33605e-05	-4.88812e-06	-5.15883e-01	-2.06353e-01	4.81547e-01	4.52844e-03	1.25400e-01
-1.26750e-03	-5.54168e-05	1.35010e-05	-4.61334e-06	-5.15321e-01	-2.06128e-01	4.82530e-01	4.28983e-03	1.25400e-01
-1.27965e-03	-5.59428e-05	1.36508e-05	-4.28406e-06	-5.14735e-01	-2.05893e-01	4.83478e-01	4.05949e-03	1.25400e-01
-1.29125e-03	-5.64488e-05	1.37789e-05	-4.14987e-06	-5.14096e-01	-2.05638e-01	4.84391e-01	3.83726e-03	1.25400e-01
-1.29313e-03	-5.65270e-05	1.38149e-05	-4.50618e-06	-5.13454e-01	-2.05381e-01	4.85271e-01	3.62297e-03	1.25400e-01
-1.27845e-03	-5.58795e-05	1.36829e-05	-5.31085e-06	-5.12878e-01	-2.05151e-01	4.86118e-01	3.41645e-03	1.25400e-01
-1.25349e-03	-5.47833e-05	1.34370e-05	-6.32420e-06	-5.12361e-01	-2.04944e-01	4.86933e-01	3.21749e-03	1.25400e-01
-1.22868e-03	-5.36961e-05	1.31827e-05	-7.33953e-06	-5.11883e-01	-2.04753e-01	4.87717e-01	3.02592e-03	1.25400e-01
-1.20837e-03	-5.28042e-05	1.29819e-05	-8.22832e-06	-5.11421e-01	-2.04568e-01	4.88471e-01	2.84153e-03	1.25400e-01
-1.19192e-03	-5.20795e-05	1.28296e-05	-9.04380e-06	-5.10958e-01	-2.04383e-01	4.89196e-01	2.66412e-03	1.25400e-01
-1.17566e-03	-5.13596e-05	1.26921e-05	-9.94793e-06	-5.10523e-01	-2.04209e-01	4.89893e-01	2.49345e-03	1.25400e-01
-1.15206e-03	-5.03223e-05	1.24642e-05	-1.08581e-05	-5.10086e-01	-2.04034e-01	4.90562e-01	2.32931e-03	1.25400e-01
-1.11891e-03	-4.88767e-05	1.20959e-05	-1.15262e-05	-5.09679e-01	-2.03871e-01	4.91205e-01	2.17147e-03	1.25400e-01
-1.08313e-03	-4.73134e-05	1.17101e-05	-1.19492e-05	-5.09305e-01	-2.03722e-01	4.91823e-01	2.01968e-03	1.25400e-01
-1.04687e-03	-4.57304e-05	1.13143e-05	-1.22784e-05	-5.08936e-01	-2.03574e-01	4.92417e-01	1.87370e-03	1.25400e-01
-1.01311e-03	-4.42557e-05	1.09487e-05	-1.26054e-05	-5.08652e-01	-2.03461e-01	4.92988e-01	1.73326e-03	1.25400e-01
-9.77831e-04	-4.27074e-05	1.05971e-05	-1.29757e-05	-5.08305e-01	-2.03322e-01	4.93537e-01	1.59811e-03	1.25400e-01
-9.43893e-04	-4.12321e-05	1.02007e-05	-1.34350e-05	-5.08101e-01	-2.03240e-01	4.94065e-01	1.46796e-03	1.25400e-01
-9.07928e-04	-3.96393e-05	9.90037e-06	-1.40061e-05	-5.07797e-01	-2.03118e-01	4.94574e-01	1.34255e-03	1.25400e-01
-8.70697e-04	-3.80339e-05	9.41265e-06	-1.46651e-05	-5.07594e-01	-2.03037e-01	4.95065e-01	1.22157e-03	1.25400e-01
-8.32302e-04	-3.63251e-05	9.12597e-06	-1.53612e-05	-5.07409e-01	-2.02963e-01	4.95538e-01	1.10473e-03	1.25400e-01
-7.88411e-04	-3.44320e-05	8.55355e-06	-1.60440e-05	-5.07101e-01	-2.02840e-01	4.95996e-01	9.91733e-04	1.25400e-01
-7.42204e-04	-3.23922e-05	8.14065e-06	-1.66483e-05	-5.07133e-01	-2.02853e-01	4.96439e-01	8.82259e-04	1.25400e-01
-6.90375e-04	-3.01164e-05	7.62794e-06	-1.71218e-05	-5.06696e-01	-2.02678e-01	4.96868e-01	7.75988e-04	1.25400e-01
-6.28810e-04	-2.74644e-05	6.81164e-06	-1.74275e-05	-5.06879e-01	-2.02751e-01	4.97286e-01	6.72592e-04	1.25400e-01
-5.73143e-04	-2.49229e-05	6.65318e-06	-1.75010e-05	-5.06581e-01	-2.02632e-01	4.97694e-01	5.71735e-04	1.25400e-01
-4.89854e-04	-2.14427e-05	5.11477e-06	-1.74273e-05	-5.06435e-01	-2.02574e-01	4.98092e-01	4.73071e-04	1.25400e-01
-4.59362e-04	-1.98170e-05	5.97051e-06	-1.70782e-05	-5.07092e-01	-2.02837e-01	4.98483e-01	3.76248e-04	1.25400e-01
-3.79983e-04	-1.66141e-05	4.04498e-06	-1.62850e-05	-5.05897e-01	-2.02359e-01	4.98868e-01	2.80905e-04	1.25400e-01
-4.68975e-04	-2.02687e-05	5.94535e-06	-1.55677e-05	-5.10029e-01	-2.04011e-01	4.99248e-01	1.86672e-04	1.25400e-01
-7.54379e-04	-3.12233e-05	1.51248e-05	-1.29425e-05	-5.09529e-01	-2.03811e-01	4.99625e-01	9.31734e-05	1.25400e-01
-6.29314e-04	-3.72645e-05	-3.25439e-05	-5.87274e-06	-5.13747e-01	-2.05498e-01	5.00000e-01	0.00000e+00	1.25400e-01
