"Density"	"Momentum:0"	"Momentum:1"	"Momentum:2"	"StagnationEnergy"	"Pressure"	"Points:0"	"Points:1"	"Points:2"
2.43551e-02	-9.31677e-04	1.24728e-03	-6.68342e-04	-7.28494e-01	-2.91421e-01	-4.88442e-01	0.00000e+00	1.49600e-01
2.70898e-03	1.95606e-04	1.29624e-04	-2.70005e-04	-1.15086e+00	-4.60355e-01	-4.88389e-01	2.24937e-03	1.49600e-01
8.42705e-03	2.56755e-04	4.08983e-04	-3.74136e-04	-1.02754e+00	-4.11025e-01	-4.88228e-01	4.49358e-03	1.49600e-01
1.61059e-02	3.01976e-04	7.88668e-04	-3.89556e-04	-1.13461e+00	-4.53854e-01	-4.87958e-01	6.72736e-03	1.49600e-01
1.78089e-02	3.81970e-04	8.52060e-04	-3.63764e-04	-1.16561e+00	-4.66257e-01	-4.87580e-01	8.94545e-03	1.49600e-01
1.97406e-02	4.05481e-04	9.36139e-04	-3.59325e-04	-1.23903e+00	-4.95623e-01	-4.87096e-01	1.11427e-02	1.49600e-01
2.07073e-02	4.66339e-04	9.59356e-04	-3.26327e-04	-1.33516e+00	-5.34077e-01	-4.86508e-01	1.33145e-02	1.49600e-01
2.04695e-02	4.80730e-04	9.30850e-04	-3.06901e-04	-1.37865e+00	-5.51471e-01	-4.85818e-01	1.54563e-02	1.49600e-01
1.98122e-02	4.95063e-04	8.79631e-04	-2.73587e-04	-1.45421e+00	-5.81694e-01	-4.85032e-01	1.75643e-02	1.49600e-01
1.85000e-02	4.88985e-04	8.01124e-04	-2.44330e-04	-1.48728e+00	-5.94921e-01	-4.84198e-01	1.95343e-02	1.49600e-01
1.69653e-02	4.65899e-04	7.19148e-04	-2.15790e-04	-1.51203e+00	-6.04820e-01	-4.83362e-01	2.13105e-02	1.49600e-01
1.52843e-02	4.37980e-04	6.32484e-04	-1.83551e-04	-1.52991e+00	-6.11972e-01	-4.82524e-01	2.29418e-02	1.49600e-01
1.34869e-02	3.96232e-04	5.47801e-04	-1.55055e-04	-1.52847e+00	-6.11394e-01	-4.81681e-01	2.44606e-02	1.49600e-01
1.17353e-02	3.53895e-04	4.67318e-04	-1.22913e-04	-1.52975e+00	-6.11905e-01	-4.80832e-01	2.58895e-02	1.49600e-01
9.97946e-03	3.05277e-04	3.91608e-04	-9.29447e-05	-1.51943e+00	-6.07778e-01	-4.79976e-01	2.72450e-02	1.49600e-01
8.33749e-03	2.57357e-04	3.23328e-04	-6.27851e-05	-1.50902e+00	-6.03611e-01	-4.79111e-01	2.85399e-02	1.49600e-01
6.82938e-03	2.10773e-04	2.63203e-04	-3.43455e-05	-1.49603e+00	-5.98417e-01	-4.78236e-01	2.97841e-02	1.49600e-01
5.51281e-03	1.68161e-04	2.12797e-04	-8.83057e-06	-1.48144e+00	-5.92580e-01	-4.77349e-01	3.09854e-02	1.49600e-01
4.44955e-03	1.32730e-04	1.73368e-04	1.35691e-05	-1.46810e+00	-5.87240e-01	-4.76450e-01	3.21503e-02	1.49600e-01
3.64479e-03	1.05021e-04	1.44621e-04	3.10908e-05	-1.45442e+00	-5.81770e-01	-4.75537e-01	3.32840e-02	1.49600e-01
3.09923e-03	8.62676e-05	1.25377e-04	4.30058e-05	-1.44241e+00	-5.76966e-01	-4.74608e-01	3.43909e-02	1.49600e-01
2.74462e-03	7.48154e-05	1.12416e-04	4.81379e-05	-1.43179e+00	-5.72719e-01	-4.73664e-01	3.54748e-02	1.49600e-01
2.46874e-03	6.73409e-05	1.01154e-04	4.63956e-05	-1.42265e+00	-5.69063e-01	-4.72701e-01	3.65388e-02	1.49600e-01
2.16214e-03	5.99233e-05	8.78024e-05	3.95921e-05	-1.41552e+00	-5.66209e-01	-4.71720e-01	3.75856e-02	1.49600e-01
1.76050e-03	4.96441e-05	7.07517e-05	3.06625e-05	-1.40963e+00	-5.63855e-01	-4.70719e-01	3.86174e-02	1.49600e-01
1.28569e-03	3.64910e-05	5.15058e-05	2.23881e-05	-1.40496e+00	-5.61983e-01	-4.69697e-01	3.96364e-02	1.49600e-01
8.07296e-04	2.24684e-05	3.28670e-05	1.60843e-05	-1.40115e+00	-5.60461e-01	-4.68653e-01	4.06442e-02	1.49600e-01
4.05857e-04	1.02982e-05	1.76508e-05	1.18005e-05	-1.39795e+00	-5.59180e-01	-4.67585e-01	4.16422e-02	1.49600e-01
1.33880e-04	1.96847e-06	7.45017e-06	8.97535e-06	-1.39547e+00	-5.58190e-01	-4.66494e-01	4.26318e-02	1.49600e-01
2.92160e-06	-1.81563e-06	2.30884e-06	6.94896e-06	-1.39357e+00	-5.57434e-01	-4.65377e-01	4.36141e-02	1.49600e-01
-1.20924e-06	-1.29084e-06	1.44392e-06	5.17884e-06	-1.39235e+00	-5.56936e-01	-4.64234e-01	4.45900e-02	1.49600e-01
9.30798e-05	2.76989e-06	3.63703e-06	3.25014e-06	-1.39176e+00	-5.56703e-01	-4.63065e-01	4.55603e-02	1.49600e-01
2.58496e-04	9.53756e-06	7.81214e-06	8.78124e-07	-1.39176e+00	-5.56704e-01	-4.61867e-01	4.65258e-02	1.49600e-01
4.72787e-04	1.83157e-05	1.31086e-05	-2.15333e-06	-1.39238e+00	-5.56953e-01	-4.60640e-01	4.74870e-02	1.49600e-01
7.15641e-04	2.84253e-05	1.87918e-05	-5.99823e-06	-1.39360e+00	-5.57440e-01	-4.59384e-01	4.84444e-02	1.49600e-01
9.69638e-04	3.92134e-05	2.43233e-05	-1.07258e-05	-1.39539e+00	-5.58158e-01	-4.58097e-01	4.93985e-02	1.49600e-01
1.22413e-03	5.02786e-05	2.93721e-05	-1.63892e-05	-1.39766e+00	-5.59065e-01	-4.56778e-01	5.03497e-02	1.49600e-01
1.48514e-03	6.18145e-05	3.41357e-05	-2.28887e-05	-1.40036e+00	-5.60145e-01	-4.55428e-01	5.12981e-02	1.49600e-01
1.76936e-03	7.43640e-05	3.91984e-05	-2.97301e-05	-1.40347e+00	-5.61388e-01	-4.54044e-01	5.22440e-02	1.49600e-01
2.07647e-03	8.78331e-05	4.46591e-05	-3.64569e-05	-1.40723e+00	-5.62894e-01	-4.52627e-01	5.31876e-02	1.49600e-01
2.41104e-03	1.02365e-04	5.06903e-05	-4.27463e-05	-1.41170e+00	-5.64682e-01	-4.51176e-01	5.41290e-02	1.49600e-01
2.81416e-03	1.19448e-04	5.85558e-05	-4.72117e-05	-1.41692e+00	-5.66770e-01	-4.49689e-01	5.50682e-02	1.49600e-01
3.33357e-03	1.40673e-04	6.99633e-05	-4.75631e-05	-1.42362e+00	-5.69450e-01	-4.48167e-01	5.60053e-02	1.49600e-01
3.93258e-03	1.64558e-04	8.40723e-05	-4.29037e-05	-1.43233e+00	-5.72932e-01	-4.46608e-01	5.69403e-02	1.49600e-01
4.41866e-03	1.83706e-04	9.57234e-05	-3.45033e-05	-1.44324e+00	-5.77297e-01	-4.45012e-01	5.78731e-02	1.49600e-01
4.59084e-03	1.90106e-04	1.00058e-04	-2.44857e-05	-1.45514e+00	-5.82058e-01	-4.43378e-01	5.88036e-02	1.49600e-01
4.35553e-03	1.79953e-04	9.50452e-05	-1.44629e-05	-1.46634e+00	-5.86538e-01	-4.41706e-01	5.97317e-02	1.49600e-01
3.68362e-03	1.52007e-04	8.02466e-05	-6.44767e-06	-1.47584e+00	-5.90337e-01	-4.39996e-01	6.06574e-02	1.49600e-01
2.71071e-03	1.11714e-04	5.90069e-05	-5.30474e-07	-1.48201e+00	-5.92805e-01	-4.38246e-01	6.15804e-02	1.49600e-01
1.78477e-03	7.29171e-05	3.99155e-05	6.45129e-06	-1.48535e+00	-5.94139e-01	-4.36456e-01	6.25006e-02	1.49600e-01
1.13537e-03	4.52867e-05	2.75237e-05	1.35632e-05	-1.48721e+00	-5.94886e-01	-4.34626e-01	6.34177e-02	1.49600e-01
7.38789e-04	2.97875e-05	1.72345e-05	6.08430e-06	-1.48931e+00	-5.95725e-01	-4.32756e-01	6.43316e-02	1.49600e-01
4.38251e-04	2.23547e-05	2.46446e-07	-3.90679e-05	-1.49389e+00	-5.97558e-01	-4.30844e-01	6.52421e-02	1.49600e-01
-2.85842e-04	2.26568e-06	-3.67493e-05	-1.40250e-04	-1.50045e+00	-6.00165e-01	-4.28890e-01	6.61489e-02	1.49600e-01
-1.83936e-03	-4.88270e-05	-9.95369e-05	-2.99564e-04	-1.50597e+00	-6.02377e-01	-4.26894e-01	6.70516e-02	1.49600e-01
-3.98660e-03	-1.24031e-04	-1.77144e-04	-4.94312e-04	-1.49723e+00	-5.98878e-01	-4.24856e-01	6.79502e-02	1.49600e-01
-5.88925e-03	-1.91914e-04	-2.44577e-04	-6.72727e-04	-1.46420e+00	-5.85660e-01	-4.22776e-01	6.88443e-02	1.49600e-01
-6.61126e-03	-2.15596e-04	-2.77563e-04	-7.90833e-04	-1.41154e+00	-5.64593e-01	-4.20652e-01	6.97335e-02	1.49600e-01
-5.80153e-03	-1.79244e-04	-2.71375e-04	-8.50577e-04	-1.34686e+00	-5.38715e-01	-4.18485e-01	7.06177e-02	1.49600e-01
-3.92984e-03	-1.00205e-04	-2.40556e-04	-8.74209e-04	-1.28361e+00	-5.13401e-01	-4.16274e-01	7.14965e-02	1.49600e-01
-2.12392e-03	-2.61741e-05	-2.05528e-04	-8.74156e-04	-1.23728e+00	-4.94835e-01	-4.14019e-01	7.23695e-02	1.49600e-01
-7.21134e-04	2.97668e-05	-1.75121e-04	-8.51008e-04	-1.20005e+00	-4.79809e-01	-4.11719e-01	7.32366e-02	1.49600e-01
5.83984e-04	8.13161e-05	-1.45576e-04	-8.14710e-04	-1.16689e+00	-4.66992e-01	-4.09376e-01	7.40973e-02	1.49600e-01
1.66482e-03	1.24087e-04	-1.21810e-04	-7.87410e-04	-1.14122e+00	-4.56565e-01	-4.06988e-01	7.49513e-02	1.49600e-01
2.48478e-03	1.55949e-04	-1.02884e-04	-7.63636e-04	-1.11839e+00	-4.47408e-01	-4.04554e-01	7.57983e-02	1.49600e-01
3.30552e-03	1.87188e-04	-8.16763e-05	-7.18433e-04	-1.09571e+00	-4.38319e-01	-4.02076e-01	7.66380e-02	1.49600e-01
4.04106e-03	2.14465e-04	-6.04490e-05	-6.66668e-04	-1.07514e+00	-4.30081e-01	-3.99553e-01	7.74700e-02	1.49600e-01
4.58359e-03	2.34354e-04	-4.46122e-05	-6.26515e-04	-1.05624e+00	-4.22517e-01	-3.96984e-01	7.82940e-02	1.49600e-01
4.65527e-03	2.34264e-04	-3.66626e-05	-5.84235e-04	-1.03945e+00	-4.15797e-01	-3.94370e-01	7.91097e-02	1.49600e-01
4.21243e-03	2.11704e-04	-3.52259e-05	-5.36495e-04	-1.02382e+00	-4.09544e-01	-3.91710e-01	7.99167e-02	1.49600e-01
3.87461e-03	1.94020e-04	-3.27468e-05	-4.91039e-04	-1.00834e+00	-4.03351e-01	-3.89005e-01	8.07147e-02	1.49600e-01
3.78581e-03	1.86614e-04	-2.42244e-05	-4.39048e-04	-9.91416e-01	-3.96578e-01	-3.86253e-01	8.15033e-02	1.49600e-01
3.79358e-03	1.83676e-04	-1.46432e-05	-3.78094e-04	-9.67405e-01	-3.86972e-01	-3.83457e-01	8.22823e-02	1.49600e-01
4.01869e-03	1.90815e-04	-3.69597e-06	-3.23690e-04	-9.45346e-01	-3.78146e-01	-3.80614e-01	8.30512e-02	1.49600e-01
4.10346e-03	1.92610e-04	2.88495e-06	-2.85315e-04	-9.34105e-01	-3.73648e-01	-3.77726e-01	8.38098e-02	1.49600e-01
3.75257e-03	1.75917e-04	1.94538e-06	-2.64268e-04	-9.26782e-01	-3.70718e-01	-3.74791e-01	8.45577e-02	1.49600e-01
3.54543e-03	1.65883e-04	1.66966e-06	-2.52207e-04	-9.14115e-01	-3.65651e-01	-3.71812e-01	8.52945e-02	1.49600e-01
3.61803e-03	1.68468e-04	3.63212e-06	-2.36584e-04	-9.01724e-01	-3.60694e-01	-3.68786e-01	8.60201e-02	1.49600e-01
3.43126e-03	1.59140e-04	4.85381e-06	-2.13018e-04	-8.96582e-01	-3.58637e-01	-3.65715e-01	8.67340e-02	1.49600e-01
3.09027e-03	1.42835e-04	5.42023e-06	-1.81089e-04	-8.88572e-01	-3.55432e-01	-3.62598e-01	8.74359e-02	1.49600e-01
3.05557e-03	1.40249e-04	8.84161e-06	-1.47623e-04	-8.78538e-01	-3.51418e-01	-3.59436e-01	8.81255e-02	1.49600e-01
3.09160e-03	1.40968e-04	1.24783e-05	-1.22756e-04	-8.74216e-01	-3.49689e-01	-3.56228e-01	8.88026e-02	1.49600e-01
2.86582e-03	1.30448e-04	1.19206e-05	-1.06717e-04	-8.69921e-01	-3.47971e-01	-3.52975e-01	8.94668e-02	1.49600e-01
2.49888e-03	1.13874e-04	9.08874e-06	-9.73005e-05	-8.67950e-01	-3.47182e-01	-3.49677e-01	9.01178e-02	1.49600e-01
2.04928e-03	9.35437e-05	6.06081e-06	-8.93956e-05	-8.70243e-01	-3.48099e-01	-3.46334e-01	9.07553e-02	1.49600e-01
1.67360e-03	7.63746e-05	4.58512e-06	-7.43526e-05	-8.68565e-01	-3.47427e-01	-3.42947e-01	9.13790e-02	1.49600e-01
1.50694e-03	6.85403e-05	5.00745e-06	-5.69609e-05	-8.65558e-01	-3.46224e-01	-3.39515e-01	9.19887e-02	1.49600e-01
1.30736e-03	5.93756e-05	4.52479e-06	-4.82546e-05	-8.65226e-01	-3.46091e-01	-3.36038e-01	9.25841e-02	1.49600e-01
1.12737e-03	5.12023e-05	3.61647e-06	-4.18967e-05	-8.62499e-01	-3.45000e-01	-3.32517e-01	9.31649e-02	1.49600e-01
1.30915e-03	5.90933e-05	6.21444e-06	-2.78861e-05	-8.59110e-01	-3.43645e-01	-3.28953e-01	9.37309e-02	1.49600e-01
1.53657e-03	6.89873e-05	9.50142e-06	-1.10700e-05	-8.59426e-01	-3.43771e-01	-3.25344e-01	9.42818e-02	1.49600e-01
1.25455e-03	5.62324e-05	8.26523e-06	-2.19376e-06	-8.59934e-01	-3.43974e-01	-3.21693e-01	9.48173e-02	1.49600e-01
6.68024e-04	2.99587e-05	4.22799e-06	-5.10071e-07	-8.58504e-01	-3.43402e-01	-3.17998e-01	9.53373e-02	1.49600e-01
2.65336e-04	1.18164e-05	2.28636e-06	1.72769e-06	-8.57496e-01	-3.42998e-01	-3.14260e-01	9.58415e-02	1.49600e-01
1.94676e-04	8.59295e-06	2.29051e-06	5.05226e-06	-8.55024e-01	-3.42010e-01	-3.10480e-01	9.63297e-02	1.49600e-01
4.05974e-04	1.80944e-05	3.40619e-06	7.60019e-06	-8.50292e-01	-3.40117e-01	-3.06657e-01	9.68016e-02	1.49600e-01
6.14415e-04	2.74185e-05	4.89252e-06	1.33360e-05	-8.47607e-01	-3.39043e-01	-3.02793e-01	9.72571e-02	1.49600e-01
4.92536e-04	2.18870e-05	4.78889e-06	2.10169e-05	-8.46799e-01	-3.38720e-01	-2.98887e-01	9.76960e-02	1.49600e-01
2.28145e-04	9.99420e-06	3.63470e-06	2.28331e-05	-8.45090e-01	-3.38037e-01	-2.94940e-01	9.81181e-02	1.49600e-01
4.45081e-05	1.80339e-06	2.21103e-06	1.66049e-05	-8.44015e-01	-3.37607e-01	-2.90952e-01	9.85231e-02	1.49600e-01
-1.32863e-04	-6.12413e-06	9.82969e-07	1.08688e-05	-8.42518e-01	-3.37007e-01	-2.86924e-01	9.89111e-02	1.49600e-01
-1.74537e-04	-7.98993e-06	8.04090e-07	1.35528e-05	-8.38781e-01	-3.35512e-01	-2.82855e-01	9.92817e-02	1.49600e-01
-5.29270e-05	-2.58595e-06	2.23161e-06	2.31098e-05	-8.37587e-01	-3.35033e-01	-2.78747e-01	9.96348e-02	1.49600e-01
-1.16357e-04	-5.50142e-06	2.91738e-06	3.27327e-05	-8.37761e-01	-3.35103e-01	-2.74600e-01	9.99703e-02	1.49600e-01
-2.72670e-04	-1.25510e-05	2.74852e-06	3.78105e-05	-8.33933e-01	-3.33572e-01	-2.70414e-01	1.00288e-01	1.49600e-01
-9.77641e-05	-4.65381e-06	3.33124e-06	3.90936e-05	-8.29521e-01	-3.31805e-01	-2.66190e-01	1.00588e-01	1.49600e-01
2.33507e-04	1.03004e-05	4.14818e-06	3.78570e-05	-8.29797e-01	-3.31920e-01	-2.61928e-01	1.00870e-01	1.49600e-01
2.63222e-04	1.16821e-05	3.75881e-06	3.30006e-05	-8.32651e-01	-3.33061e-01	-2.57628e-01	1.01134e-01	1.49600e-01
1.46886e-05	5.19800e-07	2.65413e-06	2.99269e-05	-8.33227e-01	-3.33303e-01	-2.53291e-01	1.01380e-01	1.49600e-01
-2.14564e-04	-9.81844e-06	2.47007e-06	3.54264e-05	-8.31035e-01	-3.32413e-01	-2.48918e-01	1.01607e-01	1.49600e-01
-2.72364e-04	-1.24302e-05	2.81265e-06	4.13495e-05	-8.27682e-01	-3.31071e-01	-2.44509e-01	1.01816e-01	1.49600e-01
-1.49392e-04	-6.84908e-06	2.53071e-06	3.49647e-05	-8.24497e-01	-3.29797e-01	-2.40065e-01	1.02007e-01	1.49600e-01
-3.57547e-05	-1.67613e-06	1.71038e-06	2.11419e-05	-8.23280e-01	-3.29309e-01	-2.35585e-01	1.02179e-01	1.49600e-01
-1.37902e-04	-6.25941e-06	1.12007e-06	1.40545e-05	-8.22426e-01	-3.28970e-01	-2.31071e-01	1.02333e-01	1.49600e-01
-3.98099e-04	-1.79822e-05	7.20227e-07	1.42296e-05	-8.19846e-01	-3.27938e-01	-2.26524e-01	1.02469e-01	1.49600e-01
-6.59078e-04	-2.97410e-05	4.23109e-07	1.32638e-05	-8.16639e-01	-3.26655e-01	-2.21943e-01	1.02585e-01	1.49600e-01
-7.69789e-04	-3.47229e-05	2.27531e-07	1.08843e-05	-8.12539e-01	-3.25015e-01	-2.17329e-01	1.02684e-01	1.49600e-01
-6.08491e-04	-2.74450e-05	3.92170e-07	1.03782e-05	-8.09131e-01	-3.23652e-01	-2.12683e-01	1.02763e-01	1.49600e-01
-3.69210e-04	-1.66546e-05	7.30281e-07	1.11976e-05	-8.09370e-01	-3.23748e-01	-2.08005e-01	1.02825e-01	1.49600e-01
-4.12273e-04	-1.85913e-05	7.99985e-07	1.31106e-05	-8.10900e-01	-3.24360e-01	-2.03297e-01	1.02867e-01	1.49600e-01
-7.72793e-04	-3.48372e-05	8.79588e-07	1.47649e-05	-8.09873e-01	-3.23949e-01	-1.98558e-01	1.02891e-01	1.49600e-01
-1.16644e-03	-5.25730e-05	1.03648e-06	1.47051e-05	-8.05207e-01	-3.22082e-01	-1.93789e-01	1.02897e-01	1.49600e-01
-1.33230e-03	-6.00398e-05	1.20208e-06	1.45007e-05	-7.98879e-01	-3.19551e-01	-1.88991e-01	1.02884e-01	1.49600e-01
-1.25784e-03	-5.66749e-05	1.35974e-06	1.44163e-05	-7.93862e-01	-3.17544e-01	-1.84164e-01	1.02853e-01	1.49600e-01
-1.15471e-03	-5.20188e-05	1.48027e-06	1.38814e-05	-7.90386e-01	-3.16154e-01	-1.79310e-01	1.02804e-01	1.49600e-01
-1.19288e-03	-5.37270e-05	1.83400e-06	1.57195e-05	-7.87047e-01	-3.14818e-01	-1.74428e-01	1.02736e-01	1.49600e-01
-1.33313e-03	-6.00289e-05	2.42653e-06	2.20214e-05	-7.82756e-01	-3.13102e-01	-1.69519e-01	1.02650e-01	1.49600e-01
-1.44250e-03	-6.49341e-05	3.11472e-06	3.00585e-05	-7.77178e-01	-3.10870e-01	-1.64584e-01	1.02547e-01	1.49600e-01
-1.45937e-03	-6.56732e-05	3.55243e-06	3.51105e-05	-7.71187e-01	-3.08474e-01	-1.59624e-01	1.02425e-01	1.49600e-01
-1.44369e-03	-6.49532e-05	3.68616e-06	3.54867e-05	-7.66066e-01	-3.06426e-01	-1.54639e-01	1.02285e-01	1.49600e-01
-1.47473e-03	-6.63398e-05	3.77896e-06	3.27503e-05	-7.61616e-01	-3.04646e-01	-1.49630e-01	1.02128e-01	1.49600e-01
-1.53115e-03	-6.88713e-05	3.86345e-06	2.79741e-05	-7.56679e-01	-3.02671e-01	-1.44598e-01	1.01952e-01	1.49600e-01
-1.55506e-03	-6.99410e-05	3.87813e-06	2.34020e-05	-7.51503e-01	-3.00600e-01	-1.39543e-01	1.01760e-01	1.49600e-01
-1.53332e-03	-6.89470e-05	4.04786e-06	2.37659e-05	-7.46325e-01	-2.98529e-01	-1.34466e-01	1.01550e-01	1.49600e-01
-1.45375e-03	-6.53423e-05	4.29778e-06	3.00341e-05	-7.41048e-01	-2.96419e-01	-1.29368e-01	1.01323e-01	1.49600e-01
-1.34726e-03	-6.05214e-05	4.55811e-06	3.75634e-05	-7.36832e-01	-2.94732e-01	-1.24249e-01	1.01079e-01	1.49600e-01
-1.29682e-03	-5.82250e-05	4.83975e-06	4.33210e-05	-7.33485e-01	-2.93393e-01	-1.19110e-01	1.00817e-01	1.49600e-01
-1.28162e-03	-5.75153e-05	5.14175e-06	4.85683e-05	-7.29429e-01	-2.91771e-01	-1.13952e-01	1.00540e-01	1.49600e-01
-1.16462e-03	-5.22311e-05	5.13190e-06	5.33599e-05	-7.24560e-01	-2.89823e-01	-1.08775e-01	1.00245e-01	1.49600e-01
-9.01655e-04	-4.03976e-05	4.52766e-06	5.52421e-05	-7.20328e-01	-2.88130e-01	-1.03581e-01	9.99343e-02	1.49600e-01
-6.45056e-04	-2.88583e-05	3.82498e-06	5.47512e-05	-7.18331e-01	-2.87331e-01	-9.83700e-02	9.96073e-02	1.49600e-01
-5.73884e-04	-2.56496e-05	3.68583e-06	5.58755e-05	-7.18065e-01	-2.87225e-01	-9.31425e-02	9.92642e-02	1.49600e-01
-6.83861e-04	-3.05685e-05	4.23574e-06	5.97890e-05	-7.17050e-01	-2.86819e-01	-8.78994e-02	9.89054e-02	1.49600e-01
-8.99907e-04	-4.02525e-05	5.08766e-06	6.24293e-05	-7.13618e-01	-2.85446e-01	-8.26416e-02	9.85309e-02	1.49600e-01
-1.16977e-03	-5.23622e-05	5.98012e-06	6.19445e-05	-7.07128e-01	-2.82850e-01	-7.73697e-02	9.81410e-02	1.49600e-01
-1.33260e-03	-5.96585e-05	6.62283e-06	6.15181e-05	-6.98024e-01	-2.79209e-01	-7.20845e-02	9.77360e-02	1.49600e-01
-1.30331e-03	-5.83322e-05	6.58303e-06	6.14040e-05	-6.89656e-01	-2.75861e-01	-6.67867e-02	9.73160e-02	1.49600e-01
-1.26823e-03	-5.67490e-05	6.49534e-06	5.89541e-05	-6.83644e-01	-2.73456e-01	-6.14772e-02	9.68812e-02	1.49600e-01
-1.32628e-03	-5.93485e-05	6.70086e-06	5.58303e-05	-6.76686e-01	-2.70673e-01	-5.61566e-02	9.64319e-02	1.49600e-01
-1.32846e-03	-5.94377e-05	6.74962e-06	5.40067e-05	-6.68107e-01	-2.67242e-01	-5.08257e-02	9.59684e-02	1.49600e-01
-1.27797e-03	-5.71680e-05	6.56480e-06	5.10369e-05	-6.60937e-01	-2.64374e-01	-4.54853e-02	9.54908e-02	1.49600e-01
-1.33085e-03	-5.95345e-05	6.77904e-06	4.75462e-05	-6.55244e-01	-2.62097e-01	-4.01362e-02	9.49993e-02	1.49600e-01
-1.44727e-03	-6.47324e-05	7.43238e-06	4.82181e-05	-6.49310e-01	-2.59723e-01	-3.47791e-02	9.44944e-02	1.49600e-01
-1.52222e-03	-6.80668e-05	7.96058e-06	5.32431e-05	-6.43585e-01	-2.57433e-01	-2.94149e-02	9.39761e-02	1.49600e-01
-1.56429e-03	-6.99194e-05	8.42544e-06	5.82271e-05	-6.37930e-01	-2.55171e-01	-2.40442e-02	9.34447e-02	1.49600e-01
-1.51131e-03	-6.75310e-05	8.29967e-06	6.01603e-05	-6.30837e-01	-2.52334e-01	-1.86679e-02	9.29005e-02	1.49600e-01
-1.30467e-03	-5.82681e-05	7.41780e-06	5.85916e-05	-6.24015e-01	-2.49605e-01	-1.32867e-02	9.23438e-02	1.49600e-01
-1.09588e-03	-4.89191e-05	6.42924e-06	5.47336e-05	-6.19483e-01	-2.47792e-01	-7.90140e-03	9.17748e-02	1.49600e-01
-9.97808e-04	-4.45294e-05	5.93642e-06	5.07046e-05	-6.15539e-01	-2.46215e-01	-2.51284e-03	9.11937e-02	1.49600e-01
-9.20175e-04	-4.10539e-05	5.55044e-06	4.77007e-05	-6.11476e-01	-2.44589e-01	2.87823e-03	9.06009e-02	1.49600e-01
-8.40764e-04	-3.74986e-05	5.16142e-06	4.53750e-05	-6.08885e-01	-2.43553e-01	8.27103e-03	8.99966e-02	1.49600e-01
-8.53189e-04	-3.80475e-05	5.26463e-06	4.33983e-05	-6.06974e-01	-2.42789e-01	1.36648e-02	8.93810e-02	1.49600e-01
-9.38782e-04	-4.18711e-05	5.71684e-06	4.16232e-05	-6.03946e-01	-2.41577e-01	1.90587e-02	8.87545e-02	1.49600e-01
-1.01554e-03	-4.52979e-05	6.13964e-06	3.95140e-05	-6.00381e-01	-2.40152e-01	2.44519e-02	8.81172e-02	1.49600e-01
-1.08459e-03	-4.83794e-05	6.52790e-06	3.71165e-05	-5.96665e-01	-2.38665e-01	2.98438e-02	8.74696e-02	1.49600e-01
-1.16310e-03	-5.18800e-05	6.99797e-06	3.55040e-05	-5.92196e-01	-2.36878e-01	3.52334e-02	8.68118e-02	1.49600e-01
-1.23172e-03	-5.49346e-05	7.44727e-06	3.48243e-05	-5.87433e-01	-2.34972e-01	4.06201e-02	8.61441e-02	1.49600e-01
-1.29485e-03	-5.77414e-05	7.88800e-06	3.41203e-05	-5.83064e-01	-2.33225e-01	4.60029e-02	8.54668e-02	1.49600e-01
-1.34386e-03	-5.99167e-05	8.25785e-06	3.38332e-05	-5.78672e-01	-2.31468e-01	5.13812e-02	8.47801e-02	1.49600e-01
-1.31426e-03	-5.85801e-05	8.19551e-06	3.52199e-05	-5.73790e-01	-2.29515e-01	5.67542e-02	8.40845e-02	1.49600e-01
-1.18028e-03	-5.25871e-05	7.51152e-06	3.68291e-05	-5.69031e-01	-2.27611e-01	6.21210e-02	8.33800e-02	1.49600e-01
-1.01613e-03	-4.52573e-05	6.57851e-06	3.54269e-05	-5.65260e-01	-2.26103e-01	6.74809e-02	8.26670e-02	1.49600e-01
-9.08934e-04	-4.04767e-05	5.92383e-06	3.08313e-05	-5.62454e-01	-2.24981e-01	7.28331e-02	8.19458e-02	1.49600e-01
-8.71677e-04	-3.88155e-05	5.68968e-06	2.61953e-05	-5.60242e-01	-2.24096e-01	7.81769e-02	8.12167e-02	1.49600e-01
-8.68413e-04	-3.86659e-05	5.69391e-06	2.38091e-05	-5.58446e-01	-2.23378e-01	8.35114e-02	8.04799e-02	1.49600e-01
-8.54310e-04	-3.80305e-05	5.64992e-06	2.31741e-05	-5.56780e-01	-2.22711e-01	8.88358e-02	7.97356e-02	1.49600e-01
-8.03167e-04	-3.57458e-05	5.36398e-06	2.27058e-05	-5.55271e-01	-2.22108e-01	9.41495e-02	7.89843e-02	1.49600e-01
-7.44492e-04	-3.31269e-05	5.02057e-06	2.15470e-05	-5.54332e-01	-2.21732e-01	9.94515e-02	7.82261e-02	1.49600e-01
-7.27316e-04	-3.23578e-05	4.93525e-06	1.99984e-05	-5.53736e-01	-2.21494e-01	1.04741e-01	7.74613e-02	1.49600e-01
-7.43663e-04	-3.30813e-05	5.06870e-06	1.88998e-05	-5.52984e-01	-2.21193e-01	1.10018e-01	7.66902e-02	1.49600e-01
-7.48192e-04	-3.32763e-05	5.14070e-06	1.84751e-05	-5.52157e-01	-2.20862e-01	1.15281e-01	7.59131e-02	1.49600e-01
-7.20894e-04	-3.20550e-05	4.99864e-06	1.80809e-05	-5.51419e-01	-2.20567e-01	1.20529e-01	7.51303e-02	1.49600e-01
-6.73230e-04	-2.99292e-05	4.70802e-06	1.71153e-05	-5.50848e-01	-2.20339e-01	1.25761e-01	7.43419e-02	1.49600e-01
-6.28396e-04	-2.79311e-05	4.42530e-06	1.54365e-05	-5.50581e-01	-2.20232e-01	1.30978e-01	7.35483e-02	1.49600e-01
-6.03132e-04	-2.68046e-05	4.26897e-06	1.33498e-05	-5.50531e-01	-2.20212e-01	1.36178e-01	7.27498e-02	1.49600e-01
-5.94507e-04	-2.64178e-05	4.22854e-06	1.15310e-05	-5.50564e-01	-2.20225e-01	1.41360e-01	7.19465e-02	1.49600e-01
-5.93285e-04	-2.63594e-05	4.24464e-06	1.03827e-05	-5.50715e-01	-2.20286e-01	1.46523e-01	7.11389e-02	1.49600e-01
-6.01818e-04	-2.67343e-05	4.33114e-06	9.70328e-06	-5.50973e-01	-2.20389e-01	1.51668e-01	7.03271e-02	1.49600e-01
-6.23416e-04	-2.76896e-05	4.51190e-06	9.22632e-06	-5.51243e-01	-2.20497e-01	1.56792e-01	6.95114e-02	1.49600e-01
-6.49844e-04	-2.88583e-05	4.73341e-06	9.00888e-06	-5.51468e-01	-2.20587e-01	1.61896e-01	6.86921e-02	1.49600e-01
-6.68473e-04	-2.96800e-05	4.90266e-06	9.05870e-06	-5.51687e-01	-2.20674e-01	1.66979e-01	6.78694e-02	1.49600e-01
-6.77118e-04	-3.00582e-05	5.00000e-06	9.05113e-06	-5.51980e-01	-2.20792e-01	1.72040e-01	6.70436e-02	1.49600e-01
-6.83029e-04	-3.03151e-05	5.07580e-06	8.66986e-06	-5.52344e-01	-2.20937e-01	1.77078e-01	6.62149e-02	1.49600e-01
-6.89885e-04	-3.06139e-05	5.15955e-06	8.05132e-06	-5.52696e-01	-2.21078e-01	1.82092e-01	6.53836e-02	1.49600e-01
-6.96631e-04	-3.09072e-05	5.24501e-06	7.55993e-06	-5.53043e-01	-2.21217e-01	1.87083e-01	6.45500e-02	1.49600e-01
-7.06328e-04	-3.13314e-05	5.35349e-06	7.23674e-06	-5.53438e-01	-2.21375e-01	1.92048e-01	6.37143e-02	1.49600e-01
-7.21306e-04	-3.19899e-05	5.50111e-06	6.79311e-06	-5.53833e-01	-2.21533e-01	1.96988e-01	6.28767e-02	1.49600e-01
-7.34255e-04	-3.25585e-05	5.63251e-06	6.13312e-06	-5.54189e-01	-2.21675e-01	2.01902e-01	6.20376e-02	1.49600e-01
-7.37452e-04	-3.26942e-05	5.69185e-06	5.72722e-06	-5.54588e-01	-2.21835e-01	2.06789e-01	6.11971e-02	1.49600e-01
-7.33983e-04	-3.25339e-05	5.70211e-06	6.17295e-06	-5.55094e-01	-2.22037e-01	2.11648e-01	6.03555e-02	1.49600e-01
-7.36310e-04	-3.26302e-05	5.75865e-06	7.28012e-06	-5.55711e-01	-2.22284e-01	2.16479e-01	5.95130e-02	1.49600e-01
-7.56679e-04	-3.35257e-05	5.95800e-06	8.10090e-06	-5.56408e-01	-2.22563e-01	2.21281e-01	5.86700e-02	1.49600e-01
-7.98083e-04	-3.53537e-05	6.32029e-06	8.10609e-06	-5.57095e-01	-2.22838e-01	2.26054e-01	5.78265e-02	1.49600e-01
-8.46205e-04	-3.74793e-05	6.73554e-06	7.62698e-06	-5.57699e-01	-2.23079e-01	2.30796e-01	5.69830e-02	1.49600e-01
-8.81257e-04	-3.90251e-05	7.05138e-06	7.13189e-06	-5.58239e-01	-2.23295e-01	2.35508e-01	5.61395e-02	1.49600e-01
-8.97128e-04	-3.97206e-05	7.21855e-06	6.67377e-06	-5.58779e-01	-2.23511e-01	2.40188e-01	5.52964e-02	1.49600e-01
-9.03790e-04	-4.00081e-05	7.31320e-06	6.04942e-06	-5.59339e-01	-2.23735e-01	2.44836e-01	5.44539e-02	1.49600e-01
-9.14598e-04	-4.04794e-05	7.43920e-06	5.24619e-06	-5.59885e-01	-2.23953e-01	2.49451e-01	5.36121e-02	1.49600e-01
-9.38271e-04	-4.15197e-05	7.67170e-06	4.62828e-06	-5.60384e-01	-2.24153e-01	2.54033e-01	5.27714e-02	1.49600e-01
-9.73298e-04	-4.30615e-05	8.00268e-06	4.53158e-06	-5.60808e-01	-2.24323e-01	2.58581e-01	5.19320e-02	1.49600e-01
-1.00992e-03	-4.46727e-05	8.35111e-06	4.87104e-06	-5.61167e-01	-2.24466e-01	2.63095e-01	5.10940e-02	1.49600e-01
-1.04089e-03	-4.60331e-05	8.65800e-06	5.35605e-06	-5.61520e-01	-2.24608e-01	2.67573e-01	5.02578e-02	1.49600e-01
-1.06773e-03	-4.72111e-05	8.93022e-06	5.85217e-06	-5.61837e-01	-2.24734e-01	2.72016e-01	4.94236e-02	1.49600e-01
-1.09189e-03	-4.82701e-05	9.17939e-06	6.34321e-06	-5.62070e-01	-2.24828e-01	2.76423e-01	4.85914e-02	1.49600e-01
-1.11125e-03	-4.91166e-05	9.39133e-06	6.76739e-06	-5.62281e-01	-2.24912e-01	2.80793e-01	4.77617e-02	1.49600e-01
-1.12445e-03	-4.96910e-05	9.55016e-06	7.05630e-06	-5.62482e-01	-2.24992e-01	2.85126e-01	4.69346e-02	1.49600e-01
-1.13372e-03	-5.00915e-05	9.67572e-06	7.25092e-06	-5.62644e-01	-2.25057e-01	2.89421e-01	4.61103e-02	1.49600e-01
-1.14339e-03	-5.05091e-05	9.80881e-06	7.49898e-06	-5.62768e-01	-2.25107e-01	2.93677e-01	4.52890e-02	1.49600e-01
-1.15154e-03	-5.08590e-05	9.93044e-06	7.89805e-06	-5.62836e-01	-2.25134e-01	2.97895e-01	4.44710e-02	1.49600e-01
-1.15335e-03	-5.09289e-05	9.99651e-06	8.32381e-06	-5.62889e-01	-2.25155e-01	3.02074e-01	4.36564e-02	1.49600e-01
-1.15375e-03	-5.09371e-05	1.00498e-05	8.49742e-06	-5.62977e-01	-2.25190e-01	3.06212e-01	4.28455e-02	1.49600e-01
-1.16447e-03	-5.14021e-05	1.01855e-05	8.30943e-06	-5.63018e-01	-2.25207e-01	3.10310e-01	4.20385e-02	1.49600e-01
-1.18935e-03	-5.24913e-05	1.04463e-05	7.99072e-06	-5.62984e-01	-2.25193e-01	3.14368e-01	4.12355e-02	1.49600e-01
-1.22213e-03	-5.39283e-05	1.07844e-05	7.83097e-06	-5.62908e-01	-2.25163e-01	3.18384e-01	4.04368e-02	1.49600e-01
-1.25392e-03	-5.53213e-05	1.11144e-05	7.74481e-06	-5.62764e-01	-2.25105e-01	3.22359e-01	3.96426e-02	1.49600e-01
-1.27729e-03	-5.63423e-05	1.13711e-05	7.24610e-06	-5.62569e-01	-2.25027e-01	3.26292e-01	3.88531e-02	1.49600e-01
-1.29378e-03	-5.70601e-05	1.15641e-05	6.11063e-06	-5.62346e-01	-2.24938e-01	3.30182e-01	3.80684e-02	1.49600e-01
-1.31138e-03	-5.78267e-05	1.17685e-05	4.86263e-06	-5.62050e-01	-2.24820e-01	3.34029e-01	3.72888e-02	1.49600e-01
-1.33202e-03	-5.87264e-05	1.20062e-05	4.28320e-06	-5.61678e-01	-2.24671e-01	3.37833e-01	3.65145e-02	1.49600e-01
-1.35181e-03	-5.95872e-05	1.22400e-05	4.59152e-06	-5.61285e-01	-2.24513e-01	3.41593e-01	3.57456e-02	1.49600e-01
-1.37421e-03	-6.05635e-05	1.24973e-05	5.20834e-06	-5.60903e-01	-2.24361e-01	3.45309e-01	3.49823e-02	1.49600e-01
-1.40907e-03	-6.20897e-05	1.28641e-05	5.44219e-06	-5.60440e-01	-2.24175e-01	3.48980e-01	3.42248e-02	1.49600e-01
-1.44944e-03	-6.38585e-05	1.32813e-05	5.39815e-06	-5.59832e-01	-2.23932e-01	3.52607e-01	3.34734e-02	1.49600e-01
-1.47687e-03	-6.50553e-05	1.35891e-05	5.53853e-06	-5.59265e-01	-2.23705e-01	3.56189e-01	3.27280e-02	1.49600e-01
-1.49572e-03	-6.58727e-05	1.38232e-05	5.59590e-06	-5.58839e-01	-2.23535e-01	3.59725e-01	3.19891e-02	1.49600e-01
-1.52470e-03	-6.71375e-05	1.41447e-05	5.08723e-06	-5.58344e-01	-2.23337e-01	3.63215e-01	3.12566e-02	1.49600e-01
-1.56416e-03	-6.88627e-05	1.45699e-05	4.36272e-06	-5.57671e-01	-2.23068e-01	3.66660e-01	3.05309e-02	1.49600e-01
-1.59910e-03	-7.03876e-05	1.49597e-05	4.01257e-06	-5.56964e-01	-2.22785e-01	3.70058e-01	2.98120e-02	1.49600e-01
-1.62813e-03	-7.16534e-05	1.52872e-05	3.97683e-06	-5.56257e-01	-2.22502e-01	3.73410e-01	2.91001e-02	1.49600e-01
-1.66240e-03	-7.31505e-05	1.56599e-05	3.93000e-06	-5.55401e-01	-2.22160e-01	3.76714e-01	2.83954e-02	1.49600e-01
-1.70164e-03	-7.48642e-05	1.60905e-05	3.90543e-06	-5.54381e-01	-2.21752e-01	3.79972e-01	2.76980e-02	1.49600e-01
-1.73264e-03	-7.62131e-05	1.64528e-05	4.15002e-06	-5.53386e-01	-2.21354e-01	3.83182e-01	2.70081e-02	1.49600e-01
-1.74405e-03	-7.67024e-05	1.66190e-05	4.75617e-06	-5.52462e-01	-2.20984e-01	3.86345e-01	2.63258e-02	1.49600e-01
-1.73213e-03	-7.61672e-05	1.65578e-05	5.57845e-06	-5.51499e-01	-2.20599e-01	3.89461e-01	2.56513e-02	1.49600e-01
-1.71080e-03	-7.52148e-05	1.64187e-05	6.40932e-06	-5.50561e-01	-2.20224e-01	3.92528e-01	2.49848e-02	1.49600e-01
-1.70864e-03	-7.51061e-05	1.64611e-05	7.06945e-06	-5.49670e-01	-2.19867e-01	3.95547e-01	2.43262e-02	1.49600e-01
-1.72875e-03	-7.59828e-05	1.66884e-05	7.34404e-06	-5.48647e-01	-2.19458e-01	3.98519e-01	2.36759e-02	1.49600e-01
-1.73789e-03	-7.63701e-05	1.68410e-05	7.20582e-06	-5.47503e-01	-2.19000e-01	4.01441e-01	2.30339e-02	1.49600e-01
-1.71740e-03	-7.54522e-05	1.67232e-05	6.86607e-06	-5.46349e-01	-2.18539e-01	4.04316e-01	2.24004e-02	1.49600e-01
-1.68483e-03	-7.40105e-05	1.64532e-05	6.11858e-06	-5.45190e-01	-2.18075e-01	4.07142e-01	2.17754e-02	1.49600e-01
-1.65726e-03	-7.27934e-05	1.62115e-05	4.30321e-06	-5.43994e-01	-2.17597e-01	4.09919e-01	2.11591e-02	1.49600e-01
-1.63983e-03	-7.20192e-05	1.60794e-05	1.54182e-06	-5.42860e-01	-2.17143e-01	4.12648e-01	2.05516e-02	1.49600e-01
-1.64405e-03	-7.21906e-05	1.61835e-05	-9.07752e-07	-5.41802e-01	-2.16720e-01	4.15328e-01	1.99530e-02	1.49600e-01
-1.66569e-03	-7.31287e-05	1.64495e-05	-2.13786e-06	-5.40606e-01	-2.16242e-01	4.17960e-01	1.93634e-02	1.49600e-01
-1.66992e-03	-7.33016e-05	1.65483e-05	-2.58948e-06	-5.39375e-01	-2.15749e-01	4.20543e-01	1.87829e-02	1.49600e-01
-1.64182e-03	-7.20568e-05	1.63203e-05	-3.03593e-06	-5.38427e-01	-2.15370e-01	4.23077e-01	1.82116e-02	1.49600e-01
-1.61394e-03	-7.08249e-05	1.60800e-05	-3.39253e-06	-5.37665e-01	-2.15065e-01	4.25562e-01	1.76496e-02	1.49600e-01
-1.61278e-03	-7.07645e-05	1.61095e-05	-3.18914e-06	-5.36787e-01	-2.14714e-01	4.27999e-01	1.70969e-02	1.49600e-01
-1.62552e-03	-7.13119e-05	1.62880e-05	-2.58620e-06	-5.35763e-01	-2.14305e-01	4.30387e-01	1.65537e-02	1.49600e-01
-1.62979e-03	-7.14892e-05	1.63753e-05	-2.19939e-06	-5.34726e-01	-2.13890e-01	4.32727e-01	1.60200e-02	1.49600e-01
-1.62433e-03	-7.12415e-05	1.63563e-05	-2.34128e-06	-5.33762e-01	-2.13504e-01	4.35018e-01	1.54959e-02	1.49600e-01
-1.61802e-03	-7.09524e-05	1.63461e-05	-2.79870e-06	-5.32876e-01	-2.13150e-01	4.37261e-01	1.49814e-02	1.49600e-01
-1.61134e-03	-7.06494e-05	1.63227e-05	-3.04419e-06	-5.31992e-01	-2.12796e-01	4.39455e-01	1.44766e-02	1.49600e-01
-1.59578e-03	-6.99621e-05	1.61860e-05	-2.59964e-06	-5.31134e-01	-2.12453e-01	4.41602e-01	1.39816e-02	1.49600e-01
-1.57516e-03	-6.90489e-05	1.60169e-05	-1.41145e-06	-5.30421e-01	-2.12168e-01	4.43701e-01	1.34963e-02	1.49600e-01
-1.56151e-03	-6.84395e-05	1.59265e-05	4.39854e-08	-5.29787e-01	-2.11914e-01	4.45752e-01	1.30209e-02	1.49600e-01
-1.55764e-03	-6.82600e-05	1.59282e-05	1.22755e-06	-5.29078e-01	-2.11631e-01	4.47756e-01	1.25553e-02	1.49600e-01
-1.56237e-03	-6.84598e-05	1.60084e-05	2.04326e-06	-5.28227e-01	-2.11290e-01	4.49713e-01	1.20995e-02	1.49600e-01
-1.56250e-03	-6.84578e-05	1.60435e-05	2.48940e-06	-5.27244e-01	-2.10897e-01	4.51623e-01	1.16537e-02	1.49600e-01
-1.53666e-03	-6.73148e-05	1.58236e-05	2.41166e-06	-5.26268e-01	-2.10506e-01	4.53486e-01	1.12177e-02	1.49600e-01
-1.49227e-03	-6.53595e-05	1.54117e-05	1.89076e-06	-5.25448e-01	-2.10178e-01	4.55302e-01	1.07917e-02	1.49600e-01
-1.45842e-03	-6.38710e-05	1.50875e-05	1.20881e-06	-5.24695e-01	-2.09878e-01	4.57073e-01	1.03755e-02	1.49600e-01
-1.44196e-03	-6.31479e-05	1.49270e-05	4.54815e-07	-5.23885e-01	-2.09553e-01	4.58798e-01	9.96919e-03	1.49600e-01
-1.43412e-03	-6.27986e-05	1.48719e-05	-4.48804e-07	-5.23053e-01	-2.09221e-01	4.60477e-01	9.57276e-03	1.49600e-01
-1.43229e-03	-6.27100e-05	1.48881e-05	-1.40142e-06	-5.22251e-01	-2.08900e-01	4.62111e-01	9.18617e-03	1.49600e-01
-1.42470e-03	-6.23691e-05	1.48445e-05	-2.12180e-06	-5.21500e-01	-2.08600e-01	4.63701e-01	8.80939e-03	1.49600e-01
-1.39847e-03	-6.12136e-05	1.46025e-05	-2.39552e-06	-5.20836e-01	-2.08334e-01	4.65247e-01	8.44237e-03	1.49600e-01
-1.36093e-03	-5.95636e-05	1.42395e-05	-2.18096e-06	-5.20263e-01	-2.08105e-01	4.66749e-01	8.08507e-03	1.49600e-01
-1.33175e-03	-5.82798e-05	1.39607e-05	-1.54418e-06	-5.19748e-01	-2.07899e-01	4.68207e-01	7.73744e-03	1.49600e-01
-1.31975e-03	-5.77496e-05	1.38567e-05	-6.37110e-07	-5.19224e-01	-2.07689e-01	4.69623e-01	7.39941e-03	1.49600e-01
-1.31795e-03	-5.76665e-05	1.38551e-05	2.22393e-07	-5.18658e-01	-2.07463e-01	4.70996e-01	7.07092e-03	1.49600e-01
-1.31725e-03	-5.76333e-05	1.38585e-05	7.06597e-07	-5.18082e-01	-2.07232e-01	4.72328e-01	6.75188e-03	1.49600e-01
-1.31628e-03	-5.75868e-05	1.38665e-05	7.84657e-07	-5.17514e-01	-2.07005e-01	4.73618e-01	6.44222e-03	1.49600e-01
-1.31364e-03	-5.74644e-05	1.38666e-05	6.84016e-07	-5.16955e-01	-2.06781e-01	4.74868e-01	6.14185e-03	1.49600e-01
-1.30671e-03	-5.71585e-05	1.38051e-05	6.66525e-07	-5.16397e-01	-2.06558e-01	4.76077e-01	5.85066e-03	1.49600e-01
-1.29612e-03	-5.66956e-05	1.36914e-05	9.72811e-07	-5.15842e-01	-2.06336e-01	4.77248e-01	5.56854e-03	1.49600e-01
-1.28348e-03	-5.61365e-05	1.35845e-05	1.72730e-06	-5.15325e-01	-2.06130e-01	4.78379e-01	5.29539e-03	1.49600e-01
-1.27032e-03	-5.55506e-05	1.34873e-05	2.77129e-06	-5.14857e-01	-2.05942e-01	4.79472e-01	5.03108e-03	1.49600e-01
-1.26208e-03	-5.51850e-05	1.34214e-05	3.77398e-06	-5.14384e-01	-2.05753e-01	4.80528e-01	4.77547e-03	1.49600e-01
-1.26198e-03	-5.51774e-05	1.34343e-05	4.59987e-06	-5.13870e-01	-2.05547e-01	4.81547e-01	4.52844e-03	1.49600e-01
-1.26461e-03	-5.52870e-05	1.34845e-05	5.35734e-06	-5.13311e-01	-2.05324e-01	4.82530e-01	4.28983e-03	1.49600e-01
-1.25843e-03	-5.50125e-05	1.34347e-05	6.11433e-06	-5.12736e-01	-2.05094e-01	4.83478e-01	4.05949e-03	1.49600e-01
-1.23684e-03	-5.40649e-05	1.32206e-05	6.79424e-06	-5.12204e-01	-2.04881e-01	4.84391e-01	3.83726e-03	1.49600e-01
-1.20631e-03	-5.27228e-05	1.29246e-05	7.27139e-06	-5.11740e-01	-2.04695e-01	4.85271e-01	3.62297e-03	1.49600e-01
-1.18057e-03	-5.15925e-05	1.26718e-05	7.49589e-06	-5.11320e-01	-2.04528e-01	4.86118e-01	3.41645e-03	1.49600e-01
-1.16535e-03	-5.09276e-05	1.25075e-05	7.51348e-06	-5.10874e-01	-2.04349e-01	4.86933e-01	3.21749e-03	1.49600e-01
-1.15314e-03	-5.03971e-05	1.23633e-05	7.34917e-06	-5.10407e-01	-2.04162e-01	4.87717e-01	3.02592e-03	1.49600e-01
-1.13330e-03	-4.95269e-05	1.21621e-05	7.03427e-06	-5.09960e-01	-2.03983e-01	4.88471e-01	2.84153e-03	1.49600e-01
-1.10207e-03	-4.81577e-05	1.18458e-05	6.65219e-06	-5.09546e-01	-2.03818e-01	4.89196e-01	2.66412e-03	1.49600e-01
-1.06402e-03	-4.64917e-05	1.14504e-05	6.26991e-06	-5.09191e-01	-2.03676e-01	4.89893e-01	2.49345e-03	1.49600e-01
-1.02509e-03	-4.47860e-05	1.10492e-05	5.90086e-06	-5.08859e-01	-2.03543e-01	4.90562e-01	2.32931e-03	1.49600e-01
-9.88717e-04	-4.31952e-05	1.06648e-05	5.57932e-06	-5.08570e-01	-2.03428e-01	4.91205e-01	2.17147e-03	1.49600e-01
-9.57813e-04	-4.18394e-05	1.03545e-05	5.37870e-06	-5.08296e-01	-2.03318e-01	4.91823e-01	2.01968e-03	1.49600e-01
-9.29741e-04	-4.06107e-05	1.00610e-05	5.33438e-06	-5.07997e-01	-2.03198e-01	4.92417e-01	1.87370e-03	1.49600e-01
-9.04113e-04	-3.94890e-05	9.79281e-06	5.42218e-06	-5.07748e-01	-2.03099e-01	4.92988e-01	1.73326e-03	1.49600e-01
-8.73547e-04	-3.81460e-05	9.49429e-06	5.59879e-06	-5.07395e-01	-2.02958e-01	4.93537e-01	1.59811e-03	1.49600e-01
-8.39012e-04	-3.66460e-05	9.08603e-06	5.81641e-06	-5.07164e-01	-2.02865e-01	4.94065e-01	1.46796e-03	1.49600e-01
-7.96528e-04	-3.47701e-05	8.70836e-06	6.02719e-06	-5.06815e-01	-2.02726e-01	4.94574e-01	1.34255e-03	1.49600e-01
-7.47690e-04	-3.26611e-05	8.08143e-06	6.19441e-06	-5.06577e-01	-2.02630e-01	4.95065e-01	1.22157e-03	1.49600e-01
-6.94286e-04	-3.02993e-05	7.62169e-06	6.30756e-06	-5.06360e-01	-2.02544e-01	4.95538e-01	1.10473e-03	1.49600e-01
-6.33733e-04	-2.76833e-05	6.84920e-06	6.36167e-06	-5.06035e-01	-2.02414e-01	4.95996e-01	9.91733e-04	1.49600e-01
-5.70341e-04	-2.48962e-05	6.23643e-06	6.35207e-06	-5.06072e-01	-2.02429e-01	4.96439e-01	8.82259e-04	1.49600e-01
-5.00492e-04	-2.18385e-05	5.50792e-06	6.28628e-06	-5.05643e-01	-2.02257e-01	4.96868e-01	7.75988e-04	1.49600e-01
-4.20427e-04	-1.83826e-05	4.47454e-06	6.19302e-06	-5.05876e-01	-2.02350e-01	4.97286e-01	6.72592e-04	1.49600e-01
-3.45435e-04	-1.49987e-05	4.10066e-06	6.05422e-06	-5.05631e-01	-2.02252e-01	4.97694e-01	5.71735e-04	1.49600e-01
-2.41540e-04	-1.06205e-05	2.33030e-06	5.92257e-06	-5.05582e-01	-2.02233e-01	4.98092e-01	4.73071e-04	1.49600e-01
-1.90826e-04	-8.10923e-06	2.97679e-06	5.78372e-06	-5.06368e-01	-2.02547e-01	4.98483e-01	3.76248e-04	1.49600e-01
-9.05136e-05	-3.98147e-06	8.67027e-07	5.57971e-06	-5.05285e-01	-2.02114e-01	4.98868e-01	2.80905e-04	1.49600e-01
-1.62001e-04	-6.88159e-06	2.53727e-06	5.69308e-06	-5.09682e-01	-2.03873e-01	4.99248e-01	1.86672e-04	1.49600e-01
-4.55481e-04	-1.81087e-05	1.21276e-05	5.87007e-06	-5.09752e-01	-2.03900e-01	4.99625e-01	9.31734e-05	1.49600e-01
-3.97306e-04	-2.70235e-05	-3.46239e-05	5.01873e-06	-5.14919e-01	-2.05967e-01	5.00000e-01	0.00000e+00	1.49600e-01
