"Density"	"Momentum:0"	"Momentum:1"	"Momentum:2"	"StagnationEnergy"	"Pressure"	"Points:0"	"Points:1"	"Points:2"
2.14997e-02	-8.78382e-04	1.02852e-03	3.62457e-04	-4.81053e-01	-1.92439e-01	-4.86428e-01	0.00000e+00	-2.00200e-01
2.50535e-04	7.52713e-05	8.39005e-06	1.17910e-04	-8.52098e-01	-3.40855e-01	-4.86374e-01	2.24936e-03	-2.00200e-01
4.12669e-03	9.26723e-05	1.89564e-04	1.69454e-04	-7.29233e-01	-2.91697e-01	-4.86212e-01	4.49355e-03	-2.00200e-01
9.85076e-03	1.06975e-04	4.60696e-04	1.65370e-04	-7.95628e-01	-3.18256e-01	-4.85942e-01	6.72727e-03	-2.00200e-01
9.83416e-03	1.51890e-04	4.49292e-04	1.29930e-04	-7.82138e-01	-3.12860e-01	-4.85564e-01	8.94522e-03	-2.00200e-01
9.92100e-03	1.35908e-04	4.54386e-04	1.04503e-04	-7.95903e-01	-3.18366e-01	-4.85079e-01	1.11423e-02	-2.00200e-01
9.06440e-03	1.49027e-04	4.06620e-04	5.77341e-05	-8.22862e-01	-3.29149e-01	-4.84489e-01	1.33137e-02	-2.00200e-01
7.12069e-03	1.14838e-04	3.18990e-04	1.95019e-05	-7.98206e-01	-3.19286e-01	-4.83798e-01	1.54551e-02	-2.00200e-01
5.11330e-03	8.42245e-05	2.28064e-04	-2.13818e-05	-8.04605e-01	-3.21844e-01	-4.83010e-01	1.75626e-02	-2.00200e-01
3.09904e-03	4.78237e-05	1.39713e-04	-4.89248e-05	-7.81904e-01	-3.12763e-01	-4.82175e-01	1.95320e-02	-2.00200e-01
1.68990e-03	1.67787e-05	8.09981e-05	-6.00376e-05	-7.67139e-01	-3.06857e-01	-4.81338e-01	2.13077e-02	-2.00200e-01
8.03740e-04	2.38802e-06	4.18557e-05	-5.96843e-05	-7.59393e-01	-3.03759e-01	-4.80498e-01	2.29385e-02	-2.00200e-01
1.80260e-04	-1.12742e-05	1.63222e-05	-4.82240e-05	-7.45717e-01	-2.98290e-01	-4.79654e-01	2.44567e-02	-2.00200e-01
-2.64322e-04	-1.74919e-05	-3.88040e-06	-3.65731e-05	-7.43852e-01	-2.97540e-01	-4.78803e-01	2.58850e-02	-2.00200e-01
-6.91489e-04	-2.59667e-05	-2.19482e-05	-2.62752e-05	-7.36910e-01	-2.94764e-01	-4.77946e-01	2.72400e-02	-2.00200e-01
-9.45217e-04	-3.03970e-05	-3.30487e-05	-1.91672e-05	-7.34444e-01	-2.93777e-01	-4.77079e-01	2.85343e-02	-2.00200e-01
-1.01531e-03	-3.07628e-05	-3.66078e-05	-1.35045e-05	-7.32084e-01	-2.92833e-01	-4.76203e-01	2.97778e-02	-2.00200e-01
-9.48328e-04	-2.85368e-05	-3.41947e-05	-8.64509e-06	-7.29864e-01	-2.91945e-01	-4.75315e-01	3.09783e-02	-2.00200e-01
-8.13970e-04	-2.43837e-05	-2.93401e-05	-5.04216e-06	-7.29660e-01	-2.91864e-01	-4.74414e-01	3.21424e-02	-2.00200e-01
-6.94531e-04	-2.10263e-05	-2.47919e-05	-2.22700e-06	-7.28603e-01	-2.91441e-01	-4.73500e-01	3.32753e-02	-2.00200e-01
-5.85440e-04	-1.78346e-05	-2.07586e-05	-4.01741e-07	-7.28421e-01	-2.91368e-01	-4.72570e-01	3.43813e-02	-2.00200e-01
-4.95989e-04	-1.51587e-05	-1.75139e-05	8.98469e-07	-7.28240e-01	-2.91296e-01	-4.71624e-01	3.54642e-02	-2.00200e-01
-4.24149e-04	-1.30259e-05	-1.49016e-05	1.88899e-06	-7.27937e-01	-2.91174e-01	-4.70661e-01	3.65272e-02	-2.00200e-01
-3.59303e-04	-1.10535e-05	-1.25955e-05	2.55418e-06	-7.28105e-01	-2.91242e-01	-4.69678e-01	3.75729e-02	-2.00200e-01
-3.03863e-04	-9.36451e-06	-1.06328e-05	2.96705e-06	-7.28085e-01	-2.91234e-01	-4.68676e-01	3.86037e-02	-2.00200e-01
-2.48133e-04	-7.67034e-06	-8.66052e-06	3.10447e-06	-7.28250e-01	-2.91300e-01	-4.67653e-01	3.96215e-02	-2.00200e-01
-1.83904e-04	-5.63454e-06	-6.47570e-06	3.17604e-06	-7.28469e-01	-2.91388e-01	-4.66608e-01	4.06280e-02	-2.00200e-01
-9.04459e-05	-2.53097e-06	-3.45050e-06	3.28831e-06	-7.28658e-01	-2.91463e-01	-4.65540e-01	4.16247e-02	-2.00200e-01
6.00530e-05	2.63121e-06	1.23334e-06	3.41595e-06	-7.29133e-01	-2.91653e-01	-4.64447e-01	4.26129e-02	-2.00200e-01
2.71352e-04	1.00498e-05	7.59978e-06	3.60664e-06	-7.29877e-01	-2.91951e-01	-4.63330e-01	4.35937e-02	-2.00200e-01
5.24844e-04	1.91392e-05	1.49904e-05	3.76869e-06	-7.31160e-01	-2.92464e-01	-4.62187e-01	4.45681e-02	-2.00200e-01
7.98952e-04	2.91477e-05	2.27320e-05	3.59334e-06	-7.32970e-01	-2.93188e-01	-4.61017e-01	4.55368e-02	-2.00200e-01
1.06208e-03	3.88501e-05	3.00072e-05	2.87741e-06	-7.35241e-01	-2.94097e-01	-4.59818e-01	4.65007e-02	-2.00200e-01
1.25670e-03	4.61611e-05	3.51724e-05	1.88474e-06	-7.37876e-01	-2.95151e-01	-4.58591e-01	4.74602e-02	-2.00200e-01
1.34351e-03	4.96950e-05	3.70613e-05	9.28209e-07	-7.40587e-01	-2.96236e-01	-4.57335e-01	4.84159e-02	-2.00200e-01
1.34181e-03	5.00142e-05	3.64161e-05	4.28504e-08	-7.43170e-01	-2.97269e-01	-4.56048e-01	4.93683e-02	-2.00200e-01
1.28571e-03	4.82263e-05	3.43974e-05	-5.83901e-07	-7.45485e-01	-2.98195e-01	-4.54729e-01	5.03175e-02	-2.00200e-01
1.18272e-03	4.46338e-05	3.11903e-05	-7.59602e-07	-7.47492e-01	-2.98997e-01	-4.53379e-01	5.12641e-02	-2.00200e-01
1.04471e-03	3.97453e-05	2.70264e-05	-6.03092e-07	-7.49103e-01	-2.99642e-01	-4.51995e-01	5.22080e-02	-2.00200e-01
9.03811e-04	3.47250e-05	2.28201e-05	-4.24062e-07	-7.50341e-01	-3.00137e-01	-4.50578e-01	5.31496e-02	-2.00200e-01
7.91707e-04	3.06650e-05	1.95628e-05	-2.90132e-07	-7.51393e-01	-3.00558e-01	-4.49127e-01	5.40889e-02	-2.00200e-01
7.28345e-04	2.83936e-05	1.76657e-05	-3.33412e-07	-7.52377e-01	-3.00951e-01	-4.47641e-01	5.50261e-02	-2.00200e-01
7.29797e-04	2.85613e-05	1.74802e-05	-9.03313e-07	-7.53507e-01	-3.01403e-01	-4.46119e-01	5.59610e-02	-2.00200e-01
7.85116e-04	3.07456e-05	1.87361e-05	-2.25094e-06	-7.55012e-01	-3.02005e-01	-4.44561e-01	5.68938e-02	-2.00200e-01
8.49367e-04	3.32656e-05	2.02318e-05	-3.92675e-06	-7.56875e-01	-3.02750e-01	-4.42965e-01	5.78244e-02	-2.00200e-01
8.77411e-04	3.44844e-05	2.06631e-05	-4.88731e-06	-7.58911e-01	-3.03565e-01	-4.41333e-01	5.87526e-02	-2.00200e-01
8.52614e-04	3.37195e-05	1.96787e-05	-4.94379e-06	-7.60897e-01	-3.04359e-01	-4.39662e-01	5.96785e-02	-2.00200e-01
7.76740e-04	3.09052e-05	1.75621e-05	-4.90020e-06	-7.62713e-01	-3.05085e-01	-4.37952e-01	6.06018e-02	-2.00200e-01
6.72194e-04	2.68701e-05	1.49445e-05	-5.11580e-06	-7.64277e-01	-3.05711e-01	-4.36204e-01	6.15224e-02	-2.00200e-01
5.94884e-04	2.38893e-05	1.29983e-05	-5.26087e-06	-7.65568e-01	-3.06228e-01	-4.34415e-01	6.24402e-02	-2.00200e-01
5.90902e-04	2.38727e-05	1.26110e-05	-5.03607e-06	-7.66943e-01	-3.06778e-01	-4.32587e-01	6.33549e-02	-2.00200e-01
6.45772e-04	2.62284e-05	1.34813e-05	-4.69666e-06	-7.68896e-01	-3.07558e-01	-4.30718e-01	6.42664e-02	-2.00200e-01
7.06970e-04	2.88457e-05	1.44644e-05	-4.45540e-06	-7.71419e-01	-3.08568e-01	-4.28807e-01	6.51743e-02	-2.00200e-01
7.45892e-04	3.05872e-05	1.49112e-05	-4.29537e-06	-7.74178e-01	-3.09671e-01	-4.26856e-01	6.60786e-02	-2.00200e-01
7.63602e-04	3.14383e-05	1.49698e-05	-4.43894e-06	-7.77002e-01	-3.10801e-01	-4.24862e-01	6.69789e-02	-2.00200e-01
7.78225e-04	3.21656e-05	1.49534e-05	-4.84721e-06	-7.79786e-01	-3.11915e-01	-4.22826e-01	6.78749e-02	-2.00200e-01
8.19653e-04	3.40505e-05	1.53268e-05	-4.84736e-06	-7.82734e-01	-3.13094e-01	-4.20748e-01	6.87664e-02	-2.00200e-01
8.67551e-04	3.61676e-05	1.58959e-05	-5.01795e-06	-7.86348e-01	-3.14539e-01	-4.18626e-01	6.96530e-02	-2.00200e-01
8.63491e-04	3.60127e-05	1.57686e-05	-6.83162e-06	-7.90324e-01	-3.16130e-01	-4.16461e-01	7.05346e-02	-2.00200e-01
8.18072e-04	3.40979e-05	1.49830e-05	-9.57819e-06	-7.93984e-01	-3.17594e-01	-4.14253e-01	7.14108e-02	-2.00200e-01
7.77905e-04	3.24527e-05	1.41726e-05	-1.11945e-05	-7.97723e-01	-3.19090e-01	-4.12001e-01	7.22812e-02	-2.00200e-01
7.21196e-04	3.01302e-05	1.30300e-05	-1.14504e-05	-8.01756e-01	-3.20703e-01	-4.09704e-01	7.31456e-02	-2.00200e-01
6.21127e-04	2.59755e-05	1.11603e-05	-1.10768e-05	-8.05384e-01	-3.22154e-01	-4.07364e-01	7.40037e-02	-2.00200e-01
5.01788e-04	2.10173e-05	8.93614e-06	-9.81582e-06	-8.08737e-01	-3.23495e-01	-4.04978e-01	7.48551e-02	-2.00200e-01
3.66838e-04	1.54023e-05	6.43549e-06	-7.52893e-06	-8.12090e-01	-3.24836e-01	-4.02549e-01	7.56994e-02	-2.00200e-01
2.17684e-04	9.14367e-06	3.81490e-06	-5.09876e-06	-8.15071e-01	-3.26028e-01	-4.00074e-01	7.65365e-02	-2.00200e-01
9.04885e-05	3.75162e-06	1.74170e-06	-3.35257e-06	-8.17971e-01	-3.27189e-01	-3.97554e-01	7.73659e-02	-2.00200e-01
-4.97832e-06	-3.46683e-07	3.47846e-07	-2.79849e-06	-8.21134e-01	-3.28453e-01	-3.94989e-01	7.81872e-02	-2.00200e-01
-9.20052e-05	-4.15170e-06	-6.93623e-07	-3.86880e-06	-8.24312e-01	-3.29725e-01	-3.92378e-01	7.90003e-02	-2.00200e-01
-1.79765e-04	-8.04047e-06	-1.55716e-06	-5.93610e-06	-8.27541e-01	-3.31016e-01	-3.89722e-01	7.98046e-02	-2.00200e-01
-2.62586e-04	-1.17121e-05	-2.34390e-06	-7.62849e-06	-8.30851e-01	-3.32340e-01	-3.87021e-01	8.06000e-02	-2.00200e-01
-3.50148e-04	-1.55661e-05	-3.25637e-06	-8.64447e-06	-8.34116e-01	-3.33646e-01	-3.84274e-01	8.13860e-02	-2.00200e-01
-4.80418e-04	-2.12947e-05	-4.63437e-06	-9.58051e-06	-8.37299e-01	-3.34919e-01	-3.81482e-01	8.21623e-02	-2.00200e-01
-6.50236e-04	-2.87693e-05	-6.39939e-06	-1.02150e-05	-8.40128e-01	-3.36051e-01	-3.78644e-01	8.29286e-02	-2.00200e-01
-7.91973e-04	-3.50194e-05	-7.80094e-06	-9.97846e-06	-8.42628e-01	-3.37051e-01	-3.75760e-01	8.36846e-02	-2.00200e-01
-8.82868e-04	-3.90330e-05	-8.64368e-06	-9.08243e-06	-8.45220e-01	-3.38088e-01	-3.72830e-01	8.44299e-02	-2.00200e-01
-9.58712e-04	-4.23744e-05	-9.36109e-06	-7.45310e-06	-8.47873e-01	-3.39149e-01	-3.69855e-01	8.51643e-02	-2.00200e-01
-1.02761e-03	-4.54054e-05	-1.00250e-05	-4.82500e-06	-8.50297e-01	-3.40118e-01	-3.66835e-01	8.58873e-02	-2.00200e-01
-1.09217e-03	-4.82507e-05	-1.06213e-05	-2.34346e-06	-8.52399e-01	-3.40959e-01	-3.63769e-01	8.65986e-02	-2.00200e-01
-1.18329e-03	-5.22921e-05	-1.13778e-05	-8.73809e-07	-8.54077e-01	-3.41630e-01	-3.60657e-01	8.72981e-02	-2.00200e-01
-1.30154e-03	-5.75476e-05	-1.23185e-05	6.55925e-07	-8.55216e-01	-3.42086e-01	-3.57501e-01	8.79852e-02	-2.00200e-01
-1.39612e-03	-6.17879e-05	-1.28779e-05	2.06127e-06	-8.56195e-01	-3.42477e-01	-3.54299e-01	8.86598e-02	-2.00200e-01
-1.45458e-03	-6.44570e-05	-1.29551e-05	1.91572e-06	-8.57615e-01	-3.43045e-01	-3.51051e-01	8.93216e-02	-2.00200e-01
-1.52240e-03	-6.75365e-05	-1.31206e-05	1.48920e-06	-8.59052e-01	-3.43620e-01	-3.47759e-01	8.99701e-02	-2.00200e-01
-1.59367e-03	-7.07595e-05	-1.33476e-05	2.41305e-06	-8.59926e-01	-3.43970e-01	-3.44423e-01	9.06053e-02	-2.00200e-01
-1.64196e-03	-7.29693e-05	-1.33312e-05	3.30443e-06	-8.61022e-01	-3.44408e-01	-3.41041e-01	9.12267e-02	-2.00200e-01
-1.71984e-03	-7.65048e-05	-1.34764e-05	3.55678e-06	-8.62083e-01	-3.44832e-01	-3.37615e-01	9.18340e-02	-2.00200e-01
-1.83363e-03	-8.16211e-05	-1.39787e-05	4.39537e-06	-8.62137e-01	-3.44854e-01	-3.34145e-01	9.24271e-02	-2.00200e-01
-1.90935e-03	-8.50626e-05	-1.40568e-05	5.12408e-06	-8.62273e-01	-3.44909e-01	-3.30631e-01	9.30057e-02	-2.00200e-01
-1.94245e-03	-8.66139e-05	-1.37489e-05	5.23568e-06	-8.62736e-01	-3.45094e-01	-3.27073e-01	9.35694e-02	-2.00200e-01
-1.97248e-03	-8.80083e-05	-1.35282e-05	6.12088e-06	-8.62487e-01	-3.44994e-01	-3.23471e-01	9.41181e-02	-2.00200e-01
-2.00766e-03	-8.96359e-05	-1.33050e-05	7.54187e-06	-8.61846e-01	-3.44737e-01	-3.19827e-01	9.46515e-02	-2.00200e-01
-2.02906e-03	-9.06500e-05	-1.29630e-05	8.32701e-06	-8.61276e-01	-3.44510e-01	-3.16139e-01	9.51694e-02	-2.00200e-01
-2.03486e-03	-9.09665e-05	-1.25107e-05	8.96488e-06	-8.61018e-01	-3.44406e-01	-3.12408e-01	9.56715e-02	-2.00200e-01
-2.07013e-03	-9.26004e-05	-1.22196e-05	9.39790e-06	-8.61115e-01	-3.44445e-01	-3.08636e-01	9.61576e-02	-2.00200e-01
-2.17503e-03	-9.73574e-05	-1.22464e-05	8.95865e-06	-8.61122e-01	-3.44448e-01	-3.04821e-01	9.66275e-02	-2.00200e-01
-2.32716e-03	-1.04241e-04	-1.23945e-05	8.10234e-06	-8.60672e-01	-3.44268e-01	-3.00964e-01	9.70811e-02	-2.00200e-01
-2.45917e-03	-1.10218e-04	-1.24484e-05	7.62498e-06	-8.59326e-01	-3.43730e-01	-2.97066e-01	9.75180e-02	-2.00200e-01
-2.53877e-03	-1.13843e-04	-1.22138e-05	7.46840e-06	-8.57496e-01	-3.42997e-01	-2.93126e-01	9.79382e-02	-2.00200e-01
-2.58763e-03	-1.16102e-04	-1.16850e-05	5.68144e-06	-8.56218e-01	-3.42486e-01	-2.89147e-01	9.83414e-02	-2.00200e-01
-2.61278e-03	-1.17304e-04	-1.09249e-05	2.05669e-06	-8.55604e-01	-3.42241e-01	-2.85126e-01	9.87276e-02	-2.00200e-01
-2.61438e-03	-1.17422e-04	-1.02953e-05	1.60621e-06	-8.55218e-01	-3.42086e-01	-2.81066e-01	9.90964e-02	-2.00200e-01
-2.63604e-03	-1.18405e-04	-1.01471e-05	7.04713e-06	-8.54102e-01	-3.41640e-01	-2.76967e-01	9.94478e-02	-2.00200e-01
-2.67859e-03	-1.20320e-04	-1.01662e-05	1.39848e-05	-8.51835e-01	-3.40733e-01	-2.72828e-01	9.97817e-02	-2.00200e-01
-2.69227e-03	-1.20959e-04	-9.82401e-06	1.86328e-05	-8.49802e-01	-3.39920e-01	-2.68650e-01	1.00098e-01	-2.00200e-01
-2.68915e-03	-1.20854e-04	-9.25799e-06	2.03378e-05	-8.48343e-01	-3.39336e-01	-2.64435e-01	1.00396e-01	-2.00200e-01
-2.70024e-03	-1.21391e-04	-8.64402e-06	1.87718e-05	-8.46571e-01	-3.38627e-01	-2.60181e-01	1.00677e-01	-2.00200e-01
-2.71103e-03	-1.21914e-04	-7.96908e-06	1.69036e-05	-8.44848e-01	-3.37938e-01	-2.55891e-01	1.00939e-01	-2.00200e-01
-2.71490e-03	-1.22112e-04	-7.48815e-06	1.91352e-05	-8.43317e-01	-3.37325e-01	-2.51563e-01	1.01183e-01	-2.00200e-01
-2.71709e-03	-1.22225e-04	-7.14939e-06	2.37291e-05	-8.41415e-01	-3.36565e-01	-2.47199e-01	1.01409e-01	-2.00200e-01
-2.72596e-03	-1.22644e-04	-6.68156e-06	2.54103e-05	-8.39062e-01	-3.35624e-01	-2.42800e-01	1.01617e-01	-2.00200e-01
-2.75336e-03	-1.23905e-04	-6.03919e-06	2.31017e-05	-8.36461e-01	-3.34583e-01	-2.38365e-01	1.01807e-01	-2.00200e-01
-2.80215e-03	-1.26127e-04	-5.37746e-06	1.96642e-05	-8.33580e-01	-3.33431e-01	-2.33895e-01	1.01978e-01	-2.00200e-01
-2.83748e-03	-1.27737e-04	-4.74605e-06	1.73153e-05	-8.30157e-01	-3.32062e-01	-2.29391e-01	1.02131e-01	-2.00200e-01
-2.82707e-03	-1.27282e-04	-4.12369e-06	1.66380e-05	-8.26525e-01	-3.30609e-01	-2.24853e-01	1.02265e-01	-2.00200e-01
-2.81070e-03	-1.26555e-04	-3.59346e-06	1.75489e-05	-8.23484e-01	-3.29392e-01	-2.20281e-01	1.02381e-01	-2.00200e-01
-2.82754e-03	-1.27320e-04	-3.11298e-06	1.83035e-05	-8.20838e-01	-3.28334e-01	-2.15678e-01	1.02478e-01	-2.00200e-01
-2.84036e-03	-1.27905e-04	-2.51879e-06	1.70815e-05	-8.18149e-01	-3.27258e-01	-2.11042e-01	1.02557e-01	-2.00200e-01
-2.82593e-03	-1.27259e-04	-1.89435e-06	1.55552e-05	-8.15969e-01	-3.26386e-01	-2.06374e-01	1.02617e-01	-2.00200e-01
-2.82605e-03	-1.27266e-04	-1.34107e-06	1.53363e-05	-8.14130e-01	-3.25651e-01	-2.01676e-01	1.02659e-01	-2.00200e-01
-2.84104e-03	-1.27941e-04	-8.20829e-07	1.42809e-05	-8.11847e-01	-3.24737e-01	-1.96947e-01	1.02682e-01	-2.00200e-01
-2.84870e-03	-1.28283e-04	-1.90290e-07	1.16208e-05	-8.09588e-01	-3.23834e-01	-1.92189e-01	1.02687e-01	-2.00200e-01
-2.88744e-03	-1.30022e-04	4.14118e-07	9.21491e-06	-8.07270e-01	-3.22907e-01	-1.87402e-01	1.02674e-01	-2.00200e-01
-2.93809e-03	-1.32295e-04	9.86572e-07	7.30356e-06	-8.04098e-01	-3.21638e-01	-1.82585e-01	1.02642e-01	-2.00200e-01
-2.92784e-03	-1.31824e-04	1.51280e-06	5.81770e-06	-8.00862e-01	-3.20344e-01	-1.77742e-01	1.02592e-01	-2.00200e-01
-2.90449e-03	-1.30762e-04	1.99558e-06	6.16059e-06	-7.97947e-01	-3.19178e-01	-1.72870e-01	1.02524e-01	-2.00200e-01
-2.95740e-03	-1.33133e-04	2.46108e-06	7.99752e-06	-7.93813e-01	-3.17524e-01	-1.67973e-01	1.02438e-01	-2.00200e-01
-3.02044e-03	-1.35958e-04	2.97679e-06	8.70387e-06	-7.88455e-01	-3.15381e-01	-1.63049e-01	1.02333e-01	-2.00200e-01
-3.02642e-03	-1.36211e-04	3.48967e-06	6.92416e-06	-7.83663e-01	-3.13464e-01	-1.58100e-01	1.02211e-01	-2.00200e-01
-3.04467e-03	-1.37012e-04	4.11123e-06	3.38538e-06	-7.79439e-01	-3.11774e-01	-1.53126e-01	1.02071e-01	-2.00200e-01
-3.12691e-03	-1.40692e-04	4.78341e-06	-2.45688e-08	-7.74455e-01	-3.09781e-01	-1.48129e-01	1.01914e-01	-2.00200e-01
-3.23179e-03	-1.45389e-04	5.47070e-06	-1.82572e-06	-7.68615e-01	-3.07445e-01	-1.43108e-01	1.01738e-01	-2.00200e-01
-3.29714e-03	-1.48305e-04	6.08697e-06	-2.84530e-06	-7.62432e-01	-3.04971e-01	-1.38064e-01	1.01546e-01	-2.00200e-01
-3.28832e-03	-1.47883e-04	6.59147e-06	-4.17292e-06	-7.56565e-01	-3.02625e-01	-1.32999e-01	1.01335e-01	-2.00200e-01
-3.24557e-03	-1.45936e-04	6.98601e-06	-4.72407e-06	-7.51339e-01	-3.00534e-01	-1.27912e-01	1.01108e-01	-2.00200e-01
-3.25949e-03	-1.46537e-04	7.44561e-06	-4.18850e-06	-7.45908e-01	-2.98362e-01	-1.22805e-01	1.00864e-01	-2.00200e-01
-3.34985e-03	-1.50572e-04	8.13687e-06	-4.44952e-06	-7.39623e-01	-2.95848e-01	-1.17677e-01	1.00603e-01	-2.00200e-01
-3.45426e-03	-1.55234e-04	8.88904e-06	-5.98356e-06	-7.32669e-01	-2.93066e-01	-1.12531e-01	1.00325e-01	-2.00200e-01
-3.50188e-03	-1.57344e-04	9.48826e-06	-6.96929e-06	-7.25072e-01	-2.90027e-01	-1.07367e-01	1.00031e-01	-2.00200e-01
-3.44505e-03	-1.54761e-04	9.76800e-06	-6.33409e-06	-7.16988e-01	-2.86794e-01	-1.02184e-01	9.97204e-02	-2.00200e-01
-3.29116e-03	-1.47819e-04	9.74201e-06	-5.49091e-06	-7.09223e-01	-2.83688e-01	-9.69851e-02	9.93936e-02	-2.00200e-01
-3.13070e-03	-1.40582e-04	9.68671e-06	-6.54942e-06	-7.02377e-01	-2.80949e-01	-9.17697e-02	9.90509e-02	-2.00200e-01
-3.05607e-03	-1.37200e-04	9.87534e-06	-9.12843e-06	-6.96155e-01	-2.78461e-01	-8.65387e-02	9.86924e-02	-2.00200e-01
-3.05190e-03	-1.36981e-04	1.02693e-05	-1.02512e-05	-6.89461e-01	-2.75783e-01	-8.12930e-02	9.83184e-02	-2.00200e-01
-3.02248e-03	-1.35636e-04	1.04721e-05	-8.83445e-06	-6.81955e-01	-2.72781e-01	-7.60333e-02	9.79290e-02	-2.00200e-01
-2.93170e-03	-1.31534e-04	1.04946e-05	-7.68433e-06	-6.74523e-01	-2.69808e-01	-7.07603e-02	9.75244e-02	-2.00200e-01
-2.81076e-03	-1.26079e-04	1.04004e-05	-8.26078e-06	-6.67304e-01	-2.66920e-01	-6.54749e-02	9.71050e-02	-2.00200e-01
-2.68699e-03	-1.20500e-04	1.02528e-05	-8.57188e-06	-6.60288e-01	-2.64114e-01	-6.01777e-02	9.66708e-02	-2.00200e-01
-2.57547e-03	-1.15473e-04	1.01139e-05	-8.25515e-06	-6.53923e-01	-2.61568e-01	-5.48695e-02	9.62222e-02	-2.00200e-01
-2.48129e-03	-1.11224e-04	1.00299e-05	-9.15098e-06	-6.47991e-01	-2.59195e-01	-4.95510e-02	9.57593e-02	-2.00200e-01
-2.39602e-03	-1.07374e-04	9.97510e-06	-1.05505e-05	-6.42232e-01	-2.56892e-01	-4.42231e-02	9.52825e-02	-2.00200e-01
-2.33536e-03	-1.04632e-04	9.96540e-06	-9.99029e-06	-6.36748e-01	-2.54698e-01	-3.88865e-02	9.47919e-02	-2.00200e-01
-2.32113e-03	-1.03973e-04	1.01137e-05	-7.71862e-06	-6.31188e-01	-2.52474e-01	-3.35420e-02	9.42877e-02	-2.00200e-01
-2.32960e-03	-1.04332e-04	1.03528e-05	-6.24801e-06	-6.25336e-01	-2.50133e-01	-2.81903e-02	9.37703e-02	-2.00200e-01
-2.30993e-03	-1.03427e-04	1.05062e-05	-6.63630e-06	-6.19546e-01	-2.47818e-01	-2.28322e-02	9.32398e-02	-2.00200e-01
-2.22358e-03	-9.95351e-05	1.03503e-05	-7.53606e-06	-6.13847e-01	-2.45538e-01	-1.74685e-02	9.26966e-02	-2.00200e-01
-2.06800e-03	-9.25502e-05	9.81993e-06	-7.14762e-06	-6.08424e-01	-2.43369e-01	-1.21000e-02	9.21409e-02	-2.00200e-01
-1.90418e-03	-8.52005e-05	9.20370e-06	-5.11195e-06	-6.03830e-01	-2.41531e-01	-6.72744e-03	9.15729e-02	-2.00200e-01
-1.79729e-03	-8.04023e-05	8.82620e-06	-2.59574e-06	-5.99858e-01	-2.39942e-01	-1.35160e-03	9.09929e-02	-2.00200e-01
-1.73975e-03	-7.78124e-05	8.68404e-06	-1.00927e-06	-5.96111e-01	-2.38444e-01	4.02674e-03	9.04012e-02	-2.00200e-01
-1.68873e-03	-7.55126e-05	8.58250e-06	-8.28195e-07	-5.92686e-01	-2.37074e-01	9.40678e-03	8.97980e-02	-2.00200e-01
-1.63271e-03	-7.29902e-05	8.44952e-06	-1.47188e-06	-5.89560e-01	-2.35823e-01	1.47877e-02	8.91837e-02	-2.00200e-01
-1.58458e-03	-7.08209e-05	8.34660e-06	-2.15636e-06	-5.86634e-01	-2.34653e-01	2.01689e-02	8.85583e-02	-2.00200e-01
-1.55244e-03	-6.93676e-05	8.31695e-06	-2.55199e-06	-5.83885e-01	-2.33554e-01	2.55493e-02	8.79224e-02	-2.00200e-01
-1.52416e-03	-6.80877e-05	8.29691e-06	-2.56577e-06	-5.81185e-01	-2.32473e-01	3.09284e-02	8.72760e-02	-2.00200e-01
-1.47669e-03	-6.59525e-05	8.15762e-06	-1.99781e-06	-5.78559e-01	-2.31423e-01	3.63052e-02	8.66195e-02	-2.00200e-01
-1.40645e-03	-6.28019e-05	7.87678e-06	-8.70045e-07	-5.76224e-01	-2.30489e-01	4.16790e-02	8.59532e-02	-2.00200e-01
-1.33363e-03	-5.95374e-05	7.56727e-06	2.80500e-07	-5.74245e-01	-2.29698e-01	4.70491e-02	8.52773e-02	-2.00200e-01
-1.27660e-03	-5.69795e-05	7.33762e-06	9.98217e-07	-5.72481e-01	-2.28992e-01	5.24146e-02	8.45920e-02	-2.00200e-01
-1.23294e-03	-5.50182e-05	7.17959e-06	1.38840e-06	-5.70798e-01	-2.28318e-01	5.77747e-02	8.38978e-02	-2.00200e-01
-1.19278e-03	-5.32143e-05	7.03572e-06	1.73149e-06	-5.69182e-01	-2.27672e-01	6.31287e-02	8.31948e-02	-2.00200e-01
-1.15325e-03	-5.14392e-05	6.88831e-06	2.08134e-06	-5.67707e-01	-2.27082e-01	6.84758e-02	8.24834e-02	-2.00200e-01
-1.12082e-03	-4.99815e-05	6.77641e-06	2.36940e-06	-5.66405e-01	-2.26562e-01	7.38152e-02	8.17637e-02	-2.00200e-01
-1.09691e-03	-4.89044e-05	6.71102e-06	2.56404e-06	-5.65250e-01	-2.26100e-01	7.91462e-02	8.10361e-02	-2.00200e-01
-1.07715e-03	-4.80127e-05	6.66744e-06	2.64704e-06	-5.64216e-01	-2.25686e-01	8.44679e-02	8.03009e-02	-2.00200e-01
-1.05857e-03	-4.71737e-05	6.62789e-06	2.51050e-06	-5.63299e-01	-2.25319e-01	8.97795e-02	7.95583e-02	-2.00200e-01
-1.04375e-03	-4.65026e-05	6.61149e-06	1.98282e-06	-5.62495e-01	-2.24998e-01	9.50804e-02	7.88085e-02	-2.00200e-01
-1.03451e-03	-4.60795e-05	6.63091e-06	1.06944e-06	-5.61789e-01	-2.24715e-01	1.00370e-01	7.80520e-02	-2.00200e-01
-1.02646e-03	-4.57099e-05	6.65640e-06	7.36579e-08	-5.61169e-01	-2.24467e-01	1.05647e-01	7.72889e-02	-2.00200e-01
-1.01319e-03	-4.51082e-05	6.64339e-06	-6.94658e-07	-5.60618e-01	-2.24247e-01	1.10911e-01	7.65195e-02	-2.00200e-01
-9.90809e-04	-4.41015e-05	6.56519e-06	-1.19875e-06	-5.60148e-01	-2.24059e-01	1.16161e-01	7.57441e-02	-2.00200e-01
-9.60095e-04	-4.27246e-05	6.42636e-06	-1.54833e-06	-5.59772e-01	-2.23908e-01	1.21396e-01	7.49630e-02	-2.00200e-01
-9.23205e-04	-4.10738e-05	6.23993e-06	-1.80689e-06	-5.59485e-01	-2.23793e-01	1.26616e-01	7.41764e-02	-2.00200e-01
-8.84229e-04	-3.93309e-05	6.03387e-06	-2.02864e-06	-5.59286e-01	-2.23714e-01	1.31820e-01	7.33846e-02	-2.00200e-01
-8.49553e-04	-3.77800e-05	5.85239e-06	-2.30018e-06	-5.59176e-01	-2.23670e-01	1.37007e-01	7.25879e-02	-2.00200e-01
-8.24991e-04	-3.66794e-05	5.73612e-06	-2.64238e-06	-5.59127e-01	-2.23650e-01	1.42177e-01	7.17864e-02	-2.00200e-01
-8.11968e-04	-3.60924e-05	5.69630e-06	-2.95558e-06	-5.59112e-01	-2.23645e-01	1.47328e-01	7.09806e-02	-2.00200e-01
-8.08162e-04	-3.59155e-05	5.71831e-06	-3.12017e-06	-5.59100e-01	-2.23640e-01	1.52460e-01	7.01707e-02	-2.00200e-01
-8.09921e-04	-3.59860e-05	5.77804e-06	-3.08628e-06	-5.59065e-01	-2.23626e-01	1.57573e-01	6.93568e-02	-2.00200e-01
-8.15694e-04	-3.62351e-05	5.86499e-06	-2.81242e-06	-5.59033e-01	-2.23613e-01	1.62664e-01	6.85394e-02	-2.00200e-01
-8.25495e-04	-3.66632e-05	5.98035e-06	-2.22513e-06	-5.59069e-01	-2.23627e-01	1.67735e-01	6.77186e-02	-2.00200e-01
-8.39060e-04	-3.72585e-05	6.12201e-06	-1.41194e-06	-5.59197e-01	-2.23679e-01	1.72783e-01	6.68946e-02	-2.00200e-01
-8.54054e-04	-3.79171e-05	6.27523e-06	-7.15603e-07	-5.59398e-01	-2.23759e-01	1.77809e-01	6.60679e-02	-2.00200e-01
-8.69753e-04	-3.86064e-05	6.43657e-06	-4.16609e-07	-5.59622e-01	-2.23849e-01	1.82811e-01	6.52385e-02	-2.00200e-01
-8.87842e-04	-3.94012e-05	6.61894e-06	-4.44569e-07	-5.59808e-01	-2.23923e-01	1.87790e-01	6.44068e-02	-2.00200e-01
-9.06963e-04	-4.02413e-05	6.81179e-06	-5.61009e-07	-5.59945e-01	-2.23978e-01	1.92743e-01	6.35731e-02	-2.00200e-01
-9.23164e-04	-4.09517e-05	6.98247e-06	-6.22599e-07	-5.60089e-01	-2.24035e-01	1.97671e-01	6.27375e-02	-2.00200e-01
-9.36206e-04	-4.15221e-05	7.12838e-06	-5.57613e-07	-5.60295e-01	-2.24118e-01	2.02573e-01	6.19003e-02	-2.00200e-01
-9.52656e-04	-4.22436e-05	7.30073e-06	-3.26270e-07	-5.60567e-01	-2.24226e-01	2.07448e-01	6.10617e-02	-2.00200e-01
-9.78974e-04	-4.34021e-05	7.55138e-06	-3.64299e-08	-5.60846e-01	-2.24338e-01	2.12296e-01	6.02221e-02	-2.00200e-01
-1.01260e-03	-4.48838e-05	7.86277e-06	2.89451e-08	-5.61100e-01	-2.24440e-01	2.17115e-01	5.93816e-02	-2.00200e-01
-1.04474e-03	-4.62986e-05	8.16723e-06	-3.91540e-07	-5.61339e-01	-2.24535e-01	2.21905e-01	5.85405e-02	-2.00200e-01
-1.06760e-03	-4.73016e-05	8.40325e-06	-1.34872e-06	-5.61595e-01	-2.24637e-01	2.26666e-01	5.76991e-02	-2.00200e-01
-1.07909e-03	-4.78002e-05	8.55167e-06	-2.69581e-06	-5.61915e-01	-2.24766e-01	2.31397e-01	5.68575e-02	-2.00200e-01
-1.08452e-03	-4.80304e-05	8.65225e-06	-4.17259e-06	-5.62318e-01	-2.24927e-01	2.36097e-01	5.60160e-02	-2.00200e-01
-1.09120e-03	-4.83162e-05	8.76175e-06	-5.45628e-06	-5.62759e-01	-2.25103e-01	2.40766e-01	5.51749e-02	-2.00200e-01
-1.10324e-03	-4.88391e-05	8.91425e-06	-6.30606e-06	-5.63185e-01	-2.25274e-01	2.45403e-01	5.43343e-02	-2.00200e-01
-1.12026e-03	-4.95826e-05	9.10613e-06	-6.71171e-06	-5.63580e-01	-2.25432e-01	2.50007e-01	5.34946e-02	-2.00200e-01
-1.13922e-03	-5.04122e-05	9.31325e-06	-6.81308e-06	-5.63934e-01	-2.25573e-01	2.54578e-01	5.26558e-02	-2.00200e-01
-1.15510e-03	-5.11052e-05	9.49417e-06	-6.64467e-06	-5.64234e-01	-2.25693e-01	2.59115e-01	5.18184e-02	-2.00200e-01
-1.16636e-03	-5.15941e-05	9.63591e-06	-6.07724e-06	-5.64518e-01	-2.25807e-01	2.63618e-01	5.09824e-02	-2.00200e-01
-1.17677e-03	-5.20456e-05	9.77179e-06	-5.12287e-06	-5.64789e-01	-2.25915e-01	2.68085e-01	5.01482e-02	-2.00200e-01
-1.19147e-03	-5.26860e-05	9.94530e-06	-4.18244e-06	-5.65000e-01	-2.25999e-01	2.72517e-01	4.93159e-02	-2.00200e-01
-1.21523e-03	-5.37264e-05	1.01978e-05	-3.74191e-06	-5.65132e-01	-2.26052e-01	2.76914e-01	4.84858e-02	-2.00200e-01
-1.24605e-03	-5.50779e-05	1.05130e-05	-3.88108e-06	-5.65147e-01	-2.26058e-01	2.81273e-01	4.76580e-02	-2.00200e-01
-1.27443e-03	-5.63216e-05	1.08081e-05	-4.23940e-06	-5.65045e-01	-2.26017e-01	2.85595e-01	4.68329e-02	-2.00200e-01
-1.29536e-03	-5.72355e-05	1.10441e-05	-4.37887e-06	-5.64916e-01	-2.25966e-01	2.89880e-01	4.60105e-02	-2.00200e-01
-1.31322e-03	-5.80141e-05	1.12518e-05	-4.17244e-06	-5.64730e-01	-2.25891e-01	2.94126e-01	4.51912e-02	-2.00200e-01
-1.32970e-03	-5.87313e-05	1.14479e-05	-3.86732e-06	-5.64487e-01	-2.25794e-01	2.98334e-01	4.43751e-02	-2.00200e-01
-1.34796e-03	-5.95260e-05	1.16649e-05	-3.78766e-06	-5.64301e-01	-2.25720e-01	3.02502e-01	4.35625e-02	-2.00200e-01
-1.37086e-03	-6.05263e-05	1.19202e-05	-4.01023e-06	-5.64112e-01	-2.25644e-01	3.06631e-01	4.27535e-02	-2.00200e-01
-1.39353e-03	-6.15164e-05	1.21720e-05	-4.38357e-06	-5.63871e-01	-2.25548e-01	3.10719e-01	4.19484e-02	-2.00200e-01
-1.41304e-03	-6.23665e-05	1.23983e-05	-4.65620e-06	-5.63640e-01	-2.25455e-01	3.14767e-01	4.11474e-02	-2.00200e-01
-1.43610e-03	-6.33729e-05	1.26578e-05	-4.53934e-06	-5.63364e-01	-2.25345e-01	3.18774e-01	4.03506e-02	-2.00200e-01
-1.46419e-03	-6.46010e-05	1.29633e-05	-3.94029e-06	-5.62954e-01	-2.25181e-01	3.22739e-01	3.95583e-02	-2.00200e-01
-1.48798e-03	-6.56386e-05	1.32332e-05	-3.17295e-06	-5.62432e-01	-2.24972e-01	3.26662e-01	3.87706e-02	-2.00200e-01
-1.50240e-03	-6.62624e-05	1.34214e-05	-2.70728e-06	-5.61897e-01	-2.24758e-01	3.30543e-01	3.79878e-02	-2.00200e-01
-1.51781e-03	-6.69299e-05	1.36199e-05	-2.71359e-06	-5.61395e-01	-2.24557e-01	3.34381e-01	3.72101e-02	-2.00200e-01
-1.54098e-03	-6.79393e-05	1.38872e-05	-2.92782e-06	-5.60798e-01	-2.24319e-01	3.38175e-01	3.64376e-02	-2.00200e-01
-1.56336e-03	-6.89143e-05	1.41463e-05	-3.01159e-06	-5.60061e-01	-2.24024e-01	3.41926e-01	3.56705e-02	-2.00200e-01
-1.58055e-03	-6.96590e-05	1.43662e-05	-2.96918e-06	-5.59320e-01	-2.23727e-01	3.45634e-01	3.49090e-02	-2.00200e-01
-1.59891e-03	-7.04550e-05	1.45970e-05	-3.02725e-06	-5.58571e-01	-2.23428e-01	3.49296e-01	3.41534e-02	-2.00200e-01
-1.61666e-03	-7.12252e-05	1.48146e-05	-3.19742e-06	-5.57780e-01	-2.23111e-01	3.52914e-01	3.34037e-02	-2.00200e-01
-1.63082e-03	-7.18360e-05	1.50081e-05	-3.33763e-06	-5.57002e-01	-2.22800e-01	3.56488e-01	3.26602e-02	-2.00200e-01
-1.64296e-03	-7.23560e-05	1.51908e-05	-3.48739e-06	-5.56169e-01	-2.22467e-01	3.60015e-01	3.19230e-02	-2.00200e-01
-1.64963e-03	-7.26360e-05	1.53170e-05	-3.71907e-06	-5.55296e-01	-2.22118e-01	3.63498e-01	3.11923e-02	-2.00200e-01
-1.65391e-03	-7.28129e-05	1.54124e-05	-4.01669e-06	-5.54502e-01	-2.21800e-01	3.66934e-01	3.04682e-02	-2.00200e-01
-1.66825e-03	-7.34322e-05	1.56012e-05	-4.47351e-06	-5.53700e-01	-2.21479e-01	3.70324e-01	2.97510e-02	-2.00200e-01
-1.69110e-03	-7.44240e-05	1.58807e-05	-5.04212e-06	-5.52788e-01	-2.21114e-01	3.73667e-01	2.90408e-02	-2.00200e-01
-1.70711e-03	-7.51143e-05	1.60986e-05	-5.34028e-06	-5.51822e-01	-2.20728e-01	3.76964e-01	2.83378e-02	-2.00200e-01
-1.70510e-03	-7.50135e-05	1.61359e-05	-5.20999e-06	-5.50871e-01	-2.20348e-01	3.80214e-01	2.76420e-02	-2.00200e-01
-1.68115e-03	-7.39490e-05	1.59606e-05	-4.90564e-06	-5.49999e-01	-2.19999e-01	3.83417e-01	2.69538e-02	-2.00200e-01
-1.64589e-03	-7.23855e-05	1.56835e-05	-4.65681e-06	-5.49320e-01	-2.19727e-01	3.86573e-01	2.62731e-02	-2.00200e-01
-1.62497e-03	-7.14529e-05	1.55427e-05	-4.75477e-06	-5.48782e-01	-2.19512e-01	3.89680e-01	2.56002e-02	-2.00200e-01
-1.63283e-03	-7.17883e-05	1.56640e-05	-5.62322e-06	-5.48117e-01	-2.19246e-01	3.92741e-01	2.49352e-02	-2.00200e-01
-1.66004e-03	-7.29746e-05	1.59716e-05	-7.15912e-06	-5.47268e-01	-2.18907e-01	3.95753e-01	2.42782e-02	-2.00200e-01
-1.69352e-03	-7.44322e-05	1.63570e-05	-8.60826e-06	-5.46382e-01	-2.18552e-01	3.98717e-01	2.36294e-02	-2.00200e-01
-1.71984e-03	-7.55745e-05	1.66771e-05	-9.37537e-06	-5.45499e-01	-2.18199e-01	4.01633e-01	2.29890e-02	-2.00200e-01
-1.73064e-03	-7.60348e-05	1.68466e-05	-9.54843e-06	-5.44669e-01	-2.17867e-01	4.04501e-01	2.23569e-02	-2.00200e-01
-1.74292e-03	-7.65609e-05	1.70264e-05	-9.78001e-06	-5.43795e-01	-2.17517e-01	4.07321e-01	2.17334e-02	-2.00200e-01
-1.76498e-03	-7.75209e-05	1.72828e-05	-1.05919e-05	-5.42611e-01	-2.17044e-01	4.10092e-01	2.11185e-02	-2.00200e-01
-1.76920e-03	-7.76976e-05	1.73632e-05	-1.17625e-05	-5.41272e-01	-2.16508e-01	4.12814e-01	2.05124e-02	-2.00200e-01
-1.74752e-03	-7.67338e-05	1.72027e-05	-1.28570e-05	-5.40166e-01	-2.16066e-01	4.15488e-01	1.99152e-02	-2.00200e-01
-1.72961e-03	-7.59341e-05	1.70851e-05	-1.38686e-05	-5.39241e-01	-2.15696e-01	4.18114e-01	1.93270e-02	-2.00200e-01
-1.72171e-03	-7.55760e-05	1.70568e-05	-1.48627e-05	-5.38226e-01	-2.15289e-01	4.20690e-01	1.87478e-02	-2.00200e-01
-1.70271e-03	-7.47306e-05	1.69202e-05	-1.58477e-05	-5.37149e-01	-2.14859e-01	4.23219e-01	1.81778e-02	-2.00200e-01
-1.67538e-03	-7.35175e-05	1.67070e-05	-1.71271e-05	-5.36105e-01	-2.14441e-01	4.25698e-01	1.76171e-02	-2.00200e-01
-1.65997e-03	-7.28309e-05	1.65996e-05	-1.89029e-05	-5.34958e-01	-2.13982e-01	4.28129e-01	1.70657e-02	-2.00200e-01
-1.64558e-03	-7.21894e-05	1.64994e-05	-2.07003e-05	-5.33662e-01	-2.13464e-01	4.30512e-01	1.65238e-02	-2.00200e-01
-1.61187e-03	-7.06979e-05	1.62182e-05	-2.17822e-05	-5.32445e-01	-2.12977e-01	4.32846e-01	1.59913e-02	-2.00200e-01
-1.56952e-03	-6.88275e-05	1.58467e-05	-2.18258e-05	-5.31454e-01	-2.12581e-01	4.35133e-01	1.54684e-02	-2.00200e-01
-1.53265e-03	-6.72051e-05	1.54997e-05	-2.10512e-05	-5.30605e-01	-2.12242e-01	4.37370e-01	1.49550e-02	-2.00200e-01
-1.48803e-03	-6.52396e-05	1.50864e-05	-1.98461e-05	-5.29840e-01	-2.11935e-01	4.39560e-01	1.44514e-02	-2.00200e-01
-1.42435e-03	-6.24360e-05	1.44922e-05	-1.85040e-05	-5.29148e-01	-2.11659e-01	4.41702e-01	1.39575e-02	-2.00200e-01
-1.35732e-03	-5.94928e-05	1.38319e-05	-1.74992e-05	-5.28465e-01	-2.11385e-01	4.43797e-01	1.34733e-02	-2.00200e-01
-1.30768e-03	-5.73120e-05	1.33475e-05	-1.71329e-05	-5.27811e-01	-2.11124e-01	4.45843e-01	1.29989e-02	-2.00200e-01
-1.27963e-03	-5.60742e-05	1.30967e-05	-1.69216e-05	-5.27252e-01	-2.10900e-01	4.47843e-01	1.25343e-02	-2.00200e-01
-1.26207e-03	-5.53014e-05	1.29322e-05	-1.63193e-05	-5.26747e-01	-2.10698e-01	4.49795e-01	1.20796e-02	-2.00200e-01
-1.25081e-03	-5.48056e-05	1.28270e-05	-1.55453e-05	-5.26240e-01	-2.10495e-01	4.51701e-01	1.16347e-02	-2.00200e-01
-1.25053e-03	-5.47881e-05	1.28461e-05	-1.49431e-05	-5.25675e-01	-2.10270e-01	4.53560e-01	1.11997e-02	-2.00200e-01
-1.25746e-03	-5.50864e-05	1.29392e-05	-1.45015e-05	-5.24996e-01	-2.09998e-01	4.55372e-01	1.07746e-02	-2.00200e-01
-1.26132e-03	-5.52505e-05	1.30010e-05	-1.42440e-05	-5.24217e-01	-2.09686e-01	4.57139e-01	1.03593e-02	-2.00200e-01
-1.25849e-03	-5.51170e-05	1.30112e-05	-1.42118e-05	-5.23414e-01	-2.09365e-01	4.58860e-01	9.95386e-03	-2.00200e-01
-1.24545e-03	-5.45362e-05	1.29178e-05	-1.41877e-05	-5.22658e-01	-2.09063e-01	4.60536e-01	9.55827e-03	-2.00200e-01
-1.22017e-03	-5.34228e-05	1.26824e-05	-1.40084e-05	-5.22013e-01	-2.08805e-01	4.62167e-01	9.17250e-03	-2.00200e-01
-1.19328e-03	-5.22402e-05	1.24261e-05	-1.37687e-05	-5.21471e-01	-2.08588e-01	4.63754e-01	8.79650e-03	-2.00200e-01
-1.17609e-03	-5.14818e-05	1.22715e-05	-1.35389e-05	-5.20938e-01	-2.08375e-01	4.65296e-01	8.43024e-03	-2.00200e-01
-1.16357e-03	-5.09289e-05	1.21614e-05	-1.33613e-05	-5.20349e-01	-2.08139e-01	4.66795e-01	8.07368e-03	-2.00200e-01
-1.14590e-03	-5.01504e-05	1.19968e-05	-1.35496e-05	-5.19739e-01	-2.07895e-01	4.68250e-01	7.72675e-03	-2.00200e-01
-1.12673e-03	-4.93060e-05	1.18187e-05	-1.44466e-05	-5.19163e-01	-2.07665e-01	4.69663e-01	7.38941e-03	-2.00200e-01
-1.11599e-03	-4.88314e-05	1.17249e-05	-1.58310e-05	-5.18614e-01	-2.07445e-01	4.71034e-01	7.06157e-03	-2.00200e-01
-1.11144e-03	-4.86291e-05	1.16919e-05	-1.70665e-05	-5.18062e-01	-2.07224e-01	4.72363e-01	6.74316e-03	-2.00200e-01
-1.10160e-03	-4.81938e-05	1.16068e-05	-1.78259e-05	-5.17510e-01	-2.07003e-01	4.73651e-01	6.43411e-03	-2.00200e-01
-1.08350e-03	-4.73964e-05	1.14404e-05	-1.82484e-05	-5.16981e-01	-2.06792e-01	4.74898e-01	6.13431e-03	-2.00200e-01
-1.06220e-03	-4.64586e-05	1.12395e-05	-1.84471e-05	-5.16494e-01	-2.06597e-01	4.76106e-01	5.84367e-03	-2.00200e-01
-1.04190e-03	-4.55659e-05	1.10453e-05	-1.83814e-05	-5.16042e-01	-2.06416e-01	4.77274e-01	5.56208e-03	-2.00200e-01
-1.01970e-03	-4.45924e-05	1.08211e-05	-1.81270e-05	-5.15608e-01	-2.06243e-01	4.78403e-01	5.28943e-03	-2.00200e-01
-9.89211e-04	-4.32573e-05	1.05048e-05	-1.79340e-05	-5.15202e-01	-2.06080e-01	4.79494e-01	5.02559e-03	-2.00200e-01
-9.51388e-04	-4.16000e-05	1.01168e-05	-1.80043e-05	-5.14857e-01	-2.05942e-01	4.80548e-01	4.77044e-03	-2.00200e-01
-9.16485e-04	-4.00678e-05	9.77039e-06	-1.83430e-05	-5.14582e-01	-2.05833e-01	4.81566e-01	4.52384e-03	-2.00200e-01
-8.91901e-04	-3.89888e-05	9.52548e-06	-1.87723e-05	-5.14337e-01	-2.05735e-01	4.82547e-01	4.28563e-03	-2.00200e-01
-8.73867e-04	-3.82013e-05	9.32933e-06	-1.90793e-05	-5.14100e-01	-2.05640e-01	4.83493e-01	4.05568e-03	-2.00200e-01
-8.57587e-04	-3.74910e-05	9.14994e-06	-1.91991e-05	-5.13896e-01	-2.05558e-01	4.84405e-01	3.83381e-03	-2.00200e-01
-8.46101e-04	-3.69898e-05	9.02363e-06	-1.92613e-05	-5.13712e-01	-2.05484e-01	4.85284e-01	3.61986e-03	-2.00200e-01
-8.44658e-04	-3.69263e-05	9.01005e-06	-1.94750e-05	-5.13529e-01	-2.05411e-01	4.86130e-01	3.41365e-03	-2.00200e-01
-8.50020e-04	-3.71557e-05	9.08751e-06	-1.99368e-05	-5.13315e-01	-2.05325e-01	4.86943e-01	3.21499e-03	-2.00200e-01
-8.53792e-04	-3.73159e-05	9.14703e-06	-2.05917e-05	-5.13063e-01	-2.05225e-01	4.87726e-01	3.02370e-03	-2.00200e-01
-8.49672e-04	-3.71308e-05	9.12352e-06	-2.12827e-05	-5.12788e-01	-2.05115e-01	4.88479e-01	2.83956e-03	-2.00200e-01
-8.37347e-04	-3.65888e-05	9.00479e-06	-2.18303e-05	-5.12499e-01	-2.04999e-01	4.89203e-01	2.66238e-03	-2.00200e-01
-8.20707e-04	-3.58595e-05	8.83513e-06	-2.20869e-05	-5.12243e-01	-2.04897e-01	4.89899e-01	2.49193e-03	-2.00200e-01
-8.04377e-04	-3.51421e-05	8.67519e-06	-2.20145e-05	-5.11994e-01	-2.04797e-01	4.90567e-01	2.32799e-03	-2.00200e-01
-7.91757e-04	-3.45900e-05	8.54186e-06	-2.17115e-05	-5.11766e-01	-2.04706e-01	4.91210e-01	2.17033e-03	-2.00200e-01
-7.84152e-04	-3.42566e-05	8.46453e-06	-2.13386e-05	-5.11531e-01	-2.04612e-01	4.91827e-01	2.01871e-03	-2.00200e-01
-7.77495e-04	-3.39695e-05	8.37750e-06	-2.10368e-05	-5.11254e-01	-2.04501e-01	4.92420e-01	1.87287e-03	-2.00200e-01
-7.71137e-04	-3.36947e-05	8.29695e-06	-2.08780e-05	-5.11030e-01	-2.04412e-01	4.92991e-01	1.73257e-03	-2.00200e-01
-7.58548e-04	-3.31395e-05	8.18232e-06	-2.08376e-05	-5.10716e-01	-2.04286e-01	4.93539e-01	1.59753e-03	-2.00200e-01
-7.42693e-04	-3.24567e-05	7.97119e-06	-2.08684e-05	-5.10539e-01	-2.04215e-01	4.94067e-01	1.46749e-03	-2.00200e-01
-7.21742e-04	-3.15199e-05	7.83230e-06	-2.09631e-05	-5.10259e-01	-2.04103e-01	4.94576e-01	1.34217e-03	-2.00200e-01
-6.96825e-04	-3.04515e-05	7.48153e-06	-2.11037e-05	-5.10088e-01	-2.04035e-01	4.95066e-01	1.22127e-03	-2.00200e-01
-6.68572e-04	-2.91816e-05	7.32119e-06	-2.13002e-05	-5.09945e-01	-2.03978e-01	4.95539e-01	1.10450e-03	-2.00200e-01
-6.34830e-04	-2.77276e-05	6.87569e-06	-2.15930e-05	-5.09688e-01	-2.03875e-01	4.95996e-01	9.91557e-04	-2.00200e-01
-6.02686e-04	-2.62996e-05	6.62470e-06	-2.19864e-05	-5.09777e-01	-2.03910e-01	4.96439e-01	8.82129e-04	-2.00200e-01
-5.71456e-04	-2.49256e-05	6.32687e-06	-2.24362e-05	-5.09357e-01	-2.03742e-01	4.96869e-01	7.75896e-04	-2.00200e-01
-5.35291e-04	-2.33899e-05	5.75767e-06	-2.28535e-05	-5.09549e-01	-2.03819e-01	4.97287e-01	6.72530e-04	-2.00200e-01
-5.07593e-04	-2.20714e-05	5.89694e-06	-2.31030e-05	-5.09231e-01	-2.03692e-01	4.97694e-01	5.71696e-04	-2.00200e-01
-4.53187e-04	-1.98585e-05	4.64764e-06	-2.32787e-05	-5.09052e-01	-2.03621e-01	4.98093e-01	4.73048e-04	-2.00200e-01
-4.54875e-04	-1.96311e-05	5.88121e-06	-2.33217e-05	-5.09683e-01	-2.03873e-01	4.98483e-01	3.76236e-04	-2.00200e-01
-4.06992e-04	-1.78069e-05	4.28435e-06	-2.30336e-05	-5.08348e-01	-2.03339e-01	4.98868e-01	2.80899e-04	-2.00200e-01
-5.27923e-04	-2.28567e-05	6.53032e-06	-2.32440e-05	-5.12472e-01	-2.04989e-01	4.99248e-01	1.86670e-04	-2.00200e-01
-8.33234e-04	-3.46562e-05	1.60241e-05	-2.19311e-05	-5.11699e-01	-2.04679e-01	4.99625e-01	9.31731e-05	-2.00200e-01
-6.83712e-04	-3.99563e-05	-3.32323e-05	-1.53815e-05	-5.15378e-01	-2.06151e-01	5.00000e-01	0.00000e+00	-2.00200e-01
