"Density"	"Momentum:0"	"Momentum:1"	"Momentum:2"	"StagnationEnergy"	"Pressure"	"Points:0"	"Points:1"	"Points:2"
2.23854e-02	-7.74242e-04	1.22450e-03	7.79992e-04	-6.39063e-01	-2.55650e-01	-4.91183e-01	0.00000e+00	-9.90000e-02
3.32417e-03	2.49575e-04	1.70203e-04	2.85147e-04	-1.00035e+00	-4.00149e-01	-4.91130e-01	2.24937e-03	-9.90000e-02
8.95070e-03	3.19668e-04	4.61017e-04	3.81356e-04	-8.94502e-01	-3.57811e-01	-4.90969e-01	4.49362e-03	-9.90000e-02
1.59503e-02	3.68348e-04	8.26216e-04	3.93809e-04	-9.98514e-01	-3.99418e-01	-4.90700e-01	6.72749e-03	-9.90000e-02
1.75375e-02	4.43298e-04	8.86448e-04	3.67463e-04	-1.03222e+00	-4.12900e-01	-4.90324e-01	8.94575e-03	-9.90000e-02
1.95299e-02	4.72271e-04	9.75578e-04	3.66032e-04	-1.11018e+00	-4.44087e-01	-4.89841e-01	1.11433e-02	-9.90000e-02
2.06729e-02	5.34133e-04	1.00771e-03	3.35639e-04	-1.20652e+00	-4.82622e-01	-4.89254e-01	1.33155e-02	-9.90000e-02
2.07664e-02	5.55513e-04	9.90713e-04	3.21687e-04	-1.25993e+00	-5.03985e-01	-4.88566e-01	1.54578e-02	-9.90000e-02
2.05579e-02	5.79262e-04	9.55103e-04	2.95335e-04	-1.34369e+00	-5.37488e-01	-4.87782e-01	1.75666e-02	-9.90000e-02
1.97722e-02	5.85589e-04	8.93177e-04	2.75418e-04	-1.38928e+00	-5.55722e-01	-4.86950e-01	1.95374e-02	-9.90000e-02
1.87905e-02	5.77748e-04	8.27350e-04	2.57210e-04	-1.42845e+00	-5.71393e-01	-4.86116e-01	2.13143e-02	-9.90000e-02
1.76703e-02	5.65671e-04	7.56457e-04	2.36743e-04	-1.45989e+00	-5.83965e-01	-4.85280e-01	2.29464e-02	-9.90000e-02
1.64277e-02	5.41430e-04	6.85851e-04	2.20904e-04	-1.47372e+00	-5.89499e-01	-4.84439e-01	2.44659e-02	-9.90000e-02
1.51964e-02	5.15983e-04	6.17708e-04	2.01672e-04	-1.48879e+00	-5.95526e-01	-4.83592e-01	2.58955e-02	-9.90000e-02
1.39026e-02	4.83190e-04	5.51316e-04	1.84576e-04	-1.49188e+00	-5.96760e-01	-4.82738e-01	2.72519e-02	-9.90000e-02
1.26383e-02	4.48634e-04	4.89013e-04	1.65915e-04	-1.49341e+00	-5.97373e-01	-4.81875e-01	2.85476e-02	-9.90000e-02
1.14026e-02	4.11844e-04	4.31097e-04	1.47312e-04	-1.49050e+00	-5.96206e-01	-4.81002e-01	2.97927e-02	-9.90000e-02
1.02023e-02	3.73655e-04	3.77502e-04	1.28586e-04	-1.48419e+00	-5.93684e-01	-4.80117e-01	3.09950e-02	-9.90000e-02
9.06911e-03	3.35790e-04	3.28995e-04	1.09451e-04	-1.47687e+00	-5.90752e-01	-4.79220e-01	3.21609e-02	-9.90000e-02
8.00474e-03	2.98583e-04	2.85436e-04	9.10399e-05	-1.46726e+00	-5.86910e-01	-4.78308e-01	3.32957e-02	-9.90000e-02
7.03767e-03	2.63623e-04	2.47356e-04	7.30849e-05	-1.45738e+00	-5.82955e-01	-4.77381e-01	3.44039e-02	-9.90000e-02
6.18699e-03	2.31819e-04	2.15197e-04	5.60421e-05	-1.44711e+00	-5.78848e-01	-4.76438e-01	3.54891e-02	-9.90000e-02
5.47635e-03	2.04414e-04	1.89355e-04	4.02815e-05	-1.43677e+00	-5.74710e-01	-4.75477e-01	3.65544e-02	-9.90000e-02
4.92413e-03	1.82589e-04	1.69888e-04	2.65530e-05	-1.42714e+00	-5.70860e-01	-4.74497e-01	3.76027e-02	-9.90000e-02
4.51669e-03	1.66500e-04	1.55516e-04	1.61677e-05	-1.41806e+00	-5.67227e-01	-4.73498e-01	3.86361e-02	-9.90000e-02
4.21483e-03	1.55165e-04	1.44245e-04	9.95632e-06	-1.41004e+00	-5.64020e-01	-4.72477e-01	3.96567e-02	-9.90000e-02
3.95871e-03	1.46546e-04	1.33681e-04	7.95424e-06	-1.40323e+00	-5.61293e-01	-4.71434e-01	4.06662e-02	-9.90000e-02
3.69637e-03	1.38510e-04	1.22154e-04	9.26108e-06	-1.39755e+00	-5.59022e-01	-4.70368e-01	4.16660e-02	-9.90000e-02
3.40510e-03	1.29823e-04	1.09257e-04	1.25749e-05	-1.39309e+00	-5.57236e-01	-4.69277e-01	4.26575e-02	-9.90000e-02
3.09184e-03	1.20405e-04	9.55651e-05	1.67433e-05	-1.38958e+00	-5.55833e-01	-4.68162e-01	4.36417e-02	-9.90000e-02
2.78960e-03	1.11228e-04	8.24460e-05	2.10134e-05	-1.38698e+00	-5.54794e-01	-4.67020e-01	4.46197e-02	-9.90000e-02
2.53192e-03	1.03474e-04	7.10702e-05	2.50761e-05	-1.38519e+00	-5.54077e-01	-4.65850e-01	4.55921e-02	-9.90000e-02
2.34454e-03	9.81267e-05	6.22227e-05	2.89419e-05	-1.38411e+00	-5.53645e-01	-4.64653e-01	4.65598e-02	-9.90000e-02
2.24272e-03	9.58698e-05	5.62210e-05	3.28169e-05	-1.38374e+00	-5.53496e-01	-4.63427e-01	4.75233e-02	-9.90000e-02
2.22579e-03	9.67941e-05	5.28549e-05	3.69105e-05	-1.38402e+00	-5.53608e-01	-4.62171e-01	4.84831e-02	-9.90000e-02
2.28435e-03	1.00608e-04	5.17012e-05	4.12903e-05	-1.38497e+00	-5.53987e-01	-4.60884e-01	4.94397e-02	-9.90000e-02
2.40778e-03	1.06953e-04	5.23333e-05	4.59401e-05	-1.38663e+00	-5.54654e-01	-4.59566e-01	5.03934e-02	-9.90000e-02
2.58423e-03	1.15333e-04	5.44187e-05	5.05472e-05	-1.38902e+00	-5.55608e-01	-4.58216e-01	5.13444e-02	-9.90000e-02
2.80635e-03	1.25413e-04	5.77978e-05	5.46612e-05	-1.39224e+00	-5.56898e-01	-4.56832e-01	5.22930e-02	-9.90000e-02
3.07136e-03	1.37081e-04	6.23836e-05	5.81031e-05	-1.39649e+00	-5.58596e-01	-4.55414e-01	5.32393e-02	-9.90000e-02
3.36312e-03	1.49737e-04	6.76658e-05	6.09019e-05	-1.40203e+00	-5.60813e-01	-4.53962e-01	5.41835e-02	-9.90000e-02
3.65963e-03	1.62565e-04	7.29527e-05	6.32944e-05	-1.40928e+00	-5.63714e-01	-4.52475e-01	5.51256e-02	-9.90000e-02
3.93107e-03	1.74385e-04	7.74233e-05	6.54193e-05	-1.41846e+00	-5.67385e-01	-4.50952e-01	5.60656e-02	-9.90000e-02
4.12738e-03	1.83253e-04	7.96630e-05	6.78657e-05	-1.42978e+00	-5.71915e-01	-4.49392e-01	5.70035e-02	-9.90000e-02
4.18417e-03	1.86541e-04	7.80786e-05	7.13015e-05	-1.44295e+00	-5.77181e-01	-4.47795e-01	5.79393e-02	-9.90000e-02
4.03104e-03	1.81236e-04	7.12077e-05	7.54929e-05	-1.45707e+00	-5.82832e-01	-4.46161e-01	5.88729e-02	-9.90000e-02
3.62672e-03	1.65660e-04	5.81089e-05	8.13178e-05	-1.47144e+00	-5.88577e-01	-4.44487e-01	5.98042e-02	-9.90000e-02
3.03661e-03	1.42443e-04	4.05662e-05	8.98746e-05	-1.48404e+00	-5.93617e-01	-4.42775e-01	6.07330e-02	-9.90000e-02
2.34659e-03	1.14874e-04	2.11706e-05	9.91407e-05	-1.49444e+00	-5.97779e-01	-4.41024e-01	6.16593e-02	-9.90000e-02
1.62363e-03	8.54747e-05	2.03222e-06	1.07640e-04	-1.50372e+00	-6.01491e-01	-4.39232e-01	6.25827e-02	-9.90000e-02
1.04313e-03	6.22178e-05	-1.41521e-05	1.18691e-04	-1.51096e+00	-6.04388e-01	-4.37400e-01	6.35032e-02	-9.90000e-02
5.90202e-04	4.66008e-05	-3.22153e-05	1.46488e-04	-1.51896e+00	-6.07594e-01	-4.35528e-01	6.44204e-02	-9.90000e-02
-1.87834e-04	2.19494e-05	-6.73845e-05	2.17529e-04	-1.53005e+00	-6.11965e-01	-4.33613e-01	6.53343e-02	-9.90000e-02
-1.68417e-03	-2.79459e-05	-1.29462e-04	3.42515e-04	-1.53963e+00	-6.15835e-01	-4.31657e-01	6.62444e-02	-9.90000e-02
-3.57048e-03	-9.20785e-05	-2.05816e-04	5.01775e-04	-1.53682e+00	-6.14709e-01	-4.29659e-01	6.71507e-02	-9.90000e-02
-4.77861e-03	-1.29071e-04	-2.66038e-04	6.56450e-04	-1.50829e+00	-6.03293e-01	-4.27618e-01	6.80527e-02	-9.90000e-02
-4.82598e-03	-1.22368e-04	-2.91267e-04	7.63764e-04	-1.45926e+00	-5.83676e-01	-4.25534e-01	6.89502e-02	-9.90000e-02
-4.57006e-03	-1.09763e-04	-2.94834e-04	8.13787e-04	-1.40763e+00	-5.63017e-01	-4.23407e-01	6.98430e-02	-9.90000e-02
-4.38144e-03	-1.03678e-04	-2.91149e-04	8.32259e-04	-1.35657e+00	-5.42593e-01	-4.21237e-01	7.07307e-02	-9.90000e-02
-3.89577e-03	-8.63808e-05	-2.78026e-04	8.34818e-04	-1.30379e+00	-5.21475e-01	-4.19022e-01	7.16130e-02	-9.90000e-02
-2.99971e-03	-5.22809e-05	-2.55058e-04	8.17921e-04	-1.24717e+00	-4.98819e-01	-4.16764e-01	7.24897e-02	-9.90000e-02
-1.08832e-03	2.53383e-05	-2.13108e-04	7.86913e-04	-1.18571e+00	-4.74160e-01	-4.14461e-01	7.33603e-02	-9.90000e-02
1.66098e-03	1.39185e-04	-1.56591e-04	7.49934e-04	-1.13757e+00	-4.55100e-01	-4.12113e-01	7.42246e-02	-9.90000e-02
3.40288e-03	2.09075e-04	-1.16435e-04	7.10302e-04	-1.11557e+00	-4.46261e-01	-4.09720e-01	7.50822e-02	-9.90000e-02
3.54201e-03	2.09597e-04	-1.03279e-04	6.70472e-04	-1.09753e+00	-4.39039e-01	-4.07283e-01	7.59328e-02	-9.90000e-02
3.67476e-03	2.09686e-04	-8.90466e-05	6.18508e-04	-1.07023e+00	-4.28117e-01	-4.04800e-01	7.67761e-02	-9.90000e-02
4.57916e-03	2.43217e-04	-6.12106e-05	5.56660e-04	-1.05145e+00	-4.20598e-01	-4.02272e-01	7.76117e-02	-9.90000e-02
5.25185e-03	2.67924e-04	-4.03726e-05	5.13426e-04	-1.04292e+00	-4.17182e-01	-3.99698e-01	7.84393e-02	-9.90000e-02
5.13820e-03	2.60540e-04	-3.83225e-05	4.97850e-04	-1.02569e+00	-4.10287e-01	-3.97079e-01	7.92586e-02	-9.90000e-02
4.83268e-03	2.45721e-04	-4.19629e-05	4.90439e-04	-1.00495e+00	-4.01993e-01	-3.94413e-01	8.00692e-02	-9.90000e-02
4.73231e-03	2.38485e-04	-3.75123e-05	4.66584e-04	-9.89961e-01	-3.95996e-01	-3.91703e-01	8.08707e-02	-9.90000e-02
4.62270e-03	2.29809e-04	-2.90452e-05	4.22155e-04	-9.72101e-01	-3.88850e-01	-3.88946e-01	8.16629e-02	-9.90000e-02
4.68907e-03	2.30059e-04	-2.17133e-05	3.86874e-04	-9.53294e-01	-3.81326e-01	-3.86143e-01	8.24454e-02	-9.90000e-02
5.04476e-03	2.44214e-04	-1.43415e-05	3.71121e-04	-9.40500e-01	-3.76208e-01	-3.83294e-01	8.32179e-02	-9.90000e-02
5.13870e-03	2.46107e-04	-7.44707e-06	3.40697e-04	-9.33771e-01	-3.73515e-01	-3.80400e-01	8.39800e-02	-9.90000e-02
4.46020e-03	2.12565e-04	-4.76171e-06	2.87342e-04	-9.30644e-01	-3.72263e-01	-3.77459e-01	8.47314e-02	-9.90000e-02
3.69944e-03	1.76098e-04	-5.05587e-06	2.37975e-04	-9.22298e-01	-3.68924e-01	-3.74472e-01	8.54717e-02	-9.90000e-02
3.69420e-03	1.73762e-04	1.78359e-06	1.99532e-04	-9.12945e-01	-3.65182e-01	-3.71440e-01	8.62008e-02	-9.90000e-02
3.61403e-03	1.68399e-04	6.97540e-06	1.65885e-04	-9.12124e-01	-3.64853e-01	-3.68362e-01	8.69181e-02	-9.90000e-02
2.90950e-03	1.35511e-04	4.66150e-06	1.36391e-04	-9.07304e-01	-3.62924e-01	-3.65238e-01	8.76234e-02	-9.90000e-02
2.59962e-03	1.20064e-04	7.77876e-06	1.00154e-04	-8.90934e-01	-3.56375e-01	-3.62068e-01	8.83164e-02	-9.90000e-02
2.62643e-03	1.19805e-04	1.40773e-05	6.28887e-05	-8.77561e-01	-3.51026e-01	-3.58853e-01	8.89968e-02	-9.90000e-02
2.08770e-03	9.52508e-05	1.04957e-05	5.10150e-05	-8.72133e-01	-3.48854e-01	-3.55592e-01	8.96643e-02	-9.90000e-02
1.59408e-03	7.35358e-05	3.41013e-06	6.43014e-05	-8.66483e-01	-3.46594e-01	-3.52286e-01	9.03186e-02	-9.90000e-02
1.78573e-03	8.22931e-05	3.58652e-06	7.34649e-05	-8.61697e-01	-3.44680e-01	-3.48935e-01	9.09593e-02	-9.90000e-02
2.08408e-03	9.54100e-05	6.87914e-06	6.55645e-05	-8.59838e-01	-3.43936e-01	-3.45539e-01	9.15863e-02	-9.90000e-02
2.04906e-03	9.34894e-05	7.90981e-06	5.35130e-05	-8.59650e-01	-3.43861e-01	-3.42098e-01	9.21991e-02	-9.90000e-02
1.86019e-03	8.46726e-05	7.80997e-06	4.33686e-05	-8.61476e-01	-3.44591e-01	-3.38613e-01	9.27977e-02	-9.90000e-02
1.60068e-03	7.26646e-05	7.48152e-06	3.21917e-05	-8.63667e-01	-3.45468e-01	-3.35083e-01	9.33815e-02	-9.90000e-02
1.35426e-03	6.13225e-05	6.98387e-06	2.03336e-05	-8.63044e-01	-3.45218e-01	-3.31510e-01	9.39506e-02	-9.90000e-02
1.23167e-03	5.56032e-05	7.19764e-06	9.16972e-06	-8.62366e-01	-3.44947e-01	-3.27892e-01	9.45044e-02	-9.90000e-02
1.03537e-03	4.65876e-05	6.92513e-06	2.58991e-06	-8.63817e-01	-3.45527e-01	-3.24231e-01	9.50429e-02	-9.90000e-02
6.68678e-04	3.00808e-05	4.43045e-06	2.85427e-06	-8.61697e-01	-3.44679e-01	-3.20526e-01	9.55658e-02	-9.90000e-02
3.83629e-04	1.73127e-05	2.07621e-06	3.24262e-06	-8.56264e-01	-3.42506e-01	-3.16779e-01	9.60728e-02	-9.90000e-02
2.92150e-04	1.31552e-05	1.76064e-06	1.80998e-06	-8.52529e-01	-3.41012e-01	-3.12988e-01	9.65638e-02	-9.90000e-02
3.29453e-04	1.48711e-05	1.64194e-06	3.13839e-06	-8.49443e-01	-3.39777e-01	-3.09156e-01	9.70384e-02	-9.90000e-02
4.74253e-04	2.14023e-05	2.32220e-06	3.80619e-06	-8.47931e-01	-3.39173e-01	-3.05281e-01	9.74966e-02	-9.90000e-02
6.14250e-04	2.76659e-05	3.39773e-06	-4.38271e-07	-8.50453e-01	-3.40182e-01	-3.01365e-01	9.79381e-02	-9.90000e-02
6.10530e-04	2.74791e-05	3.48458e-06	-1.88137e-06	-8.54565e-01	-3.41826e-01	-2.97407e-01	9.83627e-02	-9.90000e-02
5.05059e-04	2.27772e-05	2.37522e-06	9.97973e-07	-8.55857e-01	-3.42343e-01	-2.93408e-01	9.87703e-02	-9.90000e-02
3.87343e-04	1.74326e-05	2.14704e-06	-2.62715e-06	-8.55143e-01	-3.42058e-01	-2.89369e-01	9.91607e-02	-9.90000e-02
2.55730e-04	1.13775e-05	2.87809e-06	-1.36785e-05	-8.55542e-01	-3.42217e-01	-2.85289e-01	9.95336e-02	-9.90000e-02
1.09072e-04	4.68717e-06	3.23396e-06	-2.26743e-05	-8.56798e-01	-3.42720e-01	-2.81170e-01	9.98891e-02	-9.90000e-02
-2.68550e-05	-1.47899e-06	3.29209e-06	-2.81046e-05	-8.57925e-01	-3.43164e-01	-2.77011e-01	1.00227e-01	-9.90000e-02
-1.23407e-04	-5.85602e-06	3.44502e-06	-3.24672e-05	-8.58526e-01	-3.43409e-01	-2.72813e-01	1.00547e-01	-9.90000e-02
-1.50915e-04	-7.06855e-06	3.22686e-06	-3.14020e-05	-8.58487e-01	-3.43393e-01	-2.68577e-01	1.00849e-01	-9.90000e-02
-2.00184e-04	-9.22293e-06	2.29193e-06	-2.49214e-05	-8.59423e-01	-3.43769e-01	-2.64303e-01	1.01133e-01	-9.90000e-02
-3.65721e-04	-1.66822e-05	1.85391e-06	-2.43478e-05	-8.61222e-01	-3.44488e-01	-2.59991e-01	1.01399e-01	-9.90000e-02
-4.45745e-04	-2.03498e-05	2.95912e-06	-3.62036e-05	-8.59905e-01	-3.43961e-01	-2.55642e-01	1.01646e-01	-9.90000e-02
-2.26011e-04	-1.04695e-05	4.76315e-06	-5.08764e-05	-8.56588e-01	-3.42633e-01	-2.51256e-01	1.01876e-01	-9.90000e-02
2.84917e-06	-1.26536e-07	5.62206e-06	-5.59996e-05	-8.55502e-01	-3.42423e-01	-2.46834e-01	1.02087e-01	-9.90000e-02
-7.77133e-05	-3.70995e-06	4.75989e-06	-4.98142e-05	-8.54422e-01	-3.41762e-01	-2.42377e-01	1.02279e-01	-9.90000e-02
-2.96278e-04	-1.35080e-05	3.06976e-06	-3.71452e-05	-8.51526e-01	-3.40609e-01	-2.37885e-01	1.02453e-01	-9.90000e-02
-4.88119e-04	-2.21176e-05	1.72652e-06	-2.52710e-05	-8.49097e-01	-3.39638e-01	-2.33358e-01	1.02609e-01	-9.90000e-02
-7.36074e-04	-3.32872e-05	1.02806e-06	-2.06588e-05	-8.47346e-01	-3.38938e-01	-2.28797e-01	1.02745e-01	-9.90000e-02
-9.85945e-04	-4.45609e-05	1.06556e-06	-2.22054e-05	-8.45264e-01	-3.38105e-01	-2.24202e-01	1.02864e-01	-9.90000e-02
-1.06284e-03	-4.80251e-05	1.47915e-06	-2.52534e-05	-8.41230e-01	-3.36492e-01	-2.19575e-01	1.02963e-01	-9.90000e-02
-9.31879e-04	-4.21023e-05	1.93892e-06	-2.86421e-05	-8.34610e-01	-3.33844e-01	-2.14915e-01	1.03044e-01	-9.90000e-02
-6.94819e-04	-3.13913e-05	2.50174e-06	-3.34800e-05	-8.28646e-01	-3.31458e-01	-2.10224e-01	1.03107e-01	-9.90000e-02
-4.48117e-04	-2.02461e-05	3.09923e-06	-3.93971e-05	-8.25927e-01	-3.30370e-01	-2.05501e-01	1.03151e-01	-9.90000e-02
-2.60283e-04	-1.17562e-05	3.46866e-06	-4.41316e-05	-8.25634e-01	-3.30252e-01	-2.00748e-01	1.03176e-01	-9.90000e-02
-1.62058e-04	-7.30952e-06	3.60640e-06	-4.69811e-05	-8.26108e-01	-3.30440e-01	-1.95965e-01	1.03183e-01	-9.90000e-02
-1.51283e-04	-6.80816e-06	3.74100e-06	-4.92492e-05	-8.26394e-01	-3.30554e-01	-1.91153e-01	1.03171e-01	-9.90000e-02
-2.54530e-04	-1.14507e-05	3.71146e-06	-4.94207e-05	-8.26181e-01	-3.30470e-01	-1.86311e-01	1.03141e-01	-9.90000e-02
-5.18253e-04	-2.33329e-05	3.51452e-06	-4.58273e-05	-8.24618e-01	-3.29846e-01	-1.81442e-01	1.03092e-01	-9.90000e-02
-8.64218e-04	-3.89226e-05	3.43418e-06	-4.20124e-05	-8.20346e-01	-3.28138e-01	-1.76545e-01	1.03025e-01	-9.90000e-02
-1.13990e-03	-5.13358e-05	3.70608e-06	-4.19968e-05	-8.14223e-01	-3.25688e-01	-1.71622e-01	1.02940e-01	-9.90000e-02
-1.31062e-03	-5.90084e-05	4.22275e-06	-4.60217e-05	-8.08321e-01	-3.23327e-01	-1.66672e-01	1.02836e-01	-9.90000e-02
-1.45016e-03	-6.52714e-05	4.76700e-06	-4.98914e-05	-8.02894e-01	-3.21157e-01	-1.61697e-01	1.02715e-01	-9.90000e-02
-1.59157e-03	-7.16228e-05	5.07887e-06	-4.86788e-05	-7.96826e-01	-3.18730e-01	-1.56697e-01	1.02576e-01	-9.90000e-02
-1.64088e-03	-7.38273e-05	5.16906e-06	-4.56507e-05	-7.89549e-01	-3.15819e-01	-1.51672e-01	1.02419e-01	-9.90000e-02
-1.53514e-03	-6.90403e-05	5.26247e-06	-4.72571e-05	-7.82344e-01	-3.12937e-01	-1.46625e-01	1.02244e-01	-9.90000e-02
-1.40198e-03	-6.30151e-05	5.40730e-06	-5.04896e-05	-7.76146e-01	-3.10457e-01	-1.41554e-01	1.02052e-01	-9.90000e-02
-1.43225e-03	-6.43615e-05	5.51868e-06	-4.99613e-05	-7.70456e-01	-3.08181e-01	-1.36462e-01	1.01842e-01	-9.90000e-02
-1.69406e-03	-7.61302e-05	6.11656e-06	-4.83671e-05	-7.64936e-01	-3.05974e-01	-1.31348e-01	1.01615e-01	-9.90000e-02
-1.97539e-03	-8.87640e-05	6.99763e-06	-4.89581e-05	-7.57723e-01	-3.03088e-01	-1.26213e-01	1.01370e-01	-9.90000e-02
-1.94610e-03	-8.74211e-05	7.15477e-06	-4.97146e-05	-7.49022e-01	-2.99608e-01	-1.21058e-01	1.01109e-01	-9.90000e-02
-1.67549e-03	-7.52221e-05	6.73370e-06	-4.95963e-05	-7.42594e-01	-2.97037e-01	-1.15884e-01	1.00831e-01	-9.90000e-02
-1.52236e-03	-6.83136e-05	6.51001e-06	-5.09278e-05	-7.37506e-01	-2.95002e-01	-1.10691e-01	1.00536e-01	-9.90000e-02
-1.46860e-03	-6.58709e-05	6.60712e-06	-5.48027e-05	-7.30767e-01	-2.92306e-01	-1.05481e-01	1.00225e-01	-9.90000e-02
-1.33284e-03	-5.97392e-05	6.50735e-06	-5.88936e-05	-7.24528e-01	-2.89810e-01	-1.00254e-01	9.98978e-02	-9.90000e-02
-1.31395e-03	-5.88704e-05	6.59209e-06	-6.07261e-05	-7.20882e-01	-2.88352e-01	-9.50097e-02	9.95544e-02	-9.90000e-02
-1.58158e-03	-7.08703e-05	7.63395e-06	-6.25827e-05	-7.16393e-01	-2.86556e-01	-8.97502e-02	9.91950e-02	-9.90000e-02
-1.81072e-03	-8.11290e-05	8.69998e-06	-6.75144e-05	-7.07913e-01	-2.83164e-01	-8.44758e-02	9.88200e-02	-9.90000e-02
-1.71928e-03	-7.69955e-05	8.60985e-06	-7.02246e-05	-6.98032e-01	-2.79212e-01	-7.91873e-02	9.84295e-02	-9.90000e-02
-1.54160e-03	-6.90117e-05	7.94403e-06	-6.56485e-05	-6.90088e-01	-2.76034e-01	-7.38855e-02	9.80237e-02	-9.90000e-02
-1.57650e-03	-7.05767e-05	7.97442e-06	-5.96911e-05	-6.83375e-01	-2.73349e-01	-6.85710e-02	9.76029e-02	-9.90000e-02
-1.78907e-03	-8.01009e-05	8.83968e-06	-5.88487e-05	-6.76543e-01	-2.70616e-01	-6.32446e-02	9.71674e-02	-9.90000e-02
-2.02315e-03	-9.05742e-05	9.97318e-06	-6.15987e-05	-6.69588e-01	-2.67834e-01	-5.79072e-02	9.67172e-02	-9.90000e-02
-2.19641e-03	-9.83105e-05	1.09566e-05	-6.48061e-05	-6.61677e-01	-2.64670e-01	-5.25594e-02	9.62527e-02	-9.90000e-02
-2.21241e-03	-9.89953e-05	1.12907e-05	-6.68426e-05	-6.51603e-01	-2.60640e-01	-4.72021e-02	9.57740e-02	-9.90000e-02
-2.02701e-03	-9.06675e-05	1.06057e-05	-6.64588e-05	-6.41287e-01	-2.56514e-01	-4.18360e-02	9.52816e-02	-9.90000e-02
-1.79495e-03	-8.02559e-05	9.65256e-06	-6.34707e-05	-6.33680e-01	-2.53471e-01	-3.64618e-02	9.47754e-02	-9.90000e-02
-1.67121e-03	-7.47050e-05	9.11438e-06	-5.90089e-05	-6.27836e-01	-2.51134e-01	-3.10804e-02	9.42560e-02	-9.90000e-02
-1.61440e-03	-7.21529e-05	8.87357e-06	-5.50335e-05	-6.22110e-01	-2.48843e-01	-2.56926e-02	9.37234e-02	-9.90000e-02
-1.57069e-03	-7.01860e-05	8.71440e-06	-5.25027e-05	-6.17040e-01	-2.46815e-01	-2.02991e-02	9.31779e-02	-9.90000e-02
-1.55775e-03	-6.95959e-05	8.70951e-06	-5.08695e-05	-6.12118e-01	-2.44846e-01	-1.49006e-02	9.26198e-02	-9.90000e-02
-1.52488e-03	-6.81097e-05	8.65362e-06	-4.98181e-05	-6.06877e-01	-2.42750e-01	-9.49811e-03	9.20494e-02	-9.90000e-02
-1.45069e-03	-6.47761e-05	8.37510e-06	-4.90001e-05	-6.03060e-01	-2.41223e-01	-4.09225e-03	9.14669e-02	-9.90000e-02
-1.45582e-03	-6.49915e-05	8.49506e-06	-4.79381e-05	-6.00691e-01	-2.40276e-01	1.31614e-03	9.08725e-02	-9.90000e-02
-1.58310e-03	-7.06726e-05	9.21029e-06	-4.80642e-05	-5.97341e-01	-2.38936e-01	6.72629e-03	9.02666e-02	-9.90000e-02
-1.66757e-03	-7.44254e-05	9.82650e-06	-5.04820e-05	-5.92417e-01	-2.36966e-01	1.21374e-02	8.96494e-02	-9.90000e-02
-1.57389e-03	-7.02171e-05	9.47846e-06	-5.18520e-05	-5.86985e-01	-2.34793e-01	1.75487e-02	8.90212e-02	-9.90000e-02
-1.41115e-03	-6.29419e-05	8.59783e-06	-4.81598e-05	-5.82389e-01	-2.32955e-01	2.29594e-02	8.83823e-02	-9.90000e-02
-1.35149e-03	-6.02755e-05	8.25680e-06	-4.17069e-05	-5.78517e-01	-2.31406e-01	2.83686e-02	8.77329e-02	-9.90000e-02
-1.32878e-03	-5.92555e-05	8.15588e-06	-3.88536e-05	-5.73632e-01	-2.29452e-01	3.37757e-02	8.70733e-02	-9.90000e-02
-1.18962e-03	-5.30258e-05	7.47845e-06	-4.05171e-05	-5.68857e-01	-2.27542e-01	3.91798e-02	8.64037e-02	-9.90000e-02
-1.02221e-03	-4.55389e-05	6.60742e-06	-4.10413e-05	-5.66476e-01	-2.26589e-01	4.45801e-02	8.57245e-02	-9.90000e-02
-9.80252e-04	-4.36659e-05	6.35033e-06	-3.74159e-05	-5.65106e-01	-2.26042e-01	4.99758e-02	8.50360e-02	-9.90000e-02
-9.95232e-04	-4.43368e-05	6.40616e-06	-3.30752e-05	-5.62991e-01	-2.25196e-01	5.53662e-02	8.43383e-02	-9.90000e-02
-9.52211e-04	-4.24126e-05	6.17682e-06	-3.10379e-05	-5.61018e-01	-2.24407e-01	6.07505e-02	8.36319e-02	-9.90000e-02
-8.87681e-04	-3.95267e-05	5.83574e-06	-2.96994e-05	-5.59808e-01	-2.23923e-01	6.61278e-02	8.29168e-02	-9.90000e-02
-8.63180e-04	-3.84338e-05	5.68059e-06	-2.70352e-05	-5.58687e-01	-2.23474e-01	7.14975e-02	8.21936e-02	-9.90000e-02
-8.63459e-04	-3.84447e-05	5.68592e-06	-2.38430e-05	-5.57357e-01	-2.22942e-01	7.68586e-02	8.14623e-02	-9.90000e-02
-8.57583e-04	-3.81785e-05	5.67369e-06	-2.20693e-05	-5.55833e-01	-2.22333e-01	8.22105e-02	8.07233e-02	-9.90000e-02
-8.34134e-04	-3.71248e-05	5.58244e-06	-2.22625e-05	-5.54237e-01	-2.21694e-01	8.75523e-02	7.99769e-02	-9.90000e-02
-7.94620e-04	-3.53550e-05	5.39108e-06	-2.30476e-05	-5.52943e-01	-2.21177e-01	9.28833e-02	7.92233e-02	-9.90000e-02
-7.54929e-04	-3.35807e-05	5.17476e-06	-2.28448e-05	-5.52121e-01	-2.20848e-01	9.82026e-02	7.84629e-02	-9.90000e-02
-7.25715e-04	-3.22754e-05	5.00934e-06	-2.15179e-05	-5.51529e-01	-2.20611e-01	1.03510e-01	7.76958e-02	-9.90000e-02
-6.99765e-04	-3.11169e-05	4.85647e-06	-2.00512e-05	-5.50970e-01	-2.20388e-01	1.08804e-01	7.69224e-02	-9.90000e-02
-6.69986e-04	-2.97863e-05	4.68916e-06	-1.91566e-05	-5.50594e-01	-2.20237e-01	1.14083e-01	7.61430e-02	-9.90000e-02
-6.44019e-04	-2.86257e-05	4.54488e-06	-1.86826e-05	-5.50517e-01	-2.20207e-01	1.19349e-01	7.53577e-02	-9.90000e-02
-6.32474e-04	-2.81082e-05	4.48941e-06	-1.80386e-05	-5.50654e-01	-2.20261e-01	1.24599e-01	7.45670e-02	-9.90000e-02
-6.38064e-04	-2.83540e-05	4.54314e-06	-1.67699e-05	-5.50878e-01	-2.20351e-01	1.29832e-01	7.37710e-02	-9.90000e-02
-6.54609e-04	-2.90878e-05	4.66788e-06	-1.48365e-05	-5.51064e-01	-2.20425e-01	1.35049e-01	7.29700e-02	-9.90000e-02
-6.71520e-04	-2.98372e-05	4.79881e-06	-1.26743e-05	-5.51205e-01	-2.20482e-01	1.40248e-01	7.21643e-02	-9.90000e-02
-6.83954e-04	-3.03870e-05	4.90300e-06	-1.08372e-05	-5.51410e-01	-2.20564e-01	1.45428e-01	7.13542e-02	-9.90000e-02
-6.95274e-04	-3.08862e-05	5.00620e-06	-9.48334e-06	-5.51699e-01	-2.20679e-01	1.50590e-01	7.05398e-02	-9.90000e-02
-7.06391e-04	-3.13757e-05	5.11178e-06	-8.38579e-06	-5.51998e-01	-2.20799e-01	1.55731e-01	6.97216e-02	-9.90000e-02
-7.13992e-04	-3.17083e-05	5.19663e-06	-7.32875e-06	-5.52333e-01	-2.20933e-01	1.60852e-01	6.88998e-02	-9.90000e-02
-7.16516e-04	-3.18151e-05	5.24664e-06	-6.27149e-06	-5.52782e-01	-2.21113e-01	1.65952e-01	6.80745e-02	-9.90000e-02
-7.16755e-04	-3.18205e-05	5.27878e-06	-5.38368e-06	-5.53378e-01	-2.21351e-01	1.71029e-01	6.72461e-02	-9.90000e-02
-7.20633e-04	-3.19872e-05	5.33988e-06	-4.93218e-06	-5.54115e-01	-2.21646e-01	1.76083e-01	6.64148e-02	-9.90000e-02
-7.34041e-04	-3.25761e-05	5.47576e-06	-4.97543e-06	-5.54906e-01	-2.21962e-01	1.81114e-01	6.55809e-02	-9.90000e-02
-7.54284e-04	-3.34677e-05	5.66631e-06	-5.25015e-06	-5.55623e-01	-2.22249e-01	1.86121e-01	6.47447e-02	-9.90000e-02
-7.71547e-04	-3.42270e-05	5.83495e-06	-5.38134e-06	-5.56253e-01	-2.22501e-01	1.91103e-01	6.39064e-02	-9.90000e-02
-7.80265e-04	-3.46074e-05	5.93764e-06	-5.08272e-06	-5.56855e-01	-2.22742e-01	1.96059e-01	6.30662e-02	-9.90000e-02
-7.84600e-04	-3.47939e-05	6.00351e-06	-4.23516e-06	-5.57491e-01	-2.22996e-01	2.00989e-01	6.22244e-02	-9.90000e-02
-7.93231e-04	-3.51712e-05	6.10057e-06	-2.92178e-06	-5.58165e-01	-2.23266e-01	2.05892e-01	6.13812e-02	-9.90000e-02
-8.08860e-04	-3.58587e-05	6.25206e-06	-1.44838e-06	-5.58785e-01	-2.23514e-01	2.10767e-01	6.05369e-02	-9.90000e-02
-8.25758e-04	-3.66020e-05	6.41557e-06	-3.33111e-07	-5.59322e-01	-2.23728e-01	2.15614e-01	5.96918e-02	-9.90000e-02
-8.41403e-04	-3.72881e-05	6.57869e-06	-6.60924e-08	-5.59837e-01	-2.23934e-01	2.20432e-01	5.88461e-02	-9.90000e-02
-8.59799e-04	-3.80952e-05	6.76842e-06	-6.31245e-07	-5.60281e-01	-2.24112e-01	2.25221e-01	5.79999e-02	-9.90000e-02
-8.82655e-04	-3.90992e-05	6.99621e-06	-1.42447e-06	-5.60626e-01	-2.24250e-01	2.29978e-01	5.71537e-02	-9.90000e-02
-9.07318e-04	-4.01834e-05	7.23784e-06	-1.81758e-06	-5.60946e-01	-2.24378e-01	2.34706e-01	5.63075e-02	-9.90000e-02
-9.28373e-04	-4.11081e-05	7.44852e-06	-1.51991e-06	-5.61265e-01	-2.24506e-01	2.39401e-01	5.54617e-02	-9.90000e-02
-9.40261e-04	-4.16272e-05	7.58388e-06	-5.00728e-07	-5.61572e-01	-2.24628e-01	2.44064e-01	5.46164e-02	-9.90000e-02
-9.43581e-04	-4.17675e-05	7.64677e-06	8.75167e-07	-5.61874e-01	-2.24749e-01	2.48695e-01	5.37720e-02	-9.90000e-02
-9.45278e-04	-4.18354e-05	7.69996e-06	1.92376e-06	-5.62197e-01	-2.24879e-01	2.53292e-01	5.29286e-02	-9.90000e-02
-9.52096e-04	-4.21287e-05	7.80104e-06	2.31389e-06	-5.62540e-01	-2.25016e-01	2.57855e-01	5.20865e-02	-9.90000e-02
-9.66560e-04	-4.27602e-05	7.96499e-06	2.28083e-06	-5.62873e-01	-2.25149e-01	2.62383e-01	5.12458e-02	-9.90000e-02
-9.89699e-04	-4.37753e-05	8.20131e-06	2.12775e-06	-5.63205e-01	-2.25282e-01	2.66877e-01	5.04069e-02	-9.90000e-02
-1.02263e-03	-4.52230e-05	8.52159e-06	2.04130e-06	-5.63551e-01	-2.25420e-01	2.71334e-01	4.95700e-02	-9.90000e-02
-1.06326e-03	-4.70108e-05	8.90657e-06	2.24113e-06	-5.63877e-01	-2.25550e-01	2.75756e-01	4.87352e-02	-9.90000e-02
-1.10390e-03	-4.87987e-05	9.29337e-06	2.82889e-06	-5.64165e-01	-2.25666e-01	2.80140e-01	4.79028e-02	-9.90000e-02
-1.13480e-03	-5.01561e-05	9.59896e-06	3.56282e-06	-5.64396e-01	-2.25758e-01	2.84487e-01	4.70730e-02	-9.90000e-02
-1.15034e-03	-5.08338e-05	9.77877e-06	4.01170e-06	-5.64527e-01	-2.25810e-01	2.88796e-01	4.62460e-02	-9.90000e-02
-1.15692e-03	-5.11146e-05	9.88626e-06	3.98369e-06	-5.64575e-01	-2.25829e-01	2.93067e-01	4.54221e-02	-9.90000e-02
-1.16604e-03	-5.15070e-05	1.00169e-05	3.76249e-06	-5.64599e-01	-2.25839e-01	2.97298e-01	4.46014e-02	-9.90000e-02
-1.18472e-03	-5.23225e-05	1.02272e-05	3.88012e-06	-5.64593e-01	-2.25837e-01	3.01490e-01	4.37842e-02	-9.90000e-02
-1.21063e-03	-5.34572e-05	1.04998e-05	4.48934e-06	-5.64555e-01	-2.25821e-01	3.05643e-01	4.29706e-02	-9.90000e-02
-1.23845e-03	-5.46756e-05	1.07915e-05	5.11167e-06	-5.64506e-01	-2.25802e-01	3.09754e-01	4.21610e-02	-9.90000e-02
-1.26630e-03	-5.58949e-05	1.10854e-05	5.28278e-06	-5.64409e-01	-2.25763e-01	3.13825e-01	4.13554e-02	-9.90000e-02
-1.29180e-03	-5.70095e-05	1.13644e-05	5.04147e-06	-5.64262e-01	-2.25704e-01	3.17855e-01	4.05541e-02	-9.90000e-02
-1.31635e-03	-5.80812e-05	1.16403e-05	4.53194e-06	-5.64094e-01	-2.25637e-01	3.21842e-01	3.97574e-02	-9.90000e-02
-1.34348e-03	-5.92669e-05	1.19352e-05	3.83296e-06	-5.63879e-01	-2.25551e-01	3.25788e-01	3.89653e-02	-9.90000e-02
-1.37263e-03	-6.05423e-05	1.22475e-05	3.34419e-06	-5.63652e-01	-2.25460e-01	3.29691e-01	3.81781e-02	-9.90000e-02
-1.40241e-03	-6.18440e-05	1.25716e-05	3.50211e-06	-5.63470e-01	-2.25387e-01	3.33550e-01	3.73959e-02	-9.90000e-02
-1.43841e-03	-6.34196e-05	1.29512e-05	4.18923e-06	-5.63234e-01	-2.25293e-01	3.37367e-01	3.66191e-02	-9.90000e-02
-1.47918e-03	-6.52065e-05	1.33713e-05	4.90824e-06	-5.62812e-01	-2.25124e-01	3.41139e-01	3.58477e-02	-9.90000e-02
-1.51053e-03	-6.65766e-05	1.37123e-05	5.30547e-06	-5.62307e-01	-2.24922e-01	3.44867e-01	3.50819e-02	-9.90000e-02
-1.53037e-03	-6.74374e-05	1.39571e-05	5.40077e-06	-5.61875e-01	-2.24750e-01	3.48550e-01	3.43220e-02	-9.90000e-02
-1.55221e-03	-6.83871e-05	1.42177e-05	5.47484e-06	-5.61396e-01	-2.24558e-01	3.52189e-01	3.35681e-02	-9.90000e-02
-1.58132e-03	-6.96583e-05	1.45398e-05	5.73334e-06	-5.60748e-01	-2.24299e-01	3.55782e-01	3.28204e-02	-9.90000e-02
-1.60874e-03	-7.08527e-05	1.48567e-05	6.04692e-06	-5.60083e-01	-2.24033e-01	3.59330e-01	3.20790e-02	-9.90000e-02
-1.63313e-03	-7.19140e-05	1.51437e-05	6.26351e-06	-5.59526e-01	-2.23810e-01	3.62832e-01	3.13442e-02	-9.90000e-02
-1.65976e-03	-7.30750e-05	1.54447e-05	6.68992e-06	-5.59000e-01	-2.23599e-01	3.66287e-01	3.06161e-02	-9.90000e-02
-1.69490e-03	-7.46106e-05	1.58263e-05	7.59651e-06	-5.58340e-01	-2.23335e-01	3.69697e-01	2.98949e-02	-9.90000e-02
-1.73908e-03	-7.65416e-05	1.63039e-05	8.41801e-06	-5.57434e-01	-2.22973e-01	3.73059e-01	2.91807e-02	-9.90000e-02
-1.78040e-03	-7.83451e-05	1.67620e-05	8.53915e-06	-5.56372e-01	-2.22548e-01	3.76374e-01	2.84737e-02	-9.90000e-02
-1.80477e-03	-7.94044e-05	1.70524e-05	8.08870e-06	-5.55367e-01	-2.22146e-01	3.79642e-01	2.77741e-02	-9.90000e-02
-1.82233e-03	-8.01644e-05	1.72772e-05	7.31634e-06	-5.54502e-01	-2.21800e-01	3.82863e-01	2.70820e-02	-9.90000e-02
-1.85167e-03	-8.14410e-05	1.76196e-05	6.38465e-06	-5.53604e-01	-2.21441e-01	3.86036e-01	2.63975e-02	-9.90000e-02
-1.88998e-03	-8.31107e-05	1.80549e-05	5.54665e-06	-5.52529e-01	-2.21011e-01	3.89161e-01	2.57208e-02	-9.90000e-02
-1.92540e-03	-8.46520e-05	1.84669e-05	4.78076e-06	-5.51365e-01	-2.20545e-01	3.92239e-01	2.50521e-02	-9.90000e-02
-1.95283e-03	-8.58444e-05	1.87926e-05	4.11942e-06	-5.50177e-01	-2.20070e-01	3.95268e-01	2.43915e-02	-9.90000e-02
-1.96765e-03	-8.64844e-05	1.89876e-05	3.94257e-06	-5.49005e-01	-2.19601e-01	3.98248e-01	2.37391e-02	-9.90000e-02
-1.96809e-03	-8.64896e-05	1.90568e-05	4.17384e-06	-5.47946e-01	-2.19178e-01	4.01181e-01	2.30951e-02	-9.90000e-02
-1.96641e-03	-8.63989e-05	1.91170e-05	4.26755e-06	-5.46925e-01	-2.18769e-01	4.04064e-01	2.24595e-02	-9.90000e-02
-1.97066e-03	-8.65714e-05	1.92213e-05	4.08828e-06	-5.45779e-01	-2.18311e-01	4.06899e-01	2.18325e-02	-9.90000e-02
-1.97878e-03	-8.69176e-05	1.93488e-05	3.87733e-06	-5.44505e-01	-2.17801e-01	4.09685e-01	2.12143e-02	-9.90000e-02
-1.98420e-03	-8.71435e-05	1.94568e-05	3.71122e-06	-5.43175e-01	-2.17269e-01	4.12423e-01	2.06048e-02	-9.90000e-02
-1.98201e-03	-8.70310e-05	1.95080e-05	3.59412e-06	-5.41828e-01	-2.16731e-01	4.15111e-01	2.00043e-02	-9.90000e-02
-1.97546e-03	-8.67289e-05	1.95086e-05	3.68706e-06	-5.40412e-01	-2.16164e-01	4.17751e-01	1.94129e-02	-9.90000e-02
-1.96697e-03	-8.63435e-05	1.94812e-05	3.97333e-06	-5.38897e-01	-2.15558e-01	4.20342e-01	1.88306e-02	-9.90000e-02
-1.94960e-03	-8.55670e-05	1.93700e-05	4.04033e-06	-5.37449e-01	-2.14979e-01	4.22884e-01	1.82575e-02	-9.90000e-02
-1.92324e-03	-8.43978e-05	1.91629e-05	3.60616e-06	-5.36218e-01	-2.14486e-01	4.25377e-01	1.76937e-02	-9.90000e-02
-1.89928e-03	-8.33358e-05	1.89699e-05	2.87733e-06	-5.35068e-01	-2.14026e-01	4.27821e-01	1.71393e-02	-9.90000e-02
-1.88345e-03	-8.26309e-05	1.88578e-05	2.26226e-06	-5.33803e-01	-2.13520e-01	4.30217e-01	1.65944e-02	-9.90000e-02
-1.87387e-03	-8.21970e-05	1.88211e-05	2.14676e-06	-5.32412e-01	-2.12964e-01	4.32563e-01	1.60591e-02	-9.90000e-02
-1.86317e-03	-8.17136e-05	1.87744e-05	2.55918e-06	-5.30968e-01	-2.12387e-01	4.34862e-01	1.55333e-02	-9.90000e-02
-1.84198e-03	-8.07725e-05	1.86112e-05	3.13841e-06	-5.29623e-01	-2.11848e-01	4.37111e-01	1.50173e-02	-9.90000e-02
-1.81805e-03	-7.97147e-05	1.84065e-05	3.81162e-06	-5.28501e-01	-2.11400e-01	4.39313e-01	1.45110e-02	-9.90000e-02
-1.80365e-03	-7.90733e-05	1.83036e-05	4.63589e-06	-5.27477e-01	-2.10990e-01	4.41466e-01	1.40144e-02	-9.90000e-02
-1.78173e-03	-7.81001e-05	1.81350e-05	5.05096e-06	-5.26450e-01	-2.10579e-01	4.43571e-01	1.35277e-02	-9.90000e-02
-1.73852e-03	-7.61948e-05	1.77434e-05	4.41433e-06	-5.25637e-01	-2.10254e-01	4.45629e-01	1.30508e-02	-9.90000e-02
-1.70708e-03	-7.48047e-05	1.74746e-05	3.05748e-06	-5.25044e-01	-2.10017e-01	4.47639e-01	1.25838e-02	-9.90000e-02
-1.70922e-03	-7.48926e-05	1.75218e-05	2.10954e-06	-5.24310e-01	-2.09723e-01	4.49601e-01	1.21267e-02	-9.90000e-02
-1.72587e-03	-7.56163e-05	1.77165e-05	2.31537e-06	-5.23360e-01	-2.09343e-01	4.51516e-01	1.16795e-02	-9.90000e-02
-1.74312e-03	-7.63647e-05	1.79258e-05	3.32004e-06	-5.22346e-01	-2.08938e-01	4.53385e-01	1.12422e-02	-9.90000e-02
-1.75365e-03	-7.68174e-05	1.80696e-05	4.41317e-06	-5.21380e-01	-2.08551e-01	4.55207e-01	1.08149e-02	-9.90000e-02
-1.75118e-03	-7.66961e-05	1.81005e-05	5.41666e-06	-5.20540e-01	-2.08215e-01	4.56982e-01	1.03975e-02	-9.90000e-02
-1.74663e-03	-7.64802e-05	1.81233e-05	6.44218e-06	-5.19739e-01	-2.07895e-01	4.58712e-01	9.99004e-03	-9.90000e-02
-1.75037e-03	-7.66309e-05	1.82182e-05	7.42888e-06	-5.18828e-01	-2.07530e-01	4.60396e-01	9.59246e-03	-9.90000e-02
-1.75740e-03	-7.69360e-05	1.83027e-05	8.22990e-06	-5.17786e-01	-2.07114e-01	4.62035e-01	9.20477e-03	-9.90000e-02
-1.76127e-03	-7.71067e-05	1.83368e-05	8.94957e-06	-5.16710e-01	-2.06683e-01	4.63630e-01	8.82691e-03	-9.90000e-02
-1.75449e-03	-7.67978e-05	1.83178e-05	9.90051e-06	-5.15714e-01	-2.06285e-01	4.65179e-01	8.45886e-03	-9.90000e-02
-1.73076e-03	-7.57439e-05	1.81340e-05	1.10196e-05	-5.14863e-01	-2.05945e-01	4.66685e-01	8.10056e-03	-9.90000e-02
-1.69874e-03	-7.43353e-05	1.78281e-05	1.18135e-05	-5.14143e-01	-2.05656e-01	4.68148e-01	7.75197e-03	-9.90000e-02
-1.67839e-03	-7.34401e-05	1.76351e-05	1.21755e-05	-5.13449e-01	-2.05379e-01	4.69567e-01	7.41301e-03	-9.90000e-02
-1.67352e-03	-7.32217e-05	1.76059e-05	1.24025e-05	-5.12666e-01	-2.05066e-01	4.70944e-01	7.08363e-03	-9.90000e-02
-1.66918e-03	-7.30255e-05	1.75852e-05	1.26604e-05	-5.11797e-01	-2.04718e-01	4.72280e-01	6.76374e-03	-9.90000e-02
-1.65100e-03	-7.22228e-05	1.74256e-05	1.29943e-05	-5.10916e-01	-2.04366e-01	4.73573e-01	6.45327e-03	-9.90000e-02
-1.61359e-03	-7.05780e-05	1.70635e-05	1.33734e-05	-5.10101e-01	-2.04040e-01	4.74826e-01	6.15211e-03	-9.90000e-02
-1.56587e-03	-6.84858e-05	1.65797e-05	1.35417e-05	-5.09390e-01	-2.03755e-01	4.76039e-01	5.86016e-03	-9.90000e-02
-1.52260e-03	-6.65922e-05	1.61267e-05	1.33448e-05	-5.08748e-01	-2.03498e-01	4.77212e-01	5.57733e-03	-9.90000e-02
-1.48861e-03	-6.51022e-05	1.57803e-05	1.31767e-05	-5.08165e-01	-2.03265e-01	4.78346e-01	5.30350e-03	-9.90000e-02
-1.45986e-03	-6.38372e-05	1.55072e-05	1.36134e-05	-5.07667e-01	-2.03066e-01	4.79442e-01	5.03854e-03	-9.90000e-02
-1.43570e-03	-6.27748e-05	1.52761e-05	1.47038e-05	-5.07235e-01	-2.02893e-01	4.80500e-01	4.78232e-03	-9.90000e-02
-1.42139e-03	-6.21456e-05	1.51369e-05	1.59774e-05	-5.06823e-01	-2.02729e-01	4.81522e-01	4.53470e-03	-9.90000e-02
-1.41882e-03	-6.20300e-05	1.51236e-05	1.70207e-05	-5.06383e-01	-2.02553e-01	4.82507e-01	4.29554e-03	-9.90000e-02
-1.41763e-03	-6.19740e-05	1.51259e-05	1.76506e-05	-5.05904e-01	-2.02361e-01	4.83457e-01	4.06468e-03	-9.90000e-02
-1.40765e-03	-6.15333e-05	1.50380e-05	1.77506e-05	-5.05421e-01	-2.02168e-01	4.84373e-01	3.84196e-03	-9.90000e-02
-1.38984e-03	-6.07505e-05	1.48651e-05	1.73199e-05	-5.04953e-01	-2.01981e-01	4.85254e-01	3.62721e-03	-9.90000e-02
-1.37070e-03	-5.99109e-05	1.46722e-05	1.65540e-05	-5.04511e-01	-2.01804e-01	4.86103e-01	3.42025e-03	-9.90000e-02
-1.35408e-03	-5.91821e-05	1.45039e-05	1.56575e-05	-5.04076e-01	-2.01630e-01	4.86920e-01	3.22090e-03	-9.90000e-02
-1.34276e-03	-5.86857e-05	1.43909e-05	1.47381e-05	-5.03655e-01	-2.01461e-01	4.87705e-01	3.02895e-03	-9.90000e-02
-1.33603e-03	-5.83857e-05	1.43409e-05	1.38579e-05	-5.03240e-01	-2.01296e-01	4.88461e-01	2.84422e-03	-9.90000e-02
-1.32934e-03	-5.80880e-05	1.42914e-05	1.30642e-05	-5.02812e-01	-2.01124e-01	4.89187e-01	2.66648e-03	-9.90000e-02
-1.31729e-03	-5.75570e-05	1.41815e-05	1.23824e-05	-5.02395e-01	-2.00958e-01	4.89884e-01	2.49552e-03	-9.90000e-02
-1.29864e-03	-5.67353e-05	1.40076e-05	1.18499e-05	-5.01970e-01	-2.00787e-01	4.90555e-01	2.33111e-03	-9.90000e-02
-1.27424e-03	-5.56646e-05	1.37625e-05	1.14930e-05	-5.01574e-01	-2.00629e-01	4.91199e-01	2.17302e-03	-9.90000e-02
-1.24683e-03	-5.44620e-05	1.34891e-05	1.13010e-05	-5.01187e-01	-2.00474e-01	4.91818e-01	2.02101e-03	-9.90000e-02
-1.21603e-03	-5.31162e-05	1.31560e-05	1.12170e-05	-5.00777e-01	-2.00310e-01	4.92413e-01	1.87482e-03	-9.90000e-02
-1.18346e-03	-5.16945e-05	1.27997e-05	1.11814e-05	-5.00423e-01	-2.00169e-01	4.92984e-01	1.73421e-03	-9.90000e-02
-1.14368e-03	-4.99500e-05	1.23981e-05	1.11511e-05	-4.99994e-01	-1.99997e-01	4.93534e-01	1.59889e-03	-9.90000e-02
-1.09848e-03	-4.79808e-05	1.18893e-05	1.11080e-05	-4.99705e-01	-1.99882e-01	4.94063e-01	1.46860e-03	-9.90000e-02
-1.04546e-03	-4.56401e-05	1.14156e-05	1.10687e-05	-4.99328e-01	-1.99731e-01	4.94572e-01	1.34306e-03	-9.90000e-02
-9.87476e-04	-4.31241e-05	1.07199e-05	1.10465e-05	-4.99063e-01	-1.99625e-01	4.95063e-01	1.22198e-03	-9.90000e-02
-9.26288e-04	-4.04186e-05	1.01908e-05	1.10333e-05	-4.98822e-01	-1.99528e-01	4.95537e-01	1.10505e-03	-9.90000e-02
-8.60126e-04	-3.75517e-05	9.38133e-06	1.10370e-05	-4.98475e-01	-1.99389e-01	4.95995e-01	9.91973e-04	-9.90000e-02
-7.93229e-04	-3.46087e-05	8.74237e-06	1.10658e-05	-4.98453e-01	-1.99381e-01	4.96438e-01	8.82435e-04	-9.90000e-02
-7.21861e-04	-3.14823e-05	8.00657e-06	1.11214e-05	-4.97975e-01	-1.99190e-01	4.96868e-01	7.76113e-04	-9.90000e-02
-6.42069e-04	-2.80340e-05	6.99373e-06	1.12223e-05	-4.98093e-01	-1.99237e-01	4.97286e-01	6.72677e-04	-9.90000e-02
-5.66876e-04	-2.46476e-05	6.59194e-06	1.13062e-05	-4.97733e-01	-1.99093e-01	4.97694e-01	5.71789e-04	-9.90000e-02
-4.62116e-04	-2.02258e-05	4.83594e-06	1.14104e-05	-4.97538e-01	-1.99015e-01	4.98092e-01	4.73103e-04	-9.90000e-02
-4.03289e-04	-1.73807e-05	5.31155e-06	1.14411e-05	-4.98092e-01	-1.99236e-01	4.98483e-01	3.76264e-04	-9.90000e-02
-2.91415e-04	-1.27451e-05	3.08778e-06	1.12441e-05	-4.96906e-01	-1.98762e-01	4.98868e-01	2.80912e-04	-9.90000e-02
-3.28298e-04	-1.41466e-05	4.33177e-06	1.12581e-05	-5.00798e-01	-2.00319e-01	4.99248e-01	1.86674e-04	-9.90000e-02
-5.55770e-04	-2.25969e-05	1.27785e-05	1.02363e-05	-5.00687e-01	-2.00274e-01	4.99625e-01	9.31737e-05	-9.90000e-02
-4.51793e-04	-2.90077e-05	-3.24488e-05	6.15561e-06	-5.05858e-01	-2.02342e-01	5.00000e-01	0.00000e+00	-9.90000e-02
