"Density"	"Momentum:0"	"Momentum:1"	"Momentum:2"	"StagnationEnergy"	"Pressure"	"Points:0"	"Points:1"	"Points:2"
1.86859e-02	-7.77144e-04	8.50485e-04	-2.18588e-04	-1.15119e-01	-4.60622e-02	-5.14734e-01	0.00000e+00	7.92000e-02
-2.78441e-04	3.63957e-05	-1.44069e-05	-7.42827e-05	-4.34041e-01	-1.73611e-01	-5.14682e-01	2.24940e-03	7.92000e-02
4.55533e-03	4.52692e-05	2.04266e-04	-9.04448e-05	-3.14290e-01	-1.25718e-01	-5.14525e-01	4.49391e-03	7.92000e-02
1.24834e-02	7.87568e-05	5.63336e-04	-1.03762e-04	-3.78057e-01	-1.51228e-01	-5.14262e-01	6.72853e-03	7.92000e-02
1.57496e-02	1.61996e-04	6.99564e-04	-9.93698e-05	-3.88640e-01	-1.55463e-01	-5.13895e-01	8.94825e-03	7.92000e-02
1.92294e-02	2.05227e-04	8.51457e-04	-9.70358e-05	-4.44303e-01	-1.77729e-01	-5.13423e-01	1.11482e-02	7.92000e-02
2.19238e-02	2.91258e-04	9.54972e-04	-8.59447e-05	-5.31619e-01	-2.12657e-01	-5.12849e-01	1.33239e-02	7.92000e-02
2.34896e-02	3.46315e-04	1.01162e-03	-7.75598e-05	-5.85522e-01	-2.34219e-01	-5.12176e-01	1.54710e-02	7.92000e-02
2.46171e-02	4.08897e-04	1.04290e-03	-6.64302e-05	-6.77724e-01	-2.71100e-01	-5.11409e-01	1.75859e-02	7.92000e-02
2.50276e-02	4.57912e-04	1.04233e-03	-5.70137e-05	-7.41389e-01	-2.96566e-01	-5.10594e-01	1.95631e-02	7.92000e-02
2.51198e-02	4.93012e-04	1.03042e-03	-4.97290e-05	-8.01762e-01	-3.20715e-01	-5.09778e-01	2.13460e-02	7.92000e-02
2.49904e-02	5.25463e-04	1.00723e-03	-4.28226e-05	-8.59520e-01	-3.43818e-01	-5.08958e-01	2.29841e-02	7.92000e-02
2.46709e-02	5.45676e-04	9.79440e-04	-3.81053e-05	-9.01520e-01	-3.60618e-01	-5.08134e-01	2.45097e-02	7.92000e-02
2.42865e-02	5.64384e-04	9.48133e-04	-3.35698e-05	-9.46952e-01	-3.78791e-01	-5.07304e-01	2.59457e-02	7.92000e-02
2.38077e-02	5.76401e-04	9.14908e-04	-3.03098e-05	-9.81968e-01	-3.92797e-01	-5.06467e-01	2.73089e-02	7.92000e-02
2.33195e-02	5.86063e-04	8.81902e-04	-2.76045e-05	-1.01567e+00	-4.06276e-01	-5.05620e-01	2.86119e-02	7.92000e-02
2.28070e-02	5.92981e-04	8.48704e-04	-2.54540e-05	-1.04581e+00	-4.18333e-01	-5.04762e-01	2.98647e-02	7.92000e-02
2.22593e-02	5.96469e-04	8.15332e-04	-2.39084e-05	-1.07193e+00	-4.28783e-01	-5.03893e-01	3.10754e-02	7.92000e-02
2.17487e-02	5.99477e-04	7.83840e-04	-2.26919e-05	-1.09674e+00	-4.38706e-01	-5.03011e-01	3.22503e-02	7.92000e-02
2.11866e-02	5.99074e-04	7.51507e-04	-2.18825e-05	-1.11830e+00	-4.47327e-01	-5.02114e-01	3.33947e-02	7.92000e-02
2.06644e-02	5.98404e-04	7.21242e-04	-2.13653e-05	-1.13817e+00	-4.55278e-01	-5.01201e-01	3.45132e-02	7.92000e-02
2.01460e-02	5.96416e-04	6.91865e-04	-2.10961e-05	-1.15623e+00	-4.62501e-01	-5.00271e-01	3.56094e-02	7.92000e-02
1.96266e-02	5.93077e-04	6.63202e-04	-2.10517e-05	-1.17228e+00	-4.68921e-01	-4.99323e-01	3.66865e-02	7.92000e-02
1.91158e-02	5.88869e-04	6.35472e-04	-2.11504e-05	-1.18710e+00	-4.74848e-01	-4.98356e-01	3.77473e-02	7.92000e-02
1.86282e-02	5.84276e-04	6.09188e-04	-2.14240e-05	-1.20032e+00	-4.80137e-01	-4.97368e-01	3.87939e-02	7.92000e-02
1.81531e-02	5.79111e-04	5.83924e-04	-2.18004e-05	-1.21224e+00	-4.84905e-01	-4.96357e-01	3.98285e-02	7.92000e-02
1.76987e-02	5.73703e-04	5.59927e-04	-2.22566e-05	-1.22303e+00	-4.89220e-01	-4.95325e-01	4.08527e-02	7.92000e-02
1.72499e-02	5.67646e-04	5.36670e-04	-2.27518e-05	-1.23258e+00	-4.93039e-01	-4.94268e-01	4.18680e-02	7.92000e-02
1.68311e-02	5.61820e-04	5.14889e-04	-2.32844e-05	-1.24116e+00	-4.96472e-01	-4.93185e-01	4.28757e-02	7.92000e-02
1.64269e-02	5.55780e-04	4.94065e-04	-2.38358e-05	-1.24873e+00	-4.99498e-01	-4.92077e-01	4.38769e-02	7.92000e-02
1.60350e-02	5.49515e-04	4.74093e-04	-2.43868e-05	-1.25538e+00	-5.02158e-01	-4.90942e-01	4.48725e-02	7.92000e-02
1.56657e-02	5.43433e-04	4.55255e-04	-2.49394e-05	-1.26120e+00	-5.04487e-01	-4.89779e-01	4.58633e-02	7.92000e-02
1.53190e-02	5.37585e-04	4.37510e-04	-2.54757e-05	-1.26621e+00	-5.06489e-01	-4.88586e-01	4.68500e-02	7.92000e-02
1.49859e-02	5.31714e-04	4.20569e-04	-2.59543e-05	-1.27049e+00	-5.08204e-01	-4.87364e-01	4.78333e-02	7.92000e-02
1.46748e-02	5.26161e-04	4.04626e-04	-2.63767e-05	-1.27409e+00	-5.09640e-01	-4.86110e-01	4.88136e-02	7.92000e-02
1.43822e-02	5.20844e-04	3.89568e-04	-2.67401e-05	-1.27704e+00	-5.10824e-01	-4.84825e-01	4.97912e-02	7.92000e-02
1.41094e-02	5.15861e-04	3.75375e-04	-2.70609e-05	-1.27943e+00	-5.11779e-01	-4.83508e-01	5.07666e-02	7.92000e-02
1.38594e-02	5.11356e-04	3.62110e-04	-2.73690e-05	-1.28129e+00	-5.12520e-01	-4.82156e-01	5.17400e-02	7.92000e-02
1.36255e-02	5.07116e-04	3.49556e-04	-2.76650e-05	-1.28267e+00	-5.13074e-01	-4.80771e-01	5.27115e-02	7.92000e-02
1.34145e-02	5.03433e-04	3.37859e-04	-2.79697e-05	-1.28363e+00	-5.13459e-01	-4.79351e-01	5.36813e-02	7.92000e-02
1.32214e-02	5.00145e-04	3.26861e-04	-2.82759e-05	-1.28422e+00	-5.13692e-01	-4.77895e-01	5.46496e-02	7.92000e-02
1.30504e-02	4.97452e-04	3.16634e-04	-2.85998e-05	-1.28447e+00	-5.13795e-01	-4.76402e-01	5.56163e-02	7.92000e-02
1.29000e-02	4.95322e-04	3.07107e-04	-2.89585e-05	-1.28445e+00	-5.13783e-01	-4.74872e-01	5.65814e-02	7.92000e-02
1.27667e-02	4.93649e-04	2.98162e-04	-2.93789e-05	-1.28418e+00	-5.13678e-01	-4.73305e-01	5.75450e-02	7.92000e-02
1.26630e-02	4.92939e-04	2.90065e-04	-2.99398e-05	-1.28373e+00	-5.13498e-01	-4.71699e-01	5.85069e-02	7.92000e-02
1.25767e-02	4.92750e-04	2.82494e-04	-3.06700e-05	-1.28313e+00	-5.13256e-01	-4.70054e-01	5.94671e-02	7.92000e-02
1.25094e-02	4.93159e-04	2.75458e-04	-3.16289e-05	-1.28241e+00	-5.12968e-01	-4.68369e-01	6.04253e-02	7.92000e-02
1.24677e-02	4.94458e-04	2.69072e-04	-3.28888e-05	-1.28161e+00	-5.12648e-01	-4.66644e-01	6.13815e-02	7.92000e-02
1.24454e-02	4.96413e-04	2.63167e-04	-3.44879e-05	-1.28074e+00	-5.12302e-01	-4.64878e-01	6.23355e-02	7.92000e-02
1.24417e-02	4.99018e-04	2.57701e-04	-3.64773e-05	-1.27984e+00	-5.11941e-01	-4.63071e-01	6.32871e-02	7.92000e-02
1.24579e-02	5.02338e-04	2.52665e-04	-3.89176e-05	-1.27891e+00	-5.11567e-01	-4.61221e-01	6.42361e-02	7.92000e-02
1.24929e-02	5.06344e-04	2.48014e-04	-4.18695e-05	-1.27795e+00	-5.11184e-01	-4.59330e-01	6.51821e-02	7.92000e-02
1.25441e-02	5.10947e-04	2.43674e-04	-4.53892e-05	-1.27696e+00	-5.10791e-01	-4.57396e-01	6.61250e-02	7.92000e-02
1.26114e-02	5.16153e-04	2.39620e-04	-4.95380e-05	-1.27593e+00	-5.10378e-01	-4.55418e-01	6.70646e-02	7.92000e-02
1.26923e-02	5.21867e-04	2.35778e-04	-5.43726e-05	-1.27485e+00	-5.09946e-01	-4.53397e-01	6.80004e-02	7.92000e-02
1.27852e-02	5.28036e-04	2.32113e-04	-5.99575e-05	-1.27371e+00	-5.09488e-01	-4.51332e-01	6.89323e-02	7.92000e-02
1.28898e-02	5.34648e-04	2.28592e-04	-6.63747e-05	-1.27246e+00	-5.08989e-01	-4.49222e-01	6.98599e-02	7.92000e-02
1.29983e-02	5.41391e-04	2.25072e-04	-7.36952e-05	-1.27110e+00	-5.08446e-01	-4.47067e-01	7.07829e-02	7.92000e-02
1.31124e-02	5.48339e-04	2.21573e-04	-8.20227e-05	-1.26956e+00	-5.07831e-01	-4.44868e-01	7.17010e-02	7.92000e-02
1.32267e-02	5.55264e-04	2.17987e-04	-9.14255e-05	-1.26786e+00	-5.07150e-01	-4.42623e-01	7.26138e-02	7.92000e-02
1.33452e-02	5.62340e-04	2.14388e-04	-1.02068e-04	-1.26597e+00	-5.06393e-01	-4.40332e-01	7.35211e-02	7.92000e-02
1.34560e-02	5.69071e-04	2.10571e-04	-1.14043e-04	-1.26388e+00	-5.05558e-01	-4.37995e-01	7.44225e-02	7.92000e-02
1.35534e-02	5.75196e-04	2.06476e-04	-1.27235e-04	-1.26158e+00	-5.04640e-01	-4.35613e-01	7.53176e-02	7.92000e-02
1.36302e-02	5.80416e-04	2.01987e-04	-1.41763e-04	-1.25904e+00	-5.03624e-01	-4.33183e-01	7.62061e-02	7.92000e-02
1.36795e-02	5.84441e-04	1.96988e-04	-1.58377e-04	-1.25651e+00	-5.02612e-01	-4.30707e-01	7.70877e-02	7.92000e-02
1.37000e-02	5.87196e-04	1.91515e-04	-1.76667e-04	-1.25377e+00	-5.01513e-01	-4.28185e-01	7.79619e-02	7.92000e-02
1.37109e-02	5.89495e-04	1.85877e-04	-1.96025e-04	-1.25078e+00	-5.00318e-01	-4.25615e-01	7.88285e-02	7.92000e-02
1.36663e-02	5.89346e-04	1.79490e-04	-2.17435e-04	-1.24852e+00	-4.99415e-01	-4.22998e-01	7.96871e-02	7.92000e-02
1.35426e-02	5.85709e-04	1.72126e-04	-2.40205e-04	-1.24623e+00	-4.98498e-01	-4.20334e-01	8.05372e-02	7.92000e-02
1.34037e-02	5.81297e-04	1.64784e-04	-2.60538e-04	-1.24267e+00	-4.97075e-01	-4.17623e-01	8.13786e-02	7.92000e-02
1.32128e-02	5.74512e-04	1.57011e-04	-2.78913e-04	-1.23990e+00	-4.95966e-01	-4.14864e-01	8.22110e-02	7.92000e-02
1.28397e-02	5.59730e-04	1.47191e-04	-2.98587e-04	-1.23929e+00	-4.95724e-01	-4.12058e-01	8.30338e-02	7.92000e-02
1.24528e-02	5.44224e-04	1.37466e-04	-3.18070e-04	-1.23776e+00	-4.95112e-01	-4.09204e-01	8.38469e-02	7.92000e-02
1.22861e-02	5.38159e-04	1.30692e-04	-3.37207e-04	-1.23425e+00	-4.93706e-01	-4.06302e-01	8.46497e-02	7.92000e-02
1.21508e-02	5.33353e-04	1.24528e-04	-3.60038e-04	-1.23374e+00	-4.93503e-01	-4.03353e-01	8.54421e-02	7.92000e-02
1.18862e-02	5.22799e-04	1.17174e-04	-3.88326e-04	-1.23486e+00	-4.93951e-01	-4.00357e-01	8.62236e-02	7.92000e-02
1.17389e-02	5.17325e-04	1.11162e-04	-4.19506e-04	-1.23180e+00	-4.92730e-01	-3.97313e-01	8.69939e-02	7.92000e-02
1.16579e-02	5.14807e-04	1.05467e-04	-4.48372e-04	-1.23261e+00	-4.93053e-01	-3.94221e-01	8.77526e-02	7.92000e-02
1.11535e-02	4.93412e-04	9.65733e-05	-4.81250e-04	-1.24141e+00	-4.96571e-01	-3.91082e-01	8.84994e-02	7.92000e-02
1.05314e-02	4.66893e-04	8.61763e-05	-5.26975e-04	-1.24108e+00	-4.96442e-01	-3.87896e-01	8.92340e-02	7.92000e-02
1.05661e-02	4.69046e-04	8.30114e-05	-5.62088e-04	-1.22226e+00	-4.88914e-01	-3.84662e-01	8.99560e-02	7.92000e-02
1.12810e-02	5.01007e-04	8.68422e-05	-5.51267e-04	-1.19291e+00	-4.77175e-01	-3.81381e-01	9.06651e-02	7.92000e-02
1.21285e-02	5.38499e-04	9.33592e-05	-5.04119e-04	-1.16095e+00	-4.64391e-01	-3.78053e-01	9.13610e-02	7.92000e-02
1.27665e-02	5.66718e-04	9.81631e-05	-4.51543e-04	-1.13176e+00	-4.52711e-01	-3.74678e-01	9.20434e-02	7.92000e-02
1.27608e-02	5.66625e-04	9.67671e-05	-4.00659e-04	-1.11234e+00	-4.44943e-01	-3.71257e-01	9.27120e-02	7.92000e-02
1.18673e-02	5.27268e-04	8.78434e-05	-3.55883e-04	-1.09883e+00	-4.39538e-01	-3.67789e-01	9.33664e-02	7.92000e-02
1.03867e-02	4.62117e-04	7.30157e-05	-3.21497e-04	-1.08208e+00	-4.32837e-01	-3.64275e-01	9.40064e-02	7.92000e-02
8.89955e-03	3.96470e-04	5.92214e-05	-2.95423e-04	-1.06226e+00	-4.24908e-01	-3.60714e-01	9.46317e-02	7.92000e-02
8.07176e-03	3.59860e-04	5.17664e-05	-2.79285e-04	-1.02956e+00	-4.11828e-01	-3.57108e-01	9.52420e-02	7.92000e-02
7.75146e-03	3.45911e-04	4.73248e-05	-2.63978e-04	-9.89996e-01	-3.96003e-01	-3.53456e-01	9.58371e-02	7.92000e-02
7.15460e-03	3.19385e-04	4.26628e-05	-2.35938e-04	-9.67730e-01	-3.87096e-01	-3.49758e-01	9.64165e-02	7.92000e-02
6.26686e-03	2.79826e-04	3.66497e-05	-1.93788e-04	-9.51721e-01	-3.80692e-01	-3.46015e-01	9.69802e-02	7.92000e-02
5.59691e-03	2.50005e-04	3.18857e-05	-1.41046e-04	-9.30921e-01	-3.72371e-01	-3.42228e-01	9.75279e-02	7.92000e-02
4.81273e-03	2.15055e-04	2.67066e-05	-9.58492e-05	-9.19491e-01	-3.67799e-01	-3.38396e-01	9.80593e-02	7.92000e-02
3.60556e-03	1.61223e-04	1.90666e-05	-8.04744e-05	-9.13541e-01	-3.65418e-01	-3.34520e-01	9.85741e-02	7.92000e-02
2.70746e-03	1.21147e-04	1.35844e-05	-8.67920e-05	-8.98921e-01	-3.59570e-01	-3.30599e-01	9.90722e-02	7.92000e-02
2.69819e-03	1.20789e-04	1.29826e-05	-8.19725e-05	-8.77906e-01	-3.51164e-01	-3.26636e-01	9.95533e-02	7.92000e-02
2.98225e-03	1.33549e-04	1.38777e-05	-5.85103e-05	-8.61003e-01	-3.44403e-01	-3.22628e-01	1.00017e-01	7.92000e-02
2.77548e-03	1.24298e-04	1.27754e-05	-4.61179e-05	-8.50693e-01	-3.40278e-01	-3.18579e-01	1.00464e-01	7.92000e-02
2.41035e-03	1.08026e-04	1.02751e-05	-5.50303e-05	-8.38421e-01	-3.35370e-01	-3.14486e-01	1.00893e-01	7.92000e-02
2.55439e-03	1.14553e-04	1.00995e-05	-5.48465e-05	-8.23646e-01	-3.29460e-01	-3.10352e-01	1.01304e-01	7.92000e-02
2.91437e-03	1.30692e-04	1.15038e-05	-3.87622e-05	-8.14096e-01	-3.25640e-01	-3.06176e-01	1.01698e-01	7.92000e-02
2.99190e-03	1.34222e-04	1.11615e-05	-3.22355e-05	-8.09913e-01	-3.23966e-01	-3.01958e-01	1.02073e-01	7.92000e-02
2.89848e-03	1.30102e-04	9.91558e-06	-4.06041e-05	-8.07502e-01	-3.23002e-01	-2.97700e-01	1.02430e-01	7.92000e-02
2.81314e-03	1.26313e-04	9.02020e-06	-5.05828e-05	-8.04419e-01	-3.21769e-01	-2.93402e-01	1.02769e-01	7.92000e-02
2.70571e-03	1.21548e-04	7.81324e-06	-5.61224e-05	-8.00130e-01	-3.20053e-01	-2.89063e-01	1.03089e-01	7.92000e-02
2.75821e-03	1.23932e-04	7.51021e-06	-5.39108e-05	-7.95483e-01	-3.18195e-01	-2.84686e-01	1.03391e-01	7.92000e-02
3.15227e-03	1.41645e-04	8.38404e-06	-4.17277e-05	-7.89894e-01	-3.15959e-01	-2.80269e-01	1.03674e-01	7.92000e-02
3.57524e-03	1.60668e-04	9.17096e-06	-2.83213e-05	-7.86283e-01	-3.14515e-01	-2.75813e-01	1.03938e-01	7.92000e-02
3.64670e-03	1.63920e-04	8.58973e-06	-2.40824e-05	-7.86067e-01	-3.14428e-01	-2.71320e-01	1.04183e-01	7.92000e-02
3.52200e-03	1.58349e-04	7.56622e-06	-2.35065e-05	-7.85046e-01	-3.14020e-01	-2.66790e-01	1.04409e-01	7.92000e-02
3.51168e-03	1.57908e-04	6.99543e-06	-1.75205e-05	-7.82728e-01	-3.13093e-01	-2.62222e-01	1.04617e-01	7.92000e-02
3.50060e-03	1.57444e-04	6.11567e-06	-1.30014e-05	-7.82677e-01	-3.13072e-01	-2.57618e-01	1.04805e-01	7.92000e-02
3.29773e-03	1.48340e-04	5.14594e-06	-1.50744e-05	-7.82846e-01	-3.13140e-01	-2.52978e-01	1.04974e-01	7.92000e-02
3.06134e-03	1.37729e-04	4.05302e-06	-1.53408e-05	-7.80867e-01	-3.12348e-01	-2.48303e-01	1.05124e-01	7.92000e-02
2.90046e-03	1.30501e-04	3.44046e-06	-1.46565e-05	-7.80501e-01	-3.12202e-01	-2.43593e-01	1.05254e-01	7.92000e-02
2.78816e-03	1.25463e-04	2.60292e-06	-2.26967e-05	-7.79669e-01	-3.11869e-01	-2.38850e-01	1.05365e-01	7.92000e-02
2.86709e-03	1.29028e-04	1.88379e-06	-3.49321e-05	-7.75733e-01	-3.10294e-01	-2.34072e-01	1.05458e-01	7.92000e-02
3.03019e-03	1.36376e-04	1.25863e-06	-4.13590e-05	-7.74804e-01	-3.09923e-01	-2.29262e-01	1.05530e-01	7.92000e-02
2.97378e-03	1.33840e-04	7.17435e-07	-4.08632e-05	-7.76995e-01	-3.10799e-01	-2.24419e-01	1.05584e-01	7.92000e-02
2.87092e-03	1.29210e-04	4.77292e-07	-3.49011e-05	-7.74294e-01	-3.09719e-01	-2.19545e-01	1.05618e-01	7.92000e-02
2.94889e-03	1.32719e-04	1.02742e-07	-2.63129e-05	-7.68583e-01	-3.07434e-01	-2.14639e-01	1.05634e-01	7.92000e-02
2.94187e-03	1.32402e-04	-3.37167e-07	-2.00001e-05	-7.67662e-01	-3.07066e-01	-2.09703e-01	1.05630e-01	7.92000e-02
2.70598e-03	1.21783e-04	-7.12040e-07	-1.46404e-05	-7.69269e-01	-3.07709e-01	-2.04738e-01	1.05607e-01	7.92000e-02
2.47865e-03	1.11549e-04	-9.64398e-07	-9.34927e-06	-7.67686e-01	-3.07076e-01	-1.99743e-01	1.05565e-01	7.92000e-02
2.35773e-03	1.06102e-04	-1.32278e-06	-1.00436e-05	-7.62779e-01	-3.05112e-01	-1.94719e-01	1.05504e-01	7.92000e-02
2.29613e-03	1.03321e-04	-1.79288e-06	-1.44453e-05	-7.56669e-01	-3.02668e-01	-1.89668e-01	1.05424e-01	7.92000e-02
2.27455e-03	1.02343e-04	-2.14982e-06	-1.32476e-05	-7.51940e-01	-3.00777e-01	-1.84589e-01	1.05325e-01	7.92000e-02
2.18994e-03	9.85296e-05	-2.32047e-06	-9.96816e-06	-7.48841e-01	-2.99537e-01	-1.79484e-01	1.05208e-01	7.92000e-02
2.04264e-03	9.18918e-05	-2.55323e-06	-1.12028e-05	-7.44840e-01	-2.97937e-01	-1.74354e-01	1.05072e-01	7.92000e-02
2.00389e-03	9.01388e-05	-2.82391e-06	-1.08044e-05	-7.41590e-01	-2.96637e-01	-1.69198e-01	1.04918e-01	7.92000e-02
2.06432e-03	9.28507e-05	-3.09921e-06	-6.86753e-06	-7.41024e-01	-2.96411e-01	-1.64017e-01	1.04746e-01	7.92000e-02
2.01338e-03	9.05475e-05	-3.34244e-06	-6.91017e-06	-7.40789e-01	-2.96316e-01	-1.58813e-01	1.04555e-01	7.92000e-02
1.77858e-03	7.99759e-05	-3.25799e-06	-1.07344e-05	-7.40485e-01	-2.96195e-01	-1.53586e-01	1.04346e-01	7.92000e-02
1.54598e-03	6.95093e-05	-3.00683e-06	-1.20196e-05	-7.39167e-01	-2.95668e-01	-1.48337e-01	1.04119e-01	7.92000e-02
1.48683e-03	6.68429e-05	-3.04467e-06	-7.50766e-06	-7.35281e-01	-2.94113e-01	-1.43066e-01	1.03875e-01	7.92000e-02
1.46490e-03	6.58497e-05	-3.15412e-06	2.28161e-06	-7.32596e-01	-2.93039e-01	-1.37775e-01	1.03613e-01	7.92000e-02
1.31171e-03	5.89659e-05	-2.78893e-06	1.07053e-05	-7.31121e-01	-2.92449e-01	-1.32463e-01	1.03333e-01	7.92000e-02
1.12949e-03	5.07647e-05	-2.58946e-06	1.19758e-05	-7.28228e-01	-2.91292e-01	-1.27132e-01	1.03037e-01	7.92000e-02
9.74162e-04	4.37838e-05	-2.24578e-06	1.09260e-05	-7.25725e-01	-2.90290e-01	-1.21783e-01	1.02723e-01	7.92000e-02
8.56387e-04	3.84893e-05	-2.00797e-06	1.25088e-05	-7.21540e-01	-2.88616e-01	-1.16415e-01	1.02392e-01	7.92000e-02
8.26350e-04	3.71244e-05	-2.18207e-06	1.55377e-05	-7.15544e-01	-2.86218e-01	-1.11031e-01	1.02045e-01	7.92000e-02
7.39221e-04	3.32193e-05	-1.82837e-06	1.86881e-05	-7.11045e-01	-2.84418e-01	-1.05630e-01	1.01681e-01	7.92000e-02
5.04862e-04	2.26934e-05	-1.18077e-06	2.15229e-05	-7.04741e-01	-2.81897e-01	-1.00214e-01	1.01301e-01	7.92000e-02
2.22652e-04	1.00240e-05	-3.13704e-07	2.31757e-05	-6.95798e-01	-2.78320e-01	-9.47833e-02	1.00905e-01	7.92000e-02
-5.34797e-05	-2.37268e-06	5.34171e-07	2.35088e-05	-6.87266e-01	-2.74904e-01	-8.93384e-02	1.00493e-01	7.92000e-02
-2.78477e-04	-1.24598e-05	1.40435e-06	2.48312e-05	-6.78243e-01	-2.71297e-01	-8.38803e-02	1.00066e-01	7.92000e-02
-3.22638e-04	-1.44335e-05	1.63792e-06	2.79231e-05	-6.67870e-01	-2.67147e-01	-7.84099e-02	9.96234e-02	7.92000e-02
-1.34442e-04	-5.98752e-06	9.93912e-07	3.01909e-05	-6.58098e-01	-2.63238e-01	-7.29278e-02	9.91656e-02	7.92000e-02
1.92936e-04	8.68759e-06	-3.18674e-07	3.18595e-05	-6.51522e-01	-2.60610e-01	-6.74348e-02	9.86928e-02	7.92000e-02
4.37356e-04	1.96421e-05	-1.32122e-06	3.48530e-05	-6.48607e-01	-2.59443e-01	-6.19318e-02	9.82055e-02	7.92000e-02
4.02600e-04	1.80822e-05	-1.21584e-06	3.78581e-05	-6.46734e-01	-2.58694e-01	-5.64197e-02	9.77038e-02	7.92000e-02
1.07520e-04	4.85410e-06	-6.35635e-08	4.11489e-05	-6.44368e-01	-2.57750e-01	-5.08990e-02	9.71880e-02	7.92000e-02
-2.18336e-04	-9.73786e-06	1.37737e-06	4.43213e-05	-6.40418e-01	-2.56165e-01	-4.53708e-02	9.66583e-02	7.92000e-02
-3.21941e-04	-1.43760e-05	1.84161e-06	4.26821e-05	-6.33846e-01	-2.53537e-01	-3.98357e-02	9.61149e-02	7.92000e-02
-2.39792e-04	-1.06956e-05	1.48449e-06	3.87690e-05	-6.28292e-01	-2.51316e-01	-3.42946e-02	9.55583e-02	7.92000e-02
-2.69732e-04	-1.20271e-05	1.69786e-06	4.23802e-05	-6.25574e-01	-2.50228e-01	-2.87482e-02	9.49885e-02	7.92000e-02
-4.87999e-04	-2.17923e-05	2.74615e-06	5.36033e-05	-6.21925e-01	-2.48769e-01	-2.31975e-02	9.44060e-02	7.92000e-02
-6.60723e-04	-2.95002e-05	3.75527e-06	6.33037e-05	-6.15663e-01	-2.46264e-01	-1.76432e-02	9.38109e-02	7.92000e-02
-6.65190e-04	-2.96927e-05	3.83409e-06	6.54445e-05	-6.08348e-01	-2.43338e-01	-1.20861e-02	9.32036e-02	7.92000e-02
-6.34585e-04	-2.83257e-05	3.65554e-06	6.22766e-05	-6.01993e-01	-2.40796e-01	-6.52703e-03	9.25842e-02	7.92000e-02
-6.82990e-04	-3.04865e-05	3.92424e-06	6.09564e-05	-5.96551e-01	-2.38619e-01	-9.66816e-04	9.19532e-02	7.92000e-02
-7.26259e-04	-3.24111e-05	4.22314e-06	6.27825e-05	-5.90754e-01	-2.36300e-01	4.59373e-03	9.13107e-02	7.92000e-02
-6.59601e-04	-2.94197e-05	3.96919e-06	6.32860e-05	-5.85316e-01	-2.34125e-01	1.01538e-02	9.06571e-02	7.92000e-02
-5.32464e-04	-2.37388e-05	3.28344e-06	6.28702e-05	-5.81287e-01	-2.32513e-01	1.57126e-02	8.99926e-02	7.92000e-02
-4.44208e-04	-1.97909e-05	2.84189e-06	6.34284e-05	-5.78206e-01	-2.31280e-01	2.12692e-02	8.93175e-02	7.92000e-02
-4.19569e-04	-1.86898e-05	2.70526e-06	6.11778e-05	-5.75179e-01	-2.30070e-01	2.68229e-02	8.86321e-02	7.92000e-02
-4.68623e-04	-2.08832e-05	2.94982e-06	5.55424e-05	-5.72366e-01	-2.28945e-01	3.23729e-02	8.79367e-02	7.92000e-02
-6.37766e-04	-2.84304e-05	3.93393e-06	5.17421e-05	-5.70042e-01	-2.28016e-01	3.79184e-02	8.72316e-02	7.92000e-02
-8.56485e-04	-3.81858e-05	5.23648e-06	5.11664e-05	-5.66980e-01	-2.26791e-01	4.34584e-02	8.65170e-02	7.92000e-02
-8.95454e-04	-3.99074e-05	5.59104e-06	4.99063e-05	-5.61964e-01	-2.24785e-01	4.89923e-02	8.57933e-02	7.92000e-02
-6.89974e-04	-3.07405e-05	4.37489e-06	4.70499e-05	-5.56898e-01	-2.22758e-01	5.45192e-02	8.50607e-02	7.92000e-02
-4.94940e-04	-2.20377e-05	3.23501e-06	4.53223e-05	-5.54717e-01	-2.21886e-01	6.00382e-02	8.43195e-02	7.92000e-02
-4.82287e-04	-2.14703e-05	3.17944e-06	4.59592e-05	-5.54106e-01	-2.21641e-01	6.55487e-02	8.35700e-02	7.92000e-02
-5.27053e-04	-2.34654e-05	3.45510e-06	4.82568e-05	-5.52870e-01	-2.21147e-01	7.10497e-02	8.28125e-02	7.92000e-02
-5.25238e-04	-2.33742e-05	3.51540e-06	5.02065e-05	-5.51083e-01	-2.20432e-01	7.65405e-02	8.20473e-02	7.92000e-02
-5.41621e-04	-2.41032e-05	3.62277e-06	4.88062e-05	-5.48697e-01	-2.19478e-01	8.20203e-02	8.12746e-02	7.92000e-02
-5.99635e-04	-2.66836e-05	4.01817e-06	4.39256e-05	-5.46299e-01	-2.18519e-01	8.74882e-02	8.04948e-02	7.92000e-02
-6.21028e-04	-2.76342e-05	4.16871e-06	3.89829e-05	-5.44363e-01	-2.17745e-01	9.29436e-02	7.97082e-02	7.92000e-02
-5.49849e-04	-2.44605e-05	3.73333e-06	3.54797e-05	-5.42647e-01	-2.17058e-01	9.83854e-02	7.89149e-02	7.92000e-02
-4.34820e-04	-1.93373e-05	2.99185e-06	3.18256e-05	-5.41692e-01	-2.16676e-01	1.03813e-01	7.81153e-02	7.92000e-02
-3.91834e-04	-1.74233e-05	2.71052e-06	2.75540e-05	-5.41700e-01	-2.16679e-01	1.09226e-01	7.73098e-02	7.92000e-02
-4.67637e-04	-2.07954e-05	3.22417e-06	2.40031e-05	-5.41904e-01	-2.16761e-01	1.14623e-01	7.64984e-02	7.92000e-02
-5.74761e-04	-2.55569e-05	3.97672e-06	2.17820e-05	-5.41644e-01	-2.16657e-01	1.20003e-01	7.56817e-02	7.92000e-02
-6.03743e-04	-2.68413e-05	4.20464e-06	2.04946e-05	-5.40977e-01	-2.16390e-01	1.25366e-01	7.48597e-02	7.92000e-02
-5.52458e-04	-2.45556e-05	3.88337e-06	1.95695e-05	-5.40691e-01	-2.16276e-01	1.30711e-01	7.40328e-02	7.92000e-02
-5.00930e-04	-2.22599e-05	3.55513e-06	1.83637e-05	-5.41126e-01	-2.16450e-01	1.36037e-01	7.32013e-02	7.92000e-02
-4.84066e-04	-2.15066e-05	3.45963e-06	1.66225e-05	-5.41740e-01	-2.16696e-01	1.41343e-01	7.23655e-02	7.92000e-02
-4.72932e-04	-2.10086e-05	3.40048e-06	1.47670e-05	-5.42334e-01	-2.16933e-01	1.46629e-01	7.15256e-02	7.92000e-02
-4.63038e-04	-2.05663e-05	3.34665e-06	1.29678e-05	-5.43153e-01	-2.17261e-01	1.51894e-01	7.06818e-02	7.92000e-02
-4.76530e-04	-2.11620e-05	3.46586e-06	1.11513e-05	-5.44002e-01	-2.17601e-01	1.57136e-01	6.98346e-02	7.92000e-02
-5.00897e-04	-2.22400e-05	3.66818e-06	9.83477e-06	-5.44651e-01	-2.17860e-01	1.62356e-01	6.89840e-02	7.92000e-02
-5.10585e-04	-2.26651e-05	3.76955e-06	9.36041e-06	-5.45373e-01	-2.18149e-01	1.67553e-01	6.81305e-02	7.92000e-02
-5.09477e-04	-2.26117e-05	3.78663e-06	8.93848e-06	-5.46273e-01	-2.18509e-01	1.72726e-01	6.72742e-02	7.92000e-02
-5.10465e-04	-2.26517e-05	3.81638e-06	7.68567e-06	-5.47124e-01	-2.18849e-01	1.77873e-01	6.64155e-02	7.92000e-02
-5.13311e-04	-2.27738e-05	3.86289e-06	5.87367e-06	-5.47875e-01	-2.19150e-01	1.82995e-01	6.55545e-02	7.92000e-02
-5.19153e-04	-2.30288e-05	3.93126e-06	4.56160e-06	-5.48646e-01	-2.19458e-01	1.88091e-01	6.46916e-02	7.92000e-02
-5.33392e-04	-2.36557e-05	4.06625e-06	4.41801e-06	-5.49497e-01	-2.19799e-01	1.93160e-01	6.38270e-02	7.92000e-02
-5.50036e-04	-2.43887e-05	4.22355e-06	5.28422e-06	-5.50361e-01	-2.20144e-01	1.98201e-01	6.29610e-02	7.92000e-02
-5.57314e-04	-2.47063e-05	4.30859e-06	6.47822e-06	-5.51222e-01	-2.20489e-01	2.03213e-01	6.20938e-02	7.92000e-02
-5.60821e-04	-2.48567e-05	4.36476e-06	7.13621e-06	-5.52150e-01	-2.20860e-01	2.08196e-01	6.12257e-02	7.92000e-02
-5.78347e-04	-2.56287e-05	4.52825e-06	6.70639e-06	-5.53054e-01	-2.21221e-01	2.13150e-01	6.03569e-02	7.92000e-02
-6.14336e-04	-2.72185e-05	4.83805e-06	5.46291e-06	-5.53794e-01	-2.21517e-01	2.18073e-01	5.94876e-02	7.92000e-02
-6.56558e-04	-2.90836e-05	5.20161e-06	4.26247e-06	-5.54394e-01	-2.21757e-01	2.22965e-01	5.86182e-02	7.92000e-02
-6.89015e-04	-3.05155e-05	5.49168e-06	3.82024e-06	-5.54936e-01	-2.21974e-01	2.27825e-01	5.77489e-02	7.92000e-02
-7.05033e-04	-3.12185e-05	5.65465e-06	4.24183e-06	-5.55507e-01	-2.22202e-01	2.32653e-01	5.68799e-02	7.92000e-02
-7.11724e-04	-3.15086e-05	5.74265e-06	4.80149e-06	-5.56147e-01	-2.22458e-01	2.37448e-01	5.60115e-02	7.92000e-02
-7.23448e-04	-3.20218e-05	5.86928e-06	4.56475e-06	-5.56823e-01	-2.22729e-01	2.42209e-01	5.51438e-02	7.92000e-02
-7.50508e-04	-3.32134e-05	6.12195e-06	3.57972e-06	-5.57491e-01	-2.22996e-01	2.46935e-01	5.42773e-02	7.92000e-02
-7.94477e-04	-3.51524e-05	6.51720e-06	2.74800e-06	-5.58070e-01	-2.23228e-01	2.51627e-01	5.34119e-02	7.92000e-02
-8.48103e-04	-3.75182e-05	6.99447e-06	2.56748e-06	-5.58495e-01	-2.23398e-01	2.56283e-01	5.25482e-02	7.92000e-02
-9.02777e-04	-3.99295e-05	7.48467e-06	2.77594e-06	-5.58826e-01	-2.23530e-01	2.60902e-01	5.16861e-02	7.92000e-02
-9.57189e-04	-4.23281e-05	7.97878e-06	2.91139e-06	-5.59126e-01	-2.23650e-01	2.65485e-01	5.08260e-02	7.92000e-02
-1.01351e-03	-4.48104e-05	8.49268e-06	2.67872e-06	-5.59363e-01	-2.23745e-01	2.70031e-01	4.99682e-02	7.92000e-02
-1.06739e-03	-4.71836e-05	8.99127e-06	2.08296e-06	-5.59535e-01	-2.23814e-01	2.74538e-01	4.91128e-02	7.92000e-02
-1.10776e-03	-4.89583e-05	9.38194e-06	1.40590e-06	-5.59698e-01	-2.23879e-01	2.79008e-01	4.82600e-02	7.92000e-02
-1.13037e-03	-4.99481e-05	9.62399e-06	9.57195e-07	-5.59915e-01	-2.23966e-01	2.83438e-01	4.74102e-02	7.92000e-02
-1.14544e-03	-5.06043e-05	9.80135e-06	9.17189e-07	-5.60214e-01	-2.24085e-01	2.87828e-01	4.65635e-02	7.92000e-02
-1.16624e-03	-5.15135e-05	1.00294e-05	1.25996e-06	-5.60556e-01	-2.24222e-01	2.92179e-01	4.57201e-02	7.92000e-02
-1.19584e-03	-5.28111e-05	1.03360e-05	1.65387e-06	-5.60869e-01	-2.24347e-01	2.96489e-01	4.48802e-02	7.92000e-02
-1.22631e-03	-5.41467e-05	1.06504e-05	1.76306e-06	-5.61085e-01	-2.24433e-01	3.00757e-01	4.40441e-02	7.92000e-02
-1.24854e-03	-5.51178e-05	1.08942e-05	1.69973e-06	-5.61236e-01	-2.24494e-01	3.04984e-01	4.32120e-02	7.92000e-02
-1.26335e-03	-5.57612e-05	1.10777e-05	1.80799e-06	-5.61410e-01	-2.24564e-01	3.09169e-01	4.23842e-02	7.92000e-02
-1.28142e-03	-5.65477e-05	1.12905e-05	2.12141e-06	-5.61544e-01	-2.24617e-01	3.13311e-01	4.15607e-02	7.92000e-02
-1.30810e-03	-5.77145e-05	1.15775e-05	2.31256e-06	-5.61531e-01	-2.24612e-01	3.17411e-01	4.07418e-02	7.92000e-02
-1.33735e-03	-5.89944e-05	1.18901e-05	2.06597e-06	-5.61454e-01	-2.24581e-01	3.21467e-01	3.99277e-02	7.92000e-02
-1.36469e-03	-6.01893e-05	1.21886e-05	1.40524e-06	-5.61430e-01	-2.24572e-01	3.25478e-01	3.91187e-02	7.92000e-02
-1.39457e-03	-6.14965e-05	1.25082e-05	6.76338e-07	-5.61426e-01	-2.24570e-01	3.29446e-01	3.83149e-02	7.92000e-02
-1.43391e-03	-6.32208e-05	1.29135e-05	2.49354e-07	-5.61281e-01	-2.24512e-01	3.33368e-01	3.75165e-02	7.92000e-02
-1.48086e-03	-6.52788e-05	1.33942e-05	2.10408e-07	-5.60898e-01	-2.24359e-01	3.37246e-01	3.67237e-02	7.92000e-02
-1.52134e-03	-6.70498e-05	1.38259e-05	1.99214e-07	-5.60383e-01	-2.24152e-01	3.41078e-01	3.59367e-02	7.92000e-02
-1.54515e-03	-6.80858e-05	1.41067e-05	-2.75267e-07	-5.59865e-01	-2.23945e-01	3.44864e-01	3.51557e-02	7.92000e-02
-1.55701e-03	-6.85964e-05	1.42726e-05	-1.12174e-06	-5.59385e-01	-2.23753e-01	3.48604e-01	3.43810e-02	7.92000e-02
-1.56924e-03	-6.91232e-05	1.44414e-05	-1.73451e-06	-5.58918e-01	-2.23566e-01	3.52297e-01	3.36125e-02	7.92000e-02
-1.58358e-03	-6.97432e-05	1.46301e-05	-1.81370e-06	-5.58379e-01	-2.23351e-01	3.55943e-01	3.28507e-02	7.92000e-02
-1.58956e-03	-6.99939e-05	1.47445e-05	-1.44120e-06	-5.57808e-01	-2.23122e-01	3.59541e-01	3.20955e-02	7.92000e-02
-1.58887e-03	-6.99504e-05	1.48002e-05	-5.74536e-07	-5.57311e-01	-2.22924e-01	3.63093e-01	3.13473e-02	7.92000e-02
-1.59266e-03	-7.01062e-05	1.48888e-05	7.71337e-07	-5.56814e-01	-2.22725e-01	3.66596e-01	3.06062e-02	7.92000e-02
-1.59928e-03	-7.03867e-05	1.50027e-05	1.92545e-06	-5.56258e-01	-2.22503e-01	3.70051e-01	2.98723e-02	7.92000e-02
-1.59976e-03	-7.03959e-05	1.50629e-05	2.06121e-06	-5.55687e-01	-2.22274e-01	3.73458e-01	2.91458e-02	7.92000e-02
-1.59054e-03	-6.99771e-05	1.50359e-05	1.45578e-06	-5.55115e-01	-2.22045e-01	3.76816e-01	2.84269e-02	7.92000e-02
-1.58227e-03	-6.96013e-05	1.50140e-05	1.02466e-06	-5.54568e-01	-2.21826e-01	3.80125e-01	2.77157e-02	7.92000e-02
-1.59288e-03	-7.00564e-05	1.51681e-05	7.59466e-07	-5.53988e-01	-2.21594e-01	3.83385e-01	2.70125e-02	7.92000e-02
-1.62128e-03	-7.12949e-05	1.54873e-05	2.62201e-07	-5.53213e-01	-2.21284e-01	3.86596e-01	2.63172e-02	7.92000e-02
-1.63723e-03	-7.19828e-05	1.57016e-05	-9.68134e-08	-5.52304e-01	-2.20921e-01	3.89757e-01	2.56302e-02	7.92000e-02
-1.62156e-03	-7.12795e-05	1.56166e-05	-6.34888e-09	-5.51476e-01	-2.20590e-01	3.92869e-01	2.49515e-02	7.92000e-02
-1.59545e-03	-7.01199e-05	1.54194e-05	3.27462e-07	-5.50739e-01	-2.20295e-01	3.95931e-01	2.42813e-02	7.92000e-02
-1.58673e-03	-6.97259e-05	1.53836e-05	9.13861e-07	-5.49932e-01	-2.19972e-01	3.98942e-01	2.36196e-02	7.92000e-02
-1.59178e-03	-6.99394e-05	1.54708e-05	1.68051e-06	-5.49103e-01	-2.19640e-01	4.01904e-01	2.29667e-02	7.92000e-02
-1.60217e-03	-7.03861e-05	1.56154e-05	2.13668e-06	-5.48442e-01	-2.19376e-01	4.04816e-01	2.23227e-02	7.92000e-02
-1.63132e-03	-7.16542e-05	1.59562e-05	2.14548e-06	-5.47834e-01	-2.19133e-01	4.07677e-01	2.16877e-02	7.92000e-02
-1.68265e-03	-7.38963e-05	1.65149e-05	2.01535e-06	-5.47021e-01	-2.18808e-01	4.10488e-01	2.10617e-02	7.92000e-02
-1.73751e-03	-7.62961e-05	1.70960e-05	1.65561e-06	-5.46022e-01	-2.18408e-01	4.13249e-01	2.04450e-02	7.92000e-02
-1.77902e-03	-7.81081e-05	1.75522e-05	6.15946e-07	-5.44994e-01	-2.17997e-01	4.15960e-01	1.98376e-02	7.92000e-02
-1.79510e-03	-7.87978e-05	1.77828e-05	-8.03350e-07	-5.44030e-01	-2.17611e-01	4.18620e-01	1.92396e-02	7.92000e-02
-1.78144e-03	-7.81812e-05	1.77226e-05	-1.24616e-06	-5.43170e-01	-2.17267e-01	4.21229e-01	1.86512e-02	7.92000e-02
-1.75929e-03	-7.71995e-05	1.75455e-05	2.27605e-07	-5.42333e-01	-2.16932e-01	4.23788e-01	1.80723e-02	7.92000e-02
-1.75413e-03	-7.69684e-05	1.75145e-05	2.84245e-06	-5.41325e-01	-2.16529e-01	4.26297e-01	1.75031e-02	7.92000e-02
-1.76321e-03	-7.73553e-05	1.76546e-05	5.13049e-06	-5.40121e-01	-2.16048e-01	4.28756e-01	1.69438e-02	7.92000e-02
-1.77183e-03	-7.77167e-05	1.78147e-05	6.68292e-06	-5.38861e-01	-2.15544e-01	4.31164e-01	1.63942e-02	7.92000e-02
-1.76655e-03	-7.74728e-05	1.78161e-05	8.12787e-06	-5.37604e-01	-2.15041e-01	4.33523e-01	1.58546e-02	7.92000e-02
-1.72715e-03	-7.57355e-05	1.74587e-05	9.84663e-06	-5.36424e-01	-2.14569e-01	4.35831e-01	1.53249e-02	7.92000e-02
-1.65229e-03	-7.24437e-05	1.67425e-05	1.13666e-05	-5.35492e-01	-2.14196e-01	4.38090e-01	1.48053e-02	7.92000e-02
-1.58135e-03	-6.93243e-05	1.60614e-05	1.21163e-05	-5.34753e-01	-2.13900e-01	4.40299e-01	1.42958e-02	7.92000e-02
-1.55078e-03	-6.79771e-05	1.57818e-05	1.21109e-05	-5.33970e-01	-2.13587e-01	4.42458e-01	1.37964e-02	7.92000e-02
-1.55689e-03	-6.82395e-05	1.58666e-05	1.15628e-05	-5.33097e-01	-2.13238e-01	4.44568e-01	1.33072e-02	7.92000e-02
-1.57705e-03	-6.91179e-05	1.60966e-05	1.04927e-05	-5.32205e-01	-2.12882e-01	4.46629e-01	1.28281e-02	7.92000e-02
-1.59794e-03	-7.00230e-05	1.63539e-05	9.19135e-06	-5.31317e-01	-2.12526e-01	4.48641e-01	1.23593e-02	7.92000e-02
-1.62265e-03	-7.10923e-05	1.66643e-05	8.43512e-06	-5.30433e-01	-2.12173e-01	4.50605e-01	1.19007e-02	7.92000e-02
-1.65796e-03	-7.26274e-05	1.70772e-05	8.72309e-06	-5.29460e-01	-2.11783e-01	4.52520e-01	1.14524e-02	7.92000e-02
-1.68849e-03	-7.39572e-05	1.74254e-05	9.73609e-06	-5.28348e-01	-2.11339e-01	4.54387e-01	1.10143e-02	7.92000e-02
-1.69345e-03	-7.41658e-05	1.75114e-05	1.08212e-05	-5.27258e-01	-2.10903e-01	4.56207e-01	1.05865e-02	7.92000e-02
-1.68258e-03	-7.36807e-05	1.74378e-05	1.16357e-05	-5.26268e-01	-2.10506e-01	4.57979e-01	1.01689e-02	7.92000e-02
-1.67251e-03	-7.32305e-05	1.73728e-05	1.22080e-05	-5.25267e-01	-2.10106e-01	4.59705e-01	9.76147e-03	7.92000e-02
-1.66204e-03	-7.27632e-05	1.73009e-05	1.28199e-05	-5.24236e-01	-2.09694e-01	4.61383e-01	9.36427e-03	7.92000e-02
-1.64655e-03	-7.20782e-05	1.71693e-05	1.37485e-05	-5.23220e-01	-2.09287e-01	4.63016e-01	8.97723e-03	7.92000e-02
-1.62623e-03	-7.11829e-05	1.69812e-05	1.48492e-05	-5.22233e-01	-2.08892e-01	4.64603e-01	8.60030e-03	7.92000e-02
-1.60173e-03	-7.01055e-05	1.67460e-05	1.56266e-05	-5.21331e-01	-2.08532e-01	4.66144e-01	8.23344e-03	7.92000e-02
-1.58068e-03	-6.91786e-05	1.65490e-05	1.58363e-05	-5.20551e-01	-2.08220e-01	4.67641e-01	7.87659e-03	7.92000e-02
-1.56915e-03	-6.86681e-05	1.64540e-05	1.56073e-05	-5.19818e-01	-2.07927e-01	4.69093e-01	7.52970e-03	7.92000e-02
-1.56199e-03	-6.83489e-05	1.64025e-05	1.50474e-05	-5.19055e-01	-2.07621e-01	4.70502e-01	7.19268e-03	7.92000e-02
-1.55359e-03	-6.79769e-05	1.63331e-05	1.42033e-05	-5.18243e-01	-2.07297e-01	4.71867e-01	6.86546e-03	7.92000e-02
-1.54255e-03	-6.74856e-05	1.62518e-05	1.33033e-05	-5.17402e-01	-2.06960e-01	4.73190e-01	6.54795e-03	7.92000e-02
-1.52636e-03	-6.67641e-05	1.61362e-05	1.26664e-05	-5.16532e-01	-2.06612e-01	4.74470e-01	6.24007e-03	7.92000e-02
-1.50263e-03	-6.57169e-05	1.59231e-05	1.23703e-05	-5.15593e-01	-2.06237e-01	4.75709e-01	5.94169e-03	7.92000e-02
-1.46767e-03	-6.41876e-05	1.55537e-05	1.23060e-05	-5.14612e-01	-2.05844e-01	4.76907e-01	5.65272e-03	7.92000e-02
-1.41738e-03	-6.19858e-05	1.50296e-05	1.23960e-05	-5.13719e-01	-2.05487e-01	4.78065e-01	5.37304e-03	7.92000e-02
-1.36317e-03	-5.96057e-05	1.44945e-05	1.25453e-05	-5.12986e-01	-2.05194e-01	4.79184e-01	5.10251e-03	7.92000e-02
-1.32796e-03	-5.80573e-05	1.41567e-05	1.25706e-05	-5.12317e-01	-2.04926e-01	4.80264e-01	4.84101e-03	7.92000e-02
-1.31945e-03	-5.76829e-05	1.40746e-05	1.24333e-05	-5.11594e-01	-2.04637e-01	4.81306e-01	4.58839e-03	7.92000e-02
-1.32168e-03	-5.77795e-05	1.41021e-05	1.22902e-05	-5.10818e-01	-2.04327e-01	4.82310e-01	4.34450e-03	7.92000e-02
-1.31431e-03	-5.74561e-05	1.40292e-05	1.22582e-05	-5.10039e-01	-2.04015e-01	4.83278e-01	4.10917e-03	7.92000e-02
-1.28498e-03	-5.61753e-05	1.37094e-05	1.23303e-05	-5.09337e-01	-2.03734e-01	4.84211e-01	3.88225e-03	7.92000e-02
-1.23997e-03	-5.42027e-05	1.32497e-05	1.25497e-05	-5.08835e-01	-2.03534e-01	4.85108e-01	3.66356e-03	7.92000e-02
-1.20086e-03	-5.24814e-05	1.28806e-05	1.29622e-05	-5.08493e-01	-2.03397e-01	4.85972e-01	3.45290e-03	7.92000e-02
-1.17970e-03	-5.15486e-05	1.26854e-05	1.35781e-05	-5.08095e-01	-2.03237e-01	4.86803e-01	3.25010e-03	7.92000e-02
-1.16689e-03	-5.09908e-05	1.25393e-05	1.43745e-05	-5.07606e-01	-2.03042e-01	4.87601e-01	3.05494e-03	7.92000e-02
-1.14967e-03	-5.02409e-05	1.23440e-05	1.51842e-05	-5.07120e-01	-2.02847e-01	4.88369e-01	2.86723e-03	7.92000e-02
-1.12500e-03	-4.91640e-05	1.20744e-05	1.57551e-05	-5.06695e-01	-2.02677e-01	4.89106e-01	2.68674e-03	7.92000e-02
-1.09558e-03	-4.78762e-05	1.17675e-05	1.60680e-05	-5.06375e-01	-2.02550e-01	4.89814e-01	2.51324e-03	7.92000e-02
-1.06566e-03	-4.65621e-05	1.14733e-05	1.62658e-05	-5.06113e-01	-2.02445e-01	4.90493e-01	2.34652e-03	7.92000e-02
-1.03707e-03	-4.53065e-05	1.11919e-05	1.64837e-05	-5.05916e-01	-2.02366e-01	4.91146e-01	2.18631e-03	7.92000e-02
-1.00893e-03	-4.40657e-05	1.09337e-05	1.67490e-05	-5.05745e-01	-2.02298e-01	4.91773e-01	2.03238e-03	7.92000e-02
-9.79655e-04	-4.27825e-05	1.06354e-05	1.69967e-05	-5.05552e-01	-2.02220e-01	4.92374e-01	1.88446e-03	7.92000e-02
-9.55406e-04	-4.17230e-05	1.03742e-05	1.72207e-05	-5.05405e-01	-2.02161e-01	4.92952e-01	1.74229e-03	7.92000e-02
-9.33156e-04	-4.07466e-05	1.01516e-05	1.74916e-05	-5.05129e-01	-2.02051e-01	4.93507e-01	1.60559e-03	7.92000e-02
-9.14270e-04	-3.99358e-05	9.88999e-06	1.78495e-05	-5.04957e-01	-2.01982e-01	4.94041e-01	1.47409e-03	7.92000e-02
-8.92141e-04	-3.89524e-05	9.71857e-06	1.82772e-05	-5.04640e-01	-2.01856e-01	4.94555e-01	1.34748e-03	7.92000e-02
-8.65774e-04	-3.78285e-05	9.32057e-06	1.87606e-05	-5.04420e-01	-2.01768e-01	4.95049e-01	1.22548e-03	7.92000e-02
-8.34909e-04	-3.64478e-05	9.11837e-06	1.93096e-05	-5.04209e-01	-2.01683e-01	4.95526e-01	1.10776e-03	7.92000e-02
-7.95017e-04	-3.47307e-05	8.58408e-06	1.99173e-05	-5.03860e-01	-2.01544e-01	4.95987e-01	9.94028e-04	7.92000e-02
-7.49723e-04	-3.27283e-05	8.19089e-06	2.05532e-05	-5.03869e-01	-2.01547e-01	4.96432e-01	8.83945e-04	7.92000e-02
-6.95613e-04	-3.03523e-05	7.65582e-06	2.12085e-05	-5.03359e-01	-2.01343e-01	4.96864e-01	7.77183e-04	7.92000e-02
-6.29135e-04	-2.74896e-05	6.77045e-06	2.19113e-05	-5.03512e-01	-2.01404e-01	4.97283e-01	6.73400e-04	7.92000e-02
-5.66737e-04	-2.46468e-05	6.56886e-06	2.25574e-05	-5.03133e-01	-2.01253e-01	4.97692e-01	5.72250e-04	7.92000e-02
-4.71934e-04	-2.06773e-05	4.85072e-06	2.33227e-05	-5.02925e-01	-2.01170e-01	4.98091e-01	4.73373e-04	7.92000e-02
-4.30657e-04	-1.85591e-05	5.67609e-06	2.41062e-05	-5.03567e-01	-2.01427e-01	4.98483e-01	3.76405e-04	7.92000e-02
-3.31143e-04	-1.44929e-05	3.46762e-06	2.46233e-05	-5.02210e-01	-2.00883e-01	4.98868e-01	2.80973e-04	7.92000e-02
-4.07512e-04	-1.75792e-05	5.29989e-06	2.63210e-05	-5.06638e-01	-2.02655e-01	4.99248e-01	1.86694e-04	7.92000e-02
-7.00421e-04	-2.87325e-05	1.50795e-05	2.69476e-05	-5.06291e-01	-2.02516e-01	4.99625e-01	9.31769e-05	7.92000e-02
-5.71876e-04	-3.53622e-05	-3.56166e-05	2.08879e-05	-5.11368e-01	-2.04546e-01	5.00000e-01	0.00000e+00	7.92000e-02
