"Density"	"Momentum:0"	"Momentum:1"	"Momentum:2"	"StagnationEnergy"	"Pressure"	"Points:0"	"Points:1"	"Points:2"
1.74850e-02	-4.48457e-04	1.00527e-03	-7.90050e-04	-3.34143e-01	-1.33678e-01	-5.05522e-01	0.00000e+00	6.16000e-02
2.90336e-03	2.17985e-04	1.56863e-04	-2.18088e-04	-5.76554e-01	-2.30630e-01	-5.05469e-01	2.24939e-03	6.16000e-02
7.61652e-03	2.47536e-04	4.16074e-04	-2.50892e-04	-4.97059e-01	-1.98831e-01	-5.05311e-01	4.49380e-03	6.16000e-02
1.33641e-02	2.95519e-04	7.31560e-04	-2.64426e-04	-5.79143e-01	-2.31668e-01	-5.05046e-01	6.72813e-03	6.16000e-02
1.49301e-02	3.59388e-04	7.99963e-04	-2.41564e-04	-6.05975e-01	-2.42401e-01	-5.04674e-01	8.94729e-03	6.16000e-02
1.71164e-02	3.93051e-04	9.07801e-04	-2.39220e-04	-6.75916e-01	-2.70379e-01	-5.04198e-01	1.11464e-02	6.16000e-02
1.87052e-02	4.55532e-04	9.71898e-04	-2.12302e-04	-7.61695e-01	-3.04691e-01	-5.03620e-01	1.33206e-02	6.16000e-02
1.95401e-02	4.90563e-04	9.97243e-04	-2.00143e-04	-8.21770e-01	-3.28721e-01	-5.02941e-01	1.54659e-02	6.16000e-02
2.02000e-02	5.32004e-04	1.00860e-03	-1.77892e-04	-9.10985e-01	-3.64407e-01	-5.02167e-01	1.75785e-02	6.16000e-02
2.03782e-02	5.61820e-04	9.94583e-04	-1.62021e-04	-9.73002e-01	-3.89214e-01	-5.01346e-01	1.95532e-02	6.16000e-02
2.03699e-02	5.82537e-04	9.73370e-04	-1.49353e-04	-1.03301e+00	-4.13216e-01	-5.00523e-01	2.13339e-02	6.16000e-02
2.02031e-02	6.00570e-04	9.43659e-04	-1.36386e-04	-1.08692e+00	-4.34782e-01	-4.99697e-01	2.29696e-02	6.16000e-02
1.99050e-02	6.09871e-04	9.10408e-04	-1.28904e-04	-1.12786e+00	-4.51158e-01	-4.98866e-01	2.44929e-02	6.16000e-02
1.95650e-02	6.18176e-04	8.75135e-04	-1.20078e-04	-1.16999e+00	-4.68010e-01	-4.98030e-01	2.59264e-02	6.16000e-02
1.91441e-02	6.20985e-04	8.38082e-04	-1.14735e-04	-1.20215e+00	-4.80871e-01	-4.97185e-01	2.72869e-02	6.16000e-02
1.87039e-02	6.22046e-04	8.00982e-04	-1.09440e-04	-1.23279e+00	-4.93127e-01	-4.96332e-01	2.85871e-02	6.16000e-02
1.82273e-02	6.20132e-04	7.63602e-04	-1.05397e-04	-1.25894e+00	-5.03588e-01	-4.95469e-01	2.98370e-02	6.16000e-02
1.77234e-02	6.15795e-04	7.26260e-04	-1.02195e-04	-1.28133e+00	-5.12541e-01	-4.94594e-01	3.10444e-02	6.16000e-02
1.72092e-02	6.09713e-04	6.89625e-04	-9.92549e-05	-1.30160e+00	-5.20652e-01	-4.93706e-01	3.22158e-02	6.16000e-02
1.66720e-02	6.01428e-04	6.53294e-04	-9.70061e-05	-1.31843e+00	-5.27380e-01	-4.92803e-01	3.33565e-02	6.16000e-02
1.61315e-02	5.91787e-04	6.17978e-04	-9.49057e-05	-1.33326e+00	-5.33313e-01	-4.91885e-01	3.44709e-02	6.16000e-02
1.55818e-02	5.80585e-04	5.83512e-04	-9.30235e-05	-1.34579e+00	-5.38325e-01	-4.90950e-01	3.55628e-02	6.16000e-02
1.50353e-02	5.68336e-04	5.50352e-04	-9.12214e-05	-1.35613e+00	-5.42460e-01	-4.89997e-01	3.66354e-02	6.16000e-02
1.44816e-02	5.54673e-04	5.18168e-04	-8.91695e-05	-1.36489e+00	-5.45963e-01	-4.89025e-01	3.76912e-02	6.16000e-02
1.39365e-02	5.40319e-04	4.87450e-04	-8.70478e-05	-1.37178e+00	-5.48722e-01	-4.88032e-01	3.87327e-02	6.16000e-02
1.33911e-02	5.24997e-04	4.57872e-04	-8.47459e-05	-1.37718e+00	-5.50881e-01	-4.87018e-01	3.97618e-02	6.16000e-02
1.28517e-02	5.09065e-04	4.29588e-04	-8.23346e-05	-1.38121e+00	-5.52489e-01	-4.85981e-01	4.07802e-02	6.16000e-02
1.23200e-02	4.92607e-04	4.02658e-04	-7.96930e-05	-1.38389e+00	-5.53562e-01	-4.84921e-01	4.17895e-02	6.16000e-02
1.17914e-02	4.75425e-04	3.77000e-04	-7.65195e-05	-1.38548e+00	-5.54200e-01	-4.83835e-01	4.27908e-02	6.16000e-02
1.12717e-02	4.57777e-04	3.52799e-04	-7.26454e-05	-1.38599e+00	-5.54403e-01	-4.82724e-01	4.37854e-02	6.16000e-02
1.07662e-02	4.39933e-04	3.30225e-04	-6.80320e-05	-1.38558e+00	-5.54240e-01	-4.81586e-01	4.47741e-02	6.16000e-02
1.02821e-02	4.22292e-04	3.09375e-04	-6.28624e-05	-1.38438e+00	-5.53758e-01	-4.80421e-01	4.57577e-02	6.16000e-02
9.81681e-03	4.04883e-04	2.90043e-04	-5.73498e-05	-1.38249e+00	-5.53003e-01	-4.79227e-01	4.67370e-02	6.16000e-02
9.36353e-03	3.87526e-04	2.71921e-04	-5.16044e-05	-1.38008e+00	-5.52037e-01	-4.78003e-01	4.77125e-02	6.16000e-02
8.91654e-03	3.70041e-04	2.54781e-04	-4.55954e-05	-1.37722e+00	-5.50894e-01	-4.76748e-01	4.86848e-02	6.16000e-02
8.47724e-03	3.52500e-04	2.38667e-04	-3.91762e-05	-1.37404e+00	-5.49620e-01	-4.75463e-01	4.96542e-02	6.16000e-02
8.03999e-03	3.34671e-04	2.23420e-04	-3.21663e-05	-1.37062e+00	-5.48254e-01	-4.74145e-01	5.06210e-02	6.16000e-02
7.61829e-03	3.17166e-04	2.09380e-04	-2.46149e-05	-1.36709e+00	-5.46839e-01	-4.72794e-01	5.15856e-02	6.16000e-02
7.21690e-03	3.00266e-04	1.96559e-04	-1.67635e-05	-1.36356e+00	-5.45429e-01	-4.71409e-01	5.25482e-02	6.16000e-02
6.83786e-03	2.84189e-04	1.84814e-04	-9.04640e-06	-1.36017e+00	-5.44070e-01	-4.69990e-01	5.35088e-02	6.16000e-02
6.47604e-03	2.68850e-04	1.73789e-04	-1.95978e-06	-1.35702e+00	-5.42810e-01	-4.68536e-01	5.44676e-02	6.16000e-02
6.11938e-03	2.53843e-04	1.62984e-04	4.06717e-06	-1.35421e+00	-5.41687e-01	-4.67046e-01	5.54247e-02	6.16000e-02
5.75694e-03	2.38767e-04	1.52008e-04	8.77437e-06	-1.35180e+00	-5.40722e-01	-4.65518e-01	5.63800e-02	6.16000e-02
5.37574e-03	2.23077e-04	1.40494e-04	1.20991e-05	-1.34981e+00	-5.39926e-01	-4.63954e-01	5.73335e-02	6.16000e-02
4.97083e-03	2.06529e-04	1.28367e-04	1.41590e-05	-1.34823e+00	-5.39294e-01	-4.62352e-01	5.82852e-02	6.16000e-02
4.54712e-03	1.89267e-04	1.15844e-04	1.51838e-05	-1.34704e+00	-5.38817e-01	-4.60711e-01	5.92350e-02	6.16000e-02
4.11017e-03	1.71464e-04	1.03157e-04	1.53980e-05	-1.34618e+00	-5.38476e-01	-4.59030e-01	6.01826e-02	6.16000e-02
3.67116e-03	1.53551e-04	9.06490e-05	1.49984e-05	-1.34562e+00	-5.38250e-01	-4.57310e-01	6.11281e-02	6.16000e-02
3.23848e-03	1.35852e-04	7.85628e-05	1.41189e-05	-1.34527e+00	-5.38109e-01	-4.55550e-01	6.20713e-02	6.16000e-02
2.81913e-03	1.18641e-04	6.70944e-05	1.28702e-05	-1.34505e+00	-5.38022e-01	-4.53749e-01	6.30118e-02	6.16000e-02
2.41926e-03	1.02161e-04	5.64127e-05	1.13631e-05	-1.34492e+00	-5.37968e-01	-4.51907e-01	6.39496e-02	6.16000e-02
2.03953e-03	8.64432e-05	4.65166e-05	9.64585e-06	-1.34481e+00	-5.37924e-01	-4.50023e-01	6.48844e-02	6.16000e-02
1.68592e-03	7.17649e-05	3.74796e-05	7.66526e-06	-1.34465e+00	-5.37861e-01	-4.48096e-01	6.58159e-02	6.16000e-02
1.36584e-03	5.84681e-05	2.93945e-05	5.31614e-06	-1.34442e+00	-5.37767e-01	-4.46127e-01	6.67440e-02	6.16000e-02
1.08430e-03	4.67864e-05	2.23049e-05	2.60522e-06	-1.34417e+00	-5.37670e-01	-4.44115e-01	6.76682e-02	6.16000e-02
8.47715e-04	3.70057e-05	1.62927e-05	-4.01112e-07	-1.34407e+00	-5.37629e-01	-4.42059e-01	6.85884e-02	6.16000e-02
6.66246e-04	2.96057e-05	1.14397e-05	-3.80106e-06	-1.34423e+00	-5.37692e-01	-4.39960e-01	6.95042e-02	6.16000e-02
5.50297e-04	2.50872e-05	7.78842e-06	-7.83649e-06	-1.34479e+00	-5.37918e-01	-4.37816e-01	7.04154e-02	6.16000e-02
4.97528e-04	2.33400e-05	5.26239e-06	-1.24094e-05	-1.34596e+00	-5.38384e-01	-4.35628e-01	7.13216e-02	6.16000e-02
4.98537e-04	2.39265e-05	3.70940e-06	-1.71849e-05	-1.34769e+00	-5.39077e-01	-4.33395e-01	7.22225e-02	6.16000e-02
5.64595e-04	2.74031e-05	3.13361e-06	-2.25012e-05	-1.34985e+00	-5.39942e-01	-4.31117e-01	7.31178e-02	6.16000e-02
7.10927e-04	3.44768e-05	3.64333e-06	-2.86400e-05	-1.35279e+00	-5.41115e-01	-4.28793e-01	7.40071e-02	6.16000e-02
9.12915e-04	4.39748e-05	5.00265e-06	-3.48344e-05	-1.35714e+00	-5.42857e-01	-4.26424e-01	7.48902e-02	6.16000e-02
1.11469e-03	5.33131e-05	6.60214e-06	-3.99329e-05	-1.36274e+00	-5.45097e-01	-4.24009e-01	7.57666e-02	6.16000e-02
1.28703e-03	6.11771e-05	8.07923e-06	-4.33332e-05	-1.36884e+00	-5.47537e-01	-4.21549e-01	7.66360e-02	6.16000e-02
1.45319e-03	6.85923e-05	9.86386e-06	-4.48053e-05	-1.37521e+00	-5.50083e-01	-4.19041e-01	7.74982e-02	6.16000e-02
1.62208e-03	7.58135e-05	1.25648e-05	-4.25613e-05	-1.38183e+00	-5.52734e-01	-4.16488e-01	7.83526e-02	6.16000e-02
1.78508e-03	8.23410e-05	1.64965e-05	-3.48627e-05	-1.38858e+00	-5.55434e-01	-4.13888e-01	7.91991e-02	6.16000e-02
2.00692e-03	9.15105e-05	2.12407e-05	-2.62303e-05	-1.39580e+00	-5.58322e-01	-4.11242e-01	8.00372e-02	6.16000e-02
2.29273e-03	1.04162e-04	2.48162e-05	-2.50192e-05	-1.40518e+00	-5.62073e-01	-4.08548e-01	8.08665e-02	6.16000e-02
2.43027e-03	1.10771e-04	2.43842e-05	-3.10393e-05	-1.41726e+00	-5.66907e-01	-4.05808e-01	8.16868e-02	6.16000e-02
2.38054e-03	1.09138e-04	2.09643e-05	-3.88419e-05	-1.42908e+00	-5.71633e-01	-4.03021e-01	8.24977e-02	6.16000e-02
2.32990e-03	1.07591e-04	1.69789e-05	-5.03622e-05	-1.44046e+00	-5.76185e-01	-4.00188e-01	8.32988e-02	6.16000e-02
2.19950e-03	1.02613e-04	1.13794e-05	-6.72272e-05	-1.45339e+00	-5.81358e-01	-3.97307e-01	8.40897e-02	6.16000e-02
2.10568e-03	9.93384e-05	5.82580e-06	-8.51310e-05	-1.46159e+00	-5.84639e-01	-3.94379e-01	8.48703e-02	6.16000e-02
2.47344e-03	1.16838e-04	5.07134e-06	-1.04437e-04	-1.46401e+00	-5.85607e-01	-3.91404e-01	8.56400e-02	6.16000e-02
2.90435e-03	1.36930e-04	5.58391e-06	-1.23380e-04	-1.46905e+00	-5.87622e-01	-3.88383e-01	8.63986e-02	6.16000e-02
2.74555e-03	1.30121e-04	1.10961e-06	-1.35081e-04	-1.47066e+00	-5.88268e-01	-3.85314e-01	8.71456e-02	6.16000e-02
2.31735e-03	1.11495e-04	-7.47178e-06	-1.51968e-04	-1.46275e+00	-5.85103e-01	-3.82199e-01	8.78809e-02	6.16000e-02
2.13849e-03	1.04755e-04	-1.65558e-05	-1.89029e-04	-1.44977e+00	-5.79913e-01	-3.79037e-01	8.86041e-02	6.16000e-02
2.47727e-03	1.21452e-04	-2.15948e-05	-2.31159e-04	-1.42826e+00	-5.71308e-01	-3.75829e-01	8.93148e-02	6.16000e-02
3.29644e-03	1.59562e-04	-2.16998e-05	-2.70810e-04	-1.39806e+00	-5.59231e-01	-3.72573e-01	9.00126e-02	6.16000e-02
3.61205e-03	1.74993e-04	-2.72182e-05	-3.15173e-04	-1.36326e+00	-5.45312e-01	-3.69272e-01	9.06974e-02	6.16000e-02
2.95835e-03	1.46441e-04	-4.04009e-05	-3.49461e-04	-1.32050e+00	-5.28210e-01	-3.65924e-01	9.13688e-02	6.16000e-02
2.48230e-03	1.24532e-04	-4.50556e-05	-3.54106e-04	-1.26122e+00	-5.04499e-01	-3.62530e-01	9.20265e-02	6.16000e-02
3.04662e-03	1.48954e-04	-3.76734e-05	-3.40346e-04	-1.18704e+00	-4.74826e-01	-3.59090e-01	9.26702e-02	6.16000e-02
4.10393e-03	1.95624e-04	-2.63382e-05	-3.26756e-04	-1.11643e+00	-4.46581e-01	-3.55605e-01	9.32996e-02	6.16000e-02
4.86488e-03	2.28767e-04	-1.64956e-05	-3.07845e-04	-1.05691e+00	-4.22769e-01	-3.52074e-01	9.39144e-02	6.16000e-02
5.15608e-03	2.40098e-04	-6.33117e-06	-2.58283e-04	-1.01031e+00	-4.04129e-01	-3.48497e-01	9.45144e-02	6.16000e-02
4.99295e-03	2.30244e-04	5.44026e-06	-1.79626e-04	-9.80656e-01	-3.92266e-01	-3.44876e-01	9.50993e-02	6.16000e-02
4.61184e-03	2.10842e-04	1.49902e-05	-1.11043e-04	-9.50357e-01	-3.80145e-01	-3.41210e-01	9.56688e-02	6.16000e-02
4.45877e-03	2.03052e-04	1.83649e-05	-8.13033e-05	-9.08002e-01	-3.63203e-01	-3.37499e-01	9.62226e-02	6.16000e-02
4.63934e-03	2.11245e-04	1.79174e-05	-8.03233e-05	-8.70903e-01	-3.48363e-01	-3.33744e-01	9.67606e-02	6.16000e-02
5.06166e-03	2.30268e-04	1.95338e-05	-7.85131e-05	-8.48266e-01	-3.39309e-01	-3.29945e-01	9.72824e-02	6.16000e-02
5.40012e-03	2.44880e-04	2.53293e-05	-5.26487e-05	-8.32251e-01	-3.32903e-01	-3.26102e-01	9.77879e-02	6.16000e-02
5.27471e-03	2.38441e-04	2.95258e-05	-9.79857e-06	-8.15693e-01	-3.26279e-01	-3.22216e-01	9.82769e-02	6.16000e-02
4.88457e-03	2.20359e-04	3.01666e-05	1.99587e-05	-7.96906e-01	-3.18764e-01	-3.18287e-01	9.87490e-02	6.16000e-02
4.79185e-03	2.16172e-04	2.88592e-05	2.59365e-05	-7.79848e-01	-3.11941e-01	-3.14316e-01	9.92042e-02	6.16000e-02
5.00863e-03	2.26146e-04	2.75516e-05	1.88536e-05	-7.70016e-01	-3.08009e-01	-3.10302e-01	9.96422e-02	6.16000e-02
5.15358e-03	2.32832e-04	2.60673e-05	9.95783e-06	-7.64426e-01	-3.05773e-01	-3.06246e-01	1.00063e-01	6.16000e-02
5.06532e-03	2.28856e-04	2.45741e-05	1.12715e-05	-7.57866e-01	-3.03149e-01	-3.02149e-01	1.00466e-01	6.16000e-02
4.86372e-03	2.19585e-04	2.45030e-05	2.81089e-05	-7.51202e-01	-3.00483e-01	-2.98011e-01	1.00851e-01	6.16000e-02
4.86545e-03	2.19526e-04	2.53288e-05	4.47654e-05	-7.45891e-01	-2.98358e-01	-2.93832e-01	1.01219e-01	6.16000e-02
5.15286e-03	2.32606e-04	2.47218e-05	4.20396e-05	-7.42790e-01	-2.97118e-01	-2.89612e-01	1.01569e-01	6.16000e-02
5.26148e-03	2.37707e-04	2.18390e-05	2.69752e-05	-7.44149e-01	-2.97662e-01	-2.85353e-01	1.01900e-01	6.16000e-02
4.91645e-03	2.22198e-04	1.83864e-05	1.88697e-05	-7.48625e-01	-2.99452e-01	-2.81055e-01	1.02213e-01	6.16000e-02
4.63198e-03	2.09346e-04	1.63443e-05	1.89447e-05	-7.51237e-01	-3.00497e-01	-2.76717e-01	1.02508e-01	6.16000e-02
4.76877e-03	2.15500e-04	1.63179e-05	2.24579e-05	-7.51026e-01	-3.00412e-01	-2.72342e-01	1.02784e-01	6.16000e-02
4.90465e-03	2.21597e-04	1.65888e-05	3.06766e-05	-7.52237e-01	-3.00897e-01	-2.67928e-01	1.03042e-01	6.16000e-02
4.70158e-03	2.12377e-04	1.58775e-05	3.79961e-05	-7.53990e-01	-3.01598e-01	-2.63477e-01	1.03281e-01	6.16000e-02
4.48836e-03	2.02753e-04	1.42001e-05	3.82408e-05	-7.52095e-01	-3.00840e-01	-2.58989e-01	1.03501e-01	6.16000e-02
4.48648e-03	2.02694e-04	1.27447e-05	3.43339e-05	-7.50732e-01	-3.00295e-01	-2.54464e-01	1.03703e-01	6.16000e-02
4.45885e-03	2.01475e-04	1.09524e-05	2.73011e-05	-7.52345e-01	-3.00940e-01	-2.49904e-01	1.03885e-01	6.16000e-02
4.35073e-03	1.96626e-04	8.52219e-06	1.47715e-05	-7.52902e-01	-3.01162e-01	-2.45308e-01	1.04049e-01	6.16000e-02
4.33595e-03	1.95976e-04	6.51666e-06	3.38024e-06	-7.53604e-01	-3.01443e-01	-2.40678e-01	1.04194e-01	6.16000e-02
4.34982e-03	1.96581e-04	5.74553e-06	4.92976e-06	-7.55853e-01	-3.02343e-01	-2.36013e-01	1.04319e-01	6.16000e-02
4.25309e-03	1.92166e-04	5.79048e-06	1.56347e-05	-7.57287e-01	-3.02917e-01	-2.31315e-01	1.04426e-01	6.16000e-02
4.05736e-03	1.83301e-04	4.90028e-06	1.69789e-05	-7.57857e-01	-3.03144e-01	-2.26584e-01	1.04514e-01	6.16000e-02
3.79733e-03	1.71548e-04	2.82119e-06	4.42355e-06	-7.58118e-01	-3.03249e-01	-2.21820e-01	1.04583e-01	6.16000e-02
3.54456e-03	1.60114e-04	1.03336e-06	-6.37043e-06	-7.57273e-01	-3.02910e-01	-2.17024e-01	1.04633e-01	6.16000e-02
3.44922e-03	1.55780e-04	4.42102e-07	-6.36464e-06	-7.54937e-01	-3.01976e-01	-2.12197e-01	1.04663e-01	6.16000e-02
3.51955e-03	1.58927e-04	1.18063e-07	-4.25851e-06	-7.52062e-01	-3.00826e-01	-2.07340e-01	1.04675e-01	6.16000e-02
3.49645e-03	1.57854e-04	-7.97402e-07	-7.44720e-06	-7.50968e-01	-3.00389e-01	-2.02452e-01	1.04668e-01	6.16000e-02
3.26255e-03	1.47263e-04	-1.69310e-06	-1.17972e-05	-7.51007e-01	-3.00404e-01	-1.97535e-01	1.04642e-01	6.16000e-02
3.05997e-03	1.38088e-04	-2.32552e-06	-1.45608e-05	-7.49430e-01	-2.99773e-01	-1.92589e-01	1.04598e-01	6.16000e-02
3.00266e-03	1.35470e-04	-2.90065e-06	-1.73206e-05	-7.47082e-01	-2.98834e-01	-1.87615e-01	1.04535e-01	6.16000e-02
2.93475e-03	1.32374e-04	-3.40476e-06	-1.74257e-05	-7.45263e-01	-2.98106e-01	-1.82614e-01	1.04453e-01	6.16000e-02
2.82796e-03	1.27532e-04	-3.54581e-06	-1.43494e-05	-7.43454e-01	-2.97383e-01	-1.77586e-01	1.04352e-01	6.16000e-02
2.71145e-03	1.22252e-04	-3.71479e-06	-1.25366e-05	-7.41651e-01	-2.96661e-01	-1.72531e-01	1.04233e-01	6.16000e-02
2.56631e-03	1.15683e-04	-3.80830e-06	-1.09139e-05	-7.39190e-01	-2.95677e-01	-1.67452e-01	1.04096e-01	6.16000e-02
2.49409e-03	1.12410e-04	-3.81084e-06	-6.27190e-06	-7.35614e-01	-2.94246e-01	-1.62347e-01	1.03941e-01	6.16000e-02
2.51088e-03	1.13149e-04	-3.96885e-06	-2.62591e-06	-7.33317e-01	-2.93328e-01	-1.57219e-01	1.03767e-01	6.16000e-02
2.38858e-03	1.07617e-04	-4.03710e-06	-1.19429e-06	-7.33743e-01	-2.93498e-01	-1.52067e-01	1.03576e-01	6.16000e-02
2.09602e-03	9.44210e-05	-3.67362e-06	2.16048e-06	-7.33975e-01	-2.93591e-01	-1.46893e-01	1.03367e-01	6.16000e-02
1.96385e-03	8.84619e-05	-3.39706e-06	5.84715e-06	-7.30689e-01	-2.92276e-01	-1.41696e-01	1.03140e-01	6.16000e-02
2.06728e-03	9.31039e-05	-3.80206e-06	8.46498e-06	-7.26454e-01	-2.90583e-01	-1.36479e-01	1.02896e-01	6.16000e-02
2.01027e-03	9.05383e-05	-3.55374e-06	1.56511e-05	-7.24821e-01	-2.89929e-01	-1.31241e-01	1.02634e-01	6.16000e-02
1.66719e-03	7.51050e-05	-2.55893e-06	2.42602e-05	-7.22183e-01	-2.88874e-01	-1.25983e-01	1.02355e-01	6.16000e-02
1.36944e-03	6.16900e-05	-2.11471e-06	2.33667e-05	-7.16160e-01	-2.86465e-01	-1.20706e-01	1.02059e-01	6.16000e-02
1.24268e-03	5.59550e-05	-2.32553e-06	1.55885e-05	-7.09570e-01	-2.83829e-01	-1.15411e-01	1.01746e-01	6.16000e-02
1.10597e-03	4.97785e-05	-2.38850e-06	1.21421e-05	-7.03091e-01	-2.81237e-01	-1.10098e-01	1.01417e-01	6.16000e-02
8.93980e-04	4.02409e-05	-1.85944e-06	1.40080e-05	-6.96252e-01	-2.78501e-01	-1.04769e-01	1.01071e-01	6.16000e-02
6.84396e-04	3.08244e-05	-1.16892e-06	1.72312e-05	-6.89454e-01	-2.75782e-01	-9.94233e-02	1.00709e-01	6.16000e-02
5.46520e-04	2.46389e-05	-6.06229e-07	2.07188e-05	-6.82234e-01	-2.72894e-01	-9.40625e-02	1.00331e-01	6.16000e-02
4.94600e-04	2.23042e-05	-4.89574e-07	2.10151e-05	-6.74018e-01	-2.69608e-01	-8.86873e-02	9.99374e-02	6.16000e-02
4.41857e-04	1.99059e-05	-7.16793e-07	1.56867e-05	-6.66243e-01	-2.66498e-01	-8.32983e-02	9.95279e-02	6.16000e-02
3.08982e-04	1.39207e-05	-5.00423e-07	1.09043e-05	-6.59763e-01	-2.63906e-01	-7.78964e-02	9.91032e-02	6.16000e-02
1.98828e-04	8.97924e-06	-7.06173e-08	1.29729e-05	-6.52321e-01	-2.60929e-01	-7.24823e-02	9.86632e-02	6.16000e-02
1.94959e-04	8.82508e-06	1.57193e-07	1.82758e-05	-6.43824e-01	-2.57530e-01	-6.70567e-02	9.82084e-02	6.16000e-02
2.11680e-04	9.58397e-06	1.69723e-07	2.09837e-05	-6.35929e-01	-2.54372e-01	-6.16205e-02	9.77389e-02	6.16000e-02
2.75985e-04	1.24667e-05	-1.27883e-07	2.16594e-05	-6.28598e-01	-2.51440e-01	-5.61745e-02	9.72550e-02	6.16000e-02
4.72482e-04	2.12816e-05	-9.17009e-07	2.33862e-05	-6.23534e-01	-2.49414e-01	-5.07194e-02	9.67569e-02	6.16000e-02
5.80733e-04	2.61376e-05	-1.35833e-06	2.75863e-05	-6.21671e-01	-2.48669e-01	-4.52560e-02	9.62448e-02	6.16000e-02
3.69081e-04	1.66698e-05	-2.77288e-07	3.39381e-05	-6.18832e-01	-2.47534e-01	-3.97852e-02	9.57191e-02	6.16000e-02
8.74201e-06	5.36981e-07	1.42029e-06	3.92696e-05	-6.12441e-01	-2.45012e-01	-3.43077e-02	9.51800e-02	6.16000e-02
-2.27462e-04	-1.00366e-05	2.52812e-06	4.13919e-05	-6.04756e-01	-2.41901e-01	-2.88243e-02	9.46277e-02	6.16000e-02
-3.29150e-04	-1.45918e-05	2.95137e-06	4.18207e-05	-5.98009e-01	-2.39202e-01	-2.33358e-02	9.40625e-02	6.16000e-02
-4.50427e-04	-2.00107e-05	3.59475e-06	4.37705e-05	-5.92880e-01	-2.37151e-01	-1.78430e-02	9.34847e-02	6.16000e-02
-5.92420e-04	-2.63454e-05	4.43831e-06	4.88765e-05	-5.87704e-01	-2.35081e-01	-1.23467e-02	9.28946e-02	6.16000e-02
-5.93736e-04	-2.63871e-05	4.56526e-06	5.37412e-05	-5.81579e-01	-2.32631e-01	-6.84773e-03	9.22923e-02	6.16000e-02
-4.61662e-04	-2.04747e-05	3.90146e-06	5.26441e-05	-5.76814e-01	-2.30724e-01	-1.34688e-03	9.16782e-02	6.16000e-02
-3.63748e-04	-1.61120e-05	3.22447e-06	4.65038e-05	-5.73429e-01	-2.29370e-01	4.15504e-03	9.10526e-02	6.16000e-02
-3.17401e-04	-1.40556e-05	2.82063e-06	4.15302e-05	-5.70163e-01	-2.28064e-01	9.65724e-03	9.04157e-02	6.16000e-02
-2.39021e-04	-1.05571e-05	2.33993e-06	3.94662e-05	-5.67736e-01	-2.27093e-01	1.51589e-02	8.97678e-02	6.16000e-02
-1.62381e-04	-7.13385e-06	1.89347e-06	3.84077e-05	-5.66110e-01	-2.26442e-01	2.06592e-02	8.91092e-02	6.16000e-02
-1.83718e-04	-8.08799e-06	1.98665e-06	3.92111e-05	-5.64724e-01	-2.25888e-01	2.61574e-02	8.84402e-02	6.16000e-02
-2.89632e-04	-1.28016e-05	2.69804e-06	4.33725e-05	-5.63101e-01	-2.25239e-01	3.16526e-02	8.77610e-02	6.16000e-02
-3.69751e-04	-1.63659e-05	3.23962e-06	4.78882e-05	-5.60646e-01	-2.24257e-01	3.71441e-02	8.70719e-02	6.16000e-02
-4.01219e-04	-1.77688e-05	3.41727e-06	4.88697e-05	-5.58430e-01	-2.23371e-01	4.26310e-02	8.63733e-02	6.16000e-02
-4.60410e-04	-2.04141e-05	3.71806e-06	4.76139e-05	-5.56661e-01	-2.22663e-01	4.81126e-02	8.56653e-02	6.16000e-02
-5.62261e-04	-2.49597e-05	4.29555e-06	4.66619e-05	-5.54245e-01	-2.21697e-01	5.35880e-02	8.49483e-02	6.16000e-02
-6.44716e-04	-2.86358e-05	4.79061e-06	4.47764e-05	-5.51585e-01	-2.20633e-01	5.90564e-02	8.42226e-02	6.16000e-02
-6.40910e-04	-2.84676e-05	4.74167e-06	4.09739e-05	-5.48839e-01	-2.19535e-01	6.45170e-02	8.34884e-02	6.16000e-02
-5.39936e-04	-2.39713e-05	4.06611e-06	3.74080e-05	-5.46145e-01	-2.18457e-01	6.99691e-02	8.27461e-02	6.16000e-02
-4.48500e-04	-1.98967e-05	3.47756e-06	3.57715e-05	-5.44464e-01	-2.17785e-01	7.54118e-02	8.19958e-02	6.16000e-02
-4.67943e-04	-2.07642e-05	3.58352e-06	3.52803e-05	-5.43148e-01	-2.17258e-01	8.08444e-02	8.12380e-02	6.16000e-02
-5.55490e-04	-2.46663e-05	4.12148e-06	3.43156e-05	-5.41583e-01	-2.16633e-01	8.62660e-02	8.04728e-02	6.16000e-02
-6.08285e-04	-2.70177e-05	4.45528e-06	3.21058e-05	-5.40064e-01	-2.16025e-01	9.16759e-02	7.97005e-02	6.16000e-02
-5.59710e-04	-2.48570e-05	4.11419e-06	2.91636e-05	-5.38350e-01	-2.15339e-01	9.70732e-02	7.89215e-02	6.16000e-02
-4.24955e-04	-1.88589e-05	3.21141e-06	2.65133e-05	-5.37314e-01	-2.14925e-01	1.02457e-01	7.81360e-02	6.16000e-02
-3.19907e-04	-1.41839e-05	2.50216e-06	2.44355e-05	-5.37746e-01	-2.15098e-01	1.07827e-01	7.73443e-02	6.16000e-02
-3.23955e-04	-1.43679e-05	2.49900e-06	2.26652e-05	-5.38485e-01	-2.15394e-01	1.13182e-01	7.65467e-02	6.16000e-02
-3.84911e-04	-1.70820e-05	2.89413e-06	2.09699e-05	-5.38851e-01	-2.15540e-01	1.18522e-01	7.57434e-02	6.16000e-02
-4.32882e-04	-1.92168e-05	3.21248e-06	1.90953e-05	-5.39030e-01	-2.15611e-01	1.23845e-01	7.49348e-02	6.16000e-02
-4.47953e-04	-1.98876e-05	3.30935e-06	1.73334e-05	-5.38875e-01	-2.15550e-01	1.29150e-01	7.41210e-02	6.16000e-02
-4.17351e-04	-1.85243e-05	3.11139e-06	1.65325e-05	-5.38619e-01	-2.15447e-01	1.34438e-01	7.33024e-02	6.16000e-02
-3.39918e-04	-1.50775e-05	2.59523e-06	1.67439e-05	-5.38886e-01	-2.15554e-01	1.39707e-01	7.24793e-02	6.16000e-02
-2.47689e-04	-1.09748e-05	1.96350e-06	1.66702e-05	-5.39876e-01	-2.15950e-01	1.44957e-01	7.16519e-02	6.16000e-02
-1.88504e-04	-8.34735e-06	1.52426e-06	1.48235e-05	-5.41330e-01	-2.16532e-01	1.50186e-01	7.08204e-02	6.16000e-02
-1.99774e-04	-8.85488e-06	1.56088e-06	1.12114e-05	-5.42846e-01	-2.17138e-01	1.55395e-01	6.99852e-02	6.16000e-02
-2.76690e-04	-1.22770e-05	2.08071e-06	7.59054e-06	-5.43917e-01	-2.17567e-01	1.60582e-01	6.91466e-02	6.16000e-02
-3.69655e-04	-1.64065e-05	2.75109e-06	5.62936e-06	-5.44489e-01	-2.17796e-01	1.65746e-01	6.83047e-02	6.16000e-02
-4.36143e-04	-1.93546e-05	3.26217e-06	5.40117e-06	-5.45054e-01	-2.18021e-01	1.70887e-01	6.74599e-02	6.16000e-02
-4.73140e-04	-2.09925e-05	3.56153e-06	5.97129e-06	-5.45787e-01	-2.18315e-01	1.76004e-01	6.66124e-02	6.16000e-02
-5.01870e-04	-2.22637e-05	3.79790e-06	6.37752e-06	-5.46601e-01	-2.18640e-01	1.81097e-01	6.57624e-02	6.16000e-02
-5.43367e-04	-2.41008e-05	4.13350e-06	6.09133e-06	-5.47447e-01	-2.18979e-01	1.86164e-01	6.49103e-02	6.16000e-02
-5.92938e-04	-2.62958e-05	4.53127e-06	5.54296e-06	-5.48152e-01	-2.19260e-01	1.91205e-01	6.40563e-02	6.16000e-02
-6.26107e-04	-2.77616e-05	4.81414e-06	5.72316e-06	-5.48745e-01	-2.19498e-01	1.96220e-01	6.32006e-02	6.16000e-02
-6.39472e-04	-2.83478e-05	4.95360e-06	6.65839e-06	-5.49472e-01	-2.19789e-01	2.01207e-01	6.23435e-02	6.16000e-02
-6.53093e-04	-2.89452e-05	5.09536e-06	7.38602e-06	-5.50301e-01	-2.20120e-01	2.06166e-01	6.14853e-02	6.16000e-02
-6.71780e-04	-2.97673e-05	5.27543e-06	7.66790e-06	-5.51080e-01	-2.20432e-01	2.11096e-01	6.06261e-02	6.16000e-02
-6.85098e-04	-3.03508e-05	5.41660e-06	8.13971e-06	-5.51871e-01	-2.20748e-01	2.15996e-01	5.97663e-02	6.16000e-02
-6.94430e-04	-3.07574e-05	5.52850e-06	8.72832e-06	-5.52755e-01	-2.21102e-01	2.20867e-01	5.89061e-02	6.16000e-02
-7.07693e-04	-3.13398e-05	5.66158e-06	8.58789e-06	-5.53610e-01	-2.21444e-01	2.25706e-01	5.80458e-02	6.16000e-02
-7.21797e-04	-3.19600e-05	5.79817e-06	7.56642e-06	-5.54299e-01	-2.21719e-01	2.30514e-01	5.71855e-02	6.16000e-02
-7.30960e-04	-3.23610e-05	5.89754e-06	6.37589e-06	-5.54870e-01	-2.21948e-01	2.35290e-01	5.63256e-02	6.16000e-02
-7.44137e-04	-3.29392e-05	6.03141e-06	5.51197e-06	-5.55434e-01	-2.22173e-01	2.40034e-01	5.54662e-02	6.16000e-02
-7.74874e-04	-3.42938e-05	6.31277e-06	4.95524e-06	-5.55981e-01	-2.22392e-01	2.44744e-01	5.46076e-02	6.16000e-02
-8.22341e-04	-3.63881e-05	6.73431e-06	4.64369e-06	-5.56474e-01	-2.22589e-01	2.49419e-01	5.37501e-02	6.16000e-02
-8.73483e-04	-3.86442e-05	7.18988e-06	4.59104e-06	-5.56933e-01	-2.22773e-01	2.54061e-01	5.28939e-02	6.16000e-02
-9.14130e-04	-4.04349e-05	7.56487e-06	4.72431e-06	-5.57379e-01	-2.22951e-01	2.58667e-01	5.20391e-02	6.16000e-02
-9.38291e-04	-4.14957e-05	7.80698e-06	4.82950e-06	-5.57870e-01	-2.23148e-01	2.63237e-01	5.11861e-02	6.16000e-02
-9.56425e-04	-4.22903e-05	7.99673e-06	4.65145e-06	-5.58417e-01	-2.23366e-01	2.67771e-01	5.03351e-02	6.16000e-02
-9.85006e-04	-4.35473e-05	8.27136e-06	4.23530e-06	-5.58878e-01	-2.23551e-01	2.72268e-01	4.94863e-02	6.16000e-02
-1.02655e-03	-4.53759e-05	8.66232e-06	4.01969e-06	-5.59213e-01	-2.23685e-01	2.76728e-01	4.86398e-02	6.16000e-02
-1.07203e-03	-4.73769e-05	9.09546e-06	4.38601e-06	-5.59540e-01	-2.23816e-01	2.81149e-01	4.77961e-02	6.16000e-02
-1.11554e-03	-4.92895e-05	9.51669e-06	5.37117e-06	-5.59887e-01	-2.23954e-01	2.85532e-01	4.69552e-02	6.16000e-02
-1.15420e-03	-5.09871e-05	9.90091e-06	6.63939e-06	-5.60151e-01	-2.24060e-01	2.89876e-01	4.61173e-02	6.16000e-02
-1.18369e-03	-5.22794e-05	1.02082e-05	7.49958e-06	-5.60320e-01	-2.24128e-01	2.94180e-01	4.52828e-02	6.16000e-02
-1.20344e-03	-5.31417e-05	1.04276e-05	7.39554e-06	-5.60466e-01	-2.24186e-01	2.98443e-01	4.44518e-02	6.16000e-02
-1.21896e-03	-5.38178e-05	1.06087e-05	6.44277e-06	-5.60592e-01	-2.24236e-01	3.02667e-01	4.36246e-02	6.16000e-02
-1.23560e-03	-5.45434e-05	1.08000e-05	5.25117e-06	-5.60647e-01	-2.24258e-01	3.06848e-01	4.28012e-02	6.16000e-02
-1.25492e-03	-5.53859e-05	1.10197e-05	4.44199e-06	-5.60632e-01	-2.24252e-01	3.10989e-01	4.19821e-02	6.16000e-02
-1.27772e-03	-5.63822e-05	1.12709e-05	4.29753e-06	-5.60577e-01	-2.24230e-01	3.15087e-01	4.11673e-02	6.16000e-02
-1.30406e-03	-5.75338e-05	1.15564e-05	4.55908e-06	-5.60531e-01	-2.24212e-01	3.19143e-01	4.03570e-02	6.16000e-02
-1.33161e-03	-5.87383e-05	1.18541e-05	4.79024e-06	-5.60486e-01	-2.24194e-01	3.23155e-01	3.95516e-02	6.16000e-02
-1.35466e-03	-5.97438e-05	1.21148e-05	4.89442e-06	-5.60356e-01	-2.24142e-01	3.27125e-01	3.87510e-02	6.16000e-02
-1.36783e-03	-6.03130e-05	1.22898e-05	4.96749e-06	-5.60089e-01	-2.24035e-01	3.31050e-01	3.79557e-02	6.16000e-02
-1.37002e-03	-6.03989e-05	1.23619e-05	4.95861e-06	-5.59749e-01	-2.23899e-01	3.34931e-01	3.71657e-02	6.16000e-02
-1.36758e-03	-6.02808e-05	1.23909e-05	4.91397e-06	-5.59437e-01	-2.23774e-01	3.38767e-01	3.63813e-02	6.16000e-02
-1.36923e-03	-6.03424e-05	1.24611e-05	5.15677e-06	-5.59225e-01	-2.23689e-01	3.42559e-01	3.56026e-02	6.16000e-02
-1.38037e-03	-6.08210e-05	1.26208e-05	5.91371e-06	-5.59100e-01	-2.23640e-01	3.46305e-01	3.48299e-02	6.16000e-02
-1.39637e-03	-6.15148e-05	1.28207e-05	7.07747e-06	-5.58943e-01	-2.23577e-01	3.50005e-01	3.40633e-02	6.16000e-02
-1.40986e-03	-6.20991e-05	1.29938e-05	8.36101e-06	-5.58710e-01	-2.23483e-01	3.53659e-01	3.33029e-02	6.16000e-02
-1.42253e-03	-6.26458e-05	1.31642e-05	9.27328e-06	-5.58457e-01	-2.23382e-01	3.57266e-01	3.25491e-02	6.16000e-02
-1.44255e-03	-6.35168e-05	1.34006e-05	9.31127e-06	-5.58128e-01	-2.23251e-01	3.60827e-01	3.18019e-02	6.16000e-02
-1.46933e-03	-6.46858e-05	1.36974e-05	8.65104e-06	-5.57684e-01	-2.23073e-01	3.64341e-01	3.10615e-02	6.16000e-02
-1.49643e-03	-6.58674e-05	1.40037e-05	8.13489e-06	-5.57148e-01	-2.22859e-01	3.67808e-01	3.03282e-02	6.16000e-02
-1.51873e-03	-6.68362e-05	1.42706e-05	8.10400e-06	-5.56561e-01	-2.22624e-01	3.71227e-01	2.96020e-02	6.16000e-02
-1.53199e-03	-6.74087e-05	1.44490e-05	7.93019e-06	-5.55976e-01	-2.22390e-01	3.74598e-01	2.88831e-02	6.16000e-02
-1.53858e-03	-6.76891e-05	1.45548e-05	7.16844e-06	-5.55390e-01	-2.22156e-01	3.77921e-01	2.81718e-02	6.16000e-02
-1.54512e-03	-6.79671e-05	1.46621e-05	6.30024e-06	-5.54757e-01	-2.21902e-01	3.81195e-01	2.74680e-02	6.16000e-02
-1.55401e-03	-6.83463e-05	1.48002e-05	6.04979e-06	-5.54049e-01	-2.21619e-01	3.84421e-01	2.67721e-02	6.16000e-02
-1.56783e-03	-6.89425e-05	1.49869e-05	6.71931e-06	-5.53287e-01	-2.21314e-01	3.87598e-01	2.60842e-02	6.16000e-02
-1.58980e-03	-6.98966e-05	1.52501e-05	8.11539e-06	-5.52490e-01	-2.20995e-01	3.90727e-01	2.54043e-02	6.16000e-02
-1.61534e-03	-7.10085e-05	1.55462e-05	9.74450e-06	-5.51660e-01	-2.20664e-01	3.93806e-01	2.47326e-02	6.16000e-02
-1.63544e-03	-7.18791e-05	1.57978e-05	1.12283e-05	-5.50854e-01	-2.20341e-01	3.96836e-01	2.40694e-02	6.16000e-02
-1.65014e-03	-7.25124e-05	1.59988e-05	1.24172e-05	-5.50090e-01	-2.20035e-01	3.99817e-01	2.34146e-02	6.16000e-02
-1.66918e-03	-7.33371e-05	1.62377e-05	1.30394e-05	-5.49362e-01	-2.19744e-01	4.02748e-01	2.27685e-02	6.16000e-02
-1.70370e-03	-7.48422e-05	1.66252e-05	1.28893e-05	-5.48655e-01	-2.19461e-01	4.05630e-01	2.21311e-02	6.16000e-02
-1.75111e-03	-7.69153e-05	1.71312e-05	1.25393e-05	-5.47840e-01	-2.19135e-01	4.08462e-01	2.15027e-02	6.16000e-02
-1.79040e-03	-7.86296e-05	1.75680e-05	1.28430e-05	-5.46862e-01	-2.18744e-01	4.11244e-01	2.08832e-02	6.16000e-02
-1.80806e-03	-7.93900e-05	1.78085e-05	1.35195e-05	-5.45823e-01	-2.18329e-01	4.13977e-01	2.02728e-02	6.16000e-02
-1.81135e-03	-7.95209e-05	1.79007e-05	1.35798e-05	-5.44726e-01	-2.17890e-01	4.16660e-01	1.96716e-02	6.16000e-02
-1.80247e-03	-7.91194e-05	1.78655e-05	1.29657e-05	-5.43570e-01	-2.17427e-01	4.19293e-01	1.90798e-02	6.16000e-02
-1.78317e-03	-7.82596e-05	1.77293e-05	1.24440e-05	-5.42508e-01	-2.17002e-01	4.21876e-01	1.84973e-02	6.16000e-02
-1.76597e-03	-7.74930e-05	1.76104e-05	1.24515e-05	-5.41537e-01	-2.16614e-01	4.24409e-01	1.79243e-02	6.16000e-02
-1.75415e-03	-7.69644e-05	1.75346e-05	1.30408e-05	-5.40538e-01	-2.16215e-01	4.26893e-01	1.73610e-02	6.16000e-02
-1.74394e-03	-7.65040e-05	1.74879e-05	1.39754e-05	-5.39569e-01	-2.15827e-01	4.29327e-01	1.68072e-02	6.16000e-02
-1.74418e-03	-7.65023e-05	1.75434e-05	1.46705e-05	-5.38600e-01	-2.15439e-01	4.31711e-01	1.62632e-02	6.16000e-02
-1.75862e-03	-7.71291e-05	1.77170e-05	1.48999e-05	-5.37476e-01	-2.14990e-01	4.34046e-01	1.57290e-02	6.16000e-02
-1.77669e-03	-7.79121e-05	1.79415e-05	1.49476e-05	-5.36251e-01	-2.14500e-01	4.36331e-01	1.52047e-02	6.16000e-02
-1.78995e-03	-7.84798e-05	1.81347e-05	1.48862e-05	-5.34999e-01	-2.13999e-01	4.38568e-01	1.46903e-02	6.16000e-02
-1.78911e-03	-7.84320e-05	1.81742e-05	1.47315e-05	-5.33706e-01	-2.13482e-01	4.40755e-01	1.41858e-02	6.16000e-02
-1.76691e-03	-7.74491e-05	1.79908e-05	1.49266e-05	-5.32500e-01	-2.12999e-01	4.42893e-01	1.36914e-02	6.16000e-02
-1.74811e-03	-7.66146e-05	1.78438e-05	1.61546e-05	-5.31485e-01	-2.12593e-01	4.44983e-01	1.32070e-02	6.16000e-02
-1.76510e-03	-7.73513e-05	1.80501e-05	1.87202e-05	-5.30490e-01	-2.12195e-01	4.47024e-01	1.27326e-02	6.16000e-02
-1.79901e-03	-7.88311e-05	1.84242e-05	2.18552e-05	-5.29386e-01	-2.11753e-01	4.49016e-01	1.22684e-02	6.16000e-02
-1.80836e-03	-7.92276e-05	1.85764e-05	2.40935e-05	-5.28309e-01	-2.11323e-01	4.50961e-01	1.18143e-02	6.16000e-02
-1.79242e-03	-7.85152e-05	1.84717e-05	2.46187e-05	-5.27293e-01	-2.10916e-01	4.52858e-01	1.13703e-02	6.16000e-02
-1.77851e-03	-7.78987e-05	1.83593e-05	2.39068e-05	-5.26183e-01	-2.10472e-01	4.54708e-01	1.09364e-02	6.16000e-02
-1.77534e-03	-7.77546e-05	1.83500e-05	2.30313e-05	-5.24946e-01	-2.09977e-01	4.56510e-01	1.05126e-02	6.16000e-02
-1.76528e-03	-7.73041e-05	1.82863e-05	2.26341e-05	-5.23711e-01	-2.09484e-01	4.58266e-01	1.00990e-02	6.16000e-02
-1.73224e-03	-7.58467e-05	1.79892e-05	2.25327e-05	-5.22644e-01	-2.09057e-01	4.59975e-01	9.69542e-03	6.16000e-02
-1.68708e-03	-7.38605e-05	1.75574e-05	2.21851e-05	-5.21816e-01	-2.08726e-01	4.61638e-01	9.30194e-03	6.16000e-02
-1.64901e-03	-7.21867e-05	1.71907e-05	2.14970e-05	-5.21108e-01	-2.08443e-01	4.63256e-01	8.91848e-03	6.16000e-02
-1.61716e-03	-7.07868e-05	1.68828e-05	2.08952e-05	-5.20426e-01	-2.08170e-01	4.64828e-01	8.54503e-03	6.16000e-02
-1.59870e-03	-6.99719e-05	1.67192e-05	2.07091e-05	-5.19747e-01	-2.07898e-01	4.66356e-01	8.18151e-03	6.16000e-02
-1.60252e-03	-7.01350e-05	1.67753e-05	2.08940e-05	-5.18964e-01	-2.07585e-01	4.67839e-01	7.82789e-03	6.16000e-02
-1.60809e-03	-7.03705e-05	1.68681e-05	2.13689e-05	-5.18094e-01	-2.07237e-01	4.69278e-01	7.48410e-03	6.16000e-02
-1.59343e-03	-6.97147e-05	1.67750e-05	2.20059e-05	-5.17294e-01	-2.06917e-01	4.70675e-01	7.15007e-03	6.16000e-02
-1.56823e-03	-6.86047e-05	1.65401e-05	2.24674e-05	-5.16578e-01	-2.06631e-01	4.72028e-01	6.82571e-03	6.16000e-02
-1.55376e-03	-6.79731e-05	1.63820e-05	2.24812e-05	-5.15883e-01	-2.06353e-01	4.73339e-01	6.51095e-03	6.16000e-02
-1.55532e-03	-6.80378e-05	1.64132e-05	2.21110e-05	-5.15204e-01	-2.06081e-01	4.74609e-01	6.20569e-03	6.16000e-02
-1.55994e-03	-6.82316e-05	1.64958e-05	2.17540e-05	-5.14544e-01	-2.05817e-01	4.75838e-01	5.90983e-03	6.16000e-02
-1.55579e-03	-6.80453e-05	1.64724e-05	2.17650e-05	-5.13912e-01	-2.05564e-01	4.77026e-01	5.62326e-03	6.16000e-02
-1.54687e-03	-6.76534e-05	1.63844e-05	2.21066e-05	-5.13298e-01	-2.05318e-01	4.78175e-01	5.34586e-03	6.16000e-02
-1.54152e-03	-6.74164e-05	1.63403e-05	2.25362e-05	-5.12668e-01	-2.05067e-01	4.79285e-01	5.07751e-03	6.16000e-02
-1.53842e-03	-6.72738e-05	1.63370e-05	2.29015e-05	-5.12013e-01	-2.04804e-01	4.80356e-01	4.81807e-03	6.16000e-02
-1.53419e-03	-6.70796e-05	1.63291e-05	2.31969e-05	-5.11349e-01	-2.04539e-01	4.81390e-01	4.56741e-03	6.16000e-02
-1.52823e-03	-6.68138e-05	1.62879e-05	2.34968e-05	-5.10687e-01	-2.04274e-01	4.82387e-01	4.32537e-03	6.16000e-02
-1.52075e-03	-6.64831e-05	1.62219e-05	2.38721e-05	-5.10038e-01	-2.04014e-01	4.83348e-01	4.09179e-03	6.16000e-02
-1.51110e-03	-6.60547e-05	1.61464e-05	2.43170e-05	-5.09425e-01	-2.03769e-01	4.84274e-01	3.86651e-03	6.16000e-02
-1.49626e-03	-6.53993e-05	1.60152e-05	2.47026e-05	-5.08846e-01	-2.03538e-01	4.85165e-01	3.64935e-03	6.16000e-02
-1.47340e-03	-6.43978e-05	1.57809e-05	2.48399e-05	-5.08309e-01	-2.03323e-01	4.86023e-01	3.44014e-03	6.16000e-02
-1.44273e-03	-6.30543e-05	1.54637e-05	2.47002e-05	-5.07815e-01	-2.03125e-01	4.86849e-01	3.23869e-03	6.16000e-02
-1.40567e-03	-6.14313e-05	1.50810e-05	2.43908e-05	-5.07373e-01	-2.02948e-01	4.87642e-01	3.04479e-03	6.16000e-02
-1.36783e-03	-5.97723e-05	1.46964e-05	2.40304e-05	-5.06968e-01	-2.02786e-01	4.88405e-01	2.85824e-03	6.16000e-02
-1.33476e-03	-5.83241e-05	1.43523e-05	2.36568e-05	-5.06560e-01	-2.02623e-01	4.89137e-01	2.67882e-03	6.16000e-02
-1.30789e-03	-5.71494e-05	1.40674e-05	2.33021e-05	-5.06160e-01	-2.02463e-01	4.89841e-01	2.50632e-03	6.16000e-02
-1.28428e-03	-5.61148e-05	1.38238e-05	2.30422e-05	-5.05742e-01	-2.02296e-01	4.90517e-01	2.34050e-03	6.16000e-02
-1.25826e-03	-5.49776e-05	1.35464e-05	2.29281e-05	-5.05358e-01	-2.02143e-01	4.91167e-01	2.18112e-03	6.16000e-02
-1.22710e-03	-5.36097e-05	1.32368e-05	2.29888e-05	-5.04998e-01	-2.01999e-01	4.91790e-01	2.02794e-03	6.16000e-02
-1.18717e-03	-5.18610e-05	1.28233e-05	2.31640e-05	-5.04640e-01	-2.01856e-01	4.92389e-01	1.88070e-03	6.16000e-02
-1.14284e-03	-4.99193e-05	1.23648e-05	2.33234e-05	-5.04382e-01	-2.01752e-01	4.92965e-01	1.73913e-03	6.16000e-02
-1.09423e-03	-4.77818e-05	1.18961e-05	2.33163e-05	-5.04064e-01	-2.01625e-01	4.93518e-01	1.60298e-03	6.16000e-02
-1.05014e-03	-4.58618e-05	1.13963e-05	2.30885e-05	-5.03904e-01	-2.01561e-01	4.94050e-01	1.47195e-03	6.16000e-02
-1.00932e-03	-4.40571e-05	1.10410e-05	2.27547e-05	-5.03599e-01	-2.01439e-01	4.94561e-01	1.34576e-03	6.16000e-02
-9.68499e-04	-4.23042e-05	1.04780e-05	2.25251e-05	-5.03382e-01	-2.01352e-01	4.95055e-01	1.22411e-03	6.16000e-02
-9.22904e-04	-4.02813e-05	1.01116e-05	2.25679e-05	-5.03173e-01	-2.01269e-01	4.95530e-01	1.10670e-03	6.16000e-02
-8.65020e-04	-3.77833e-05	9.36222e-06	2.28959e-05	-5.02838e-01	-2.01135e-01	4.95990e-01	9.93225e-04	6.16000e-02
-7.99525e-04	-3.49023e-05	8.73500e-06	2.33870e-05	-5.02895e-01	-2.01157e-01	4.96434e-01	8.83355e-04	6.16000e-02
-7.23533e-04	-3.15772e-05	7.93622e-06	2.39496e-05	-5.02442e-01	-2.00976e-01	4.96865e-01	7.76765e-04	6.16000e-02
-6.35754e-04	-2.77888e-05	6.80150e-06	2.45998e-05	-5.02730e-01	-2.01092e-01	4.97284e-01	6.73118e-04	6.16000e-02
-5.52939e-04	-2.40536e-05	6.38147e-06	2.51943e-05	-5.02495e-01	-2.00997e-01	4.97693e-01	5.72070e-04	6.16000e-02
-4.40264e-04	-1.93055e-05	4.46138e-06	2.59295e-05	-5.02504e-01	-2.01001e-01	4.98092e-01	4.73267e-04	6.16000e-02
-3.86947e-04	-1.66504e-05	5.20123e-06	2.66724e-05	-5.03386e-01	-2.01354e-01	4.98483e-01	3.76350e-04	6.16000e-02
-2.82746e-04	-1.23814e-05	2.93403e-06	2.70747e-05	-5.02247e-01	-2.00898e-01	4.98868e-01	2.80949e-04	6.16000e-02
-3.58644e-04	-1.54571e-05	4.72067e-06	2.87447e-05	-5.06933e-01	-2.02773e-01	4.99248e-01	1.86686e-04	6.16000e-02
-6.47867e-04	-2.64181e-05	1.45868e-05	2.96353e-05	-5.06738e-01	-2.02695e-01	4.99625e-01	9.31757e-05	6.16000e-02
-5.30089e-04	-3.37534e-05	-3.69424e-05	2.39347e-05	-5.11508e-01	-2.04602e-01	5.00000e-01	0.00000e+00	6.16000e-02
