"$C_p$" "Momentum:0" "Momentum:1" "Momentum:2" "Density" "Points:0" "Points:1" "Points:2"
nan nan nan nan nan -4.4999999e-01 0.0000000e+00 -8.2500003e-02
nan nan nan nan nan -4.4999999e-01 1.1679335e-03 -8.2500003e-02
nan nan nan nan nan -4.4999999e-01 2.3358669e-03 -8.2500003e-02
nan nan nan nan nan -4.4999999e-01 3.5038004e-03 -8.2500003e-02
nan nan nan nan nan -4.4999999e-01 4.6717338e-03 -8.2500003e-02
nan nan nan nan nan -4.4999999e-01 5.8396673e-03 -8.2500003e-02
nan nan nan nan nan -4.4999999e-01 7.0076007e-03 -8.2500003e-02
nan nan nan nan nan -4.4999999e-01 8.1755342e-03 -8.2500003e-02
nan nan nan nan nan -4.4999999e-01 9.3434677e-03 -8.2500003e-02
nan nan nan nan nan -4.4999999e-01 1.0511401e-02 -8.2500003e-02
nan nan nan nan nan -4.4999999e-01 1.1679335e-02 -8.2500003e-02
nan nan nan nan nan -4.4999999e-01 1.2847268e-02 -8.2500003e-02
nan nan nan nan nan -4.4999999e-01 1.4015201e-02 -8.2500003e-02
nan nan nan nan nan -4.4999999e-01 1.5183135e-02 -8.2500003e-02
nan nan nan nan nan -4.4999999e-01 1.6351068e-02 -8.2500003e-02
nan nan nan nan nan -4.4999999e-01 1.7519001e-02 -8.2500003e-02
nan nan nan nan nan -4.4999999e-01 1.8686935e-02 -8.2500003e-02
nan nan nan nan nan -4.4999999e-01 1.9854868e-02 -8.2500003e-02
nan nan nan nan nan -4.4999999e-01 2.1022802e-02 -8.2500003e-02
nan nan nan nan nan -4.4999999e-01 2.2190735e-02 -8.2500003e-02
nan nan nan nan nan -4.4999999e-01 2.3358669e-02 -8.2500003e-02
nan nan nan nan nan -4.4999999e-01 2.4526602e-02 -8.2500003e-02
nan nan nan nan nan -4.4999999e-01 2.5694536e-02 -8.2500003e-02
nan nan nan nan nan -4.4999999e-01 2.6862469e-02 -8.2500003e-02
nan nan nan nan nan -4.4999999e-01 2.8030403e-02 -8.2500003e-02
nan nan nan nan nan -4.4999999e-01 2.9198335e-02 -8.2500003e-02
nan nan nan nan nan -4.4999999e-01 3.0366270e-02 -8.2500003e-02
nan nan nan nan nan -4.4999999e-01 3.1534202e-02 -8.2500003e-02
nan nan nan nan nan -4.4999999e-01 3.2702137e-02 -8.2500003e-02
nan nan nan nan nan -4.4999999e-01 3.3870071e-02 -8.2500003e-02
nan nan nan nan nan -4.4999999e-01 3.5038002e-02 -8.2500003e-02
nan nan nan nan nan -4.4999999e-01 3.6205936e-02 -8.2500003e-02
nan nan nan nan nan -4.4999999e-01 3.7373871e-02 -8.2500003e-02
nan nan nan nan nan -4.4999999e-01 3.8541801e-02 -8.2500003e-02
nan nan nan nan nan -4.4999999e-01 3.9709736e-02 -8.2500003e-02
nan nan nan nan nan -4.4999999e-01 4.0877670e-02 -8.2500003e-02
nan nan nan nan nan -4.4999999e-01 4.2045604e-02 -8.2500003e-02
nan nan nan nan nan -4.4999999e-01 4.3213535e-02 -8.2500003e-02
nan nan nan nan nan -4.4999999e-01 4.4381469e-02 -8.2500003e-02
nan nan nan nan nan -4.4999999e-01 4.5549404e-02 -8.2500003e-02
nan nan nan nan nan -4.4999999e-01 4.6717338e-02 -8.2500003e-02
nan nan nan nan nan -4.4999999e-01 4.7885269e-02 -8.2500003e-02
nan nan nan nan nan -4.4999999e-01 4.9053203e-02 -8.2500003e-02
nan nan nan nan nan -4.4999999e-01 5.0221138e-02 -8.2500003e-02
nan nan nan nan nan -4.4999999e-01 5.1389072e-02 -8.2500003e-02
nan nan nan nan nan -4.4999999e-01 5.2557003e-02 -8.2500003e-02
-1.2879635e+00 -5.0414619e-03 -3.4443168e-03 -3.0452160e-03 8.5514390e-01 -4.4999999e-01 5.3724937e-02 -8.2500003e-02
-1.2880756e+00 -9.6748872e-03 -6.5107960e-03 -4.0066582e-03 8.5459483e-01 -4.4999999e-01 5.4892872e-02 -8.2500003e-02
-1.2882680e+00 -1.3324421e-02 -8.7665422e-03 -3.0246126e-03 8.5420209e-01 -4.4999999e-01 5.6060806e-02 -8.2500003e-02
-1.2884704e+00 -1.5808182e-02 -1.0292800e-02 -9.7359112e-04 8.5395473e-01 -4.4999999e-01 5.7228737e-02 -8.2500003e-02
-1.2886153e+00 -1.7439449e-02 -1.1443188e-02 1.5008161e-03 8.5378915e-01 -4.4999999e-01 5.8396671e-02 -8.2500003e-02
-1.2885771e+00 -1.8469820e-02 -1.2302675e-02 3.8352932e-03 8.5370129e-01 -4.4999999e-01 5.9564605e-02 -8.2500003e-02
-1.2882835e+00 -1.8816430e-02 -1.2620990e-02 5.6992401e-03 8.5368496e-01 -4.4999999e-01 6.0732540e-02 -8.2500003e-02
-1.2879178e+00 -1.8053779e-02 -1.1950512e-02 7.1328962e-03 8.5370356e-01 -4.4999999e-01 6.1900470e-02 -8.2500003e-02
-1.2875841e+00 -1.4654926e-02 -8.6765513e-03 8.0577359e-03 8.5370612e-01 -4.4999999e-01 6.3068405e-02 -8.2500003e-02
-1.2870832e+00 -5.8015492e-03 6.9002461e-05 7.8488234e-03 8.5367548e-01 -4.4999999e-01 6.4236335e-02 -8.2500003e-02
-1.2865757e+00 1.4955034e-02 2.1277845e-02 5.9469761e-03 8.5368907e-01 -4.4999999e-01 6.5404274e-02 -8.2500003e-02
-1.2861504e+00 6.2607728e-02 7.1514294e-02 3.2726140e-03 8.5469043e-01 -4.4999999e-01 6.6572204e-02 -8.2500003e-02
-1.2846073e+00 1.4011014e-01 1.5309170e-01 1.2941119e-03 8.5860020e-01 -4.4999999e-01 6.7740142e-02 -8.2500003e-02
-1.2802694e+00 2.3531291e-01 2.5163516e-01 2.7760500e-04 8.6676264e-01 -4.4999999e-01 6.8908073e-02 -8.2500003e-02
-1.2707771e+00 3.2520127e-01 3.4191266e-01 -2.8024522e-05 8.7880051e-01 -4.4999999e-01 7.0076004e-02 -8.2500003e-02
-1.2563835e+00 3.8618940e-01 3.9928088e-01 -9.0937181e-05 8.8947535e-01 -4.4999999e-01 7.1243942e-02 -8.2500003e-02
-1.2392029e+00 4.1969806e-01 4.2601427e-01 -1.0686275e-04 8.9648789e-01 -4.4999999e-01 7.2411872e-02 -8.2500003e-02
-1.2207756e+00 4.3061653e-01 4.2873266e-01 -1.2213361e-04 8.9972067e-01 -4.4999999e-01 7.3579803e-02 -8.2500003e-02
-1.2024927e+00 4.3288359e-01 4.2275840e-01 -1.3777686e-04 9.0136057e-01 -4.4999999e-01 7.4747741e-02 -8.2500003e-02
-1.1847429e+00 4.3421176e-01 4.1617367e-01 -1.4634276e-04 9.0277773e-01 -4.4999999e-01 7.5915672e-02 -8.2500003e-02
-1.1674859e+00 4.3611905e-01 4.1053888e-01 -1.5282487e-04 9.0422755e-01 -4.4999999e-01 7.7083603e-02 -8.2500003e-02
-1.1506537e+00 4.3835688e-01 4.0559179e-01 -1.6113442e-04 9.0568870e-01 -4.4999999e-01 7.8251541e-02 -8.2500003e-02
-1.1341917e+00 4.4019017e-01 4.0060955e-01 -1.6750992e-04 9.0708649e-01 -4.4999999e-01 7.9419471e-02 -8.2500003e-02
-1.1181384e+00 4.4128126e-01 3.9528906e-01 -1.6730312e-04 9.0839344e-01 -4.4999999e-01 8.0587409e-02 -8.2500003e-02
-1.1025457e+00 4.4195560e-01 3.8996649e-01 -1.6632368e-04 9.0964729e-01 -4.4999999e-01 8.1755340e-02 -8.2500003e-02
-1.0874042e+00 4.4261989e-01 3.8500002e-01 -1.6447062e-04 9.1088498e-01 -4.4999999e-01 8.2923271e-02 -8.2500003e-02
-1.0726557e+00 4.4354442e-01 3.8058335e-01 -1.6122927e-04 9.1212422e-01 -4.4999999e-01 8.4091209e-02 -8.2500003e-02
-1.0582311e+00 4.4468167e-01 3.7662020e-01 -1.5674051e-04 9.1335458e-01 -4.4999999e-01 8.5259140e-02 -8.2500003e-02
-1.0441629e+00 4.4574758e-01 3.7287921e-01 -1.5155265e-04 9.1454810e-01 -4.4999999e-01 8.6427070e-02 -8.2500003e-02
-1.0304498e+00 4.4654018e-01 3.6918011e-01 -1.4555294e-04 9.1569227e-01 -4.4999999e-01 8.7595008e-02 -8.2500003e-02
-1.0170982e+00 4.4696382e-01 3.6544240e-01 -1.4008878e-04 9.1678607e-01 -4.4999999e-01 8.8762939e-02 -8.2500003e-02
-1.0040480e+00 4.4704127e-01 3.6166301e-01 -1.3494976e-04 9.1784364e-01 -4.4999999e-01 8.9930877e-02 -8.2500003e-02
-9.9133643e-01 4.4694364e-01 3.5799885e-01 -1.2942569e-04 9.1887677e-01 -4.4999999e-01 9.1098808e-02 -8.2500003e-02
-9.7904835e-01 4.4686562e-01 3.5463831e-01 -1.2399310e-04 9.1988921e-01 -4.4999999e-01 9.2266738e-02 -8.2500003e-02
-9.6711744e-01 4.4689706e-01 3.5160422e-01 -1.1927823e-04 9.2088318e-01 -4.4999999e-01 9.3434677e-02 -8.2500003e-02
-9.5550000e-01 4.4700435e-01 3.4883237e-01 -1.1540777e-04 9.2185533e-01 -4.4999999e-01 9.4602607e-02 -8.2500003e-02
-9.4411902e-01 4.4713134e-01 3.4623951e-01 -1.1166959e-04 9.2280656e-01 -4.4999999e-01 9.5770538e-02 -8.2500003e-02
-9.3299966e-01 4.4720468e-01 3.4376553e-01 -1.0809038e-04 9.2373127e-01 -4.4999999e-01 9.6938476e-02 -8.2500003e-02
-9.2216263e-01 4.4717476e-01 3.4136978e-01 -1.0502389e-04 9.2462671e-01 -4.4999999e-01 9.8106407e-02 -8.2500003e-02
-9.1168169e-01 4.4698033e-01 3.3902588e-01 -1.0271792e-04 9.2548680e-01 -4.4999999e-01 9.9274345e-02 -8.2500003e-02
-9.0151182e-01 4.4665632e-01 3.3674449e-01 -1.0112690e-04 9.2631990e-01 -4.4999999e-01 1.0044228e-01 -8.2500003e-02
-8.9160275e-01 4.4624913e-01 3.3454224e-01 -1.0013980e-04 9.2713213e-01 -4.4999999e-01 1.0161021e-01 -8.2500003e-02
-8.8186877e-01 4.4578120e-01 3.3241525e-01 -9.9430588e-05 9.2793167e-01 -4.4999999e-01 1.0277814e-01 -8.2500003e-02
-8.7239276e-01 4.4528759e-01 3.3040166e-01 -9.9122357e-05 9.2871177e-01 -4.4999999e-01 1.0394607e-01 -8.2500003e-02
-8.6327830e-01 4.4480625e-01 3.2855344e-01 -9.9073914e-05 9.2946404e-01 -4.4999999e-01 1.0511401e-01 -8.2500003e-02
-8.5441315e-01 4.4433632e-01 3.2682449e-01 -9.9317003e-05 9.3019593e-01 -4.4999999e-01 1.0628194e-01 -8.2500003e-02
-8.4577733e-01 4.4387385e-01 3.2519978e-01 -9.9821700e-05 9.3090880e-01 -4.4999999e-01 1.0744987e-01 -8.2500003e-02
-8.3736372e-01 4.4341809e-01 3.2367119e-01 -1.0054802e-04 9.3160284e-01 -4.4999999e-01 1.0861780e-01 -8.2500003e-02
-8.2919222e-01 4.4296384e-01 3.2223496e-01 -1.0134660e-04 9.3227577e-01 -4.4999999e-01 1.0978574e-01 -8.2500003e-02
-8.2123898e-01 4.4249713e-01 3.2086590e-01 -1.0226074e-04 9.3292987e-01 -4.4999999e-01 1.1095367e-01 -8.2500003e-02
-8.1348759e-01 4.4201648e-01 3.1955442e-01 -1.0331143e-04 9.3356693e-01 -4.4999999e-01 1.1212161e-01 -8.2500003e-02
-8.0593298e-01 4.4152087e-01 3.1829572e-01 -1.0445926e-04 9.3418741e-01 -4.4999999e-01 1.1328954e-01 -8.2500003e-02
-7.9865944e-01 4.4100583e-01 3.1709579e-01 -1.0561026e-04 9.3478435e-01 -4.4999999e-01 1.1445747e-01 -8.2500003e-02
-7.9159882e-01 4.4047379e-01 3.1594208e-01 -1.0677719e-04 9.3536377e-01 -4.4999999e-01 1.1562541e-01 -8.2500003e-02
-7.8471580e-01 4.3992811e-01 3.1482953e-01 -1.0794375e-04 9.3592864e-01 -4.4999999e-01 1.1679334e-01 -8.2500003e-02
-7.7801060e-01 4.3937010e-01 3.1375700e-01 -1.0906351e-04 9.3647897e-01 -4.4999999e-01 1.1796127e-01 -8.2500003e-02
-7.7152360e-01 4.3880060e-01 3.1273097e-01 -1.0993808e-04 9.3701154e-01 -4.4999999e-01 1.1912921e-01 -8.2500003e-02
-7.6519050e-01 4.3823028e-01 3.1174582e-01 -1.1079175e-04 9.3753159e-01 -4.4999999e-01 1.2029714e-01 -8.2500003e-02
-7.5901530e-01 4.3766156e-01 3.1080154e-01 -1.1161335e-04 9.3803871e-01 -4.4999999e-01 1.2146508e-01 -8.2500003e-02
-7.5304236e-01 4.3710202e-01 3.0990642e-01 -1.1234353e-04 9.3852925e-01 -4.4999999e-01 1.2263301e-01 -8.2500003e-02
-7.4727135e-01 4.3655688e-01 3.0906016e-01 -1.1297200e-04 9.3900305e-01 -4.4999999e-01 1.2380094e-01 -8.2500003e-02
-7.4163948e-01 4.3602058e-01 3.0824950e-01 -1.1353102e-04 9.3946528e-01 -4.4999999e-01 1.2496888e-01 -8.2500003e-02
-7.3614408e-01 4.3549383e-01 3.0747303e-01 -1.1400618e-04 9.3991619e-01 -4.4999999e-01 1.2613681e-01 -8.2500003e-02
-7.3086922e-01 4.3498859e-01 3.0674225e-01 -1.1436138e-04 9.4034857e-01 -4.4999999e-01 1.2730475e-01 -8.2500003e-02
-7.2571857e-01 4.3449217e-01 3.0603811e-01 -1.1465351e-04 9.4077063e-01 -4.4999999e-01 1.2847267e-01 -8.2500003e-02
-7.2068635e-01 4.3400422e-01 3.0535874e-01 -1.1488469e-04 9.4118273e-01 -4.4999999e-01 1.2964061e-01 -8.2500003e-02
-7.1579735e-01 4.3352765e-01 3.0470484e-01 -1.1508523e-04 9.4158298e-01 -4.4999999e-01 1.3080855e-01 -8.2500003e-02
-7.1103001e-01 4.3305850e-01 3.0407032e-01 -1.1527436e-04 9.4197309e-01 -4.4999999e-01 1.3197647e-01 -8.2500003e-02
-7.0636943e-01 4.3259570e-01 3.0345321e-01 -1.1540834e-04 9.4235444e-01 -4.4999999e-01 1.3314441e-01 -8.2500003e-02
-7.0182603e-01 4.3214059e-01 3.0285332e-01 -1.1547768e-04 9.4272619e-01 -4.4999999e-01 1.3431235e-01 -8.2500003e-02
-6.9744366e-01 4.3169764e-01 3.0227298e-01 -1.1545146e-04 9.4308478e-01 -4.4999999e-01 1.3548028e-01 -8.2500003e-02
-6.9315639e-01 4.3126017e-01 3.0170542e-01 -1.1535257e-04 9.4343561e-01 -4.4999999e-01 1.3664821e-01 -8.2500003e-02
-6.8896289e-01 4.3082845e-01 3.0114999e-01 -1.1517972e-04 9.4377887e-01 -4.4999999e-01 1.3781615e-01 -8.2500003e-02
-6.8490957e-01 4.3040884e-01 3.0061018e-01 -1.1489757e-04 9.4411063e-01 -4.4999999e-01 1.3898408e-01 -8.2500003e-02
-6.8095561e-01 4.2999753e-01 3.0008239e-01 -1.1452346e-04 9.4443429e-01 -4.4999999e-01 1.4015201e-01 -8.2500003e-02
-6.7708541e-01 4.2959294e-01 2.9956469e-01 -1.1406464e-04 9.4475120e-01 -4.4999999e-01 1.4131995e-01 -8.2500003e-02
-6.7332088e-01 4.2919740e-01 2.9905820e-01 -1.1349954e-04 9.4505936e-01 -4.4999999e-01 1.4248788e-01 -8.2500003e-02
-6.6966390e-01 4.2881578e-01 2.9856506e-01 -1.1280682e-04 9.4535869e-01 -4.4999999e-01 1.4365581e-01 -8.2500003e-02
-6.6608470e-01 4.2844272e-01 2.9808068e-01 -1.1201850e-04 9.4565171e-01 -4.4999999e-01 1.4482374e-01 -8.2500003e-02
-6.6258495e-01 4.2807829e-01 2.9760441e-01 -1.1113521e-04 9.4593811e-01 -4.4999999e-01 1.4599168e-01 -8.2500003e-02
-6.5919145e-01 4.2772564e-01 2.9714018e-01 -1.1008618e-04 9.4621575e-01 -4.4999999e-01 1.4715961e-01 -8.2500003e-02
-6.5587546e-01 4.2738661e-01 2.9668453e-01 -1.0892544e-04 9.4648701e-01 -4.4999999e-01 1.4832754e-01 -8.2500003e-02
-6.5262830e-01 4.2705792e-01 2.9623586e-01 -1.0767114e-04 9.4675255e-01 -4.4999999e-01 1.4949548e-01 -8.2500003e-02
-6.4945493e-01 4.2673591e-01 2.9579321e-01 -1.0632980e-04 9.4701195e-01 -4.4999999e-01 1.5066341e-01 -8.2500003e-02
nan nan nan nan nan -4.4999999e-01 1.5183134e-01 -8.2500003e-02
nan nan nan nan nan -4.4999999e-01 1.5299928e-01 -8.2500003e-02
nan nan nan nan nan -4.4999999e-01 1.5416721e-01 -8.2500003e-02
nan nan nan nan nan -4.4999999e-01 1.5533514e-01 -8.2500003e-02
nan nan nan nan nan -4.4999999e-01 1.5650308e-01 -8.2500003e-02
nan nan nan nan nan -4.4999999e-01 1.5767102e-01 -8.2500003e-02
nan nan nan nan nan -4.4999999e-01 1.5883894e-01 -8.2500003e-02
nan nan nan nan nan -4.4999999e-01 1.6000688e-01 -8.2500003e-02
nan nan nan nan nan -4.4999999e-01 1.6117482e-01 -8.2500003e-02
nan nan nan nan nan -4.4999999e-01 1.6234274e-01 -8.2500003e-02
nan nan nan nan nan -4.4999999e-01 1.6351068e-01 -8.2500003e-02
nan nan nan nan nan -4.4999999e-01 1.6467862e-01 -8.2500003e-02
nan nan nan nan nan -4.4999999e-01 1.6584654e-01 -8.2500003e-02
nan nan nan nan nan -4.4999999e-01 1.6701448e-01 -8.2500003e-02
nan nan nan nan nan -4.4999999e-01 1.6818242e-01 -8.2500003e-02
nan nan nan nan nan -4.4999999e-01 1.6935034e-01 -8.2500003e-02
nan nan nan nan nan -4.4999999e-01 1.7051828e-01 -8.2500003e-02
nan nan nan nan nan -4.4999999e-01 1.7168622e-01 -8.2500003e-02
nan nan nan nan nan -4.4999999e-01 1.7285414e-01 -8.2500003e-02
nan nan nan nan nan -4.4999999e-01 1.7402208e-01 -8.2500003e-02
nan nan nan nan nan -4.4999999e-01 1.7519002e-01 -8.2500003e-02
nan nan nan nan nan -4.4999999e-01 1.7635795e-01 -8.2500003e-02
nan nan nan nan nan -4.4999999e-01 1.7752588e-01 -8.2500003e-02
nan nan nan nan nan -4.4999999e-01 1.7869382e-01 -8.2500003e-02
nan nan nan nan nan -4.4999999e-01 1.7986175e-01 -8.2500003e-02
nan nan nan nan nan -4.4999999e-01 1.8102968e-01 -8.2500003e-02
nan nan nan nan nan -4.4999999e-01 1.8219762e-01 -8.2500003e-02
nan nan nan nan nan -4.4999999e-01 1.8336555e-01 -8.2500003e-02
nan nan nan nan nan -4.4999999e-01 1.8453348e-01 -8.2500003e-02
nan nan nan nan nan -4.4999999e-01 1.8570141e-01 -8.2500003e-02
nan nan nan nan nan -4.4999999e-01 1.8686935e-01 -8.2500003e-02
nan nan nan nan nan -4.4999999e-01 1.8803728e-01 -8.2500003e-02
nan nan nan nan nan -4.4999999e-01 1.8920521e-01 -8.2500003e-02
nan nan nan nan nan -4.4999999e-01 1.9037315e-01 -8.2500003e-02
nan nan nan nan nan -4.4999999e-01 1.9154108e-01 -8.2500003e-02
nan nan nan nan nan -4.4999999e-01 1.9270901e-01 -8.2500003e-02
nan nan nan nan nan -4.4999999e-01 1.9387695e-01 -8.2500003e-02
nan nan nan nan nan -4.4999999e-01 1.9504488e-01 -8.2500003e-02
nan nan nan nan nan -4.4999999e-01 1.9621281e-01 -8.2500003e-02
nan nan nan nan nan -4.4999999e-01 1.9738075e-01 -8.2500003e-02
nan nan nan nan nan -4.4999999e-01 1.9854869e-01 -8.2500003e-02
nan nan nan nan nan -4.4999999e-01 1.9971661e-01 -8.2500003e-02
nan nan nan nan nan -4.4999999e-01 2.0088455e-01 -8.2500003e-02
nan nan nan nan nan -4.4999999e-01 2.0205249e-01 -8.2500003e-02
nan nan nan nan nan -4.4999999e-01 2.0322041e-01 -8.2500003e-02
nan nan nan nan nan -4.4999999e-01 2.0438835e-01 -8.2500003e-02
nan nan nan nan nan -4.4999999e-01 2.0555629e-01 -8.2500003e-02
nan nan nan nan nan -4.4999999e-01 2.0672421e-01 -8.2500003e-02
nan nan nan nan nan -4.4999999e-01 2.0789215e-01 -8.2500003e-02
nan nan nan nan nan -4.4999999e-01 2.0906009e-01 -8.2500003e-02
nan nan nan nan nan -4.4999999e-01 2.1022801e-01 -8.2500003e-02
nan nan nan nan nan -4.4999999e-01 2.1139595e-01 -8.2500003e-02
nan nan nan nan nan -4.4999999e-01 2.1256389e-01 -8.2500003e-02
nan nan nan nan nan -4.4999999e-01 2.1373181e-01 -8.2500003e-02
nan nan nan nan nan -4.4999999e-01 2.1489975e-01 -8.2500003e-02
nan nan nan nan nan -4.4999999e-01 2.1606769e-01 -8.2500003e-02
nan nan nan nan nan -4.4999999e-01 2.1723561e-01 -8.2500003e-02
nan nan nan nan nan -4.4999999e-01 2.1840355e-01 -8.2500003e-02
nan nan nan nan nan -4.4999999e-01 2.1957149e-01 -8.2500003e-02
nan nan nan nan nan -4.4999999e-01 2.2073942e-01 -8.2500003e-02
nan nan nan nan nan -4.4999999e-01 2.2190735e-01 -8.2500003e-02
nan nan nan nan nan -4.4999999e-01 2.2307529e-01 -8.2500003e-02
nan nan nan nan nan -4.4999999e-01 2.2424322e-01 -8.2500003e-02
nan nan nan nan nan -4.4999999e-01 2.2541115e-01 -8.2500003e-02
nan nan nan nan nan -4.4999999e-01 2.2657908e-01 -8.2500003e-02
nan nan nan nan nan -4.4999999e-01 2.2774702e-01 -8.2500003e-02
nan nan nan nan nan -4.4999999e-01 2.2891495e-01 -8.2500003e-02
nan nan nan nan nan -4.4999999e-01 2.3008288e-01 -8.2500003e-02
nan nan nan nan nan -4.4999999e-01 2.3125082e-01 -8.2500003e-02
nan nan nan nan nan -4.4999999e-01 2.3241875e-01 -8.2500003e-02
nan nan nan nan nan -4.4999999e-01 2.3358668e-01 -8.2500003e-02
