"$C_p$" "Momentum:0" "Momentum:1" "Momentum:2" "Density" "Points:0" "Points:1" "Points:2"
nan nan nan nan nan -4.3000001e-01 0.0000000e+00 -8.2500003e-02
nan nan nan nan nan -4.3000001e-01 1.1679335e-03 -8.2500003e-02
nan nan nan nan nan -4.3000001e-01 2.3358669e-03 -8.2500003e-02
nan nan nan nan nan -4.3000001e-01 3.5038004e-03 -8.2500003e-02
nan nan nan nan nan -4.3000001e-01 4.6717338e-03 -8.2500003e-02
nan nan nan nan nan -4.3000001e-01 5.8396673e-03 -8.2500003e-02
nan nan nan nan nan -4.3000001e-01 7.0076007e-03 -8.2500003e-02
nan nan nan nan nan -4.3000001e-01 8.1755342e-03 -8.2500003e-02
nan nan nan nan nan -4.3000001e-01 9.3434677e-03 -8.2500003e-02
nan nan nan nan nan -4.3000001e-01 1.0511401e-02 -8.2500003e-02
nan nan nan nan nan -4.3000001e-01 1.1679335e-02 -8.2500003e-02
nan nan nan nan nan -4.3000001e-01 1.2847268e-02 -8.2500003e-02
nan nan nan nan nan -4.3000001e-01 1.4015201e-02 -8.2500003e-02
nan nan nan nan nan -4.3000001e-01 1.5183135e-02 -8.2500003e-02
nan nan nan nan nan -4.3000001e-01 1.6351068e-02 -8.2500003e-02
nan nan nan nan nan -4.3000001e-01 1.7519001e-02 -8.2500003e-02
nan nan nan nan nan -4.3000001e-01 1.8686935e-02 -8.2500003e-02
nan nan nan nan nan -4.3000001e-01 1.9854868e-02 -8.2500003e-02
nan nan nan nan nan -4.3000001e-01 2.1022802e-02 -8.2500003e-02
nan nan nan nan nan -4.3000001e-01 2.2190735e-02 -8.2500003e-02
nan nan nan nan nan -4.3000001e-01 2.3358669e-02 -8.2500003e-02
nan nan nan nan nan -4.3000001e-01 2.4526602e-02 -8.2500003e-02
nan nan nan nan nan -4.3000001e-01 2.5694536e-02 -8.2500003e-02
nan nan nan nan nan -4.3000001e-01 2.6862469e-02 -8.2500003e-02
nan nan nan nan nan -4.3000001e-01 2.8030403e-02 -8.2500003e-02
nan nan nan nan nan -4.3000001e-01 2.9198335e-02 -8.2500003e-02
nan nan nan nan nan -4.3000001e-01 3.0366270e-02 -8.2500003e-02
nan nan nan nan nan -4.3000001e-01 3.1534202e-02 -8.2500003e-02
nan nan nan nan nan -4.3000001e-01 3.2702137e-02 -8.2500003e-02
nan nan nan nan nan -4.3000001e-01 3.3870071e-02 -8.2500003e-02
nan nan nan nan nan -4.3000001e-01 3.5038002e-02 -8.2500003e-02
nan nan nan nan nan -4.3000001e-01 3.6205936e-02 -8.2500003e-02
nan nan nan nan nan -4.3000001e-01 3.7373871e-02 -8.2500003e-02
nan nan nan nan nan -4.3000001e-01 3.8541801e-02 -8.2500003e-02
nan nan nan nan nan -4.3000001e-01 3.9709736e-02 -8.2500003e-02
nan nan nan nan nan -4.3000001e-01 4.0877670e-02 -8.2500003e-02
nan nan nan nan nan -4.3000001e-01 4.2045604e-02 -8.2500003e-02
nan nan nan nan nan -4.3000001e-01 4.3213535e-02 -8.2500003e-02
nan nan nan nan nan -4.3000001e-01 4.4381469e-02 -8.2500003e-02
nan nan nan nan nan -4.3000001e-01 4.5549404e-02 -8.2500003e-02
nan nan nan nan nan -4.3000001e-01 4.6717338e-02 -8.2500003e-02
nan nan nan nan nan -4.3000001e-01 4.7885269e-02 -8.2500003e-02
nan nan nan nan nan -4.3000001e-01 4.9053203e-02 -8.2500003e-02
nan nan nan nan nan -4.3000001e-01 5.0221138e-02 -8.2500003e-02
nan nan nan nan nan -4.3000001e-01 5.1389072e-02 -8.2500003e-02
nan nan nan nan nan -4.3000001e-01 5.2557003e-02 -8.2500003e-02
nan nan nan nan nan -4.3000001e-01 5.3724937e-02 -8.2500003e-02
nan nan nan nan nan -4.3000001e-01 5.4892872e-02 -8.2500003e-02
nan nan nan nan nan -4.3000001e-01 5.6060806e-02 -8.2500003e-02
nan nan nan nan nan -4.3000001e-01 5.7228737e-02 -8.2500003e-02
nan nan nan nan nan -4.3000001e-01 5.8396671e-02 -8.2500003e-02
nan nan nan nan nan -4.3000001e-01 5.9564605e-02 -8.2500003e-02
nan nan nan nan nan -4.3000001e-01 6.0732540e-02 -8.2500003e-02
nan nan nan nan nan -4.3000001e-01 6.1900470e-02 -8.2500003e-02
nan nan nan nan nan -4.3000001e-01 6.3068405e-02 -8.2500003e-02
-1.2893192e+00 -6.8538492e-03 -3.0984601e-03 -3.0806162e-03 8.5514349e-01 -4.3000001e-01 6.4236335e-02 -8.2500003e-02
-1.2901064e+00 -2.3016738e-02 -9.2638005e-03 -1.1028249e-02 8.5399842e-01 -4.3000001e-01 6.5404274e-02 -8.2500003e-02
-1.2925210e+00 -2.5527103e-02 -9.7604748e-03 -1.2211909e-02 8.5325730e-01 -4.3000001e-01 6.6572204e-02 -8.2500003e-02
-1.2950972e+00 -2.3163330e-02 -8.8617327e-03 -9.9444361e-03 8.5283405e-01 -4.3000001e-01 6.7740142e-02 -8.2500003e-02
-1.2976995e+00 -1.6266616e-02 -7.2796005e-03 -7.2601456e-03 8.5253471e-01 -4.3000001e-01 6.8908073e-02 -8.2500003e-02
-1.3000123e+00 -8.2037337e-03 -6.2051569e-03 -4.1966829e-03 8.5225856e-01 -4.3000001e-01 7.0076004e-02 -8.2500003e-02
-1.3015734e+00 -2.0953699e-03 -6.0311072e-03 -7.8583742e-04 8.5208035e-01 -4.3000001e-01 7.1243942e-02 -8.2500003e-02
-1.3023219e+00 9.2180847e-04 -6.0951826e-03 2.8846746e-03 8.5202235e-01 -4.3000001e-01 7.2411872e-02 -8.2500003e-02
-1.3029385e+00 2.4199151e-03 -6.1496268e-03 7.2497856e-03 8.5199845e-01 -4.3000001e-01 7.3579803e-02 -8.2500003e-02
-1.3032148e+00 4.8355726e-03 -5.8586532e-03 1.2407530e-02 8.5201323e-01 -4.3000001e-01 7.4747741e-02 -8.2500003e-02
-1.3027569e+00 8.5027572e-03 -4.9946499e-03 1.7776929e-02 8.5208488e-01 -4.3000001e-01 7.5915672e-02 -8.2500003e-02
-1.3012771e+00 1.1596531e-02 -4.0002428e-03 2.3359766e-02 8.5225844e-01 -4.3000001e-01 7.7083603e-02 -8.2500003e-02
-1.2988160e+00 1.4014338e-02 -2.6808395e-03 2.9485209e-02 8.5251975e-01 -4.3000001e-01 7.8251541e-02 -8.2500003e-02
-1.2956409e+00 1.6731549e-02 9.8228673e-05 3.5391241e-02 8.5291183e-01 -4.3000001e-01 7.9419471e-02 -8.2500003e-02
-1.2922946e+00 1.8992437e-02 4.0026121e-03 3.9373919e-02 8.5332638e-01 -4.3000001e-01 8.0587409e-02 -8.2500003e-02
-1.2886495e+00 2.0380696e-02 8.2190493e-03 3.9493214e-02 8.5372859e-01 -4.3000001e-01 8.1755340e-02 -8.2500003e-02
-1.2847641e+00 2.4389414e-02 1.4563492e-02 3.5483699e-02 8.5417461e-01 -4.3000001e-01 8.2923271e-02 -8.2500003e-02
-1.2815345e+00 4.2211574e-02 3.1050159e-02 2.7022600e-02 8.5480249e-01 -4.3000001e-01 8.4091209e-02 -8.2500003e-02
-1.2790360e+00 9.6774779e-02 7.4252345e-02 1.6205775e-02 8.5662061e-01 -4.3000001e-01 8.5259140e-02 -8.2500003e-02
-1.2744220e+00 1.9432092e-01 1.4864235e-01 7.3364512e-03 8.6181158e-01 -4.3000001e-01 8.6427070e-02 -8.2500003e-02
-1.2647027e+00 3.1044754e-01 2.3610035e-01 2.4371578e-03 8.7203777e-01 -4.3000001e-01 8.7595008e-02 -8.2500003e-02
-1.2486111e+00 4.0545288e-01 3.0615965e-01 7.3509588e-04 8.8458294e-01 -4.3000001e-01 8.8762939e-02 -8.2500003e-02
-1.2279865e+00 4.6005973e-01 3.4399009e-01 1.9733174e-04 8.9437741e-01 -4.3000001e-01 8.9930877e-02 -8.2500003e-02
-1.2054669e+00 4.8093441e-01 3.5540867e-01 3.2768160e-06 8.9993781e-01 -4.3000001e-01 9.1098808e-02 -8.2500003e-02
-1.1831458e+00 4.8491821e-01 3.5392293e-01 1.6209416e-06 9.0276825e-01 -4.3000001e-01 9.2266738e-02 -8.2500003e-02
-1.1618377e+00 4.8477957e-01 3.4953693e-01 5.8332462e-05 9.0468663e-01 -4.3000001e-01 9.3434677e-02 -8.2500003e-02
-1.1415477e+00 4.8470801e-01 3.4550294e-01 8.4894120e-05 9.0643597e-01 -4.3000001e-01 9.4602607e-02 -8.2500003e-02
-1.1221716e+00 4.8434681e-01 3.4157151e-01 9.8405937e-05 9.0806627e-01 -4.3000001e-01 9.5770538e-02 -8.2500003e-02
-1.1035394e+00 4.8332906e-01 3.3747467e-01 1.1588835e-04 9.0958744e-01 -4.3000001e-01 9.6938476e-02 -8.2500003e-02
-1.0857134e+00 4.8219475e-01 3.3360142e-01 1.2006027e-04 9.1104627e-01 -4.3000001e-01 9.8106407e-02 -8.2500003e-02
-1.0686327e+00 4.8135567e-01 3.3021337e-01 1.1292799e-04 9.1246814e-01 -4.3000001e-01 9.9274345e-02 -8.2500003e-02
-1.0522292e+00 4.8081952e-01 3.2727891e-01 1.0033325e-04 9.1385144e-01 -4.3000001e-01 1.0044228e-01 -8.2500003e-02
-1.0364619e+00 4.8034307e-01 3.2460910e-01 8.4498315e-05 9.1517979e-01 -4.3000001e-01 1.0161021e-01 -8.2500003e-02
-1.0212919e+00 4.7966677e-01 3.2201889e-01 6.7757086e-05 9.1644126e-01 -4.3000001e-01 1.0277814e-01 -8.2500003e-02
-1.0066928e+00 4.7867256e-01 3.1942478e-01 5.1538693e-05 9.1763729e-01 -4.3000001e-01 1.0394607e-01 -8.2500003e-02
-9.9265429e-01 4.7741896e-01 3.1686345e-01 3.6366073e-05 9.1877931e-01 -4.3000001e-01 1.0511401e-01 -8.2500003e-02
-9.7923110e-01 4.7611967e-01 3.1449816e-01 2.4010027e-05 9.1987813e-01 -4.3000001e-01 1.0628194e-01 -8.2500003e-02
-9.6626228e-01 4.7497642e-01 3.1242940e-01 1.1922740e-05 9.2095238e-01 -4.3000001e-01 1.0744987e-01 -8.2500003e-02
-9.5374621e-01 4.7399539e-01 3.1062549e-01 -1.6790951e-06 9.2199618e-01 -4.3000001e-01 1.0861780e-01 -8.2500003e-02
-9.4169002e-01 4.7311115e-01 3.0902150e-01 -1.5606696e-05 9.2300272e-01 -4.3000001e-01 1.0978574e-01 -8.2500003e-02
-9.3007207e-01 4.7225013e-01 3.0755240e-01 -2.8807008e-05 9.2396951e-01 -4.3000001e-01 1.1095367e-01 -8.2500003e-02
-9.1887536e-01 4.7134402e-01 3.0616143e-01 -4.0677693e-05 9.2489588e-01 -4.3000001e-01 1.1212161e-01 -8.2500003e-02
-9.0818468e-01 4.7032112e-01 3.0481413e-01 -5.1375759e-05 9.2577422e-01 -4.3000001e-01 1.1328954e-01 -8.2500003e-02
-8.9790614e-01 4.6921185e-01 3.0351445e-01 -6.1494815e-05 9.2661685e-01 -4.3000001e-01 1.1445747e-01 -8.2500003e-02
-8.8800111e-01 4.6805701e-01 3.0228058e-01 -7.0948125e-05 9.2742902e-01 -4.3000001e-01 1.1562541e-01 -8.2500003e-02
-8.7845496e-01 4.6688539e-01 3.0112594e-01 -7.9723330e-05 9.2821288e-01 -4.3000001e-01 1.1679334e-01 -8.2500003e-02
-8.6925771e-01 4.6572667e-01 3.0006465e-01 -8.8003551e-05 9.2896998e-01 -4.3000001e-01 1.1796127e-01 -8.2500003e-02
-8.6051412e-01 4.6463093e-01 2.9913896e-01 -9.5670963e-05 9.2969161e-01 -4.3000001e-01 1.1912921e-01 -8.2500003e-02
-8.5203918e-01 4.6357700e-01 2.9830196e-01 -1.0276038e-04 9.3039137e-01 -4.3000001e-01 1.2029714e-01 -8.2500003e-02
-8.4383616e-01 4.6256211e-01 2.9754433e-01 -1.0923978e-04 9.3106848e-01 -4.3000001e-01 1.2146508e-01 -8.2500003e-02
-8.3591975e-01 4.6158576e-01 2.9685834e-01 -1.1513211e-04 9.3172139e-01 -4.3000001e-01 1.2263301e-01 -8.2500003e-02
-8.2837194e-01 4.6065012e-01 2.9624426e-01 -1.2037684e-04 9.3234295e-01 -4.3000001e-01 1.2380094e-01 -8.2500003e-02
-8.2110145e-01 4.5973274e-01 2.9567379e-01 -1.2516578e-04 9.3294096e-01 -4.3000001e-01 1.2496888e-01 -8.2500003e-02
-8.1407139e-01 4.5882726e-01 2.9513761e-01 -1.2958066e-04 9.3351871e-01 -4.3000001e-01 1.2613681e-01 -8.2500003e-02
-8.0727176e-01 4.5793074e-01 2.9463080e-01 -1.3364738e-04 9.3407714e-01 -4.3000001e-01 1.2730475e-01 -8.2500003e-02
-8.0078126e-01 4.5704356e-01 2.9415324e-01 -1.3720026e-04 9.3460983e-01 -4.3000001e-01 1.2847267e-01 -8.2500003e-02
-7.9450962e-01 4.5616269e-01 2.9369792e-01 -1.4041681e-04 9.3512458e-01 -4.3000001e-01 1.2964061e-01 -8.2500003e-02
-7.8843037e-01 4.5528904e-01 2.9326326e-01 -1.4334652e-04 9.3562359e-01 -4.3000001e-01 1.3080855e-01 -8.2500003e-02
-7.8254319e-01 4.5442420e-01 2.9284889e-01 -1.4599402e-04 9.3610698e-01 -4.3000001e-01 1.3197647e-01 -8.2500003e-02
-7.7691757e-01 4.5358041e-01 2.9246253e-01 -1.4819973e-04 9.3656904e-01 -4.3000001e-01 1.3314441e-01 -8.2500003e-02
-7.7145258e-01 4.5275348e-01 2.9209754e-01 -1.5015120e-04 9.3701804e-01 -4.3000001e-01 1.3431235e-01 -8.2500003e-02
-7.6614203e-01 4.5194447e-01 2.9175323e-01 -1.5185733e-04 9.3745434e-01 -4.3000001e-01 1.3548028e-01 -8.2500003e-02
-7.6101692e-01 4.5116201e-01 2.9143330e-01 -1.5325377e-04 9.3787551e-01 -4.3000001e-01 1.3664821e-01 -8.2500003e-02
-7.5607652e-01 4.5040968e-01 2.9113674e-01 -1.5435189e-04 9.3828136e-01 -4.3000001e-01 1.3781615e-01 -8.2500003e-02
-7.5126656e-01 4.4967890e-01 2.9085663e-01 -1.5526071e-04 9.3867630e-01 -4.3000001e-01 1.3898408e-01 -8.2500003e-02
-7.4657617e-01 4.4896850e-01 2.9059136e-01 -1.5599084e-04 9.3906128e-01 -4.3000001e-01 1.4015201e-01 -8.2500003e-02
-7.4206280e-01 4.4829014e-01 2.9034248e-01 -1.5646777e-04 9.3943143e-01 -4.3000001e-01 1.4131995e-01 -8.2500003e-02
-7.3767264e-01 4.4763145e-01 2.9010269e-01 -1.5679284e-04 9.3979132e-01 -4.3000001e-01 1.4248788e-01 -8.2500003e-02
-7.3339314e-01 4.4699052e-01 2.8987041e-01 -1.5697577e-04 9.4014198e-01 -4.3000001e-01 1.4365581e-01 -8.2500003e-02
-7.2924482e-01 4.4637141e-01 2.8964475e-01 -1.5697442e-04 9.4048166e-01 -4.3000001e-01 1.4482374e-01 -8.2500003e-02
-7.2523735e-01 4.4577342e-01 2.8942272e-01 -1.5677445e-04 9.4080979e-01 -4.3000001e-01 1.4599168e-01 -8.2500003e-02
-7.2132584e-01 4.4518864e-01 2.8920263e-01 -1.5644077e-04 9.4113004e-01 -4.3000001e-01 1.4715961e-01 -8.2500003e-02
-7.1750776e-01 4.4461665e-01 2.8898379e-01 -1.5597312e-04 9.4144261e-01 -4.3000001e-01 1.4832754e-01 -8.2500003e-02
-7.1382450e-01 4.4406661e-01 2.8876543e-01 -1.5528470e-04 9.4174421e-01 -4.3000001e-01 1.4949548e-01 -8.2500003e-02
-7.1023467e-01 4.4352862e-01 2.8854623e-01 -1.5448747e-04 9.4203818e-01 -4.3000001e-01 1.5066341e-01 -8.2500003e-02
-7.0672565e-01 4.4300145e-01 2.8832641e-01 -1.5358732e-04 9.4232553e-01 -4.3000001e-01 1.5183134e-01 -8.2500003e-02
-7.0330512e-01 4.4248727e-01 2.8810593e-01 -1.5255655e-04 9.4260573e-01 -4.3000001e-01 1.5299928e-01 -8.2500003e-02
-6.9999449e-01 4.4199389e-01 2.8788462e-01 -1.5136672e-04 9.4287699e-01 -4.3000001e-01 1.5416721e-01 -8.2500003e-02
-6.9675075e-01 4.4150952e-01 2.8766236e-01 -1.5010944e-04 9.4314277e-01 -4.3000001e-01 1.5533514e-01 -8.2500003e-02
nan nan nan nan nan -4.3000001e-01 1.5650308e-01 -8.2500003e-02
nan nan nan nan nan -4.3000001e-01 1.5767102e-01 -8.2500003e-02
nan nan nan nan nan -4.3000001e-01 1.5883894e-01 -8.2500003e-02
nan nan nan nan nan -4.3000001e-01 1.6000688e-01 -8.2500003e-02
nan nan nan nan nan -4.3000001e-01 1.6117482e-01 -8.2500003e-02
nan nan nan nan nan -4.3000001e-01 1.6234274e-01 -8.2500003e-02
nan nan nan nan nan -4.3000001e-01 1.6351068e-01 -8.2500003e-02
nan nan nan nan nan -4.3000001e-01 1.6467862e-01 -8.2500003e-02
nan nan nan nan nan -4.3000001e-01 1.6584654e-01 -8.2500003e-02
nan nan nan nan nan -4.3000001e-01 1.6701448e-01 -8.2500003e-02
nan nan nan nan nan -4.3000001e-01 1.6818242e-01 -8.2500003e-02
nan nan nan nan nan -4.3000001e-01 1.6935034e-01 -8.2500003e-02
nan nan nan nan nan -4.3000001e-01 1.7051828e-01 -8.2500003e-02
nan nan nan nan nan -4.3000001e-01 1.7168622e-01 -8.2500003e-02
nan nan nan nan nan -4.3000001e-01 1.7285414e-01 -8.2500003e-02
nan nan nan nan nan -4.3000001e-01 1.7402208e-01 -8.2500003e-02
nan nan nan nan nan -4.3000001e-01 1.7519002e-01 -8.2500003e-02
nan nan nan nan nan -4.3000001e-01 1.7635795e-01 -8.2500003e-02
nan nan nan nan nan -4.3000001e-01 1.7752588e-01 -8.2500003e-02
nan nan nan nan nan -4.3000001e-01 1.7869382e-01 -8.2500003e-02
nan nan nan nan nan -4.3000001e-01 1.7986175e-01 -8.2500003e-02
nan nan nan nan nan -4.3000001e-01 1.8102968e-01 -8.2500003e-02
nan nan nan nan nan -4.3000001e-01 1.8219762e-01 -8.2500003e-02
nan nan nan nan nan -4.3000001e-01 1.8336555e-01 -8.2500003e-02
nan nan nan nan nan -4.3000001e-01 1.8453348e-01 -8.2500003e-02
nan nan nan nan nan -4.3000001e-01 1.8570141e-01 -8.2500003e-02
nan nan nan nan nan -4.3000001e-01 1.8686935e-01 -8.2500003e-02
nan nan nan nan nan -4.3000001e-01 1.8803728e-01 -8.2500003e-02
nan nan nan nan nan -4.3000001e-01 1.8920521e-01 -8.2500003e-02
nan nan nan nan nan -4.3000001e-01 1.9037315e-01 -8.2500003e-02
nan nan nan nan nan -4.3000001e-01 1.9154108e-01 -8.2500003e-02
nan nan nan nan nan -4.3000001e-01 1.9270901e-01 -8.2500003e-02
nan nan nan nan nan -4.3000001e-01 1.9387695e-01 -8.2500003e-02
nan nan nan nan nan -4.3000001e-01 1.9504488e-01 -8.2500003e-02
nan nan nan nan nan -4.3000001e-01 1.9621281e-01 -8.2500003e-02
nan nan nan nan nan -4.3000001e-01 1.9738075e-01 -8.2500003e-02
nan nan nan nan nan -4.3000001e-01 1.9854869e-01 -8.2500003e-02
nan nan nan nan nan -4.3000001e-01 1.9971661e-01 -8.2500003e-02
nan nan nan nan nan -4.3000001e-01 2.0088455e-01 -8.2500003e-02
nan nan nan nan nan -4.3000001e-01 2.0205249e-01 -8.2500003e-02
nan nan nan nan nan -4.3000001e-01 2.0322041e-01 -8.2500003e-02
nan nan nan nan nan -4.3000001e-01 2.0438835e-01 -8.2500003e-02
nan nan nan nan nan -4.3000001e-01 2.0555629e-01 -8.2500003e-02
nan nan nan nan nan -4.3000001e-01 2.0672421e-01 -8.2500003e-02
nan nan nan nan nan -4.3000001e-01 2.0789215e-01 -8.2500003e-02
nan nan nan nan nan -4.3000001e-01 2.0906009e-01 -8.2500003e-02
nan nan nan nan nan -4.3000001e-01 2.1022801e-01 -8.2500003e-02
nan nan nan nan nan -4.3000001e-01 2.1139595e-01 -8.2500003e-02
nan nan nan nan nan -4.3000001e-01 2.1256389e-01 -8.2500003e-02
nan nan nan nan nan -4.3000001e-01 2.1373181e-01 -8.2500003e-02
nan nan nan nan nan -4.3000001e-01 2.1489975e-01 -8.2500003e-02
nan nan nan nan nan -4.3000001e-01 2.1606769e-01 -8.2500003e-02
nan nan nan nan nan -4.3000001e-01 2.1723561e-01 -8.2500003e-02
nan nan nan nan nan -4.3000001e-01 2.1840355e-01 -8.2500003e-02
nan nan nan nan nan -4.3000001e-01 2.1957149e-01 -8.2500003e-02
nan nan nan nan nan -4.3000001e-01 2.2073942e-01 -8.2500003e-02
nan nan nan nan nan -4.3000001e-01 2.2190735e-01 -8.2500003e-02
nan nan nan nan nan -4.3000001e-01 2.2307529e-01 -8.2500003e-02
nan nan nan nan nan -4.3000001e-01 2.2424322e-01 -8.2500003e-02
nan nan nan nan nan -4.3000001e-01 2.2541115e-01 -8.2500003e-02
nan nan nan nan nan -4.3000001e-01 2.2657908e-01 -8.2500003e-02
nan nan nan nan nan -4.3000001e-01 2.2774702e-01 -8.2500003e-02
nan nan nan nan nan -4.3000001e-01 2.2891495e-01 -8.2500003e-02
nan nan nan nan nan -4.3000001e-01 2.3008288e-01 -8.2500003e-02
nan nan nan nan nan -4.3000001e-01 2.3125082e-01 -8.2500003e-02
nan nan nan nan nan -4.3000001e-01 2.3241875e-01 -8.2500003e-02
nan nan nan nan nan -4.3000001e-01 2.3358668e-01 -8.2500003e-02
