"Density"	"Momentum:0"	"Momentum:1"	"Momentum:2"	"StagnationEnergy"	"Pressure"	"Points:0"	"Points:1"	"Points:2"
1.89086e-02	-5.19595e-04	1.11592e-03	8.43952e-04	-4.78377e-01	-1.91374e-01	-4.98120e-01	0.00000e+00	-1.07800e-01
3.64586e-03	2.77901e-04	2.02250e-04	2.65628e-04	-7.53949e-01	-3.01590e-01	-4.98067e-01	2.24938e-03	-1.07800e-01
8.69406e-03	3.33057e-04	4.83199e-04	3.27316e-04	-6.70242e-01	-2.68107e-01	-4.97907e-01	4.49370e-03	-1.07800e-01
1.46526e-02	3.82669e-04	8.15645e-04	3.38788e-04	-7.64976e-01	-3.06003e-01	-4.97640e-01	6.72780e-03	-1.07800e-01
1.60364e-02	4.50018e-04	8.70731e-04	3.13925e-04	-7.98649e-01	-3.19473e-01	-4.97266e-01	8.94651e-03	-1.07800e-01
1.79726e-02	4.82400e-04	9.62826e-04	3.15119e-04	-8.74681e-01	-3.49886e-01	-4.96787e-01	1.11448e-02	-1.07800e-01
1.92538e-02	5.44838e-04	1.00632e-03	2.89472e-04	-9.67095e-01	-3.86853e-01	-4.96204e-01	1.33180e-02	-1.07800e-01
1.97167e-02	5.75484e-04	1.00711e-03	2.82185e-04	-1.02668e+00	-4.10688e-01	-4.95521e-01	1.54618e-02	-1.07800e-01
1.99906e-02	6.11154e-04	9.93329e-04	2.63976e-04	-1.11577e+00	-4.46320e-01	-4.94741e-01	1.75724e-02	-1.07800e-01
1.97827e-02	6.33784e-04	9.54272e-04	2.53769e-04	-1.17338e+00	-4.69367e-01	-4.93914e-01	1.95473e-02	-1.07800e-01
1.94053e-02	6.45608e-04	9.10017e-04	2.46092e-04	-1.22735e+00	-4.90954e-01	-4.93079e-01	2.13395e-02	-1.07800e-01
1.88811e-02	6.54179e-04	8.58331e-04	2.37569e-04	-1.27496e+00	-5.09996e-01	-4.92229e-01	2.30058e-02	-1.07800e-01
1.82217e-02	6.52816e-04	8.03584e-04	2.34853e-04	-1.30783e+00	-5.23145e-01	-4.91359e-01	2.45840e-02	-1.07800e-01
1.75296e-02	6.49946e-04	7.47802e-04	2.30017e-04	-1.34197e+00	-5.36800e-01	-4.90461e-01	2.61008e-02	-1.07800e-01
1.67324e-02	6.40037e-04	6.89699e-04	2.28798e-04	-1.36506e+00	-5.46037e-01	-4.89529e-01	2.75755e-02	-1.07800e-01
1.59103e-02	6.27514e-04	6.31868e-04	2.27346e-04	-1.38605e+00	-5.54432e-01	-4.88557e-01	2.90230e-02	-1.07800e-01
1.50390e-02	6.10788e-04	5.73895e-04	2.27052e-04	-1.40192e+00	-5.60779e-01	-4.87539e-01	3.04542e-02	-1.07800e-01
1.41341e-02	5.90781e-04	5.16345e-04	2.27714e-04	-1.41307e+00	-5.65238e-01	-4.86469e-01	3.18778e-02	-1.07800e-01
1.32279e-02	5.68637e-04	4.60665e-04	2.28706e-04	-1.42147e+00	-5.68599e-01	-4.85341e-01	3.33004e-02	-1.07800e-01
1.23026e-02	5.43766e-04	4.06244e-04	2.30660e-04	-1.42562e+00	-5.70257e-01	-4.84151e-01	3.47270e-02	-1.07800e-01
1.13922e-02	5.17738e-04	3.54261e-04	2.33327e-04	-1.42709e+00	-5.70844e-01	-4.82894e-01	3.61613e-02	-1.07800e-01
1.05024e-02	4.90821e-04	3.04983e-04	2.36927e-04	-1.42590e+00	-5.70366e-01	-4.81563e-01	3.76062e-02	-1.07800e-01
9.65577e-03	4.64078e-04	2.59110e-04	2.41518e-04	-1.42226e+00	-5.68911e-01	-4.80156e-01	3.90634e-02	-1.07800e-01
8.87993e-03	4.38725e-04	2.17541e-04	2.47089e-04	-1.41717e+00	-5.66875e-01	-4.78667e-01	4.05342e-02	-1.07800e-01
8.19439e-03	4.16199e-04	1.80215e-04	2.54888e-04	-1.41073e+00	-5.64300e-01	-4.77092e-01	4.20193e-02	-1.07800e-01
7.59957e-03	3.97091e-04	1.46400e-04	2.66162e-04	-1.40371e+00	-5.61489e-01	-4.75427e-01	4.35188e-02	-1.07800e-01
7.07624e-03	3.80984e-04	1.14852e-04	2.81570e-04	-1.39688e+00	-5.58757e-01	-4.73668e-01	4.50325e-02	-1.07800e-01
6.61783e-03	3.67847e-04	8.49103e-05	3.01611e-04	-1.39071e+00	-5.56291e-01	-4.71811e-01	4.65598e-02	-1.07800e-01
6.23094e-03	3.58158e-04	5.62451e-05	3.27143e-04	-1.38595e+00	-5.54389e-01	-4.69854e-01	4.80998e-02	-1.07800e-01
5.90254e-03	3.51733e-04	2.77403e-05	3.59612e-04	-1.38344e+00	-5.53386e-01	-4.67792e-01	4.96515e-02	-1.07800e-01
5.61402e-03	3.47913e-04	-1.61195e-06	4.00070e-04	-1.38360e+00	-5.53449e-01	-4.65622e-01	5.12136e-02	-1.07800e-01
5.32662e-03	3.44925e-04	-3.30065e-05	4.48643e-04	-1.38727e+00	-5.54921e-01	-4.63342e-01	5.27847e-02	-1.07800e-01
5.01353e-03	3.41223e-04	-6.67525e-05	5.04892e-04	-1.39511e+00	-5.58061e-01	-4.60949e-01	5.43631e-02	-1.07800e-01
4.67311e-03	3.35592e-04	-1.01193e-04	5.65142e-04	-1.40683e+00	-5.62751e-01	-4.58440e-01	5.59473e-02	-1.07800e-01
4.26215e-03	3.25237e-04	-1.35724e-04	6.25672e-04	-1.42428e+00	-5.69737e-01	-4.55812e-01	5.75354e-02	-1.07800e-01
3.70927e-03	3.07028e-04	-1.71588e-04	6.86505e-04	-1.44615e+00	-5.78493e-01	-4.53064e-01	5.91256e-02	-1.07800e-01
2.98106e-03	2.79487e-04	-2.09003e-04	7.46030e-04	-1.46823e+00	-5.87339e-01	-4.50194e-01	6.07161e-02	-1.07800e-01
1.93314e-03	2.35944e-04	-2.49858e-04	8.02031e-04	-1.48944e+00	-5.95854e-01	-4.47199e-01	6.23048e-02	-1.07800e-01
4.00547e-04	1.70270e-04	-2.98960e-04	8.60719e-04	-1.50566e+00	-6.02693e-01	-4.44077e-01	6.38899e-02	-1.07800e-01
-1.48669e-03	8.79968e-05	-3.52487e-04	9.20822e-04	-1.50809e+00	-6.03105e-01	-4.40828e-01	6.54692e-02	-1.07800e-01
-3.09703e-03	1.19769e-05	-3.86558e-04	9.52561e-04	-1.47663e+00	-5.90583e-01	-4.37449e-01	6.70410e-02	-1.07800e-01
-3.51587e-03	-2.06169e-05	-3.75368e-04	9.23803e-04	-1.40462e+00	-5.61791e-01	-4.33940e-01	6.86030e-02	-1.07800e-01
-2.73581e-03	-6.09772e-06	-3.25667e-04	8.45750e-04	-1.32690e+00	-5.30701e-01	-4.30300e-01	7.01533e-02	-1.07800e-01
-1.81547e-03	1.37959e-05	-2.68507e-04	7.48012e-04	-1.26482e+00	-5.05858e-01	-4.26526e-01	7.16900e-02	-1.07800e-01
-1.07000e-03	2.87259e-05	-2.18350e-04	6.49145e-04	-1.20850e+00	-4.83313e-01	-4.22619e-01	7.32109e-02	-1.07800e-01
3.14697e-05	6.20147e-05	-1.66192e-04	5.58894e-04	-1.15322e+00	-4.63475e-01	-4.18578e-01	7.47142e-02	-1.07800e-01
1.72444e-03	1.24462e-04	-1.10303e-04	4.74180e-04	-1.10083e+00	-4.40361e-01	-4.14403e-01	7.61979e-02	-1.07800e-01
3.06506e-03	1.75433e-04	-7.07975e-05	4.13411e-04	-1.05984e+00	-4.23948e-01	-4.10092e-01	7.76599e-02	-1.07800e-01
3.41297e-03	1.85213e-04	-5.44583e-05	3.75028e-04	-1.03437e+00	-4.13758e-01	-4.05646e-01	7.90985e-02	-1.07800e-01
3.14836e-03	1.66914e-04	-4.31184e-05	3.21357e-04	-1.01854e+00	-4.07425e-01	-4.01065e-01	8.05117e-02	-1.07800e-01
2.46073e-03	1.29430e-04	-3.44675e-05	2.59188e-04	-1.00626e+00	-4.02511e-01	-3.96348e-01	8.18978e-02	-1.07800e-01
1.86613e-03	9.87849e-05	-3.17624e-05	2.17499e-04	-9.83907e-01	-3.93569e-01	-3.91497e-01	8.32547e-02	-1.07800e-01
1.92912e-03	9.88044e-05	-2.37624e-05	1.92796e-04	-9.60841e-01	-3.84341e-01	-3.86510e-01	8.45810e-02	-1.07800e-01
2.19700e-03	1.08623e-04	-1.48898e-05	1.67181e-04	-9.51560e-01	-3.80628e-01	-3.81389e-01	8.58747e-02	-1.07800e-01
2.04918e-03	9.97890e-05	-1.01502e-05	1.43541e-04	-9.47961e-01	-3.79187e-01	-3.76134e-01	8.71342e-02	-1.07800e-01
2.12078e-03	1.01058e-04	-3.12989e-06	1.14415e-04	-9.34117e-01	-3.73649e-01	-3.70746e-01	8.83579e-02	-1.07800e-01
2.48235e-03	1.15190e-04	8.56381e-06	7.22003e-05	-9.22466e-01	-3.68988e-01	-3.65225e-01	8.95443e-02	-1.07800e-01
2.34344e-03	1.07179e-04	1.42923e-05	3.35964e-05	-9.25069e-01	-3.70029e-01	-3.59573e-01	9.06917e-02	-1.07800e-01
1.66221e-03	7.59527e-05	9.58802e-06	2.25329e-05	-9.26988e-01	-3.70796e-01	-3.53790e-01	9.17989e-02	-1.07800e-01
1.13651e-03	5.23521e-05	3.52422e-06	3.03552e-05	-9.23770e-01	-3.69508e-01	-3.47878e-01	9.28643e-02	-1.07800e-01
9.15668e-04	4.22549e-05	1.74061e-06	2.88105e-05	-9.22515e-01	-3.69007e-01	-3.41838e-01	9.38866e-02	-1.07800e-01
7.76440e-04	3.53699e-05	3.88619e-06	9.89671e-06	-9.23409e-01	-3.69364e-01	-3.35671e-01	9.48647e-02	-1.07800e-01
6.30053e-04	2.82717e-05	5.82816e-06	-6.54254e-06	-9.23020e-01	-3.69208e-01	-3.29379e-01	9.57972e-02	-1.07800e-01
3.79222e-04	1.69957e-05	3.59689e-06	-5.54959e-06	-9.21327e-01	-3.68531e-01	-3.22963e-01	9.66831e-02	-1.07800e-01
-2.48213e-05	-1.19066e-06	4.01569e-07	-1.01018e-06	-9.19674e-01	-3.67870e-01	-3.16424e-01	9.75213e-02	-1.07800e-01
-2.46966e-04	-1.13404e-05	9.45110e-08	-6.09588e-06	-9.16732e-01	-3.66693e-01	-3.09766e-01	9.83109e-02	-1.07800e-01
-2.65722e-04	-1.22081e-05	3.98477e-07	-9.06114e-06	-9.17622e-01	-3.67049e-01	-3.02989e-01	9.90509e-02	-1.07800e-01
-6.60359e-04	-2.99764e-05	-2.14497e-06	-2.37295e-06	-9.21867e-01	-3.68747e-01	-2.96096e-01	9.97406e-02	-1.07800e-01
-1.19848e-03	-5.43309e-05	-4.09931e-06	-1.41718e-06	-9.15057e-01	-3.66022e-01	-2.89089e-01	1.00379e-01	-1.07800e-01
-1.04038e-03	-4.72913e-05	-1.42282e-06	-1.40733e-05	-9.01750e-01	-3.60700e-01	-2.81969e-01	1.00966e-01	-1.07800e-01
-5.04731e-04	-2.31334e-05	2.39916e-06	-2.82109e-05	-8.98136e-01	-3.59254e-01	-2.74739e-01	1.01500e-01	-1.07800e-01
-5.06424e-04	-2.32157e-05	3.25671e-06	-3.56065e-05	-8.99211e-01	-3.59684e-01	-2.67401e-01	1.01982e-01	-1.07800e-01
-1.03801e-03	-4.72321e-05	2.03808e-06	-3.61509e-05	-8.95863e-01	-3.58344e-01	-2.59958e-01	1.02410e-01	-1.07800e-01
-1.48480e-03	-6.73861e-05	9.97656e-07	-3.34854e-05	-8.88954e-01	-3.55581e-01	-2.52412e-01	1.02785e-01	-1.07800e-01
-1.52183e-03	-6.90244e-05	1.67844e-06	-3.59534e-05	-8.80209e-01	-3.52083e-01	-2.44766e-01	1.03106e-01	-1.07800e-01
-1.33789e-03	-6.06734e-05	3.05139e-06	-4.42377e-05	-8.73002e-01	-3.49200e-01	-2.37022e-01	1.03373e-01	-1.07800e-01
-1.37399e-03	-6.22601e-05	3.70848e-06	-4.76226e-05	-8.67417e-01	-3.46966e-01	-2.29183e-01	1.03586e-01	-1.07800e-01
-1.65008e-03	-7.46742e-05	3.09713e-06	-4.16534e-05	-8.57452e-01	-3.42980e-01	-2.21251e-01	1.03744e-01	-1.07800e-01
-1.77159e-03	-8.01017e-05	2.36937e-06	-3.07254e-05	-8.43197e-01	-3.37278e-01	-2.13231e-01	1.03849e-01	-1.07800e-01
-1.65295e-03	-7.46899e-05	1.52269e-06	-1.74177e-05	-8.30304e-01	-3.32121e-01	-2.05124e-01	1.03900e-01	-1.07800e-01
-1.54967e-03	-6.99924e-05	7.56409e-07	-4.36684e-06	-8.21566e-01	-3.28626e-01	-1.96933e-01	1.03897e-01	-1.07800e-01
-1.60846e-03	-7.26241e-05	6.76688e-07	2.36541e-06	-8.15877e-01	-3.26350e-01	-1.88661e-01	1.03840e-01	-1.07800e-01
-1.69049e-03	-7.62939e-05	1.53455e-06	-2.16305e-06	-8.10616e-01	-3.24246e-01	-1.80313e-01	1.03731e-01	-1.07800e-01
-1.61673e-03	-7.29115e-05	2.97462e-06	-1.52902e-05	-8.04748e-01	-3.21899e-01	-1.71889e-01	1.03569e-01	-1.07800e-01
-1.45969e-03	-6.57725e-05	3.90528e-06	-2.63792e-05	-7.99171e-01	-3.19668e-01	-1.63395e-01	1.03354e-01	-1.07800e-01
-1.46666e-03	-6.60522e-05	4.18642e-06	-2.66874e-05	-7.93780e-01	-3.17511e-01	-1.54833e-01	1.03089e-01	-1.07800e-01
-1.75663e-03	-7.91022e-05	4.52521e-06	-1.97151e-05	-7.86651e-01	-3.14660e-01	-1.46206e-01	1.02772e-01	-1.07800e-01
-2.17210e-03	-9.77880e-05	5.51500e-06	-1.62668e-05	-7.77224e-01	-3.10889e-01	-1.37518e-01	1.02405e-01	-1.07800e-01
-2.33096e-03	-1.04878e-04	6.69206e-06	-2.07074e-05	-7.65370e-01	-3.06147e-01	-1.28771e-01	1.01989e-01	-1.07800e-01
-1.90877e-03	-8.58087e-05	6.45929e-06	-2.75085e-05	-7.52802e-01	-3.01120e-01	-1.19971e-01	1.01524e-01	-1.07800e-01
-1.14161e-03	-5.12525e-05	4.79803e-06	-2.87518e-05	-7.46532e-01	-2.98612e-01	-1.11119e-01	1.01012e-01	-1.07800e-01
-6.84601e-04	-3.06807e-05	3.57762e-06	-2.67436e-05	-7.46364e-01	-2.98545e-01	-1.02219e-01	1.00452e-01	-1.07800e-01
-8.02057e-04	-3.59214e-05	4.33963e-06	-3.31631e-05	-7.43256e-01	-2.97302e-01	-9.32757e-02	9.98472e-02	-1.07800e-01
-1.22391e-03	-5.48070e-05	6.48222e-06	-4.83684e-05	-7.35129e-01	-2.94051e-01	-8.42915e-02	9.91971e-02	-1.07800e-01
-1.62632e-03	-7.28098e-05	8.56023e-06	-5.82455e-05	-7.22249e-01	-2.88898e-01	-7.52704e-02	9.85032e-02	-1.07800e-01
-1.73113e-03	-7.74893e-05	9.03170e-06	-5.57689e-05	-7.03671e-01	-2.81467e-01	-6.62159e-02	9.77665e-02	-1.07800e-01
-1.54085e-03	-6.89503e-05	8.11553e-06	-4.79708e-05	-6.87094e-01	-2.74837e-01	-5.71316e-02	9.69883e-02	-1.07800e-01
-1.48775e-03	-6.65534e-05	7.92423e-06	-4.29493e-05	-6.76650e-01	-2.70659e-01	-4.80213e-02	9.61696e-02	-1.07800e-01
-1.80541e-03	-8.07646e-05	9.46277e-06	-4.45971e-05	-6.65659e-01	-2.66263e-01	-3.88884e-02	9.53117e-02	-1.07800e-01
-2.22412e-03	-9.94588e-05	1.18812e-05	-5.19798e-05	-6.50613e-01	-2.60244e-01	-2.97369e-02	9.44158e-02	-1.07800e-01
-2.38339e-03	-1.06529e-04	1.31052e-05	-5.81748e-05	-6.32690e-01	-2.53075e-01	-2.05702e-02	9.34830e-02	-1.07800e-01
-2.18403e-03	-9.75550e-05	1.24933e-05	-6.00375e-05	-6.15506e-01	-2.46201e-01	-1.13922e-02	9.25147e-02	-1.07800e-01
-1.84715e-03	-8.24341e-05	1.11407e-05	-6.26149e-05	-6.03660e-01	-2.41463e-01	-2.20657e-03	9.15121e-02	-1.07800e-01
-1.67978e-03	-7.49037e-05	1.05861e-05	-6.72144e-05	-5.95992e-01	-2.38395e-01	6.98301e-03	9.04765e-02	-1.07800e-01
-1.72078e-03	-7.67076e-05	1.09698e-05	-6.77908e-05	-5.87100e-01	-2.34839e-01	1.61728e-02	8.94093e-02	-1.07800e-01
-1.74509e-03	-7.77809e-05	1.11356e-05	-6.31395e-05	-5.75965e-01	-2.30385e-01	2.53590e-02	8.83116e-02	-1.07800e-01
-1.66976e-03	-7.44004e-05	1.07833e-05	-5.90310e-05	-5.66640e-01	-2.26655e-01	3.45380e-02	8.71849e-02	-1.07800e-01
-1.62728e-03	-7.24857e-05	1.06299e-05	-5.60680e-05	-5.59940e-01	-2.23975e-01	4.37061e-02	8.60305e-02	-1.07800e-01
-1.60374e-03	-7.14289e-05	1.04946e-05	-4.97044e-05	-5.52107e-01	-2.20842e-01	5.28594e-02	8.48497e-02	-1.07800e-01
-1.40922e-03	-6.27502e-05	9.30122e-06	-4.07129e-05	-5.42513e-01	-2.17004e-01	6.19943e-02	8.36438e-02	-1.07800e-01
-1.01461e-03	-4.51493e-05	6.89441e-06	-3.41530e-05	-5.34553e-01	-2.13820e-01	7.11071e-02	8.24141e-02	-1.07800e-01
-6.14410e-04	-2.73030e-05	4.43366e-06	-3.15632e-05	-5.29906e-01	-2.11962e-01	8.01942e-02	8.11621e-02	-1.07800e-01
-3.66632e-04	-1.62564e-05	2.88964e-06	-3.02148e-05	-5.27452e-01	-2.10980e-01	8.92517e-02	7.98889e-02	-1.07800e-01
-2.76179e-04	-1.22312e-05	2.26801e-06	-2.71731e-05	-5.26332e-01	-2.10532e-01	9.82762e-02	7.85960e-02	-1.07800e-01
-2.62569e-04	-1.16308e-05	2.13146e-06	-2.25574e-05	-5.25852e-01	-2.10340e-01	1.07264e-01	7.72846e-02	-1.07800e-01
-2.46312e-04	-1.09129e-05	1.97734e-06	-1.93905e-05	-5.25449e-01	-2.10179e-01	1.16211e-01	7.59561e-02	-1.07800e-01
-2.76255e-04	-1.22486e-05	2.15125e-06	-1.81507e-05	-5.26207e-01	-2.10482e-01	1.25115e-01	7.46117e-02	-1.07800e-01
-4.59037e-04	-2.03755e-05	3.41924e-06	-1.68092e-05	-5.27052e-01	-2.10820e-01	1.33971e-01	7.32527e-02	-1.07800e-01
-7.09552e-04	-3.15089e-05	5.19045e-06	-1.68806e-05	-5.25317e-01	-2.10126e-01	1.42776e-01	7.18805e-02	-1.07800e-01
-8.15976e-04	-3.62226e-05	6.04062e-06	-2.02642e-05	-5.22526e-01	-2.09010e-01	1.51526e-01	7.04962e-02	-1.07800e-01
-7.01315e-04	-3.11092e-05	5.33206e-06	-2.37107e-05	-5.20812e-01	-2.08324e-01	1.60218e-01	6.91012e-02	-1.07800e-01
-4.63321e-04	-2.05337e-05	3.63220e-06	-2.36579e-05	-5.20138e-01	-2.08055e-01	1.68849e-01	6.76966e-02	-1.07800e-01
-2.80289e-04	-1.24063e-05	2.28942e-06	-2.02914e-05	-5.21306e-01	-2.08522e-01	1.77415e-01	6.62838e-02	-1.07800e-01
-2.75642e-04	-1.22042e-05	2.22692e-06	-1.53137e-05	-5.23828e-01	-2.09531e-01	1.85913e-01	6.48639e-02	-1.07800e-01
-3.91735e-04	-1.73604e-05	3.06718e-06	-1.08100e-05	-5.25857e-01	-2.10343e-01	1.94340e-01	6.34381e-02	-1.07800e-01
-4.87842e-04	-2.16201e-05	3.81441e-06	-8.72170e-06	-5.27477e-01	-2.10991e-01	2.02692e-01	6.20077e-02	-1.07800e-01
-5.25224e-04	-2.32697e-05	4.14566e-06	-9.10051e-06	-5.29158e-01	-2.11663e-01	2.10966e-01	6.05737e-02	-1.07800e-01
-5.46608e-04	-2.42074e-05	4.36809e-06	-1.04989e-05	-5.30521e-01	-2.12208e-01	2.19159e-01	5.91375e-02	-1.07800e-01
-5.73464e-04	-2.53879e-05	4.63152e-06	-1.17509e-05	-5.31750e-01	-2.12700e-01	2.27268e-01	5.77000e-02	-1.07800e-01
-6.13675e-04	-2.71600e-05	4.99920e-06	-1.22199e-05	-5.33382e-01	-2.13352e-01	2.35290e-01	5.62626e-02	-1.07800e-01
-6.81138e-04	-3.01389e-05	5.58531e-06	-1.17682e-05	-5.35273e-01	-2.14109e-01	2.43221e-01	5.48262e-02	-1.07800e-01
-7.69839e-04	-3.40569e-05	6.34826e-06	-1.06996e-05	-5.36961e-01	-2.14784e-01	2.51060e-01	5.33920e-02	-1.07800e-01
-8.58502e-04	-3.79712e-05	7.12209e-06	-9.04251e-06	-5.38354e-01	-2.15341e-01	2.58802e-01	5.19611e-02	-1.07800e-01
-9.34781e-04	-4.13359e-05	7.80215e-06	-6.60667e-06	-5.39551e-01	-2.15820e-01	2.66446e-01	5.05346e-02	-1.07800e-01
-9.97140e-04	-4.40830e-05	8.37754e-06	-3.72273e-06	-5.40577e-01	-2.16230e-01	2.73989e-01	4.91136e-02	-1.07800e-01
-1.05060e-03	-4.64337e-05	8.89183e-06	-1.53670e-06	-5.41422e-01	-2.16568e-01	2.81427e-01	4.76991e-02	-1.07800e-01
-1.10408e-03	-4.87822e-05	9.42326e-06	-8.13698e-07	-5.42091e-01	-2.16836e-01	2.88759e-01	4.62921e-02	-1.07800e-01
-1.16317e-03	-5.13770e-05	1.00110e-05	-6.44287e-07	-5.42624e-01	-2.17049e-01	2.95981e-01	4.48937e-02	-1.07800e-01
-1.22155e-03	-5.39390e-05	1.05966e-05	-8.55777e-08	-5.43076e-01	-2.17230e-01	3.03092e-01	4.35049e-02	-1.07800e-01
-1.26024e-03	-5.56299e-05	1.10229e-05	6.17957e-07	-5.43462e-01	-2.17384e-01	3.10089e-01	4.21267e-02	-1.07800e-01
-1.26853e-03	-5.59773e-05	1.11870e-05	1.79007e-06	-5.43830e-01	-2.17531e-01	3.16970e-01	4.07601e-02	-1.07800e-01
-1.26483e-03	-5.57976e-05	1.12367e-05	4.13511e-06	-5.44264e-01	-2.17705e-01	3.23733e-01	3.94060e-02	-1.07800e-01
-1.27996e-03	-5.64500e-05	1.14448e-05	6.47071e-06	-5.44654e-01	-2.17861e-01	3.30375e-01	3.80655e-02	-1.07800e-01
-1.32368e-03	-5.83609e-05	1.19201e-05	6.73514e-06	-5.44762e-01	-2.17904e-01	3.36895e-01	3.67393e-02	-1.07800e-01
-1.37252e-03	-6.04944e-05	1.24576e-05	4.82623e-06	-5.44595e-01	-2.17838e-01	3.43290e-01	3.54285e-02	-1.07800e-01
-1.40073e-03	-6.17175e-05	1.28118e-05	3.15875e-06	-5.44370e-01	-2.17747e-01	3.49560e-01	3.41339e-02	-1.07800e-01
-1.40908e-03	-6.20675e-05	1.29732e-05	4.45175e-06	-5.44224e-01	-2.17689e-01	3.55701e-01	3.28565e-02	-1.07800e-01
-1.41386e-03	-6.22632e-05	1.30886e-05	8.35743e-06	-5.44091e-01	-2.17636e-01	3.61713e-01	3.15970e-02	-1.07800e-01
-1.42732e-03	-6.28372e-05	1.33018e-05	1.11396e-05	-5.43744e-01	-2.17497e-01	3.67594e-01	3.03563e-02	-1.07800e-01
-1.45247e-03	-6.39224e-05	1.36394e-05	1.03006e-05	-5.43069e-01	-2.17227e-01	3.73343e-01	2.91352e-02	-1.07800e-01
-1.48496e-03	-6.53310e-05	1.40431e-05	7.54862e-06	-5.42064e-01	-2.16825e-01	3.78958e-01	2.79346e-02	-1.07800e-01
-1.51081e-03	-6.64504e-05	1.43715e-05	5.66576e-06	-5.40786e-01	-2.16314e-01	3.84439e-01	2.67551e-02	-1.07800e-01
-1.53594e-03	-6.75352e-05	1.47044e-05	5.51250e-06	-5.39424e-01	-2.15769e-01	3.89783e-01	2.55975e-02	-1.07800e-01
-1.58741e-03	-6.97781e-05	1.52883e-05	6.47052e-06	-5.37921e-01	-2.15168e-01	3.94991e-01	2.44625e-02	-1.07800e-01
-1.65261e-03	-7.26265e-05	1.59971e-05	7.47193e-06	-5.36097e-01	-2.14438e-01	4.00061e-01	2.33509e-02	-1.07800e-01
-1.69165e-03	-7.43236e-05	1.64589e-05	7.92975e-06	-5.34257e-01	-2.13702e-01	4.04992e-01	2.22632e-02	-1.07800e-01
-1.70636e-03	-7.49503e-05	1.66906e-05	8.72162e-06	-5.32620e-01	-2.13047e-01	4.09785e-01	2.12000e-02	-1.07800e-01
-1.72038e-03	-7.55500e-05	1.69005e-05	1.04430e-05	-5.30673e-01	-2.12268e-01	4.14438e-01	2.01620e-02	-1.07800e-01
-1.71864e-03	-7.54531e-05	1.69752e-05	1.12297e-05	-5.28476e-01	-2.11390e-01	4.18952e-01	1.91497e-02	-1.07800e-01
-1.69025e-03	-7.41761e-05	1.68301e-05	1.03830e-05	-5.26760e-01	-2.10703e-01	4.23325e-01	1.81636e-02	-1.07800e-01
-1.68268e-03	-7.38217e-05	1.68510e-05	1.04411e-05	-5.25282e-01	-2.10112e-01	4.27559e-01	1.72041e-02	-1.07800e-01
-1.73192e-03	-7.59719e-05	1.73880e-05	1.26483e-05	-5.23494e-01	-2.09397e-01	4.31652e-01	1.62718e-02	-1.07800e-01
-1.80411e-03	-7.91263e-05	1.81660e-05	1.50544e-05	-5.21524e-01	-2.08609e-01	4.35606e-01	1.53670e-02	-1.07800e-01
-1.84368e-03	-8.08415e-05	1.86530e-05	1.60156e-05	-5.19674e-01	-2.07869e-01	4.39420e-01	1.44901e-02	-1.07800e-01
-1.84629e-03	-8.09313e-05	1.87855e-05	1.64344e-05	-5.18054e-01	-2.07221e-01	4.43095e-01	1.36412e-02	-1.07800e-01
-1.85317e-03	-8.12087e-05	1.89607e-05	1.77990e-05	-5.16336e-01	-2.06534e-01	4.46631e-01	1.28209e-02	-1.07800e-01
-1.85203e-03	-8.11434e-05	1.90138e-05	2.05713e-05	-5.14386e-01	-2.05754e-01	4.50030e-01	1.20291e-02	-1.07800e-01
-1.79446e-03	-7.86052e-05	1.84911e-05	2.43372e-05	-5.12835e-01	-2.05133e-01	4.53292e-01	1.12661e-02	-1.07800e-01
-1.70700e-03	-7.47608e-05	1.76467e-05	2.66582e-05	-5.11830e-01	-2.04731e-01	4.56419e-01	1.05320e-02	-1.07800e-01
-1.67880e-03	-7.35203e-05	1.73780e-05	2.52398e-05	-5.10810e-01	-2.04323e-01	4.59411e-01	9.82690e-03	-1.07800e-01
-1.75414e-03	-7.68032e-05	1.82275e-05	2.20770e-05	-5.09328e-01	-2.03730e-01	4.62270e-01	9.15074e-03	-1.07800e-01
-1.87438e-03	-8.20403e-05	1.95910e-05	2.03823e-05	-5.07235e-01	-2.02893e-01	4.64997e-01	8.50349e-03	-1.07800e-01
-1.93877e-03	-8.48335e-05	2.03702e-05	2.05935e-05	-5.05076e-01	-2.02030e-01	4.67594e-01	7.88505e-03	-1.07800e-01
-1.94189e-03	-8.49652e-05	2.04233e-05	2.25923e-05	-5.03265e-01	-2.01305e-01	4.70064e-01	7.29526e-03	-1.07800e-01
-1.94914e-03	-8.52800e-05	2.05077e-05	2.70809e-05	-5.01505e-01	-2.00601e-01	4.72407e-01	6.73392e-03	-1.07800e-01
-1.96754e-03	-8.60468e-05	2.08618e-05	3.23499e-05	-4.99750e-01	-1.99899e-01	4.74627e-01	6.20074e-03	-1.07800e-01
-1.95527e-03	-8.54787e-05	2.08615e-05	3.42906e-05	-4.98068e-01	-1.99226e-01	4.76725e-01	5.69540e-03	-1.07800e-01
-1.90370e-03	-8.32323e-05	2.02765e-05	3.21841e-05	-4.96418e-01	-1.98566e-01	4.78704e-01	5.21750e-03	-1.07800e-01
-1.85408e-03	-8.10647e-05	1.97413e-05	3.00255e-05	-4.95040e-01	-1.98015e-01	4.80567e-01	4.76660e-03	-1.07800e-01
-1.83248e-03	-8.00996e-05	1.95961e-05	3.04683e-05	-4.93873e-01	-1.97548e-01	4.82317e-01	4.34218e-03	-1.07800e-01
-1.83147e-03	-8.00416e-05	1.96408e-05	3.21617e-05	-4.92611e-01	-1.97043e-01	4.83956e-01	3.94368e-03	-1.07800e-01
-1.84660e-03	-8.07015e-05	1.98088e-05	3.31353e-05	-4.91231e-01	-1.96491e-01	4.85488e-01	3.57047e-03	-1.07800e-01
-1.85976e-03	-8.12756e-05	1.99547e-05	3.33384e-05	-4.89706e-01	-1.95882e-01	4.86917e-01	3.22185e-03	-1.07800e-01
-1.84336e-03	-8.05550e-05	1.97946e-05	3.37130e-05	-4.88179e-01	-1.95271e-01	4.88245e-01	2.89707e-03	-1.07800e-01
-1.78949e-03	-7.81847e-05	1.92815e-05	3.46770e-05	-4.86812e-01	-1.94724e-01	4.89478e-01	2.59532e-03	-1.07800e-01
-1.71127e-03	-7.47576e-05	1.84777e-05	3.59682e-05	-4.85490e-01	-1.94195e-01	4.90618e-01	2.31573e-03	-1.07800e-01
-1.63293e-03	-7.13401e-05	1.76115e-05	3.74469e-05	-4.84547e-01	-1.93818e-01	4.91670e-01	2.05735e-03	-1.07800e-01
-1.55686e-03	-6.79764e-05	1.69551e-05	3.94103e-05	-4.83694e-01	-1.93477e-01	4.92639e-01	1.81919e-03	-1.07800e-01
-1.49068e-03	-6.50858e-05	1.62386e-05	4.17347e-05	-4.83165e-01	-1.93265e-01	4.93529e-01	1.60020e-03	-1.07800e-01
-1.44872e-03	-6.32141e-05	1.59418e-05	4.39401e-05	-4.82542e-01	-1.93016e-01	4.94344e-01	1.39925e-03	-1.07800e-01
-1.42120e-03	-6.20548e-05	1.54710e-05	4.60257e-05	-4.81555e-01	-1.92621e-01	4.95091e-01	1.21517e-03	-1.07800e-01
-1.37534e-03	-6.00496e-05	1.49819e-05	4.82935e-05	-4.80804e-01	-1.92321e-01	4.95773e-01	1.04673e-03	-1.07800e-01
-1.26870e-03	-5.53774e-05	1.38860e-05	5.07110e-05	-4.79573e-01	-1.91828e-01	4.96397e-01	8.92609e-04	-1.07800e-01
-1.11317e-03	-4.86215e-05	1.20513e-05	5.29179e-05	-4.79238e-01	-1.91694e-01	4.96968e-01	7.51465e-04	-1.07800e-01
-9.23667e-04	-4.02441e-05	1.04042e-05	5.45082e-05	-4.78537e-01	-1.91414e-01	4.97491e-01	6.21874e-04	-1.07800e-01
-6.92609e-04	-3.03093e-05	7.26684e-06	5.59741e-05	-4.78371e-01	-1.91347e-01	4.97974e-01	5.02360e-04	-1.07800e-01
-5.02319e-04	-2.17196e-05	6.32957e-06	5.71802e-05	-4.79114e-01	-1.91644e-01	4.98422e-01	3.91384e-04	-1.07800e-01
-2.57005e-04	-1.12256e-05	2.78219e-06	5.73485e-05	-4.78320e-01	-1.91325e-01	4.98842e-01	2.87350e-04	-1.07800e-01
-1.65570e-04	-7.01028e-06	2.68561e-06	5.82831e-05	-4.82674e-01	-1.93065e-01	4.99240e-01	1.88600e-04	-1.07800e-01
-2.85434e-04	-1.07321e-05	1.00809e-05	5.40292e-05	-4.83557e-01	-1.93421e-01	4.99624e-01	9.34168e-05	-1.07800e-01
-2.12700e-04	-1.77049e-05	-3.15798e-05	3.48333e-05	-4.90383e-01	-1.96151e-01	5.00000e-01	0.00000e+00	-1.07800e-01
