"Density"	"Momentum:0"	"Momentum:1"	"Momentum:2"	"StagnationEnergy"	"Pressure"	"Points:0"	"Points:1"	"Points:2"
2.08354e-02	-6.38231e-04	1.19771e-03	-8.41199e-04	-5.79532e-01	-2.31837e-01	-4.94478e-01	0.00000e+00	1.58400e-01
3.53205e-03	2.77991e-04	1.90079e-04	-2.78808e-04	-8.90138e-01	-3.56066e-01	-4.94425e-01	2.24937e-03	1.58400e-01
9.01233e-03	3.43469e-04	4.87216e-04	-3.63120e-04	-7.97531e-01	-3.19023e-01	-4.94265e-01	4.49366e-03	1.58400e-01
1.54638e-02	3.96240e-04	8.38232e-04	-3.72484e-04	-8.99108e-01	-3.59656e-01	-4.93997e-01	6.72764e-03	1.58400e-01
1.69538e-02	4.65375e-04	8.96642e-04	-3.48250e-04	-9.32823e-01	-3.73143e-01	-4.93621e-01	8.94611e-03	1.58400e-01
1.89544e-02	4.99436e-04	9.88869e-04	-3.47873e-04	-1.01423e+00	-4.05708e-01	-4.93140e-01	1.11440e-02	1.58400e-01
2.01682e-02	5.60937e-04	1.02644e-03	-3.20642e-04	-1.10889e+00	-4.43569e-01	-4.92555e-01	1.33167e-02	1.58400e-01
2.05009e-02	5.89189e-04	1.01948e-03	-3.11107e-04	-1.16931e+00	-4.67737e-01	-4.91870e-01	1.54597e-02	1.58400e-01
2.05794e-02	6.20511e-04	9.95247e-04	-2.90293e-04	-1.25801e+00	-5.03218e-01	-4.91087e-01	1.75694e-02	1.58400e-01
2.01335e-02	6.36561e-04	9.45077e-04	-2.77034e-04	-1.31251e+00	-5.25017e-01	-4.90257e-01	1.95432e-02	1.58400e-01
1.95176e-02	6.41197e-04	8.90533e-04	-2.66152e-04	-1.36246e+00	-5.44999e-01	-4.89420e-01	2.13344e-02	1.58400e-01
1.87506e-02	6.41517e-04	8.29314e-04	-2.54043e-04	-1.40459e+00	-5.61848e-01	-4.88568e-01	2.29995e-02	1.58400e-01
1.78427e-02	6.30932e-04	7.65753e-04	-2.47130e-04	-1.43121e+00	-5.72495e-01	-4.87695e-01	2.45763e-02	1.58400e-01
1.69018e-02	6.18137e-04	7.01931e-04	-2.37524e-04	-1.45835e+00	-5.83352e-01	-4.86795e-01	2.60913e-02	1.58400e-01
1.58688e-02	5.97985e-04	6.37343e-04	-2.30935e-04	-1.47383e+00	-5.89542e-01	-4.85860e-01	2.75641e-02	1.58400e-01
1.48145e-02	5.74740e-04	5.74001e-04	-2.23322e-04	-1.48690e+00	-5.94771e-01	-4.84886e-01	2.90092e-02	1.58400e-01
1.37331e-02	5.47489e-04	5.12318e-04	-2.16233e-04	-1.49454e+00	-5.97825e-01	-4.83866e-01	3.04377e-02	1.58400e-01
1.26380e-02	5.17199e-04	4.52660e-04	-2.09344e-04	-1.49750e+00	-5.99007e-01	-4.82794e-01	3.18583e-02	1.58400e-01
1.15630e-02	4.85130e-04	3.96495e-04	-2.01969e-04	-1.49785e+00	-5.99146e-01	-4.81666e-01	3.32775e-02	1.58400e-01
1.05170e-02	4.51730e-04	3.44178e-04	-1.94765e-04	-1.49436e+00	-5.97753e-01	-4.80475e-01	3.47003e-02	1.58400e-01
9.53542e-03	4.18748e-04	2.96800e-04	-1.87433e-04	-1.48884e+00	-5.95543e-01	-4.79216e-01	3.61305e-02	1.58400e-01
8.63361e-03	3.87236e-04	2.54540e-04	-1.80906e-04	-1.48141e+00	-5.92572e-01	-4.77886e-01	3.75709e-02	1.58400e-01
7.81624e-03	3.57997e-04	2.16935e-04	-1.75947e-04	-1.47260e+00	-5.89047e-01	-4.76478e-01	3.90233e-02	1.58400e-01
7.10133e-03	3.31927e-04	1.84344e-04	-1.72512e-04	-1.46368e+00	-5.85477e-01	-4.74989e-01	4.04890e-02	1.58400e-01
6.50943e-03	3.10127e-04	1.57041e-04	-1.70688e-04	-1.45487e+00	-5.81953e-01	-4.73415e-01	4.19687e-02	1.58400e-01
6.07116e-03	2.94374e-04	1.35224e-04	-1.71732e-04	-1.44693e+00	-5.78777e-01	-4.71751e-01	4.34625e-02	1.58400e-01
5.76710e-03	2.84779e-04	1.16967e-04	-1.77762e-04	-1.44055e+00	-5.76226e-01	-4.69994e-01	4.49702e-02	1.58400e-01
5.51405e-03	2.78364e-04	9.89078e-05	-1.89598e-04	-1.43628e+00	-5.74515e-01	-4.68139e-01	4.64912e-02	1.58400e-01
5.25245e-03	2.72429e-04	7.93319e-05	-2.06388e-04	-1.43440e+00	-5.73766e-01	-4.66184e-01	4.80248e-02	1.58400e-01
4.98322e-03	2.66598e-04	5.86540e-05	-2.26955e-04	-1.43535e+00	-5.74143e-01	-4.64125e-01	4.95699e-02	1.58400e-01
4.75330e-03	2.62301e-04	3.87948e-05	-2.50391e-04	-1.43971e+00	-5.75890e-01	-4.61959e-01	5.11252e-02	1.58400e-01
4.62649e-03	2.62085e-04	2.15293e-05	-2.76576e-04	-1.44787e+00	-5.79154e-01	-4.59683e-01	5.26892e-02	1.58400e-01
4.57205e-03	2.65382e-04	4.78652e-06	-3.08887e-04	-1.46136e+00	-5.84552e-01	-4.57294e-01	5.42605e-02	1.58400e-01
4.47429e-03	2.68120e-04	-1.59160e-05	-3.51333e-04	-1.48095e+00	-5.92389e-01	-4.54790e-01	5.58374e-02	1.58400e-01
4.28705e-03	2.67043e-04	-3.97873e-05	-3.99621e-04	-1.50463e+00	-6.01864e-01	-4.52168e-01	5.74181e-02	1.58400e-01
3.89982e-03	2.55960e-04	-6.67815e-05	-4.46430e-04	-1.53120e+00	-6.12493e-01	-4.49426e-01	5.90008e-02	1.58400e-01
2.92627e-03	2.19095e-04	-1.06625e-04	-4.95204e-04	-1.56158e+00	-6.24655e-01	-4.46562e-01	6.05836e-02	1.58400e-01
1.43066e-03	1.60545e-04	-1.59679e-04	-5.56624e-04	-1.58814e+00	-6.35305e-01	-4.43574e-01	6.21647e-02	1.58400e-01
1.11026e-04	1.10014e-04	-2.09902e-04	-6.31529e-04	-1.59701e+00	-6.39623e-01	-4.40461e-01	6.37420e-02	1.58400e-01
-1.35001e-03	5.44445e-05	-2.65813e-04	-7.25676e-04	-1.59445e+00	-6.37693e-01	-4.37220e-01	6.53136e-02	1.58400e-01
-4.15292e-03	-5.80480e-05	-3.52278e-04	-8.47898e-04	-1.58594e+00	-6.34334e-01	-4.33850e-01	6.68775e-02	1.58400e-01
-6.70056e-03	-1.65217e-04	-4.20745e-04	-9.49546e-04	-1.52756e+00	-6.10991e-01	-4.30351e-01	6.84317e-02	1.58400e-01
-5.82868e-03	-1.36795e-04	-3.92022e-04	-9.45127e-04	-1.40001e+00	-5.59969e-01	-4.26720e-01	6.99743e-02	1.58400e-01
-2.47920e-03	-1.12934e-05	-2.89381e-04	-8.30679e-04	-1.27603e+00	-5.10349e-01	-4.22958e-01	7.15031e-02	1.58400e-01
-7.48137e-06	7.54174e-05	-1.99580e-04	-6.93360e-04	-1.20448e+00	-4.67722e-01	-4.19062e-01	7.30163e-02	1.58400e-01
1.07455e-03	1.09118e-04	-1.52480e-04	-6.05668e-04	-1.16483e+00	-4.66007e-01	-4.15033e-01	7.45118e-02	1.58400e-01
1.91332e-03	1.37175e-04	-1.21624e-04	-5.59552e-04	-1.12780e+00	-4.51156e-01	-4.10870e-01	7.59878e-02	1.58400e-01
3.33605e-03	1.92274e-04	-8.40289e-05	-5.03127e-04	-1.07285e+00	-4.29157e-01	-4.06573e-01	7.74422e-02	1.58400e-01
5.01295e-03	2.58382e-04	-4.09400e-05	-4.33265e-04	-1.02717e+00	-4.10879e-01	-4.02141e-01	7.88732e-02	1.58400e-01
5.50237e-03	2.71739e-04	-1.34397e-05	-3.55798e-04	-1.01608e+00	-4.06439e-01	-3.97574e-01	8.02790e-02	1.58400e-01
4.70029e-03	2.28680e-04	-4.83845e-06	-2.69390e-04	-1.01496e+00	-4.05987e-01	-3.92873e-01	8.16576e-02	1.58400e-01
3.96102e-03	1.90493e-04	-1.14135e-07	-2.09153e-04	-1.00163e+00	-4.00657e-01	-3.88037e-01	8.30073e-02	1.58400e-01
4.16168e-03	1.97376e-04	6.47324e-06	-1.87012e-04	-9.65901e-01	-3.86364e-01	-3.83067e-01	8.43263e-02	1.58400e-01
4.70397e-03	2.19738e-04	1.68383e-05	-1.58241e-04	-9.41342e-01	-3.76540e-01	-3.77963e-01	8.56130e-02	1.58400e-01
4.31227e-03	1.99408e-04	2.09359e-05	-1.14539e-04	-9.57612e-01	-3.83047e-01	-3.72725e-01	8.68656e-02	1.58400e-01
3.12372e-03	1.44110e-04	1.46508e-05	-8.30373e-05	-9.68151e-01	-3.87262e-01	-3.67355e-01	8.80825e-02	1.58400e-01
2.48924e-03	1.14290e-04	1.27164e-05	-5.54248e-05	-9.55568e-01	-3.82228e-01	-3.61854e-01	8.92623e-02	1.58400e-01
2.13563e-03	9.74653e-05	1.26434e-05	-3.80759e-05	-9.50871e-01	-3.80349e-01	-3.56221e-01	9.04032e-02	1.58400e-01
1.29904e-03	5.99152e-05	3.62419e-06	-4.25906e-05	-9.43950e-01	-3.77581e-01	-3.50458e-01	9.15041e-02	1.58400e-01
7.52118e-04	3.50996e-05	-7.70600e-07	-3.99008e-05	-9.28774e-01	-3.71510e-01	-3.44567e-01	9.25633e-02	1.58400e-01
9.56013e-04	4.32328e-05	6.59384e-06	-8.47540e-06	-9.20013e-01	-3.68006e-01	-3.38548e-01	9.35797e-02	1.58400e-01
1.24575e-03	5.54293e-05	1.40558e-05	2.63085e-05	-9.11729e-01	-3.64692e-01	-3.32403e-01	9.45520e-02	1.58400e-01
1.23849e-03	5.49248e-05	1.52204e-05	4.04610e-05	-9.05227e-01	-3.62092e-01	-3.26133e-01	9.54789e-02	1.58400e-01
9.51018e-04	4.20009e-05	1.31040e-05	4.39511e-05	-9.05190e-01	-3.62077e-01	-3.19741e-01	9.63595e-02	1.58400e-01
5.19394e-04	2.25690e-05	1.03037e-05	4.48464e-05	-9.01097e-01	-3.60440e-01	-3.13226e-01	9.71925e-02	1.58400e-01
1.80827e-04	7.51581e-06	6.74892e-06	3.72847e-05	-8.93525e-01	-3.57412e-01	-3.06592e-01	9.79771e-02	1.58400e-01
-6.60607e-05	-3.41055e-06	3.74266e-06	2.61556e-05	-8.90240e-01	-3.56094e-01	-2.99840e-01	9.87124e-02	1.58400e-01
-2.29874e-04	-1.07928e-05	3.15926e-06	2.59261e-05	-8.84714e-01	-3.53885e-01	-2.92972e-01	9.93976e-02	1.58400e-01
-2.29163e-04	-1.07878e-05	3.98250e-06	3.45776e-05	-8.75698e-01	-3.50278e-01	-2.85991e-01	1.00032e-01	1.58400e-01
-3.89339e-04	-1.79806e-05	3.36553e-06	3.41272e-05	-8.70698e-01	-3.48278e-01	-2.78897e-01	1.00615e-01	1.58400e-01
-8.48280e-04	-3.85404e-05	-2.27986e-07	1.89236e-05	-8.65458e-01	-3.46183e-01	-2.71694e-01	1.01145e-01	1.58400e-01
-1.07020e-03	-4.84376e-05	-2.46132e-06	1.89398e-06	-8.57159e-01	-3.42863e-01	-2.64384e-01	1.01623e-01	1.58400e-01
-7.19062e-04	-3.24970e-05	-2.18326e-06	-5.57124e-06	-8.50341e-01	-3.40136e-01	-2.56969e-01	1.02048e-01	1.58400e-01
-1.51459e-04	-6.82857e-06	-7.63114e-07	-5.88812e-06	-8.48608e-01	-3.39443e-01	-2.49451e-01	1.02420e-01	1.58400e-01
5.76418e-05	2.61662e-06	-1.75208e-07	-4.82265e-06	-8.53048e-01	-3.41219e-01	-2.41834e-01	1.02738e-01	1.58400e-01
-3.46785e-04	-1.56784e-05	-4.18694e-07	-1.40074e-06	-8.59161e-01	-3.43664e-01	-2.34119e-01	1.03002e-01	1.58400e-01
-1.04173e-03	-4.71084e-05	4.85882e-08	9.22242e-06	-8.57244e-01	-3.42897e-01	-2.26310e-01	1.03213e-01	1.58400e-01
-1.43431e-03	-6.48529e-05	1.64512e-06	2.70080e-05	-8.45762e-01	-3.38304e-01	-2.18409e-01	1.03369e-01	1.58400e-01
-1.34047e-03	-6.05879e-05	3.11126e-06	3.90549e-05	-8.33919e-01	-3.33567e-01	-2.10419e-01	1.03472e-01	1.58400e-01
-1.06419e-03	-4.80672e-05	2.85055e-06	3.24992e-05	-8.25748e-01	-3.30298e-01	-2.02343e-01	1.03521e-01	1.58400e-01
-9.49329e-04	-4.28521e-05	1.93517e-06	1.98310e-05	-8.20877e-01	-3.28350e-01	-1.94184e-01	1.03517e-01	1.58400e-01
-1.19258e-03	-5.38033e-05	2.53936e-06	2.30598e-05	-8.19206e-01	-3.27682e-01	-1.85944e-01	1.03459e-01	1.58400e-01
-1.65482e-03	-7.46106e-05	4.24777e-06	3.90244e-05	-8.14224e-01	-3.25689e-01	-1.77628e-01	1.03349e-01	1.58400e-01
-1.84619e-03	-8.31753e-05	5.86090e-06	5.37846e-05	-8.02571e-01	-3.21027e-01	-1.69237e-01	1.03186e-01	1.58400e-01
-1.61336e-03	-7.26108e-05	6.52956e-06	6.43504e-05	-7.92585e-01	-3.17033e-01	-1.60776e-01	1.02972e-01	1.58400e-01
-1.41762e-03	-6.37364e-05	6.64020e-06	6.69464e-05	-7.89056e-01	-3.15621e-01	-1.52247e-01	1.02706e-01	1.58400e-01
-1.55394e-03	-6.98528e-05	6.61418e-06	6.07870e-05	-7.85169e-01	-3.14066e-01	-1.43654e-01	1.02389e-01	1.58400e-01
-1.86576e-03	-8.38721e-05	7.04559e-06	5.44436e-05	-7.77717e-01	-3.11086e-01	-1.35000e-01	1.02023e-01	1.58400e-01
-2.23374e-03	-1.00400e-04	8.01780e-06	5.05324e-05	-7.68852e-01	-3.07540e-01	-1.26288e-01	1.01607e-01	1.58400e-01
-2.66581e-03	-1.19809e-04	9.16416e-06	4.50195e-05	-7.56220e-01	-3.02487e-01	-1.17521e-01	1.01144e-01	1.58400e-01
-2.95995e-03	-1.32996e-04	1.02272e-05	3.99578e-05	-7.39577e-01	-2.95829e-01	-1.08704e-01	1.00632e-01	1.58400e-01
-2.88708e-03	-1.29669e-04	1.04174e-05	3.76965e-05	-7.23056e-01	-2.89221e-01	-9.98400e-02	1.00074e-01	1.58400e-01
-2.54293e-03	-1.14152e-04	9.75682e-06	3.45295e-05	-7.07376e-01	-2.82949e-01	-9.09317e-02	9.94703e-02	1.58400e-01
-2.14993e-03	-9.64625e-05	8.68389e-06	3.13224e-05	-6.93048e-01	-2.77218e-01	-8.19831e-02	9.88219e-02	1.58400e-01
-1.88923e-03	-8.47132e-05	8.12828e-06	2.95314e-05	-6.82607e-01	-2.73042e-01	-7.29977e-02	9.81300e-02	1.58400e-01
-1.83768e-03	-8.23843e-05	7.97177e-06	2.38976e-05	-6.75347e-01	-2.70138e-01	-6.39791e-02	9.73955e-02	1.58400e-01
-1.86380e-03	-8.35441e-05	8.09881e-06	1.72757e-05	-6.69544e-01	-2.67817e-01	-5.49309e-02	9.66197e-02	1.58400e-01
-1.84664e-03	-8.27279e-05	8.44478e-06	2.01319e-05	-6.63859e-01	-2.65543e-01	-4.58568e-02	9.58036e-02	1.58400e-01
-1.87664e-03	-8.40161e-05	9.08304e-06	2.77090e-05	-6.57794e-01	-2.63117e-01	-3.67603e-02	9.49484e-02	1.58400e-01
-2.07461e-03	-9.28483e-05	1.02559e-05	2.70724e-05	-6.49967e-01	-2.59986e-01	-2.76453e-02	9.40554e-02	1.58400e-01
-2.31582e-03	-1.03634e-04	1.14570e-05	2.11457e-05	-6.37348e-01	-2.54938e-01	-1.85152e-02	9.31258e-02	1.58400e-01
-2.39360e-03	-1.07077e-04	1.21286e-05	1.88713e-05	-6.22954e-01	-2.49181e-01	-9.37390e-03	9.21608e-02	1.58400e-01
-2.37603e-03	-1.06248e-04	1.23674e-05	1.75892e-05	-6.11604e-01	-2.44641e-01	-2.25008e-04	9.11617e-02	1.58400e-01
-2.43397e-03	-1.08810e-04	1.28754e-05	1.30162e-05	-6.01512e-01	-2.40604e-01	8.92776e-03	9.01297e-02	1.58400e-01
-2.50552e-03	-1.11972e-04	1.35280e-05	1.00720e-05	-5.90099e-01	-2.36038e-01	1.80807e-02	8.90662e-02	1.58400e-01
-2.41748e-03	-1.07979e-04	1.34969e-05	1.40142e-05	-5.77999e-01	-2.31199e-01	2.72301e-02	8.79725e-02	1.58400e-01
-2.11962e-03	-9.46040e-05	1.23790e-05	2.28630e-05	-5.66404e-01	-2.26561e-01	3.63722e-02	8.68499e-02	1.58400e-01
-1.69483e-03	-7.55772e-05	1.04030e-05	3.21499e-05	-5.56820e-01	-2.22727e-01	4.55034e-02	8.56997e-02	1.58400e-01
-1.27639e-03	-5.68594e-05	8.25797e-06	3.71007e-05	-5.50297e-01	-2.20118e-01	5.46198e-02	8.45232e-02	1.58400e-01
-9.63106e-04	-4.28759e-05	6.41967e-06	3.35881e-05	-5.46688e-01	-2.18675e-01	6.37180e-02	8.33218e-02	1.58400e-01
-7.84693e-04	-3.49231e-05	5.28903e-06	2.50828e-05	-5.45312e-01	-2.18124e-01	7.27941e-02	8.20968e-02	1.58400e-01
-7.39752e-04	-3.29178e-05	5.01024e-06	2.07555e-05	-5.44639e-01	-2.17855e-01	8.18445e-02	8.08494e-02	1.58400e-01
-8.07786e-04	-3.59333e-05	5.54283e-06	2.37703e-05	-5.43181e-01	-2.17272e-01	9.08655e-02	7.95811e-02	1.58400e-01
-8.86139e-04	-3.93922e-05	6.25211e-06	2.98648e-05	-5.39887e-01	-2.15954e-01	9.98535e-02	7.82931e-02	1.58400e-01
-8.37457e-04	-3.72050e-05	6.05367e-06	3.45717e-05	-5.35127e-01	-2.14050e-01	1.08805e-01	7.69867e-02	1.58400e-01
-6.67804e-04	-2.96465e-05	4.96183e-06	3.42776e-05	-5.31480e-01	-2.12591e-01	1.17716e-01	7.56633e-02	1.58400e-01
-5.21671e-04	-2.31523e-05	3.91273e-06	2.68682e-05	-5.29493e-01	-2.11797e-01	1.26583e-01	7.43241e-02	1.58400e-01
-4.74731e-04	-2.10805e-05	3.48030e-06	1.56005e-05	-5.27827e-01	-2.11130e-01	1.35404e-01	7.29704e-02	1.58400e-01
-4.82854e-04	-2.14505e-05	3.47624e-06	6.68149e-06	-5.26555e-01	-2.10622e-01	1.44173e-01	7.16034e-02	1.58400e-01
-4.88871e-04	-2.17193e-05	3.50785e-06	2.78381e-06	-5.25776e-01	-2.10310e-01	1.52888e-01	7.02246e-02	1.58400e-01
-4.70966e-04	-2.09184e-05	3.41152e-06	2.27604e-06	-5.25527e-01	-2.10211e-01	1.61545e-01	6.88350e-02	1.58400e-01
-4.36571e-04	-1.93821e-05	3.21435e-06	2.54049e-06	-5.26240e-01	-2.10496e-01	1.70141e-01	6.74360e-02	1.58400e-01
-4.02875e-04	-1.78806e-05	2.99872e-06	1.96796e-06	-5.27483e-01	-2.10993e-01	1.78672e-01	6.60287e-02	1.58400e-01
-3.77045e-04	-1.67299e-05	2.83153e-06	5.81463e-07	-5.28644e-01	-2.11457e-01	1.87136e-01	6.46144e-02	1.58400e-01
-3.65074e-04	-1.61952e-05	2.76157e-06	-6.10510e-07	-5.29711e-01	-2.11884e-01	1.95528e-01	6.31942e-02	1.58400e-01
-3.81292e-04	-1.69102e-05	2.90987e-06	-1.27590e-06	-5.30877e-01	-2.12351e-01	2.03846e-01	6.17694e-02	1.58400e-01
-4.28811e-04	-1.90120e-05	3.30494e-06	-2.07948e-06	-5.32331e-01	-2.12932e-01	2.12087e-01	6.03412e-02	1.58400e-01
-4.93707e-04	-2.18832e-05	3.83912e-06	-3.21042e-06	-5.34122e-01	-2.13649e-01	2.20247e-01	5.89106e-02	1.58400e-01
-5.64943e-04	-2.50324e-05	4.43958e-06	-3.95479e-06	-5.36106e-01	-2.14442e-01	2.28323e-01	5.74789e-02	1.58400e-01
-6.38794e-04	-2.82944e-05	5.07751e-06	-3.75523e-06	-5.37969e-01	-2.15187e-01	2.36312e-01	5.60471e-02	1.58400e-01
-7.12741e-04	-3.15572e-05	5.73451e-06	-2.63594e-06	-5.39444e-01	-2.15777e-01	2.44211e-01	5.46165e-02	1.58400e-01
-7.83061e-04	-3.46568e-05	6.37567e-06	-8.51422e-07	-5.40653e-01	-2.16261e-01	2.52018e-01	5.31880e-02	1.58400e-01
-8.58779e-04	-3.79930e-05	7.07234e-06	1.17254e-06	-5.41918e-01	-2.16767e-01	2.59729e-01	5.17629e-02	1.58400e-01
-9.59526e-04	-4.24347e-05	7.98441e-06	2.85727e-06	-5.43187e-01	-2.17275e-01	2.67342e-01	5.03421e-02	1.58400e-01
-1.07812e-03	-4.76631e-05	9.05692e-06	4.14497e-06	-5.44207e-01	-2.17682e-01	2.74854e-01	4.89267e-02	1.58400e-01
-1.19032e-03	-5.26055e-05	1.00933e-05	5.62955e-06	-5.44987e-01	-2.17994e-01	2.82262e-01	4.75179e-02	1.58400e-01
-1.28927e-03	-5.69598e-05	1.10297e-05	7.32409e-06	-5.45646e-01	-2.18258e-01	2.89564e-01	4.61166e-02	1.58400e-01
-1.38127e-03	-6.10048e-05	1.19160e-05	8.46693e-06	-5.46202e-01	-2.18480e-01	2.96757e-01	4.47238e-02	1.58400e-01
-1.46524e-03	-6.46928e-05	1.27456e-05	8.76328e-06	-5.46577e-01	-2.18630e-01	3.03840e-01	4.33406e-02	1.58400e-01
-1.53551e-03	-6.77735e-05	1.34674e-05	8.51522e-06	-5.46756e-01	-2.18702e-01	3.10808e-01	4.19679e-02	1.58400e-01
-1.59577e-03	-7.04118e-05	1.41028e-05	8.00482e-06	-5.46876e-01	-2.18750e-01	3.17661e-01	4.06068e-02	1.58400e-01
-1.66259e-03	-7.33371e-05	1.48066e-05	7.78219e-06	-5.47044e-01	-2.18817e-01	3.24397e-01	3.92581e-02	1.58400e-01
-1.74502e-03	-7.69490e-05	1.56592e-05	8.57094e-06	-5.47127e-01	-2.18850e-01	3.31012e-01	3.79229e-02	1.58400e-01
-1.82825e-03	-8.05953e-05	1.65235e-05	1.03908e-05	-5.46941e-01	-2.18776e-01	3.37505e-01	3.66021e-02	1.58400e-01
-1.87739e-03	-8.27369e-05	1.70860e-05	1.23682e-05	-5.46492e-01	-2.18596e-01	3.43875e-01	3.52966e-02	1.58400e-01
-1.86523e-03	-8.21773e-05	1.70896e-05	1.32375e-05	-5.45899e-01	-2.18359e-01	3.50119e-01	3.40072e-02	1.58400e-01
-1.80867e-03	-7.96640e-05	1.66751e-05	1.27608e-05	-5.45122e-01	-2.18048e-01	3.56236e-01	3.27349e-02	1.58400e-01
-1.76474e-03	-7.77077e-05	1.63713e-05	1.24066e-05	-5.44117e-01	-2.17646e-01	3.62224e-01	3.14804e-02	1.58400e-01
-1.77765e-03	-7.82491e-05	1.66178e-05	1.29760e-05	-5.43015e-01	-2.17205e-01	3.68081e-01	3.02447e-02	1.58400e-01
-1.84454e-03	-8.11663e-05	1.73703e-05	1.39538e-05	-5.41766e-01	-2.16706e-01	3.73807e-01	2.90286e-02	1.58400e-01
-1.92859e-03	-8.48398e-05	1.82800e-05	1.53083e-05	-5.40271e-01	-2.16107e-01	3.79399e-01	2.78327e-02	1.58400e-01
-2.00117e-03	-8.80074e-05	1.90851e-05	1.68527e-05	-5.38614e-01	-2.15445e-01	3.84858e-01	2.66580e-02	1.58400e-01
-2.05255e-03	-9.02435e-05	1.96820e-05	1.74182e-05	-5.36904e-01	-2.14761e-01	3.90181e-01	2.55050e-02	1.58400e-01
-2.07895e-03	-9.13814e-05	2.00401e-05	1.65491e-05	-5.35167e-01	-2.14066e-01	3.95368e-01	2.43746e-02	1.58400e-01
-2.08520e-03	-9.16282e-05	2.02260e-05	1.52815e-05	-5.33313e-01	-2.13324e-01	4.00418e-01	2.32674e-02	1.58400e-01
-2.09091e-03	-9.18545e-05	2.03931e-05	1.47776e-05	-5.31468e-01	-2.12586e-01	4.05330e-01	2.21840e-02	1.58400e-01
-2.13909e-03	-9.39467e-05	2.09722e-05	1.51991e-05	-5.29591e-01	-2.11835e-01	4.10103e-01	2.11250e-02	1.58400e-01
-2.24040e-03	-9.83717e-05	2.20744e-05	1.55614e-05	-5.27179e-01	-2.10871e-01	4.14738e-01	2.00912e-02	1.58400e-01
-2.34447e-03	-1.02917e-04	2.32084e-05	1.55368e-05	-5.24475e-01	-2.09789e-01	4.19234e-01	1.90829e-02	1.58400e-01
-2.41393e-03	-1.05935e-04	2.40349e-05	1.63220e-05	-5.21969e-01	-2.08787e-01	4.23590e-01	1.81007e-02	1.58400e-01
-2.43781e-03	-1.06948e-04	2.44232e-05	1.78339e-05	-5.19220e-01	-2.07687e-01	4.27807e-01	1.71450e-02	1.58400e-01
-2.40891e-03	-1.05655e-04	2.42466e-05	1.80335e-05	-5.16045e-01	-2.06417e-01	4.31884e-01	1.62164e-02	1.58400e-01
-2.35594e-03	-1.03316e-04	2.37775e-05	1.60755e-05	-5.12887e-01	-2.05154e-01	4.35822e-01	1.53151e-02	1.58400e-01
-2.33393e-03	-1.02331e-04	2.36436e-05	1.33575e-05	-5.09707e-01	-2.03882e-01	4.39622e-01	1.44416e-02	1.58400e-01
-2.35459e-03	-1.03205e-04	2.39898e-05	1.11549e-05	-5.06242e-01	-2.02496e-01	4.43282e-01	1.35961e-02	1.58400e-01
-2.36092e-03	-1.03448e-04	2.42008e-05	1.02971e-05	-5.02668e-01	-2.01066e-01	4.46805e-01	1.27789e-02	1.58400e-01
-2.28146e-03	-9.99458e-05	2.34764e-05	1.16699e-05	-4.99195e-01	-1.99677e-01	4.50191e-01	1.19902e-02	1.58400e-01
-2.09692e-03	-9.18504e-05	2.16242e-05	1.36966e-05	-4.96141e-01	-1.98455e-01	4.53441e-01	1.12301e-02	1.58400e-01
-1.88469e-03	-8.25386e-05	1.95012e-05	1.24511e-05	-4.93866e-01	-1.97546e-01	4.56555e-01	1.04989e-02	1.58400e-01
-1.71729e-03	-7.51874e-05	1.78545e-05	7.33325e-06	-4.91984e-01	-1.96793e-01	4.59536e-01	9.79641e-03	1.58400e-01
-1.54535e-03	-6.76336e-05	1.61754e-05	2.66257e-06	-4.90237e-01	-1.96094e-01	4.62384e-01	9.12280e-03	1.58400e-01
-1.33073e-03	-5.82241e-05	1.39973e-05	1.59773e-06	-4.89248e-01	-1.95699e-01	4.65102e-01	8.47798e-03	1.58400e-01
-1.16370e-03	-5.09207e-05	1.22208e-05	2.82865e-06	-4.88933e-01	-1.95573e-01	4.67689e-01	7.86185e-03	1.58400e-01
-1.10141e-03	-4.81937e-05	1.15728e-05	3.54841e-06	-4.88641e-01	-1.95456e-01	4.70150e-01	7.27425e-03	1.58400e-01
-1.09622e-03	-4.79511e-05	1.15826e-05	2.60937e-06	-4.88307e-01	-1.95322e-01	4.72485e-01	6.71496e-03	1.58400e-01
-1.09711e-03	-4.79857e-05	1.16088e-05	5.17723e-07	-4.87952e-01	-1.95180e-01	4.74696e-01	6.18371e-03	1.58400e-01
-1.09818e-03	-4.80295e-05	1.16331e-05	-2.12671e-06	-4.87638e-01	-1.95055e-01	4.76787e-01	5.68018e-03	1.58400e-01
-1.12590e-03	-4.92306e-05	1.19737e-05	-4.74567e-06	-4.87277e-01	-1.94910e-01	4.78759e-01	5.20397e-03	1.58400e-01
-1.18708e-03	-5.19106e-05	1.26033e-05	-6.36637e-06	-4.86617e-01	-1.94646e-01	4.80615e-01	4.75464e-03	1.58400e-01
-1.25722e-03	-5.49782e-05	1.33468e-05	-6.85650e-06	-4.85801e-01	-1.94320e-01	4.82359e-01	4.33168e-03	1.58400e-01
-1.30814e-03	-5.71827e-05	1.39781e-05	-6.48438e-06	-4.84939e-01	-1.93975e-01	4.83993e-01	3.93452e-03	1.58400e-01
-1.31950e-03	-5.76630e-05	1.41655e-05	-5.20615e-06	-4.83976e-01	-1.93590e-01	4.85520e-01	3.56254e-03	1.58400e-01
-1.29906e-03	-5.67763e-05	1.39190e-05	-3.32798e-06	-4.82950e-01	-1.93179e-01	4.86944e-01	3.21505e-03	1.58400e-01
-1.27479e-03	-5.57330e-05	1.35882e-05	-1.25259e-06	-4.82016e-01	-1.92806e-01	4.88269e-01	2.89129e-03	1.58400e-01
-1.25360e-03	-5.47966e-05	1.34038e-05	6.38503e-07	-4.81281e-01	-1.92512e-01	4.89497e-01	2.59045e-03	1.58400e-01
-1.21310e-03	-5.30082e-05	1.30447e-05	1.75100e-06	-4.80638e-01	-1.92255e-01	4.90634e-01	2.31168e-03	1.58400e-01
-1.16057e-03	-5.07132e-05	1.24780e-05	2.16149e-06	-4.80330e-01	-1.92131e-01	4.91684e-01	2.05403e-03	1.58400e-01
-1.12456e-03	-4.91065e-05	1.22251e-05	2.71785e-06	-4.79948e-01	-1.91979e-01	4.92650e-01	1.81651e-03	1.58400e-01
-1.10742e-03	-4.83799e-05	1.19495e-05	3.77315e-06	-4.79630e-01	-1.91852e-01	4.93537e-01	1.59807e-03	1.58400e-01
-1.08182e-03	-4.72410e-05	1.17580e-05	5.01571e-06	-4.79259e-01	-1.91703e-01	4.94351e-01	1.39760e-03	1.58400e-01
-1.04572e-03	-4.56845e-05	1.12833e-05	6.08456e-06	-4.78768e-01	-1.91507e-01	4.95096e-01	1.21392e-03	1.58400e-01
-1.01507e-03	-4.43247e-05	1.10379e-05	6.93891e-06	-4.78638e-01	-1.91455e-01	4.95777e-01	1.04580e-03	1.58400e-01
-9.70983e-04	-4.23819e-05	1.06295e-05	7.80412e-06	-4.77969e-01	-1.91187e-01	4.96399e-01	8.91954e-04	1.58400e-01
-9.03677e-04	-3.94871e-05	9.71852e-06	8.71635e-06	-4.77904e-01	-1.91161e-01	4.96969e-01	7.51021e-04	1.58400e-01
-8.11280e-04	-3.53483e-05	9.13455e-06	9.55637e-06	-4.77424e-01	-1.90969e-01	4.97493e-01	6.21592e-04	1.58400e-01
-6.74343e-04	-2.95008e-05	7.11239e-06	1.04058e-05	-4.77112e-01	-1.90845e-01	4.97975e-01	5.02195e-04	1.58400e-01
-5.76176e-04	-2.49437e-05	7.13666e-06	1.12128e-05	-4.77711e-01	-1.91084e-01	4.98423e-01	3.91299e-04	1.58400e-01
-4.24828e-04	-1.85504e-05	4.62084e-06	1.20374e-05	-4.76498e-01	-1.90599e-01	4.98842e-01	2.87313e-04	1.58400e-01
-4.35579e-04	-1.88322e-05	5.49416e-06	1.35593e-05	-4.80388e-01	-1.92155e-01	4.99240e-01	1.88589e-04	1.58400e-01
-6.61442e-04	-2.71575e-05	1.41439e-05	1.48419e-05	-4.80410e-01	-1.92164e-01	4.99624e-01	9.34153e-05	1.58400e-01
-6.01214e-04	-3.54523e-05	-3.05083e-05	1.39850e-05	-4.85352e-01	-1.94140e-01	5.00000e-01	0.00000e+00	1.58400e-01
