"Density"	"Momentum:0"	"Momentum:1"	"Momentum:2"	"StagnationEnergy"	"Pressure"	"Points:0"	"Points:1"	"Points:2"
1.81670e-02	-4.60986e-04	1.06164e-03	-8.22891e-04	-3.98176e-01	-1.59293e-01	-5.03730e-01	0.00000e+00	5.94000e-02
3.07052e-03	2.35451e-04	1.68540e-04	-2.23871e-04	-6.45226e-01	-2.58099e-01	-5.03678e-01	2.24938e-03	5.94000e-02
7.98809e-03	2.66125e-04	4.43237e-04	-2.62755e-04	-5.64613e-01	-2.25854e-01	-5.03519e-01	4.49377e-03	5.94000e-02
1.37824e-02	3.17776e-04	7.65477e-04	-2.72938e-04	-6.52255e-01	-2.60913e-01	-5.03253e-01	6.72805e-03	5.94000e-02
1.52891e-02	3.79923e-04	8.31104e-04	-2.50446e-04	-6.80229e-01	-2.72103e-01	-5.02881e-01	8.94711e-03	5.94000e-02
1.74129e-02	4.14629e-04	9.36039e-04	-2.46426e-04	-7.55143e-01	-3.02070e-01	-5.02405e-01	1.11460e-02	5.94000e-02
1.88992e-02	4.75942e-04	9.94720e-04	-2.20188e-04	-8.42634e-01	-3.37067e-01	-5.01825e-01	1.33200e-02	5.94000e-02
1.96530e-02	5.10257e-04	1.01508e-03	-2.07830e-04	-9.05128e-01	-3.62065e-01	-5.01145e-01	1.54650e-02	5.94000e-02
2.02234e-02	5.50070e-04	1.02109e-03	-1.85667e-04	-9.95593e-01	-3.98251e-01	-5.00370e-01	1.75770e-02	5.94000e-02
2.03074e-02	5.77787e-04	1.00128e-03	-1.70288e-04	-1.05825e+00	-4.23313e-01	-4.99546e-01	1.95535e-02	5.94000e-02
2.02368e-02	5.96925e-04	9.75887e-04	-1.57477e-04	-1.11884e+00	-4.47549e-01	-4.98715e-01	2.13473e-02	5.94000e-02
1.99804e-02	6.12309e-04	9.40636e-04	-1.44387e-04	-1.17313e+00	-4.69267e-01	-4.97870e-01	2.30154e-02	5.94000e-02
1.96002e-02	6.19415e-04	9.01966e-04	-1.36516e-04	-1.21485e+00	-4.85954e-01	-4.97004e-01	2.45958e-02	5.94000e-02
1.91682e-02	6.24963e-04	8.60798e-04	-1.27046e-04	-1.25771e+00	-5.03097e-01	-4.96109e-01	2.61152e-02	5.94000e-02
1.86280e-02	6.24262e-04	8.16383e-04	-1.20918e-04	-1.29073e+00	-5.16303e-01	-4.95181e-01	2.75930e-02	5.94000e-02
1.80498e-02	6.21038e-04	7.71104e-04	-1.14548e-04	-1.32204e+00	-5.28825e-01	-4.94212e-01	2.90440e-02	5.94000e-02
1.74095e-02	6.13752e-04	7.24474e-04	-1.09246e-04	-1.34863e+00	-5.39463e-01	-4.93196e-01	3.04794e-02	5.94000e-02
1.67123e-02	6.02783e-04	6.76774e-04	-1.04514e-04	-1.37092e+00	-5.48379e-01	-4.92128e-01	3.19078e-02	5.94000e-02
1.59818e-02	5.88807e-04	6.29196e-04	-9.97379e-05	-1.39047e+00	-5.56197e-01	-4.91003e-01	3.33356e-02	5.94000e-02
1.52051e-02	5.71277e-04	5.81516e-04	-9.51933e-05	-1.40574e+00	-5.62306e-01	-4.89815e-01	3.47680e-02	5.94000e-02
1.44083e-02	5.51105e-04	5.34920e-04	-9.01558e-05	-1.41802e+00	-5.67217e-01	-4.88558e-01	3.62087e-02	5.94000e-02
1.35879e-02	5.28172e-04	4.89475e-04	-8.47377e-05	-1.42699e+00	-5.70805e-01	-4.87228e-01	3.76604e-02	5.94000e-02
1.27347e-02	5.02253e-04	4.44914e-04	-7.88216e-05	-1.43259e+00	-5.73042e-01	-4.85821e-01	3.91251e-02	5.94000e-02
1.18701e-02	4.73930e-04	4.02433e-04	-7.16881e-05	-1.43556e+00	-5.74232e-01	-4.84331e-01	4.06038e-02	5.94000e-02
1.10065e-02	4.43621e-04	3.62769e-04	-6.25998e-05	-1.43567e+00	-5.74275e-01	-4.82755e-01	4.20973e-02	5.94000e-02
1.01699e-02	4.12552e-04	3.26780e-04	-5.16448e-05	-1.43333e+00	-5.73339e-01	-4.81089e-01	4.36056e-02	5.94000e-02
9.35845e-03	3.81151e-04	2.93987e-04	-3.97673e-05	-1.42904e+00	-5.71621e-01	-4.79327e-01	4.51284e-02	5.94000e-02
8.55005e-03	3.48795e-04	2.63492e-04	-2.71211e-05	-1.42308e+00	-5.69238e-01	-4.77468e-01	4.66653e-02	5.94000e-02
7.74375e-03	3.15338e-04	2.35525e-04	-1.26539e-05	-1.41610e+00	-5.66442e-01	-4.75506e-01	4.82153e-02	5.94000e-02
6.99767e-03	2.83356e-04	2.11712e-04	3.70632e-06	-1.40854e+00	-5.63421e-01	-4.73439e-01	4.97773e-02	5.94000e-02
6.35709e-03	2.55486e-04	1.92306e-04	1.94579e-05	-1.40121e+00	-5.60485e-01	-4.71265e-01	5.13499e-02	5.94000e-02
5.78817e-03	2.31358e-04	1.74708e-04	3.09568e-05	-1.39489e+00	-5.57961e-01	-4.68978e-01	5.29318e-02	5.94000e-02
5.17630e-03	2.06693e-04	1.54759e-04	3.60955e-05	-1.39008e+00	-5.56035e-01	-4.66578e-01	5.45213e-02	5.94000e-02
4.45250e-03	1.78308e-04	1.30869e-04	3.56087e-05	-1.38692e+00	-5.54769e-01	-4.64061e-01	5.61167e-02	5.94000e-02
3.64414e-03	1.46732e-04	1.04687e-04	3.17525e-05	-1.38518e+00	-5.54075e-01	-4.61425e-01	5.77162e-02	5.94000e-02
2.84574e-03	1.15376e-04	7.95507e-05	2.63136e-05	-1.38459e+00	-5.53836e-01	-4.58668e-01	5.93180e-02	5.94000e-02
2.13568e-03	8.74050e-05	5.76122e-05	2.01023e-05	-1.38462e+00	-5.53850e-01	-4.55787e-01	6.09202e-02	5.94000e-02
1.53789e-03	6.37188e-05	3.95660e-05	1.36207e-05	-1.38497e+00	-5.53990e-01	-4.52781e-01	6.25208e-02	5.94000e-02
1.03440e-03	4.34448e-05	2.51359e-05	7.73785e-06	-1.38575e+00	-5.54299e-01	-4.49647e-01	6.41177e-02	5.94000e-02
6.34813e-04	2.72905e-05	1.39120e-05	2.13589e-06	-1.38631e+00	-5.54523e-01	-4.46385e-01	6.57091e-02	5.94000e-02
3.79342e-04	1.74730e-05	5.61907e-06	-5.78414e-06	-1.38649e+00	-5.54598e-01	-4.42993e-01	6.72928e-02	5.94000e-02
2.45097e-04	1.31639e-05	-8.20741e-07	-1.67986e-05	-1.38749e+00	-5.54995e-01	-4.39469e-01	6.88669e-02	5.94000e-02
1.36139e-04	9.79026e-06	-6.58333e-06	-2.80955e-05	-1.38997e+00	-5.55990e-01	-4.35812e-01	7.04293e-02	5.94000e-02
4.10274e-05	6.43136e-06	-1.08386e-05	-3.66254e-05	-1.39346e+00	-5.57391e-01	-4.32022e-01	7.19780e-02	5.94000e-02
1.04568e-04	9.52396e-06	-1.10481e-05	-4.18576e-05	-1.39606e+00	-5.58429e-01	-4.28098e-01	7.35109e-02	5.94000e-02
4.34408e-04	2.42741e-05	-6.64836e-06	-4.58856e-05	-1.39798e+00	-5.59193e-01	-4.24038e-01	7.50261e-02	5.94000e-02
8.94680e-04	4.48547e-05	-6.34138e-07	-4.95413e-05	-1.40344e+00	-5.61375e-01	-4.19843e-01	7.65216e-02	5.94000e-02
1.29919e-03	6.27388e-05	4.76025e-06	-5.10535e-05	-1.41382e+00	-5.65530e-01	-4.15512e-01	7.79954e-02	5.94000e-02
1.64913e-03	7.80973e-05	9.35528e-06	-5.08782e-05	-1.42831e+00	-5.71324e-01	-4.11045e-01	7.94457e-02	5.94000e-02
1.98296e-03	9.26571e-05	1.37801e-05	-4.93172e-05	-1.44484e+00	-5.77938e-01	-4.06441e-01	8.08704e-02	5.94000e-02
2.21351e-03	1.02323e-04	1.76430e-05	-4.34431e-05	-1.46078e+00	-5.84315e-01	-4.01701e-01	8.22678e-02	5.94000e-02
2.21879e-03	1.02191e-04	1.76508e-05	-3.97519e-05	-1.47807e+00	-5.91229e-01	-3.96825e-01	8.36360e-02	5.94000e-02
1.99712e-03	9.27802e-05	1.16089e-05	-5.14291e-05	-1.49420e+00	-5.97680e-01	-3.91813e-01	8.49733e-02	5.94000e-02
1.61493e-03	7.69222e-05	5.91120e-07	-7.56651e-05	-1.50390e+00	-6.01560e-01	-3.86666e-01	8.62778e-02	5.94000e-02
1.25027e-03	6.17062e-05	-9.94060e-06	-1.04679e-04	-1.49724e+00	-5.98900e-01	-3.81383e-01	8.75480e-02	5.94000e-02
1.25294e-03	6.32673e-05	-1.81709e-05	-1.44347e-04	-1.46438e+00	-5.85757e-01	-3.75967e-01	8.87822e-02	5.94000e-02
1.38799e-03	7.11907e-05	-2.78672e-05	-1.95591e-04	-1.42247e+00	-5.68994e-01	-3.70417e-01	8.99788e-02	5.94000e-02
1.31122e-03	6.88770e-05	-3.73113e-05	-2.44267e-04	-1.37243e+00	-5.48981e-01	-3.64735e-01	9.11362e-02	5.94000e-02
1.67628e-03	8.56164e-05	-3.90812e-05	-2.76367e-04	-1.29044e+00	-5.16185e-01	-3.58921e-01	9.22531e-02	5.94000e-02
2.34475e-03	1.14910e-04	-3.25849e-05	-2.74709e-04	-1.19601e+00	-4.78410e-01	-3.52977e-01	9.33279e-02	5.94000e-02
2.53355e-03	1.21014e-04	-2.06195e-05	-2.22828e-04	-1.10874e+00	-4.43501e-01	-3.46904e-01	9.43595e-02	5.94000e-02
2.81272e-03	1.30651e-04	-2.89757e-06	-1.35670e-04	-1.01567e+00	-4.06271e-01	-3.40703e-01	9.53464e-02	5.94000e-02
3.62406e-03	1.65143e-04	1.51133e-05	-5.61418e-05	-9.36977e-01	-3.74792e-01	-3.34376e-01	9.62875e-02	5.94000e-02
4.02075e-03	1.81702e-04	2.59559e-05	-4.11373e-07	-8.94126e-01	-3.57652e-01	-3.27925e-01	9.71817e-02	5.94000e-02
4.03459e-03	1.81544e-04	3.10070e-05	4.29485e-05	-8.66127e-01	-3.46452e-01	-3.21350e-01	9.80279e-02	5.94000e-02
4.66002e-03	2.09462e-04	3.68534e-05	7.39924e-05	-8.37633e-01	-3.35055e-01	-3.14655e-01	9.88251e-02	5.94000e-02
5.34109e-03	2.40196e-04	4.03571e-05	9.10463e-05	-8.17865e-01	-3.27149e-01	-3.07840e-01	9.95724e-02	5.94000e-02
5.06308e-03	2.27799e-04	3.65286e-05	9.47767e-05	-8.09273e-01	-3.23712e-01	-3.00907e-01	1.00269e-01	5.94000e-02
4.56635e-03	2.05685e-04	2.97740e-05	8.15044e-05	-8.00988e-01	-3.20397e-01	-2.93860e-01	1.00914e-01	5.94000e-02
4.67993e-03	2.11190e-04	2.49593e-05	5.99657e-05	-7.90996e-01	-3.16400e-01	-2.86699e-01	1.01507e-01	5.94000e-02
4.84310e-03	2.18721e-04	2.23972e-05	5.07507e-05	-7.89882e-01	-3.15955e-01	-2.79428e-01	1.02048e-01	5.94000e-02
4.59657e-03	2.07573e-04	2.03144e-05	5.65303e-05	-7.96335e-01	-3.18536e-01	-2.72048e-01	1.02535e-01	5.94000e-02
4.38389e-03	1.98015e-04	1.74686e-05	5.32811e-05	-7.99033e-01	-3.19615e-01	-2.64562e-01	1.02968e-01	5.94000e-02
4.45640e-03	2.01446e-04	1.32219e-05	3.22733e-05	-7.96694e-01	-3.18679e-01	-2.56972e-01	1.03348e-01	5.94000e-02
4.41656e-03	1.99692e-04	1.01138e-05	1.87408e-05	-7.95790e-01	-3.18318e-01	-2.49281e-01	1.03673e-01	5.94000e-02
4.06708e-03	1.83847e-04	8.53848e-06	2.34599e-05	-7.96516e-01	-3.18608e-01	-2.41492e-01	1.03944e-01	5.94000e-02
3.69739e-03	1.67101e-04	7.03040e-06	2.80585e-05	-7.95929e-01	-3.18373e-01	-2.33607e-01	1.04160e-01	5.94000e-02
3.45645e-03	1.56194e-04	5.24311e-06	2.42431e-05	-7.93945e-01	-3.17580e-01	-2.25629e-01	1.04322e-01	5.94000e-02
3.22378e-03	1.45655e-04	3.77842e-06	2.26972e-05	-7.90961e-01	-3.16386e-01	-2.17561e-01	1.04430e-01	5.94000e-02
2.93655e-03	1.32648e-04	3.39416e-06	3.00768e-05	-7.86670e-01	-3.14669e-01	-2.09406e-01	1.04483e-01	5.94000e-02
2.59835e-03	1.17353e-04	3.21724e-06	3.95889e-05	-7.79590e-01	-3.11837e-01	-2.01167e-01	1.04482e-01	5.94000e-02
2.21800e-03	1.00166e-04	2.65495e-06	4.19594e-05	-7.70036e-01	-3.08015e-01	-1.92846e-01	1.04427e-01	5.94000e-02
1.91752e-03	8.65855e-05	1.82494e-06	3.86323e-05	-7.59706e-01	-3.03883e-01	-1.84447e-01	1.04319e-01	5.94000e-02
1.83140e-03	8.26792e-05	9.94933e-07	3.42521e-05	-7.48897e-01	-2.99560e-01	-1.75974e-01	1.04158e-01	5.94000e-02
1.84482e-03	8.32506e-05	-1.63175e-07	2.74198e-05	-7.38438e-01	-2.95376e-01	-1.67429e-01	1.03944e-01	5.94000e-02
1.76645e-03	7.96697e-05	-1.35296e-06	1.70482e-05	-7.29469e-01	-2.91788e-01	-1.58815e-01	1.03678e-01	5.94000e-02
1.56336e-03	7.04656e-05	-2.16697e-06	6.43977e-06	-7.20387e-01	-2.88155e-01	-1.50136e-01	1.03362e-01	5.94000e-02
1.33306e-03	6.00458e-05	-2.56220e-06	-8.56026e-07	-7.10176e-01	-2.84071e-01	-1.41396e-01	1.02994e-01	5.94000e-02
1.20005e-03	5.40323e-05	-2.60419e-06	-1.89938e-06	-7.00930e-01	-2.80373e-01	-1.32597e-01	1.02577e-01	5.94000e-02
1.18912e-03	5.35354e-05	-2.53625e-06	4.64725e-06	-6.94716e-01	-2.77887e-01	-1.23742e-01	1.02111e-01	5.94000e-02
1.20666e-03	5.43355e-05	-2.31789e-06	1.49293e-05	-6.90411e-01	-2.76165e-01	-1.14837e-01	1.01597e-01	5.94000e-02
1.10159e-03	4.96041e-05	-2.09369e-06	2.00493e-05	-6.85272e-01	-2.74109e-01	-1.05883e-01	1.01035e-01	5.94000e-02
8.55043e-04	3.84932e-05	-1.75675e-06	1.72397e-05	-6.79184e-01	-2.71674e-01	-9.68855e-02	1.00428e-01	5.94000e-02
6.19987e-04	2.79215e-05	-1.14110e-06	1.78551e-05	-6.72068e-01	-2.68828e-01	-8.78466e-02	9.97748e-02	5.94000e-02
4.18014e-04	1.88702e-05	-2.19424e-07	2.76504e-05	-6.63120e-01	-2.65248e-01	-7.87704e-02	9.90779e-02	5.94000e-02
1.02485e-04	4.72556e-06	1.12302e-06	3.35294e-05	-6.52582e-01	-2.61035e-01	-6.96606e-02	9.83379e-02	5.94000e-02
-2.61683e-04	-1.16292e-05	2.29435e-06	2.66949e-05	-6.41057e-01	-2.56422e-01	-6.05208e-02	9.75561e-02	5.94000e-02
-4.15149e-04	-1.85329e-05	2.62416e-06	1.86688e-05	-6.31086e-01	-2.52434e-01	-5.13546e-02	9.67334e-02	5.94000e-02
-3.29113e-04	-1.46717e-05	2.25381e-06	1.95545e-05	-6.23472e-01	-2.49388e-01	-4.21657e-02	9.58713e-02	5.94000e-02
-2.11981e-04	-9.40230e-06	1.90337e-06	2.45548e-05	-6.14910e-01	-2.45963e-01	-3.29580e-02	9.49708e-02	5.94000e-02
-2.39542e-04	-1.06185e-05	2.16668e-06	2.81418e-05	-6.04809e-01	-2.41923e-01	-2.37349e-02	9.40332e-02	5.94000e-02
-4.67491e-04	-2.08088e-05	3.34938e-06	3.12555e-05	-5.95806e-01	-2.38322e-01	-1.45004e-02	9.30598e-02	5.94000e-02
-7.92922e-04	-3.53535e-05	5.07250e-06	3.35775e-05	-5.87529e-01	-2.35011e-01	-5.25817e-03	9.20519e-02	5.94000e-02
-9.72829e-04	-4.33904e-05	6.03107e-06	3.21223e-05	-5.76986e-01	-2.30794e-01	3.98810e-03	9.10107e-02	5.94000e-02
-8.20855e-04	-3.65970e-05	5.18087e-06	2.77146e-05	-5.64195e-01	-2.25677e-01	1.32346e-02	8.99376e-02	5.94000e-02
-4.46973e-04	-1.98911e-05	3.10720e-06	2.40031e-05	-5.53512e-01	-2.21404e-01	2.24777e-02	8.88339e-02	5.94000e-02
-1.67024e-04	-7.38723e-06	1.52004e-06	2.18450e-05	-5.48459e-01	-2.19383e-01	3.17135e-02	8.77009e-02	5.94000e-02
-1.13458e-04	-4.98815e-06	1.25644e-06	2.12746e-05	-5.46194e-01	-2.18477e-01	4.09383e-02	8.65399e-02	5.94000e-02
-1.61297e-04	-7.12167e-06	1.53279e-06	2.46257e-05	-5.43411e-01	-2.17364e-01	5.01483e-02	8.53524e-02	5.94000e-02
-2.45374e-04	-1.08503e-05	2.18683e-06	3.22690e-05	-5.41548e-01	-2.16618e-01	5.93399e-02	8.41396e-02	5.94000e-02
-4.14522e-04	-1.83717e-05	3.35991e-06	4.12064e-05	-5.39826e-01	-2.15929e-01	6.85093e-02	8.29029e-02	5.94000e-02
-5.73701e-04	-2.54479e-05	4.47012e-06	4.78430e-05	-5.35851e-01	-2.14339e-01	7.76528e-02	8.16435e-02	5.94000e-02
-5.70502e-04	-2.52962e-05	4.49404e-06	4.93595e-05	-5.31052e-01	-2.12420e-01	8.67666e-02	8.03630e-02	5.94000e-02
-4.65060e-04	-2.06020e-05	3.77904e-06	4.52778e-05	-5.26695e-01	-2.10677e-01	9.58472e-02	7.90625e-02	5.94000e-02
-4.06501e-04	-1.80090e-05	3.28189e-06	3.70432e-05	-5.22167e-01	-2.08866e-01	1.04891e-01	7.77434e-02	5.94000e-02
-3.99942e-04	-1.77430e-05	3.05303e-06	2.47243e-05	-5.18388e-01	-2.07355e-01	1.13894e-01	7.64070e-02	5.94000e-02
-3.32370e-04	-1.47631e-05	2.41339e-06	9.86068e-06	-5.16210e-01	-2.06484e-01	1.22853e-01	7.50546e-02	5.94000e-02
-1.43328e-04	-6.37177e-06	1.00409e-06	-1.39462e-07	-5.15290e-01	-2.06116e-01	1.31764e-01	7.36875e-02	5.94000e-02
5.14194e-05	2.28789e-06	-3.47258e-07	-5.12879e-07	-5.16359e-01	-2.06543e-01	1.40624e-01	7.23071e-02	5.94000e-02
8.73583e-05	3.89324e-06	-5.50860e-07	3.56955e-06	-5.18801e-01	-2.07520e-01	1.49429e-01	7.09145e-02	5.94000e-02
2.38348e-06	1.18202e-07	5.90825e-08	5.55344e-06	-5.20167e-01	-2.08069e-01	1.58175e-01	6.95111e-02	5.94000e-02
-5.93480e-05	-2.62536e-06	4.94830e-07	4.93906e-06	-5.21091e-01	-2.08436e-01	1.66860e-01	6.80981e-02	5.94000e-02
-1.09737e-04	-4.86367e-06	8.57537e-07	3.73344e-06	-5.23146e-01	-2.09258e-01	1.75480e-01	6.66767e-02	5.94000e-02
-2.15272e-04	-9.54647e-06	1.64890e-06	2.88619e-06	-5.24591e-01	-2.09836e-01	1.84031e-01	6.52482e-02	5.94000e-02
-3.14185e-04	-1.39337e-05	2.40063e-06	2.58474e-06	-5.24732e-01	-2.09893e-01	1.92510e-01	6.38137e-02	5.94000e-02
-3.60801e-04	-1.59962e-05	2.78394e-06	2.17957e-06	-5.25731e-01	-2.10292e-01	2.00914e-01	6.23746e-02	5.94000e-02
-4.05643e-04	-1.79801e-05	3.15376e-06	8.43908e-07	-5.27576e-01	-2.11030e-01	2.09240e-01	6.09319e-02	5.94000e-02
-4.48170e-04	-1.98620e-05	3.50175e-06	-4.60113e-07	-5.28995e-01	-2.11598e-01	2.17484e-01	5.94868e-02	5.94000e-02
-4.61482e-04	-2.04440e-05	3.64974e-06	-5.01550e-07	-5.30742e-01	-2.12297e-01	2.25644e-01	5.80406e-02	5.94000e-02
-4.79205e-04	-2.12204e-05	3.83833e-06	1.89621e-07	-5.33007e-01	-2.13203e-01	2.33716e-01	5.65943e-02	5.94000e-02
-5.24815e-04	-2.32328e-05	4.24362e-06	7.24386e-07	-5.35076e-01	-2.14030e-01	2.41697e-01	5.51491e-02	5.94000e-02
-5.98585e-04	-2.64896e-05	4.88816e-06	7.40070e-07	-5.37176e-01	-2.14870e-01	2.49584e-01	5.37061e-02	5.94000e-02
-7.14478e-04	-3.16083e-05	5.88842e-06	2.28706e-07	-5.39203e-01	-2.15681e-01	2.57375e-01	5.22664e-02	5.94000e-02
-8.60523e-04	-3.80581e-05	7.15128e-06	-7.08357e-07	-5.40562e-01	-2.16224e-01	2.65067e-01	5.08312e-02	5.94000e-02
-9.86039e-04	-4.35963e-05	8.26239e-06	-2.22041e-06	-5.41453e-01	-2.16581e-01	2.72657e-01	4.94014e-02	5.94000e-02
-1.05896e-03	-4.68076e-05	8.94142e-06	-3.77271e-06	-5.42312e-01	-2.16924e-01	2.80141e-01	4.79781e-02	5.94000e-02
-1.09863e-03	-4.85465e-05	9.35217e-06	-4.24309e-06	-5.43223e-01	-2.17289e-01	2.87519e-01	4.65625e-02	5.94000e-02
-1.15349e-03	-5.09533e-05	9.90792e-06	-3.71199e-06	-5.44108e-01	-2.17643e-01	2.94786e-01	4.51554e-02	5.94000e-02
-1.25112e-03	-5.52474e-05	1.08409e-05	-3.18930e-06	-5.44646e-01	-2.17858e-01	3.01942e-01	4.37581e-02	5.94000e-02
-1.36716e-03	-6.03517e-05	1.19466e-05	-2.71153e-06	-5.44733e-01	-2.17893e-01	3.08982e-01	4.23714e-02	5.94000e-02
-1.45889e-03	-6.43780e-05	1.28623e-05	-1.08924e-06	-5.44715e-01	-2.17885e-01	3.15906e-01	4.09963e-02	5.94000e-02
-1.51151e-03	-6.66771e-05	1.34419e-05	1.92163e-06	-5.44933e-01	-2.17973e-01	3.22711e-01	3.96338e-02	5.94000e-02
-1.55039e-03	-6.83704e-05	1.38939e-05	4.00447e-06	-5.45476e-01	-2.18190e-01	3.29394e-01	3.82849e-02	5.94000e-02
-1.61054e-03	-7.10033e-05	1.45295e-05	2.47460e-06	-5.45960e-01	-2.18383e-01	3.35955e-01	3.69506e-02	5.94000e-02
-1.69182e-03	-7.45665e-05	1.53598e-05	-2.54609e-06	-5.45949e-01	-2.18379e-01	3.42390e-01	3.56317e-02	5.94000e-02
-1.76215e-03	-7.76442e-05	1.61064e-05	-8.47353e-06	-5.45631e-01	-2.18252e-01	3.48698e-01	3.43291e-02	5.94000e-02
-1.79077e-03	-7.88830e-05	1.64748e-05	-1.28631e-05	-5.45362e-01	-2.18144e-01	3.54878e-01	3.30437e-02	5.94000e-02
-1.77419e-03	-7.81321e-05	1.64186e-05	-1.46617e-05	-5.45183e-01	-2.18073e-01	3.60927e-01	3.17764e-02	5.94000e-02
-1.73481e-03	-7.63757e-05	1.61607e-05	-1.38501e-05	-5.44920e-01	-2.17967e-01	3.66845e-01	3.05281e-02	5.94000e-02
-1.70187e-03	-7.49021e-05	1.59626e-05	-1.14714e-05	-5.44324e-01	-2.17729e-01	3.72629e-01	2.92995e-02	5.94000e-02
-1.69231e-03	-7.44574e-05	1.59854e-05	-9.56108e-06	-5.43288e-01	-2.17314e-01	3.78279e-01	2.80914e-02	5.94000e-02
-1.71271e-03	-7.53314e-05	1.62867e-05	-9.18990e-06	-5.41905e-01	-2.16761e-01	3.83793e-01	2.69046e-02	5.94000e-02
-1.76016e-03	-7.73995e-05	1.68253e-05	-9.23399e-06	-5.40396e-01	-2.16158e-01	3.89170e-01	2.57399e-02	5.94000e-02
-1.81925e-03	-7.99767e-05	1.74879e-05	-8.87912e-06	-5.38900e-01	-2.15559e-01	3.94410e-01	2.45980e-02	5.94000e-02
-1.87469e-03	-8.23866e-05	1.81458e-05	-9.22659e-06	-5.37182e-01	-2.14872e-01	3.99511e-01	2.34795e-02	5.94000e-02
-1.91174e-03	-8.39889e-05	1.86205e-05	-1.15139e-05	-5.34986e-01	-2.13994e-01	4.04473e-01	2.23851e-02	5.94000e-02
-1.90299e-03	-8.35842e-05	1.86276e-05	-1.56059e-05	-5.32611e-01	-2.13044e-01	4.09295e-01	2.13154e-02	5.94000e-02
-1.84773e-03	-8.11388e-05	1.81683e-05	-1.99008e-05	-5.30795e-01	-2.12317e-01	4.13976e-01	2.02711e-02	5.94000e-02
-1.80698e-03	-7.93266e-05	1.78688e-05	-2.20610e-05	-5.29658e-01	-2.11863e-01	4.18517e-01	1.92526e-02	5.94000e-02
-1.83678e-03	-8.06102e-05	1.82711e-05	-2.13307e-05	-5.28454e-01	-2.11381e-01	4.22917e-01	1.82604e-02	5.94000e-02
-1.92122e-03	-8.42911e-05	1.92227e-05	-2.09335e-05	-5.26803e-01	-2.10720e-01	4.27176e-01	1.72952e-02	5.94000e-02
-1.99093e-03	-8.73297e-05	2.00063e-05	-2.50901e-05	-5.24603e-01	-2.09840e-01	4.31294e-01	1.63572e-02	5.94000e-02
-1.95513e-03	-8.57360e-05	1.97470e-05	-3.18425e-05	-5.22024e-01	-2.08809e-01	4.35272e-01	1.54469e-02	5.94000e-02
-1.81793e-03	-7.96928e-05	1.84785e-05	-3.46574e-05	-5.19858e-01	-2.07942e-01	4.39109e-01	1.45647e-02	5.94000e-02
-1.70294e-03	-7.46492e-05	1.73207e-05	-3.12165e-05	-5.18287e-01	-2.07314e-01	4.42806e-01	1.37108e-02	5.94000e-02
-1.69040e-03	-7.40930e-05	1.72220e-05	-2.47533e-05	-5.16880e-01	-2.06751e-01	4.46363e-01	1.28855e-02	5.94000e-02
-1.75408e-03	-7.68667e-05	1.79451e-05	-1.91128e-05	-5.15257e-01	-2.06102e-01	4.49782e-01	1.20890e-02	5.94000e-02
-1.82698e-03	-8.00419e-05	1.87744e-05	-1.65071e-05	-5.13174e-01	-2.05269e-01	4.53064e-01	1.13215e-02	5.94000e-02
-1.84712e-03	-8.09089e-05	1.90470e-05	-1.63423e-05	-5.10858e-01	-2.04342e-01	4.56208e-01	1.05831e-02	5.94000e-02
-1.79773e-03	-7.87261e-05	1.86185e-05	-1.63955e-05	-5.09040e-01	-2.03615e-01	4.59218e-01	9.87386e-03	5.94000e-02
-1.73753e-03	-7.60657e-05	1.80964e-05	-1.63712e-05	-5.07817e-01	-2.03126e-01	4.62093e-01	9.19375e-03	5.94000e-02
-1.72805e-03	-7.56363e-05	1.80594e-05	-1.74460e-05	-5.06371e-01	-2.02548e-01	4.64836e-01	8.54276e-03	5.94000e-02
-1.74611e-03	-7.64217e-05	1.82689e-05	-1.94025e-05	-5.04436e-01	-2.01774e-01	4.67448e-01	7.92077e-03	5.94000e-02
-1.74556e-03	-7.63910e-05	1.82915e-05	-2.07819e-05	-5.02522e-01	-2.01008e-01	4.69932e-01	7.32763e-03	5.94000e-02
-1.74352e-03	-7.62912e-05	1.83128e-05	-2.14036e-05	-5.00781e-01	-2.00311e-01	4.72288e-01	6.76312e-03	5.94000e-02
-1.75628e-03	-7.68332e-05	1.85143e-05	-2.26776e-05	-4.98897e-01	-1.99558e-01	4.74520e-01	6.22697e-03	5.94000e-02
-1.73992e-03	-7.60936e-05	1.84417e-05	-2.51460e-05	-4.96916e-01	-1.98765e-01	4.76630e-01	5.71883e-03	5.94000e-02
-1.67686e-03	-7.33153e-05	1.78578e-05	-2.73884e-05	-4.95219e-01	-1.98087e-01	4.78619e-01	5.23833e-03	5.94000e-02
-1.62958e-03	-7.12414e-05	1.73814e-05	-2.79806e-05	-4.93855e-01	-1.97541e-01	4.80492e-01	4.78501e-03	5.94000e-02
-1.62845e-03	-7.11876e-05	1.73879e-05	-2.70073e-05	-4.92521e-01	-1.97008e-01	4.82251e-01	4.35836e-03	5.94000e-02
-1.61575e-03	-7.06206e-05	1.73002e-05	-2.53189e-05	-4.91233e-01	-1.96493e-01	4.83899e-01	3.95779e-03	5.94000e-02
-1.56601e-03	-6.84381e-05	1.68018e-05	-2.36606e-05	-4.90258e-01	-1.96103e-01	4.85439e-01	3.58268e-03	5.94000e-02
-1.52762e-03	-6.67497e-05	1.64338e-05	-2.24821e-05	-4.89436e-01	-1.95774e-01	4.86874e-01	3.23233e-03	5.94000e-02
-1.52453e-03	-6.66106e-05	1.64180e-05	-2.18039e-05	-4.88555e-01	-1.95421e-01	4.88209e-01	2.90598e-03	5.94000e-02
-1.52656e-03	-6.66992e-05	1.64389e-05	-2.13676e-05	-4.87662e-01	-1.95064e-01	4.89448e-01	2.60282e-03	5.94000e-02
-1.50780e-03	-6.58769e-05	1.62474e-05	-2.07247e-05	-4.86707e-01	-1.94682e-01	4.90593e-01	2.32196e-03	5.94000e-02
-1.49063e-03	-6.51384e-05	1.60161e-05	-1.99103e-05	-4.85976e-01	-1.94390e-01	4.91650e-01	2.06247e-03	5.94000e-02
-1.48465e-03	-6.48486e-05	1.60669e-05	-1.94410e-05	-4.85123e-01	-1.94049e-01	4.92622e-01	1.82333e-03	5.94000e-02
-1.47544e-03	-6.44594e-05	1.59137e-05	-1.93757e-05	-4.84407e-01	-1.93762e-01	4.93516e-01	1.60348e-03	5.94000e-02
-1.44274e-03	-6.29979e-05	1.56947e-05	-1.91532e-05	-4.83701e-01	-1.93480e-01	4.94334e-01	1.40180e-03	5.94000e-02
-1.38434e-03	-6.04651e-05	1.49898e-05	-1.84884e-05	-4.82883e-01	-1.93153e-01	4.95083e-01	1.21711e-03	5.94000e-02
-1.31154e-03	-5.72657e-05	1.42802e-05	-1.75697e-05	-4.82462e-01	-1.92984e-01	4.95767e-01	1.04815e-03	5.94000e-02
-1.21400e-03	-5.29871e-05	1.32982e-05	-1.66912e-05	-4.81519e-01	-1.92607e-01	4.96393e-01	8.93618e-04	5.94000e-02
-1.09816e-03	-4.79756e-05	1.18488e-05	-1.61468e-05	-4.81287e-01	-1.92514e-01	4.96965e-01	7.52147e-04	5.94000e-02
-9.64649e-04	-4.20426e-05	1.08137e-05	-1.61492e-05	-4.80640e-01	-1.92255e-01	4.97490e-01	6.22308e-04	5.94000e-02
-7.86594e-04	-3.44224e-05	8.25224e-06	-1.70854e-05	-4.80236e-01	-1.92094e-01	4.97973e-01	5.02613e-04	5.94000e-02
-6.45130e-04	-2.79644e-05	7.84697e-06	-1.88433e-05	-4.80858e-01	-1.92343e-01	4.98422e-01	3.91515e-04	5.94000e-02
-4.34871e-04	-1.89950e-05	4.70542e-06	-2.07245e-05	-4.79637e-01	-1.91854e-01	4.98842e-01	2.87406e-04	5.94000e-02
-3.83392e-04	-1.65168e-05	5.07425e-06	-2.30576e-05	-4.84123e-01	-1.93649e-01	4.99240e-01	1.88617e-04	5.94000e-02
-5.62768e-04	-2.26717e-05	1.37849e-05	-2.41865e-05	-4.84596e-01	-1.93838e-01	4.99624e-01	9.34192e-05	5.94000e-02
-4.55988e-04	-2.96831e-05	-3.43789e-05	-2.06416e-05	-4.90454e-01	-1.96181e-01	5.00000e-01	0.00000e+00	5.94000e-02
