"Density"	"Momentum:0"	"Momentum:1"	"Momentum:2"	"StagnationEnergy"	"Pressure"	"Points:0"	"Points:1"	"Points:2"
1.74916e-02	-6.44384e-04	8.36848e-04	-4.72432e-04	-1.19764e-01	-4.79209e-02	-5.13572e-01	0.00000e+00	1.84800e-01
-2.48077e-05	8.96467e-05	-5.38839e-06	-1.74101e-04	-4.01935e-01	-1.60465e-01	-5.13520e-01	2.24940e-03	1.84800e-01
4.49111e-03	1.05598e-04	2.06077e-04	-2.08759e-04	-2.96330e-01	-1.18536e-01	-5.13363e-01	4.49390e-03	1.84800e-01
1.15263e-02	1.45061e-04	5.36456e-04	-2.36271e-04	-3.59389e-01	-1.43762e-01	-5.13100e-01	6.72848e-03	1.84800e-01
1.41258e-02	2.19046e-04	6.45760e-04	-2.29980e-04	-3.68184e-01	-1.47281e-01	-5.12732e-01	8.94813e-03	1.84800e-01
1.70852e-02	2.56057e-04	7.77663e-04	-2.29508e-04	-4.19873e-01	-1.67958e-01	-5.12259e-01	1.11480e-02	1.84800e-01
1.93656e-02	3.29927e-04	8.66084e-04	-2.12563e-04	-4.96812e-01	-1.98734e-01	-5.11685e-01	1.33235e-02	1.84800e-01
2.06621e-02	3.74427e-04	9.12105e-04	-2.01295e-04	-5.43252e-01	-2.17311e-01	-5.11012e-01	1.54704e-02	1.84800e-01
2.15936e-02	4.25492e-04	9.36172e-04	-1.84198e-04	-6.24087e-01	-2.49645e-01	-5.10243e-01	1.75849e-02	1.84800e-01
2.18904e-02	4.64112e-04	9.31208e-04	-1.70747e-04	-6.77792e-01	-2.71127e-01	-5.09427e-01	1.95641e-02	1.84800e-01
2.18994e-02	4.90939e-04	9.15607e-04	-1.60801e-04	-7.29539e-01	-2.91826e-01	-5.08603e-01	2.13607e-02	1.84800e-01
2.16805e-02	5.15057e-04	8.88413e-04	-1.51322e-04	-7.78573e-01	-3.11439e-01	-5.07764e-01	2.30320e-02	1.84800e-01
2.13022e-02	5.29146e-04	8.57165e-04	-1.46376e-04	-8.13733e-01	-3.25503e-01	-5.06905e-01	2.46162e-02	1.84800e-01
2.08555e-02	5.42131e-04	8.22108e-04	-1.41716e-04	-8.52302e-01	-3.40930e-01	-5.06016e-01	2.61401e-02	1.84800e-01
2.02694e-02	5.48094e-04	7.82877e-04	-1.39762e-04	-8.81192e-01	-3.52486e-01	-5.05094e-01	2.76233e-02	1.84800e-01
1.96535e-02	5.51791e-04	7.42793e-04	-1.39282e-04	-9.08973e-01	-3.63598e-01	-5.04130e-01	2.90807e-02	1.84800e-01
1.89661e-02	5.51711e-04	7.00556e-04	-1.40280e-04	-9.33127e-01	-3.73260e-01	-5.03119e-01	3.05233e-02	1.84800e-01
1.82170e-02	5.47764e-04	6.56930e-04	-1.43078e-04	-9.53127e-01	-3.81259e-01	-5.02056e-01	3.19599e-02	1.84800e-01
1.74513e-02	5.41837e-04	6.13244e-04	-1.47230e-04	-9.71286e-01	-3.88522e-01	-5.00934e-01	3.33970e-02	1.84800e-01
1.66375e-02	5.32483e-04	5.68860e-04	-1.53050e-04	-9.85577e-01	-3.94238e-01	-4.99748e-01	3.48397e-02	1.84800e-01
1.57974e-02	5.20693e-04	5.24382e-04	-1.60294e-04	-9.97259e-01	-3.98911e-01	-4.98494e-01	3.62915e-02	1.84800e-01
1.49376e-02	5.06528e-04	4.80264e-04	-1.69026e-04	-1.00609e+00	-4.02443e-01	-4.97165e-01	3.77554e-02	1.84800e-01
1.40567e-02	4.89986e-04	4.36528e-04	-1.79341e-04	-1.01164e+00	-4.04664e-01	-4.95758e-01	3.92331e-02	1.84800e-01
1.31580e-02	4.71193e-04	3.93363e-04	-1.91055e-04	-1.01456e+00	-4.05832e-01	-4.94267e-01	4.07257e-02	1.84800e-01
1.22488e-02	4.50432e-04	3.51085e-04	-2.04360e-04	-1.01439e+00	-4.05764e-01	-4.92689e-01	4.22339e-02	1.84800e-01
1.13268e-02	4.27653e-04	3.09688e-04	-2.19195e-04	-1.01125e+00	-4.04505e-01	-4.91019e-01	4.37576e-02	1.84800e-01
1.03954e-02	4.03022e-04	2.69343e-04	-2.35646e-04	-1.00531e+00	-4.02129e-01	-4.89253e-01	4.52967e-02	1.84800e-01
9.45463e-03	3.76604e-04	2.30067e-04	-2.53832e-04	-9.96444e-01	-3.98583e-01	-4.87388e-01	4.68505e-02	1.84800e-01
8.49701e-03	3.48134e-04	1.91766e-04	-2.73507e-04	-9.84942e-01	-3.93982e-01	-4.85420e-01	4.84179e-02	1.84800e-01
7.52723e-03	3.17854e-04	1.54595e-04	-2.94799e-04	-9.70978e-01	-3.88397e-01	-4.83345e-01	4.99979e-02	1.84800e-01
6.54257e-03	2.85620e-04	1.18648e-04	-3.17055e-04	-9.54941e-01	-3.81983e-01	-4.81161e-01	5.15891e-02	1.84800e-01
5.55492e-03	2.51815e-04	8.44797e-05	-3.39165e-04	-9.37302e-01	-3.74928e-01	-4.78864e-01	5.31899e-02	1.84800e-01
4.58747e-03	2.17298e-04	5.28752e-05	-3.60088e-04	-9.19055e-01	-3.67630e-01	-4.76451e-01	5.47988e-02	1.84800e-01
3.67048e-03	1.82988e-04	2.51639e-05	-3.76312e-04	-9.01367e-01	-3.60557e-01	-4.73921e-01	5.64140e-02	1.84800e-01
2.86237e-03	1.51002e-04	3.27112e-06	-3.84134e-04	-8.85083e-01	-3.54045e-01	-4.71270e-01	5.80336e-02	1.84800e-01
2.12755e-03	1.20408e-04	-1.41454e-05	-3.84653e-04	-8.72461e-01	-3.49000e-01	-4.68496e-01	5.96558e-02	1.84800e-01
1.39544e-03	8.93072e-05	-3.00874e-05	-3.82748e-04	-8.64378e-01	-3.45774e-01	-4.65597e-01	6.12785e-02	1.84800e-01
8.24672e-04	6.45602e-05	-4.19241e-05	-3.79739e-04	-8.58563e-01	-3.43462e-01	-4.62571e-01	6.28999e-02	1.84800e-01
6.07615e-04	5.40140e-05	-4.57461e-05	-3.75189e-04	-8.56237e-01	-3.42543e-01	-4.59416e-01	6.45178e-02	1.84800e-01
6.67225e-04	5.45427e-05	-4.32225e-05	-3.68981e-04	-8.59137e-01	-3.43697e-01	-4.56131e-01	6.61301e-02	1.84800e-01
9.30832e-04	6.31888e-05	-3.58377e-05	-3.57869e-04	-8.62881e-01	-3.45181e-01	-4.52715e-01	6.77350e-02	1.84800e-01
1.36011e-03	7.84854e-05	-2.45170e-05	-3.38641e-04	-8.66611e-01	-3.46662e-01	-4.49165e-01	6.93302e-02	1.84800e-01
1.72948e-03	9.14703e-05	-1.43549e-05	-3.16012e-04	-8.74409e-01	-3.49776e-01	-4.45480e-01	7.09137e-02	1.84800e-01
1.96679e-03	9.93039e-05	-7.07448e-06	-2.93609e-04	-8.83870e-01	-3.53558e-01	-4.41661e-01	7.24834e-02	1.84800e-01
2.11287e-03	1.03629e-04	-1.82473e-06	-2.70997e-04	-8.94598e-01	-3.57847e-01	-4.37706e-01	7.40374e-02	1.84800e-01
1.80976e-03	8.92256e-05	-4.40644e-06	-2.51748e-04	-9.11813e-01	-3.64733e-01	-4.33614e-01	7.55735e-02	1.84800e-01
8.41379e-04	4.65809e-05	-1.73832e-05	-2.40907e-04	-9.26339e-01	-3.70550e-01	-4.29384e-01	7.70898e-02	1.84800e-01
-3.55563e-05	7.72111e-06	-2.81885e-05	-2.27446e-04	-9.26474e-01	-3.70294e-01	-4.25017e-01	7.85843e-02	1.84800e-01
-2.15971e-04	-1.93870e-06	-2.61783e-05	-1.98307e-04	-9.21497e-01	-3.68562e-01	-4.20512e-01	8.00549e-02	1.84800e-01
1.52836e-05	6.36622e-06	-1.85721e-05	-1.65746e-04	-9.23097e-01	-3.69603e-01	-4.15869e-01	8.14999e-02	1.84800e-01
1.03473e-04	9.20225e-06	-1.49360e-05	-1.49450e-04	-9.26876e-01	-3.70794e-01	-4.11088e-01	8.29172e-02	1.84800e-01
6.06401e-06	4.41234e-06	-1.49987e-05	-1.42051e-04	-9.28277e-01	-3.71984e-01	-4.06169e-01	8.43051e-02	1.84800e-01
5.54264e-05	5.70984e-06	-1.19126e-05	-1.22350e-04	-9.34685e-01	-3.73929e-01	-4.01112e-01	8.56618e-02	1.84800e-01
2.45795e-04	1.28436e-05	-5.56001e-06	-8.72080e-05	-9.44736e-01	-3.77901e-01	-3.95919e-01	8.69854e-02	1.84800e-01
3.86767e-04	1.82422e-05	-1.12376e-06	-5.98894e-05	-9.47524e-01	-3.79012e-01	-3.90589e-01	8.82742e-02	1.84800e-01
4.04218e-04	1.89342e-05	-9.12028e-07	-5.72915e-05	-9.47047e-01	-3.78821e-01	-3.85123e-01	8.95267e-02	1.84800e-01
3.11458e-04	1.49476e-05	-2.63881e-06	-6.50180e-05	-9.47373e-01	-3.78952e-01	-3.79522e-01	9.07412e-02	1.84800e-01
3.16996e-04	1.50265e-05	-2.10046e-06	-5.85186e-05	-9.49033e-01	-3.79615e-01	-3.73787e-01	9.19161e-02	1.84800e-01
1.97561e-04	9.30891e-06	-1.20907e-06	-3.57555e-05	-9.57025e-01	-3.82811e-01	-3.67919e-01	9.30500e-02	1.84800e-01
-4.27666e-04	-1.89624e-05	-3.70736e-06	-1.17015e-05	-9.61828e-01	-3.84731e-01	-3.61919e-01	9.41415e-02	1.84800e-01
-9.70565e-04	-4.34399e-05	-5.95660e-06	7.04631e-06	-9.53548e-01	-3.81419e-01	-3.55788e-01	9.51891e-02	1.84800e-01
-9.46557e-04	-4.24433e-05	-5.17095e-06	1.33723e-05	-9.46686e-01	-3.78674e-01	-3.49528e-01	9.61916e-02	1.84800e-01
-1.00342e-03	-4.48465e-05	-6.33207e-06	-1.79032e-06	-9.50051e-01	-3.80020e-01	-3.43140e-01	9.71477e-02	1.84800e-01
-1.42373e-03	-6.35328e-05	-9.62147e-06	-2.09431e-05	-9.51768e-01	-3.80706e-01	-3.36626e-01	9.80564e-02	1.84800e-01
-1.65853e-03	-7.41147e-05	-1.03745e-05	-2.08440e-05	-9.46264e-01	-3.78505e-01	-3.29988e-01	9.89165e-02	1.84800e-01
-1.62769e-03	-7.28899e-05	-8.84155e-06	-1.06649e-05	-9.39354e-01	-3.75741e-01	-3.23227e-01	9.97271e-02	1.84800e-01
-1.61477e-03	-7.24689e-05	-7.22729e-06	-1.20521e-07	-9.30725e-01	-3.72289e-01	-3.16345e-01	1.00487e-01	1.84800e-01
-1.51586e-03	-6.82115e-05	-4.77966e-06	2.22772e-05	-9.19429e-01	-3.67771e-01	-3.09344e-01	1.01196e-01	1.84800e-01
-1.32251e-03	-5.96793e-05	-2.01457e-06	4.77623e-05	-9.13196e-01	-3.65277e-01	-3.02226e-01	1.01853e-01	1.84800e-01
-1.50129e-03	-6.77277e-05	-2.03913e-06	5.31362e-05	-9.12450e-01	-3.64979e-01	-2.94994e-01	1.02457e-01	1.84800e-01
-2.22824e-03	-1.00386e-04	-4.22151e-06	4.65949e-05	-9.07525e-01	-3.63009e-01	-2.87650e-01	1.03007e-01	1.84800e-01
-2.91620e-03	-1.31348e-04	-5.34929e-06	4.86254e-05	-8.94260e-01	-3.57703e-01	-2.80196e-01	1.03504e-01	1.84800e-01
-3.01384e-03	-1.35789e-04	-4.07702e-06	5.89409e-05	-8.77859e-01	-3.51142e-01	-2.72634e-01	1.03947e-01	1.84800e-01
-2.59814e-03	-1.17106e-04	-1.83958e-06	6.66594e-05	-8.63893e-01	-3.45556e-01	-2.64968e-01	1.04334e-01	1.84800e-01
-2.03703e-03	-9.18408e-05	-5.65912e-08	6.65952e-05	-8.54543e-01	-3.41816e-01	-2.57199e-01	1.04667e-01	1.84800e-01
-1.64566e-03	-7.41874e-05	5.23814e-07	5.71603e-05	-8.51746e-01	-3.40697e-01	-2.49330e-01	1.04945e-01	1.84800e-01
-1.64834e-03	-7.42723e-05	8.91010e-08	3.90723e-05	-8.54722e-01	-3.41888e-01	-2.41365e-01	1.05168e-01	1.84800e-01
-1.96900e-03	-8.86916e-05	-3.77323e-07	2.21452e-05	-8.56665e-01	-3.42665e-01	-2.33305e-01	1.05335e-01	1.84800e-01
-2.22823e-03	-1.00359e-04	2.59783e-08	1.98460e-05	-8.52354e-01	-3.40941e-01	-2.25154e-01	1.05448e-01	1.84800e-01
-2.23972e-03	-1.00868e-04	1.07413e-06	3.11791e-05	-8.45318e-01	-3.38126e-01	-2.16915e-01	1.05505e-01	1.84800e-01
-2.22150e-03	-1.00031e-04	2.11973e-06	4.22080e-05	-8.40252e-01	-3.36100e-01	-2.08590e-01	1.05508e-01	1.84800e-01
-2.30839e-03	-1.03921e-04	2.86779e-06	4.55260e-05	-8.34055e-01	-3.33621e-01	-2.00183e-01	1.05456e-01	1.84800e-01
-2.25666e-03	-1.01569e-04	3.33678e-06	4.64107e-05	-8.24170e-01	-3.29667e-01	-1.91697e-01	1.05350e-01	1.84800e-01
-1.99445e-03	-8.97390e-05	3.67435e-06	4.96856e-05	-8.17316e-01	-3.26925e-01	-1.83136e-01	1.05190e-01	1.84800e-01
-1.93135e-03	-8.68722e-05	4.11827e-06	4.91379e-05	-8.15901e-01	-3.26359e-01	-1.74501e-01	1.04978e-01	1.84800e-01
-2.27123e-03	-1.02151e-04	4.68589e-06	3.99549e-05	-8.11551e-01	-3.24619e-01	-1.65797e-01	1.04712e-01	1.84800e-01
-2.66458e-03	-1.19828e-04	5.58643e-06	2.94885e-05	-8.01887e-01	-3.20754e-01	-1.57027e-01	1.04395e-01	1.84800e-01
-2.88703e-03	-1.29801e-04	6.54033e-06	2.50460e-05	-7.92692e-01	-3.17076e-01	-1.48195e-01	1.04027e-01	1.84800e-01
-3.10041e-03	-1.39354e-04	7.70561e-06	2.49685e-05	-7.84401e-01	-3.13759e-01	-1.39303e-01	1.03608e-01	1.84800e-01
-3.33929e-03	-1.50046e-04	9.00390e-06	2.61134e-05	-7.72667e-01	-3.09065e-01	-1.30356e-01	1.03140e-01	1.84800e-01
-3.44965e-03	-1.54954e-04	1.00488e-05	2.76504e-05	-7.57511e-01	-3.03003e-01	-1.21356e-01	1.02622e-01	1.84800e-01
-3.41183e-03	-1.53200e-04	1.06902e-05	2.77115e-05	-7.41657e-01	-2.96662e-01	-1.12308e-01	1.02057e-01	1.84800e-01
-3.30674e-03	-1.48435e-04	1.09521e-05	2.31681e-05	-7.25805e-01	-2.90321e-01	-1.03215e-01	1.01446e-01	1.84800e-01
-3.18103e-03	-1.42754e-04	1.09889e-05	1.27747e-05	-7.10010e-01	-2.84003e-01	-9.40798e-02	1.00788e-01	1.84800e-01
-3.03809e-03	-1.36309e-04	1.08438e-05	-7.50455e-07	-6.95578e-01	-2.78230e-01	-8.49071e-02	1.00086e-01	1.84800e-01
-2.88954e-03	-1.29610e-04	1.07131e-05	-1.05916e-05	-6.83081e-01	-2.73231e-01	-7.57003e-02	9.93400e-02	1.84800e-01
-2.76690e-03	-1.24064e-04	1.07585e-05	-1.06947e-05	-6.71872e-01	-2.68748e-01	-6.64630e-02	9.85517e-02	1.84800e-01
-2.68626e-03	-1.20394e-04	1.10351e-05	-3.79424e-06	-6.62667e-01	-2.65066e-01	-5.71989e-02	9.77221e-02	1.84800e-01
-2.66083e-03	-1.19197e-04	1.15239e-05	1.36818e-06	-6.54881e-01	-2.61951e-01	-4.79118e-02	9.68525e-02	1.84800e-01
-2.67576e-03	-1.19820e-04	1.20387e-05	2.76469e-06	-6.46073e-01	-2.58428e-01	-3.86055e-02	9.59440e-02	1.84800e-01
-2.69458e-03	-1.20610e-04	1.26285e-05	4.75834e-06	-6.35582e-01	-2.54232e-01	-2.92836e-02	9.49980e-02	1.84800e-01
-2.68616e-03	-1.20183e-04	1.30421e-05	6.63127e-06	-6.23442e-01	-2.49376e-01	-1.99500e-02	9.40157e-02	1.84800e-01
-2.63515e-03	-1.17858e-04	1.31752e-05	5.11121e-06	-6.10733e-01	-2.44292e-01	-1.06085e-02	9.29983e-02	1.84800e-01
-2.55217e-03	-1.14102e-04	1.31416e-05	2.91152e-06	-5.98760e-01	-2.39503e-01	-1.26281e-03	9.19473e-02	1.84800e-01
-2.43954e-03	-1.09024e-04	1.29213e-05	3.88592e-06	-5.87030e-01	-2.34811e-01	8.08323e-03	9.08640e-02	1.84800e-01
-2.25232e-03	-1.00611e-04	1.23086e-05	7.74882e-06	-5.75734e-01	-2.30293e-01	1.74258e-02	8.97496e-02	1.84800e-01
-1.96261e-03	-8.76260e-05	1.10725e-05	1.30137e-05	-5.65821e-01	-2.26328e-01	2.67612e-02	8.86056e-02	1.84800e-01
-1.62451e-03	-7.24941e-05	9.44621e-06	1.77153e-05	-5.57972e-01	-2.23188e-01	3.60856e-02	8.74333e-02	1.84800e-01
-1.34643e-03	-6.00547e-05	8.05651e-06	1.96698e-05	-5.52618e-01	-2.21047e-01	4.53951e-02	8.62340e-02	1.84800e-01
-1.18231e-03	-5.27118e-05	7.23923e-06	1.91264e-05	-5.48688e-01	-2.19475e-01	5.46860e-02	8.50090e-02	1.84800e-01
-1.09122e-03	-4.86329e-05	6.80803e-06	1.76710e-05	-5.45402e-01	-2.18160e-01	6.39546e-02	8.37599e-02	1.84800e-01
-1.04345e-03	-4.64879e-05	6.62143e-06	1.62222e-05	-5.43669e-01	-2.17467e-01	7.31970e-02	8.24878e-02	1.84800e-01
-1.05313e-03	-4.69016e-05	6.80532e-06	1.64712e-05	-5.43050e-01	-2.17219e-01	8.24096e-02	8.11942e-02	1.84800e-01
-1.06067e-03	-4.72155e-05	7.00174e-06	1.97336e-05	-5.41351e-01	-2.16540e-01	9.15886e-02	7.98804e-02	1.84800e-01
-9.70068e-04	-4.31597e-05	6.55509e-06	2.30646e-05	-5.38052e-01	-2.15220e-01	1.00730e-01	7.85478e-02	1.84800e-01
-8.14700e-04	-3.62308e-05	5.61152e-06	2.14928e-05	-5.34317e-01	-2.13726e-01	1.09831e-01	7.71976e-02	1.84800e-01
-7.12654e-04	-3.16863e-05	4.94794e-06	1.51966e-05	-5.31080e-01	-2.12431e-01	1.18887e-01	7.58312e-02	1.84800e-01
-6.93914e-04	-3.08496e-05	4.83866e-06	9.82630e-06	-5.29073e-01	-2.11629e-01	1.27895e-01	7.44500e-02	1.84800e-01
-6.81943e-04	-3.03058e-05	4.82812e-06	9.69483e-06	-5.28073e-01	-2.11229e-01	1.36851e-01	7.30551e-02	1.84800e-01
-6.11287e-04	-2.71543e-05	4.39977e-06	1.39055e-05	-5.27453e-01	-2.10981e-01	1.45752e-01	7.16480e-02	1.84800e-01
-5.06519e-04	-2.24856e-05	3.73625e-06	1.81327e-05	-5.27513e-01	-2.11005e-01	1.54594e-01	7.02298e-02	1.84800e-01
-4.30044e-04	-1.90816e-05	3.22677e-06	1.85903e-05	-5.28086e-01	-2.11234e-01	1.63373e-01	6.88020e-02	1.84800e-01
-3.99733e-04	-1.77332e-05	3.01918e-06	1.52747e-05	-5.28801e-01	-2.11520e-01	1.72086e-01	6.73656e-02	1.84800e-01
-4.02280e-04	-1.78419e-05	3.06272e-06	1.13317e-05	-5.29816e-01	-2.11926e-01	1.80730e-01	6.59219e-02	1.84800e-01
-4.28247e-04	-1.89900e-05	3.28066e-06	9.55924e-06	-5.30850e-01	-2.12340e-01	1.89302e-01	6.44723e-02	1.84800e-01
-4.55043e-04	-2.01710e-05	3.52795e-06	1.03705e-05	-5.31654e-01	-2.12662e-01	1.97798e-01	6.30179e-02	1.84800e-01
-4.54334e-04	-2.01319e-05	3.56555e-06	1.26174e-05	-5.32496e-01	-2.12998e-01	2.06214e-01	6.15598e-02	1.84800e-01
-4.29296e-04	-1.90157e-05	3.40712e-06	1.47834e-05	-5.33733e-01	-2.13493e-01	2.14548e-01	6.00994e-02	1.84800e-01
-4.20476e-04	-1.86185e-05	3.37335e-06	1.53127e-05	-5.35391e-01	-2.14156e-01	2.22796e-01	5.86377e-02	1.84800e-01
-4.65152e-04	-2.05922e-05	3.75608e-06	1.35339e-05	-5.37102e-01	-2.14841e-01	2.30956e-01	5.71760e-02	1.84800e-01
-5.62045e-04	-2.48760e-05	4.56947e-06	1.04937e-05	-5.38683e-01	-2.15473e-01	2.39024e-01	5.57153e-02	1.84800e-01
-6.78528e-04	-3.00245e-05	5.55417e-06	7.99036e-06	-5.40202e-01	-2.16080e-01	2.46998e-01	5.42569e-02	1.84800e-01
-7.82447e-04	-3.46126e-05	6.45954e-06	6.93549e-06	-5.41693e-01	-2.16677e-01	2.54873e-01	5.28018e-02	1.84800e-01
-8.60990e-04	-3.80746e-05	7.17447e-06	6.98197e-06	-5.43110e-01	-2.17244e-01	2.62649e-01	5.13511e-02	1.84800e-01
-9.18053e-04	-4.05850e-05	7.71891e-06	7.28190e-06	-5.44361e-01	-2.17744e-01	2.70321e-01	4.99059e-02	1.84800e-01
-9.63960e-04	-4.26011e-05	8.17453e-06	7.54307e-06	-5.45440e-01	-2.18176e-01	2.77887e-01	4.84674e-02	1.84800e-01
-1.01117e-03	-4.46738e-05	8.64523e-06	8.38521e-06	-5.46480e-01	-2.18592e-01	2.85345e-01	4.70365e-02	1.84800e-01
-1.06754e-03	-4.71497e-05	9.20208e-06	1.00239e-05	-5.47516e-01	-2.19006e-01	2.92691e-01	4.56143e-02	1.84800e-01
-1.12680e-03	-4.97526e-05	9.78713e-06	1.12256e-05	-5.48448e-01	-2.19379e-01	2.99925e-01	4.42019e-02	1.84800e-01
-1.17859e-03	-5.20244e-05	1.03137e-05	1.05830e-05	-5.49205e-01	-2.19681e-01	3.07042e-01	4.28002e-02	1.84800e-01
-1.22534e-03	-5.40713e-05	1.08056e-05	8.47364e-06	-5.49737e-01	-2.19894e-01	3.14041e-01	4.14103e-02	1.84800e-01
-1.26742e-03	-5.59096e-05	1.12686e-05	7.09300e-06	-5.50034e-01	-2.20013e-01	3.20919e-01	4.00332e-02	1.84800e-01
-1.30102e-03	-5.73739e-05	1.16564e-05	8.10214e-06	-5.50271e-01	-2.20108e-01	3.27675e-01	3.86698e-02	1.84800e-01
-1.34352e-03	-5.92311e-05	1.21199e-05	1.05192e-05	-5.50619e-01	-2.20247e-01	3.34307e-01	3.73210e-02	1.84800e-01
-1.41538e-03	-6.23817e-05	1.28533e-05	1.19109e-05	-5.50731e-01	-2.20292e-01	3.40811e-01	3.59878e-02	1.84800e-01
-1.50523e-03	-6.63223e-05	1.37628e-05	1.16244e-05	-5.50132e-01	-2.20052e-01	3.47188e-01	3.46712e-02	1.84800e-01
-1.58195e-03	-6.96794e-05	1.45756e-05	1.15469e-05	-5.49027e-01	-2.19610e-01	3.53434e-01	3.33720e-02	1.84800e-01
-1.62564e-03	-7.15801e-05	1.50911e-05	1.35432e-05	-5.47813e-01	-2.19124e-01	3.59549e-01	3.20911e-02	1.84800e-01
-1.63577e-03	-7.20035e-05	1.52929e-05	1.70193e-05	-5.46708e-01	-2.18682e-01	3.65530e-01	3.08293e-02	1.84800e-01
-1.63460e-03	-7.19303e-05	1.53842e-05	1.92048e-05	-5.45803e-01	-2.18321e-01	3.71377e-01	2.95874e-02	1.84800e-01
-1.65102e-03	-7.26341e-05	1.56268e-05	1.89268e-05	-5.44675e-01	-2.17869e-01	3.77087e-01	2.83664e-02	1.84800e-01
-1.68747e-03	-7.42164e-05	1.60687e-05	1.80951e-05	-5.42979e-01	-2.17191e-01	3.82661e-01	2.71669e-02	1.84800e-01
-1.73457e-03	-7.62657e-05	1.66208e-05	1.77403e-05	-5.41040e-01	-2.16415e-01	3.88096e-01	2.59896e-02	1.84800e-01
-1.81330e-03	-7.97072e-05	1.74661e-05	1.68703e-05	-5.39100e-01	-2.15639e-01	3.93392e-01	2.48354e-02	1.84800e-01
-1.92845e-03	-8.47480e-05	1.86716e-05	1.49360e-05	-5.37015e-01	-2.14805e-01	3.98547e-01	2.37050e-02	1.84800e-01
-2.03989e-03	-8.96180e-05	1.98732e-05	1.31330e-05	-5.34538e-01	-2.13814e-01	4.03562e-01	2.25989e-02	1.84800e-01
-2.10758e-03	-9.25646e-05	2.06547e-05	1.27430e-05	-5.31657e-01	-2.12662e-01	4.08435e-01	2.15178e-02	1.84800e-01
-2.13600e-03	-9.37869e-05	2.10498e-05	1.21871e-05	-5.28819e-01	-2.11527e-01	4.13167e-01	2.04623e-02	1.84800e-01
-2.16074e-03	-9.48474e-05	2.14078e-05	9.07243e-06	-5.26079e-01	-2.10431e-01	4.17756e-01	1.94329e-02	1.84800e-01
-2.19234e-03	-9.62096e-05	2.18303e-05	4.54570e-06	-5.23142e-01	-2.09256e-01	4.22202e-01	1.84303e-02	1.84800e-01
-2.21532e-03	-9.71911e-05	2.21783e-05	1.71194e-06	-5.20091e-01	-2.08036e-01	4.26506e-01	1.74548e-02	1.84800e-01
-2.22534e-03	-9.76105e-05	2.23672e-05	1.01081e-06	-5.16982e-01	-2.06792e-01	4.30667e-01	1.65069e-02	1.84800e-01
-2.21930e-03	-9.73226e-05	2.24056e-05	3.49036e-07	-5.13841e-01	-2.05535e-01	4.34686e-01	1.55871e-02	1.84800e-01
-2.18203e-03	-9.56597e-05	2.21545e-05	-1.48288e-06	-5.10652e-01	-2.04260e-01	4.38563e-01	1.46956e-02	1.84800e-01
-2.10543e-03	-9.22800e-05	2.14686e-05	-3.49667e-06	-5.07332e-01	-2.02932e-01	4.42299e-01	1.38327e-02	1.84800e-01
-2.00669e-03	-8.79375e-05	2.05249e-05	-3.70602e-06	-5.04160e-01	-2.01663e-01	4.45893e-01	1.29988e-02	1.84800e-01
-1.90642e-03	-8.35279e-05	1.95662e-05	-2.13435e-06	-5.01500e-01	-2.00599e-01	4.49347e-01	1.21941e-02	1.84800e-01
-1.80601e-03	-7.91062e-05	1.86304e-05	-1.02028e-06	-4.99342e-01	-1.99736e-01	4.52662e-01	1.14187e-02	1.84800e-01
-1.67953e-03	-7.35476e-05	1.74040e-05	-5.99316e-07	-4.97554e-01	-1.99021e-01	4.55839e-01	1.06727e-02	1.84800e-01
-1.50309e-03	-6.58022e-05	1.56559e-05	8.51202e-07	-4.96248e-01	-1.98499e-01	4.58879e-01	9.95617e-03	1.84800e-01
-1.30836e-03	-5.72694e-05	1.36609e-05	2.71644e-06	-4.95645e-01	-1.98258e-01	4.61784e-01	9.26917e-03	1.84800e-01
-1.19830e-03	-5.24543e-05	1.25024e-05	3.46686e-06	-4.95580e-01	-1.98232e-01	4.64554e-01	8.61161e-03	1.84800e-01
-1.25105e-03	-5.47627e-05	1.30537e-05	3.62529e-06	-4.95175e-01	-1.98070e-01	4.67192e-01	7.98339e-03	1.84800e-01
-1.39036e-03	-6.08494e-05	1.45561e-05	3.62754e-06	-4.93995e-01	-1.97597e-01	4.69700e-01	7.38437e-03	1.84800e-01
-1.47327e-03	-6.44552e-05	1.55198e-05	2.79867e-06	-4.92637e-01	-1.97054e-01	4.72080e-01	6.81431e-03	1.84800e-01
-1.47294e-03	-6.44215e-05	1.55947e-05	1.01540e-06	-4.91488e-01	-1.96594e-01	4.74333e-01	6.27294e-03	1.84800e-01
-1.44778e-03	-6.33067e-05	1.53885e-05	-1.70625e-06	-4.90515e-01	-1.96206e-01	4.76463e-01	5.75992e-03	1.84800e-01
-1.41750e-03	-6.19786e-05	1.50824e-05	-5.63586e-06	-4.89784e-01	-1.95913e-01	4.78471e-01	5.27486e-03	1.84800e-01
-1.36416e-03	-5.96443e-05	1.45244e-05	-1.03144e-05	-4.89272e-01	-1.95708e-01	4.80361e-01	4.81729e-03	1.84800e-01
-1.27245e-03	-5.56290e-05	1.35713e-05	-1.47329e-05	-4.88887e-01	-1.95554e-01	4.82136e-01	4.38670e-03	1.84800e-01
-1.16380e-03	-5.08726e-05	1.24376e-05	-1.79898e-05	-4.88607e-01	-1.95442e-01	4.83799e-01	3.98252e-03	1.84800e-01
-1.07659e-03	-4.70598e-05	1.15087e-05	-1.91912e-05	-4.88387e-01	-1.95354e-01	4.85352e-01	3.60408e-03	1.84800e-01
-1.03603e-03	-4.52834e-05	1.10891e-05	-1.85678e-05	-4.88168e-01	-1.95267e-01	4.86800e-01	3.25070e-03	1.84800e-01
-1.06982e-03	-4.67684e-05	1.14179e-05	-1.78376e-05	-4.87899e-01	-1.95159e-01	4.88146e-01	2.92161e-03	1.84800e-01
-1.17326e-03	-5.13048e-05	1.24627e-05	-1.79881e-05	-4.87401e-01	-1.94960e-01	4.89395e-01	2.61597e-03	1.84800e-01
-1.27655e-03	-5.58025e-05	1.36375e-05	-1.83778e-05	-4.86536e-01	-1.94614e-01	4.90549e-01	2.33290e-03	1.84800e-01
-1.33476e-03	-5.83335e-05	1.43154e-05	-1.84719e-05	-4.85698e-01	-1.94279e-01	4.91614e-01	2.07144e-03	1.84800e-01
-1.33943e-03	-5.85206e-05	1.44349e-05	-1.85759e-05	-4.84579e-01	-1.93831e-01	4.92593e-01	1.83057e-03	1.84800e-01
-1.30045e-03	-5.68632e-05	1.38280e-05	-1.94732e-05	-4.83645e-01	-1.93457e-01	4.93492e-01	1.60923e-03	1.84800e-01
-1.22124e-03	-5.33719e-05	1.30995e-05	-2.17375e-05	-4.82865e-01	-1.93145e-01	4.94316e-01	1.40628e-03	1.84800e-01
-1.10624e-03	-4.83608e-05	1.18048e-05	-2.50560e-05	-4.82139e-01	-1.92855e-01	4.95069e-01	1.22050e-03	1.84800e-01
-9.70495e-04	-4.23982e-05	1.04720e-05	-2.85519e-05	-4.82053e-01	-1.92821e-01	4.95757e-01	1.05064e-03	1.84800e-01
-8.05848e-04	-3.51713e-05	8.83272e-06	-3.15682e-05	-4.81564e-01	-1.92625e-01	4.96386e-01	8.95386e-04	1.84800e-01
-6.25708e-04	-2.73314e-05	6.76801e-06	-3.37545e-05	-4.82012e-01	-1.92804e-01	4.96960e-01	7.53342e-04	1.84800e-01
-4.37101e-04	-1.89600e-05	5.26471e-06	-3.48157e-05	-4.82004e-01	-1.92801e-01	4.97487e-01	6.23068e-04	1.84800e-01
-2.20616e-04	-9.65575e-06	2.30929e-06	-3.49688e-05	-4.82263e-01	-1.92904e-01	4.97971e-01	5.03058e-04	1.84800e-01
-7.24204e-05	-2.86479e-06	1.98823e-06	-3.42172e-05	-4.83551e-01	-1.93417e-01	4.98421e-01	3.91746e-04	1.84800e-01
1.13755e-04	4.99922e-06	-1.10815e-06	-3.21121e-05	-4.82808e-01	-1.93125e-01	4.98841e-01	2.87505e-04	1.84800e-01
7.27792e-05	3.44213e-06	2.73445e-07	-2.97222e-05	-4.88098e-01	-1.95242e-01	4.99240e-01	1.88647e-04	1.84800e-01
-2.76133e-04	-9.94542e-06	1.15143e-05	-2.63413e-05	-4.88903e-01	-1.95561e-01	4.99624e-01	9.34232e-05	1.84800e-01
-3.59395e-04	-2.61758e-05	-3.82844e-05	-1.88073e-05	-4.95093e-01	-1.98036e-01	5.00000e-01	0.00000e+00	1.84800e-01
